0 3.302910e+00 1.507168e+00
1 3.288228e+00 1.535883e+00
2 3.300128e+00 1.534635e+00
3 3.288001e+00 1.518033e+00
4 3.286447e+00 1.514106e+00
5 3.301059e+00 1.510959e+00
6 3.341060e+00 1.514025e+00
7 3.346557e+00 1.494762e+00
8 3.311190e+00 1.529249e+00
9 3.316221e+00 1.531269e+00
10 3.367143e+00 1.510402e+00
11 3.394645e+00 1.503143e+00
12 3.396095e+00 1.489556e+00
13 3.343763e+00 1.524628e+00
14 3.407612e+00 1.503833e+00
15 3.405996e+00 1.510576e+00
16 3.408275e+00 1.510698e+00
17 3.402038e+00 1.509251e+00
18 3.400158e+00 1.491458e+00
19 3.429243e+00 1.437359e+00
20 3.439512e+00 1.437457e+00
21 3.413810e+00 1.426760e+00
22 3.414841e+00 1.431124e+00
23 3.406736e+00 1.418468e+00
24 3.346713e+00 1.405685e+00
25 3.348820e+00 1.407954e+00
26 3.285277e+00 1.408982e+00
27 3.308454e+00 1.400557e+00
28 3.300472e+00 1.391533e+00
29 3.296012e+00 1.424673e+00
30 3.243312e+00 1.433774e+00
31 3.247310e+00 1.442145e+00
32 3.219552e+00 1.436459e+00
33 3.215074e+00 1.447310e+00
34 3.228740e+00 1.459761e+00
35 3.225633e+00 1.481152e+00
36 3.226722e+00 1.479369e+00
37 3.222591e+00 1.468049e+00
38 3.222634e+00 1.462822e+00
39 3.217578e+00 1.473382e+00
40 3.234443e+00 1.461099e+00
41 3.226166e+00 1.462086e+00
42 3.290175e+00 1.519426e+00
43 3.290260e+00 1.519340e+00
44 3.278959e+00 1.513584e+00
45 3.254503e+00 1.496319e+00
46 3.234118e+00 1.510810e+00
47 3.232991e+00 1.517390e+00
48 3.248514e+00 1.517964e+00
49 3.246003e+00 1.521790e+00
50 3.251415e+00 1.524030e+00
51 3.256123e+00 1.532395e+00
52 3.200305e+00 1.568635e+00
53 3.186621e+00 1.567320e+00
54 3.143814e+00 1.550300e+00
55 3.117594e+00 1.539832e+00
56 3.115318e+00 1.584196e+00
57 3.107167e+00 1.579024e+00
58 3.115946e+00 1.576649e+00
59 3.118239e+00 1.576606e+00
60 3.114012e+00 1.546152e+00
61 3.112419e+00 1.539879e+00
62 3.083296e+00 1.504949e+00
63 3.097130e+00 1.533040e+00
64 3.089176e+00 1.508856e+00
65 3.104250e+00 1.502684e+00
66 3.097818e+00 1.527868e+00
67 3.107943e+00 1.533622e+00
68 3.110384e+00 1.538991e+00
69 3.118603e+00 1.544948e+00
70 3.089552e+00 1.487323e+00
71 3.100900e+00 1.493878e+00
72 3.098281e+00 1.493618e+00
73 3.107983e+00 1.452222e+00
74 3.105911e+00 1.446875e+00
75 3.105307e+00 1.442482e+00
76 3.100807e+00 1.457011e+00
77 3.092293e+00 1.454616e+00
78 3.088400e+00 1.451761e+00
79 3.093971e+00 1.447969e+00
80 3.088409e+00 1.444662e+00
81 3.124260e+00 1.457168e+00
82 3.113281e+00 1.465008e+00
83 3.146561e+00 1.426487e+00
84 3.145148e+00 1.426006e+00
85 3.156849e+00 1.446261e+00
86 3.156941e+00 1.428875e+00
87 3.182619e+00 1.459864e+00
88 3.163411e+00 1.466489e+00
89 3.181564e+00 1.461904e+00
90 3.189020e+00 1.460308e+00
91 3.190582e+00 1.448786e+00
92 3.144194e+00 1.484379e+00
93 3.142506e+00 1.482831e+00
94 3.152603e+00 1.504977e+00
95 3.139587e+00 1.533842e+00
96 3.124238e+00 1.567978e+00
97 3.125198e+00 1.565507e+00
98 3.128903e+00 1.561696e+00
99 3.139490e+00 1.570292e+00
100 3.181025e+00 1.565609e+00
101 3.153297e+00 1.578259e+00
102 3.144713e+00 1.571517e+00
103 3.146625e+00 1.568291e+00
104 3.161613e+00 1.571486e+00
105 3.173800e+00 1.573461e+00
106 3.180866e+00 1.575906e+00
107 3.209041e+00 1.585919e+00
108 3.195644e+00 1.575062e+00
109 3.201797e+00 1.570341e+00
110 3.203114e+00 1.570471e+00
111 3.160757e+00 1.584819e+00
112 3.161772e+00 1.585186e+00
113 3.163028e+00 1.585348e+00
114 3.153705e+00 1.587852e+00
115 3.148151e+00 1.572579e+00
116 3.170197e+00 1.593402e+00
117 3.197120e+00 1.610879e+00
118 3.189067e+00 1.629998e+00
119 3.187646e+00 1.628456e+00
120 3.214071e+00 1.609089e+00
121 3.194692e+00 1.586627e+00
122 3.225852e+00 1.622275e+00
123 3.254469e+00 1.619072e+00
124 3.254583e+00 1.618577e+00
125 3.297083e+00 1.622435e+00
126 3.272493e+00 1.620690e+00
127 3.272266e+00 1.621546e+00
128 3.255849e+00 1.601861e+00
129 3.255956e+00 1.602717e+00
130 3.232384e+00 1.602021e+00
131 3.234751e+00 1.599717e+00
132 3.233254e+00 1.600960e+00
133 3.273980e+00 1.582692e+00
134 3.269824e+00 1.591831e+00
135 3.259612e+00 1.589041e+00
136 3.258996e+00 1.589911e+00
137 3.251976e+00 1.578480e+00
138 3.253325e+00 1.568709e+00
139 3.187054e+00 1.565496e+00
140 3.166029e+00 1.557866e+00
141 3.158178e+00 1.563576e+00
142 3.158346e+00 1.563932e+00
143 3.121529e+00 1.556824e+00
144 3.111254e+00 1.548217e+00
145 3.109903e+00 1.515445e+00
146 3.105284e+00 1.506163e+00
147 3.101157e+00 1.507311e+00
148 3.082302e+00 1.501553e+00
149 3.068358e+00 1.494603e+00
150 3.072014e+00 1.496974e+00
151 3.067738e+00 1.496512e+00
152 3.059195e+00 1.496895e+00
153 3.078703e+00 1.484392e+00
154 3.101457e+00 1.485643e+00
155 3.092359e+00 1.484701e+00
156 3.147358e+00 1.504542e+00
157 3.148121e+00 1.491215e+00
158 3.147859e+00 1.484054e+00
159 3.140768e+00 1.459964e+00
160 3.135064e+00 1.456785e+00
161 3.137485e+00 1.461067e+00
162 3.126205e+00 1.453875e+00
163 3.113742e+00 1.453095e+00
164 3.112501e+00 1.446855e+00
165 3.108625e+00 1.453739e+00
166 3.124687e+00 1.422003e+00
167 3.117396e+00 1.421212e+00
168 3.143830e+00 1.419316e+00
169 3.091632e+00 1.380368e+00
170 3.089734e+00 1.377342e+00
171 3.098481e+00 1.378996e+00
172 3.085263e+00 1.389622e+00
173 3.072573e+00 1.393736e+00
174 3.020348e+00 1.381897e+00
175 3.015140e+00 1.393112e+00
176 3.011095e+00 1.394534e+00
177 3.030908e+00 1.389226e+00
178 3.038491e+00 1.380063e+00
179 3.059252e+00 1.429958e+00
180 3.052676e+00 1.434414e+00
181 3.056716e+00 1.457575e+00
182 3.054802e+00 1.454914e+00
183 3.057749e+00 1.441587e+00
184 3.081551e+00 1.412010e+00
185 3.084259e+00 1.414428e+00
186 3.084869e+00 1.452720e+00
187 3.080459e+00 1.426427e+00
188 3.076556e+00 1.434314e+00
189 3.078785e+00 1.454265e+00
190 3.076552e+00 1.450025e+00
191 3.070743e+00 1.454394e+00
192 3.076685e+00 1.452620e+00
193 3.066267e+00 1.455137e+00
194 3.070867e+00 1.456690e+00
195 3.103173e+00 1.473966e+00
196 3.105076e+00 1.473494e+00
197 3.101696e+00 1.471456e+00
198 3.108631e+00 1.466960e+00
199 3.115434e+00 1.446406e+00
200 3.119363e+00 1.444149e+00
201 2.994833e+00 1.472243e+00
202 3.002696e+00 1.477243e+00
203 3.002194e+00 1.483220e+00
204 2.962487e+00 1.423895e+00
205 2.979990e+00 1.410316e+00
206 2.969094e+00 1.408259e+00
207 3.000664e+00 1.402534e+00
208 3.015330e+00 1.415068e+00
209 3.069483e+00 1.406007e+00
210 3.087028e+00 1.411636e+00
211 3.085822e+00 1.410142e+00
212 3.090771e+00 1.411666e+00
213 3.102423e+00 1.394124e+00
214 3.104783e+00 1.393123e+00
215 3.073037e+00 1.406269e+00
216 3.067869e+00 1.422444e+00
217 3.127152e+00 1.437870e+00
218 3.132834e+00 1.440582e+00
219 3.138410e+00 1.438998e+00
220 3.142678e+00 1.434838e+00
221 3.142474e+00 1.436983e+00
222 3.159451e+00 1.435346e+00
223 3.163236e+00 1.435761e+00
224 3.176117e+00 1.431764e+00
225 3.167413e+00 1.468534e+00
226 3.150008e+00 1.500368e+00
227 3.153280e+00 1.511544e+00
228 3.144669e+00 1.508488e+00
229 3.207018e+00 1.448598e+00
230 3.216280e+00 1.442202e+00
231 3.217690e+00 1.437710e+00
232 3.216694e+00 1.437204e+00
233 3.218760e+00 1.438910e+00
234 3.215705e+00 1.437920e+00
235 3.221159e+00 1.464466e+00
236 3.206128e+00 1.464724e+00
237 3.226431e+00 1.478209e+00
238 3.234373e+00 1.476060e+00
239 3.225664e+00 1.491906e+00
240 3.240671e+00 1.507935e+00
241 3.238968e+00 1.544540e+00
242 3.225502e+00 1.526523e+00
243 3.291823e+00 1.536431e+00
244 3.278005e+00 1.536521e+00
245 3.250844e+00 1.526941e+00
246 3.251023e+00 1.527315e+00
247 3.250993e+00 1.528819e+00
248 3.256379e+00 1.527779e+00
249 3.247872e+00 1.524297e+00
250 3.250346e+00 1.523384e+00
251 3.237192e+00 1.539540e+00
252 3.230013e+00 1.532369e+00
253 3.218235e+00 1.557354e+00
254 3.215398e+00 1.532127e+00
255 3.235516e+00 1.500207e+00
256 3.258918e+00 1.480161e+00
257 3.268954e+00 1.468544e+00
258 3.257406e+00 1.455652e+00
259 3.264308e+00 1.451670e+00
260 3.249362e+00 1.463158e+00
261 3.255887e+00 1.454643e+00
262 3.253943e+00 1.440071e+00
263 3.263825e+00 1.456065e+00
264 3.264077e+00 1.456612e+00
265 3.257787e+00 1.460551e+00
266 3.255573e+00 1.461062e+00
267 3.261160e+00 1.473714e+00
268 3.260216e+00 1.492702e+00
269 3.262630e+00 1.505148e+00
270 3.221139e+00 1.488904e+00
271 3.257868e+00 1.449707e+00
272 3.258323e+00 1.449067e+00
273 3.258296e+00 1.449248e+00
274 3.262067e+00 1.436909e+00
275 3.270402e+00 1.434748e+00
276 3.268939e+00 1.433718e+00
277 3.274316e+00 1.441488e+00
278 3.285497e+00 1.445539e+00
279 3.290218e+00 1.427977e+00
280 3.285570e+00 1.445072e+00
281 3.261439e+00 1.436587e+00
282 3.250813e+00 1.435584e+00
283 3.254926e+00 1.432964e+00
284 3.258126e+00 1.423198e+00
285 3.263367e+00 1.420426e+00
286 3.289449e+00 1.429332e+00
287 3.290248e+00 1.428034e+00
288 3.303007e+00 1.452539e+00
289 3.294350e+00 1.457200e+00
290 3.277768e+00 1.463239e+00
291 3.277679e+00 1.454561e+00
292 3.284784e+00 1.460570e+00
293 3.302385e+00 1.477080e+00
294 3.313239e+00 1.496273e+00
295 3.316663e+00 1.494515e+00
296 3.306186e+00 1.546551e+00
297 3.301136e+00 1.573389e+00
298 3.301048e+00 1.577552e+00
299 3.309692e+00 1.571178e+00
300 3.298552e+00 1.604430e+00
301 3.299247e+00 1.602939e+00
302 3.312426e+00 1.587316e+00
303 3.329611e+00 1.573906e+00
304 3.321657e+00 1.571024e+00
305 3.320268e+00 1.570343e+00
306 3.356190e+00 1.571235e+00
307 3.351799e+00 1.538184e+00
308 3.343901e+00 1.545001e+00
309 3.342666e+00 1.523294e+00
310 3.369636e+00 1.540659e+00
311 3.365645e+00 1.534758e+00
312 3.351636e+00 1.519134e+00
313 3.364090e+00 1.521879e+00
314 3.365326e+00 1.518525e+00
315 3.357953e+00 1.490215e+00
316 3.376580e+00 1.479435e+00
317 3.365593e+00 1.496644e+00
318 3.388827e+00 1.523609e+00
319 3.407515e+00 1.524432e+00
320 3.403024e+00 1.522536e+00
321 3.401943e+00 1.523208e+00
322 3.401298e+00 1.530938e+00
323 3.427821e+00 1.548496e+00
324 3.421357e+00 1.545307e+00
325 3.457976e+00 1.541603e+00
326 3.456742e+00 1.542450e+00
327 3.463573e+00 1.536350e+00
328 3.457185e+00 1.534512e+00
329 3.466125e+00 1.530984e+00
330 3.462902e+00 1.526551e+00
331 3.507762e+00 1.515581e+00
332 3.512746e+00 1.518811e+00
333 3.491442e+00 1.499794e+00
334 3.490984e+00 1.502703e+00
335 3.508822e+00 1.500727e+00
336 3.542171e+00 1.447440e+00
337 3.571263e+00 1.474906e+00
338 3.580907e+00 1.475823e+00
339 3.579411e+00 1.451694e+00
340 3.580599e+00 1.419449e+00
341 3.577129e+00 1.417485e+00
342 3.575855e+00 1.420145e+00
343 3.589926e+00 1.419800e+00
344 3.594669e+00 1.451963e+00
345 3.592028e+00 1.450806e+00
346 3.586326e+00 1.442958e+00
347 3.578277e+00 1.441865e+00
348 3.641285e+00 1.429751e+00
349 3.627654e+00 1.428425e+00
350 3.621689e+00 1.430316e+00
351 3.648997e+00 1.418113e+00
352 3.639844e+00 1.407959e+00
353 3.655510e+00 1.404640e+00
354 3.636425e+00 1.387985e+00
355 3.646684e+00 1.360131e+00
356 3.605646e+00 1.294437e+00
357 3.591070e+00 1.299197e+00
358 3.593468e+00 1.291933e+00
359 3.593517e+00 1.292532e+00
360 3.604135e+00 1.265861e+00
361 3.599468e+00 1.267246e+00
362 3.598933e+00 1.276232e+00
363 3.528730e+00 1.277009e+00
364 3.515322e+00 1.275216e+00
365 3.503256e+00 1.270010e+00
366 3.494492e+00 1.273634e+00
367 3.490435e+00 1.264584e+00
368 3.496581e+00 1.282465e+00
369 3.504042e+00 1.276581e+00
370 3.505694e+00 1.275977e+00
371 3.502865e+00 1.328717e+00
372 3.489913e+00 1.351216e+00
373 3.490487e+00 1.355444e+00
374 3.501865e+00 1.387442e+00
375 3.499151e+00 1.404203e+00
376 3.490101e+00 1.417837e+00
377 3.537034e+00 1.384681e+00
378 3.514649e+00 1.406018e+00
379 3.496718e+00 1.398642e+00
380 3.530023e+00 1.372615e+00
381 3.530030e+00 1.372792e+00
382 3.531992e+00 1.379533e+00
383 3.510068e+00 1.360114e+00
384 3.501764e+00 1.359201e+00
385 3.490170e+00 1.349004e+00
386 3.489704e+00 1.350627e+00
387 3.498262e+00 1.353861e+00
388 3.495357e+00 1.366557e+00
389 3.455215e+00 1.377011e+00
390 3.463692e+00 1.373276e+00
391 3.454558e+00 1.375508e+00
392 3.447942e+00 1.381111e+00
393 3.440183e+00 1.381387e+00
394 3.365232e+00 1.456000e+00
395 3.366645e+00 1.456723e+00
396 3.357143e+00 1.457212e+00
397 3.361452e+00 1.464002e+00
398 3.390062e+00 1.392424e+00
399 3.383681e+00 1.393943e+00
400 3.407039e+00 1.376625e+00
401 3.403748e+00 1.362990e+00
402 3.395470e+00 1.351986e+00
403 3.385846e+00 1.360581e+00
404 3.368434e+00 1.342900e+00
405 3.388050e+00 1.325892e+00
406 3.385095e+00 1.287829e+00
407 3.384245e+00 1.293608e+00
408 3.383798e+00 1.291465e+00
409 3.388432e+00 1.287680e+00
410 3.388896e+00 1.282013e+00
411 3.384063e+00 1.280750e+00
412 3.378963e+00 1.329894e+00
413 3.359898e+00 1.314949e+00
414 3.378504e+00 1.323885e+00
415 3.355593e+00 1.318432e+00
416 3.374135e+00 1.304092e+00
417 3.375010e+00 1.317424e+00
418 3.393981e+00 1.298569e+00
419 3.380324e+00 1.304596e+00
420 3.366255e+00 1.285022e+00
421 3.343238e+00 1.304846e+00
422 3.348744e+00 1.299360e+00
423 3.324018e+00 1.306719e+00
424 3.319146e+00 1.302953e+00
425 3.305406e+00 1.317618e+00
426 3.332474e+00 1.324952e+00
427 3.348142e+00 1.307588e+00
428 3.347416e+00 1.292219e+00
429 3.367993e+00 1.290868e+00
430 3.365655e+00 1.290549e+00
431 3.375420e+00 1.283677e+00
432 3.395865e+00 1.296881e+00
433 3.389507e+00 1.308945e+00
434 3.369682e+00 1.336529e+00
435 3.365775e+00 1.358169e+00
436 3.365002e+00 1.358631e+00
437 3.374973e+00 1.360734e+00
438 3.375640e+00 1.360517e+00
439 3.356953e+00 1.387853e+00
440 3.360631e+00 1.405469e+00
441 3.342015e+00 1.387643e+00
442 3.342145e+00 1.388036e+00
443 3.358010e+00 1.382810e+00
444 3.357558e+00 1.392147e+00
445 3.323811e+00 1.346419e+00
446 3.344360e+00 1.377327e+00
447 3.353452e+00 1.376615e+00
448 3.353899e+00 1.379481e+00
449 3.350245e+00 1.392587e+00
450 3.339151e+00 1.395882e+00
451 3.332812e+00 1.419581e+00
452 3.334337e+00 1.408077e+00
453 3.335197e+00 1.403658e+00
454 3.328047e+00 1.361179e+00
455 3.413488e+00 1.305434e+00
456 3.398351e+00 1.294223e+00
457 3.394280e+00 1.306819e+00
458 3.393967e+00 1.307158e+00
459 3.411983e+00 1.315431e+00
460 3.429251e+00 1.307159e+00
461 3.388525e+00 1.296322e+00
462 3.384613e+00 1.297309e+00
463 3.388030e+00 1.301554e+00
464 3.392963e+00 1.309966e+00
465 3.393153e+00 1.305874e+00
466 3.372804e+00 1.303462e+00
467 3.370184e+00 1.300159e+00
468 3.366127e+00 1.303543e+00
469 3.349769e+00 1.373137e+00
470 3.317264e+00 1.378692e+00
471 3.354527e+00 1.362294e+00
472 3.355056e+00 1.358029e+00
473 3.356842e+00 1.354478e+00
474 3.371066e+00 1.374154e+00
475 3.355079e+00 1.362002e+00
476 3.355092e+00 1.361982e+00
477 3.353423e+00 1.365806e+00
478 3.354671e+00 1.372464e+00
479 3.326418e+00 1.341498e+00
480 3.326818e+00 1.344892e+00
481 3.324597e+00 1.386868e+00
482 3.316341e+00 1.375033e+00
483 3.312385e+00 1.379867e+00
484 3.312727e+00 1.384646e+00
485 3.312152e+00 1.385365e+00
486 3.296903e+00 1.398516e+00
487 3.347810e+00 1.382873e+00
488 3.323376e+00 1.405038e+00
489 3.363301e+00 1.388686e+00
490 3.369042e+00 1.392453e+00
491 3.366172e+00 1.391260e+00
492 3.373249e+00 1.389081e+00
493 3.372937e+00 1.394802e+00
494 3.368465e+00 1.390370e+00
495 3.367469e+00 1.389834e+00
496 3.366690e+00 1.390745e+00
497 3.416427e+00 1.342070e+00
498 3.430322e+00 1.341691e+00
499 3.392953e+00 1.354596e+00
500 3.397041e+00 1.355876e+00
501 3.374932e+00 1.352572e+00
502 3.331927e+00 1.355004e+00
503 3.331496e+00 1.355847e+00
504 3.291253e+00 1.347845e+00
505 3.283624e+00 1.346882e+00
506 3.312494e+00 1.295197e+00
507 3.303148e+00 1.299508e+00
508 3.303794e+00 1.308917e+00
509 3.303775e+00 1.308898e+00
510 3.304186e+00 1.309429e+00
511 3.282958e+00 1.345168e+00
512 3.281511e+00 1.343481e+00
513 3.271804e+00 1.355278e+00
514 3.292016e+00 1.334461e+00
515 3.275879e+00 1.324280e+00
516 3.278014e+00 1.359236e+00
517 3.279211e+00 1.400651e+00
518 3.279011e+00 1.400475e+00
519 3.281083e+00 1.400920e+00
520 3.302568e+00 1.419522e+00
521 3.312401e+00 1.432726e+00
522 3.308122e+00 1.436195e+00
523 3.321825e+00 1.412556e+00
524 3.319517e+00 1.411971e+00
525 3.320698e+00 1.410249e+00
526 3.318924e+00 1.403265e+00
527 3.319334e+00 1.402246e+00
528 3.307073e+00 1.388303e+00
529 3.306978e+00 1.402832e+00
530 3.305021e+00 1.405029e+00
531 3.307619e+00 1.403215e+00
532 3.309917e+00 1.399269e+00
533 3.310049e+00 1.405290e+00
534 3.324783e+00 1.393114e+00
535 3.320968e+00 1.387231e+00
536 3.299566e+00 1.439155e+00
537 3.301357e+00 1.438175e+00
538 3.332780e+00 1.480920e+00
539 3.331564e+00 1.480812e+00
540 3.331047e+00 1.480194e+00
541 3.355525e+00 1.499712e+00
542 3.350462e+00 1.492219e+00
543 3.352924e+00 1.511651e+00
544 3.382797e+00 1.553963e+00
545 3.382263e+00 1.553877e+00
546 3.382956e+00 1.551254e+00
547 3.382802e+00 1.553131e+00
548 3.393599e+00 1.531339e+00
549 3.385214e+00 1.532579e+00
550 3.384939e+00 1.533900e+00
551 3.403805e+00 1.539880e+00
552 3.389714e+00 1.515175e+00
553 3.416215e+00 1.519628e+00
554 3.433173e+00 1.514102e+00
555 3.453861e+00 1.536773e+00
556 3.486329e+00 1.552125e+00
557 3.486611e+00 1.551558e+00
558 3.585859e+00 1.528124e+00
559 3.594358e+00 1.514125e+00
560 3.595468e+00 1.493001e+00
561 3.596360e+00 1.498588e+00
562 3.583703e+00 1.490819e+00
563 3.580016e+00 1.480290e+00
564 3.561805e+00 1.477165e+00
565 3.572349e+00 1.511809e+00
566 3.571114e+00 1.509712e+00
567 3.571360e+00 1.510280e+00
568 3.571416e+00 1.518778e+00
569 3.531917e+00 1.498354e+00
570 3.544533e+00 1.488240e+00
571 3.500210e+00 1.531800e+00
572 3.506557e+00 1.539124e+00
573 3.498886e+00 1.540316e+00
574 3.498412e+00 1.542252e+00
575 3.530052e+00 1.550433e+00
576 3.524620e+00 1.530831e+00
577 3.515376e+00 1.524068e+00
578 3.516298e+00 1.524891e+00
579 3.506011e+00 1.541242e+00
580 3.452475e+00 1.574280e+00
581 3.451254e+00 1.564120e+00
582 3.499780e+00 1.537346e+00
583 3.496982e+00 1.514680e+00
584 3.493693e+00 1.516370e+00
585 3.503569e+00 1.536682e+00
586 3.500838e+00 1.559159e+00
587 3.524961e+00 1.539614e+00
588 3.503618e+00 1.506824e+00
589 3.487979e+00 1.533244e+00
590 3.486368e+00 1.548058e+00
591 3.480819e+00 1.548073e+00
592 3.476691e+00 1.537754e+00
593 3.475864e+00 1.553698e+00
594 3.490017e+00 1.538211e+00
595 3.489572e+00 1.538318e+00
596 3.493614e+00 1.534878e+00
597 3.493385e+00 1.545649e+00
598 3.491051e+00 1.544410e+00
599 3.504558e+00 1.465323e+00
600 3.500904e+00 1.440327e+00
601 3.502680e+00 1.429841e+00
602 3.508190e+00 1.439572e+00
603 3.500828e+00 1.438364e+00
604 3.507195e+00 1.436001e+00
605 3.445873e+00 1.409224e+00
606 3.430706e+00 1.396246e+00
607 3.430002e+00 1.395247e+00
608 3.445769e+00 1.388818e+00
609 3.467775e+00 1.330447e+00
610 3.446557e+00 1.317943e+00
611 3.448627e+00 1.318774e+00
612 3.444404e+00 1.316615e+00
613 3.442219e+00 1.320657e+00
614 3.439596e+00 1.320740e+00
615 3.435019e+00 1.344843e+00
616 3.420256e+00 1.376942e+00
617 3.424090e+00 1.436311e+00
618 3.427426e+00 1.468684e+00
619 3.415489e+00 1.478367e+00
620 3.412144e+00 1.478819e+00
621 3.423914e+00 1.516850e+00
622 3.347941e+00 1.520053e+00
623 3.348306e+00 1.520873e+00
624 3.352070e+00 1.528684e+00
625 3.323608e+00 1.526161e+00
626 3.323792e+00 1.525396e+00
627 3.262458e+00 1.520359e+00
628 3.242746e+00 1.514331e+00
629 3.237250e+00 1.514707e+00
630 3.255954e+00 1.522342e+00
631 3.242815e+00 1.491534e+00
632 3.239760e+00 1.490469e+00
633 3.242467e+00 1.498928e+00
634 3.256637e+00 1.507936e+00
635 3.257562e+00 1.530351e+00
636 3.265277e+00 1.518768e+00
637 3.241166e+00 1.516983e+00
638 3.231783e+00 1.488571e+00
639 3.238200e+00 1.485813e+00
640 3.245672e+00 1.481999e+00
641 3.240378e+00 1.483421e+00
642 3.247115e+00 1.514606e+00
643 3.252744e+00 1.498678e+00
644 3.256487e+00 1.499690e+00
645 3.220140e+00 1.505491e+00
646 3.208595e+00 1.509434e+00
647 3.208519e+00 1.520440e+00
648 3.211905e+00 1.524340e+00
649 3.204564e+00 1.513424e+00
650 3.211320e+00 1.509844e+00
651 3.190648e+00 1.470012e+00
652 3.190183e+00 1.470665e+00
653 3.196358e+00 1.519403e+00
654 3.208465e+00 1.527304e+00
655 3.210946e+00 1.489487e+00
656 3.203631e+00 1.481807e+00
657 3.189382e+00 1.442594e+00
658 3.189116e+00 1.442044e+00
659 3.194156e+00 1.430533e+00
660 3.194586e+00 1.431119e+00
661 3.164882e+00 1.409305e+00
662 3.160359e+00 1.413436e+00
663 3.148010e+00 1.409283e+00
664 3.127660e+00 1.428267e+00
665 3.141483e+00 1.395715e+00
666 3.133683e+00 1.356190e+00
667 3.131803e+00 1.354355e+00
668 3.155817e+00 1.335555e+00
669 3.173853e+00 1.373182e+00
670 3.177470e+00 1.367489e+00
671 3.187687e+00 1.343213e+00
672 3.195734e+00 1.358299e+00
673 3.207688e+00 1.351438e+00
674 3.210208e+00 1.345175e+00
675 3.210615e+00 1.346091e+00
676 3.280227e+00 1.332187e+00
677 3.280237e+00 1.304811e+00
678 3.318861e+00 1.297478e+00
679 3.312424e+00 1.282701e+00
680 3.322360e+00 1.286883e+00
681 3.319879e+00 1.279028e+00
682 3.314218e+00 1.268117e+00
683 3.311574e+00 1.258496e+00
684 3.289966e+00 1.250745e+00
685 3.293034e+00 1.212325e+00
686 3.300053e+00 1.209507e+00
687 3.311331e+00 1.161430e+00
688 3.312855e+00 1.166956e+00
689 3.313281e+00 1.167401e+00
690 3.313681e+00 1.200009e+00
691 3.315015e+00 1.206920e+00
692 3.311508e+00 1.140332e+00
693 3.272380e+00 1.141226e+00
694 3.281037e+00 1.143563e+00
695 3.276610e+00 1.136463e+00
696 3.237052e+00 1.174534e+00
697 3.250133e+00 1.176139e+00
698 3.250168e+00 1.183444e+00
699 3.253468e+00 1.179562e+00
700 3.230976e+00 1.200129e+00
701 3.244116e+00 1.180124e+00
702 3.240110e+00 1.179660e+00
703 3.219153e+00 1.167073e+00
704 3.224882e+00 1.158945e+00
705 3.228058e+00 1.151132e+00
706 3.219450e+00 1.122962e+00
707 3.215094e+00 1.126004e+00
708 3.210878e+00 1.127225e+00
709 3.239586e+00 1.090780e+00
710 3.204543e+00 1.081810e+00
711 3.197043e+00 1.082229e+00
712 3.174358e+00 1.084487e+00
713 3.174616e+00 1.078816e+00
714 3.128260e+00 1.113208e+00
715 3.133647e+00 1.097601e+00
716 3.142253e+00 1.093832e+00
717 3.114613e+00 1.095578e+00
718 3.109283e+00 1.098069e+00
719 3.110081e+00 1.097801e+00
720 3.110215e+00 1.098252e+00
721 3.129873e+00 1.113962e+00
722 3.126563e+00 1.114889e+00
723 3.148051e+00 1.105473e+00
724 3.121434e+00 1.120481e+00
725 3.130444e+00 1.136687e+00
726 3.089108e+00 1.153461e+00
727 3.088481e+00 1.153632e+00
728 3.095371e+00 1.163927e+00
729 3.106368e+00 1.168045e+00
730 3.058075e+00 1.184308e+00
731 3.066637e+00 1.158683e+00
732 3.089188e+00 1.162420e+00
733 3.099176e+00 1.171793e+00
734 3.076474e+00 1.148169e+00
735 3.071695e+00 1.148159e+00
736 3.069432e+00 1.168469e+00
737 3.059511e+00 1.168814e+00
738 3.060731e+00 1.148911e+00
739 3.086169e+00 1.117786e+00
740 3.075352e+00 1.144182e+00
741 3.051820e+00 1.125184e+00
742 3.044302e+00 1.101205e+00
743 3.062308e+00 1.111911e+00
744 3.121303e+00 1.122482e+00
745 3.144178e+00 1.083522e+00
746 3.148742e+00 1.089227e+00
747 3.148710e+00 1.089406e+00
748 3.153229e+00 1.103975e+00
749 3.141565e+00 1.103829e+00
750 3.145385e+00 1.096401e+00
751 3.146120e+00 1.082674e+00
752 3.145966e+00 1.082479e+00
753 3.118313e+00 1.087071e+00
754 3.117908e+00 1.086566e+00
755 3.117760e+00 1.090358e+00
756 3.126904e+00 1.126305e+00
757 3.130771e+00 1.117607e+00
758 3.130921e+00 1.116541e+00
759 3.130556e+00 1.117705e+00
760 3.135306e+00 1.115765e+00
761 3.096149e+00 1.060082e+00
762 3.087977e+00 1.072113e+00
763 3.087596e+00 1.070424e+00
764 3.072020e+00 1.077469e+00
765 3.086892e+00 1.098145e+00
766 3.105270e+00 1.091411e+00
767 3.100930e+00 1.089320e+00
768 3.073212e+00 1.059582e+00
769 3.073982e+00 1.041297e+00
770 3.037429e+00 1.000067e+00
771 3.080371e+00 9.981872e-01
772 3.090792e+00 1.003607e+00
773 3.091027e+00 1.004084e+00
774 3.108025e+00 1.016394e+00
775 3.107386e+00 1.021474e+00
776 3.156845e+00 9.678291e-01
777 3.120587e+00 1.018696e+00
778 3.187187e+00 9.716778e-01
779 3.183115e+00 9.757835e-01
780 3.170820e+00 9.733451e-01
781 3.127417e+00 9.437110e-01
782 3.152450e+00 9.063714e-01
783 3.128573e+00 9.059849e-01
784 3.170885e+00 9.613076e-01
785 3.170558e+00 9.613979e-01
786 3.195290e+00 9.429301e-01
787 3.194002e+00 9.425380e-01
788 3.195617e+00 9.541687e-01
789 3.199680e+00 9.689705e-01
790 3.205713e+00 9.883021e-01
791 3.201931e+00 9.891653e-01
792 3.234630e+00 9.859035e-01
793 3.266381e+00 9.676461e-01
794 3.267698e+00 9.699632e-01
795 3.259142e+00 9.818214e-01
796 3.264698e+00 9.639107e-01
797 3.288120e+00 9.679929e-01
798 3.305152e+00 9.415753e-01
799 3.292164e+00 9.225770e-01
800 3.293421e+00 9.226065e-01
801 3.295624e+00 9.135634e-01
802 3.295422e+00 9.155512e-01
803 3.289607e+00 9.201361e-01
804 3.288618e+00 9.254436e-01
805 3.247802e+00 9.014510e-01
806 3.248383e+00 8.925780e-01
807 3.245972e+00 8.951805e-01
808 3.245323e+00 9.004139e-01
809 3.270933e+00 9.329015e-01
810 3.269579e+00 9.297405e-01
811 3.263489e+00 9.332136e-01
812 3.232685e+00 9.617623e-01
813 3.238995e+00 9.500468e-01
814 3.225967e+00 9.493307e-01
815 3.207988e+00 9.570559e-01
816 3.212983e+00 9.581618e-01
817 3.216108e+00 9.121253e-01
818 3.214392e+00 9.072473e-01
819 3.187153e+00 9.140594e-01
820 3.201354e+00 9.188866e-01
821 3.199140e+00 9.256198e-01
822 3.199057e+00 9.291575e-01
823 3.187263e+00 9.357539e-01
824 3.185077e+00 9.635593e-01
825 3.169202e+00 9.639024e-01
826 3.164226e+00 9.628358e-01
827 3.164796e+00 9.655216e-01
828 3.191209e+00 9.354324e-01
829 3.188595e+00 9.358269e-01
830 3.187499e+00 9.480048e-01
831 3.188529e+00 9.375890e-01
832 3.186339e+00 9.367529e-01
833 3.178426e+00 9.433313e-01
834 3.174382e+00 9.390185e-01
835 3.201345e+00 9.761137e-01
836 3.211218e+00 9.737099e-01
837 3.198497e+00 9.783671e-01
838 3.184549e+00 9.646310e-01
839 3.173323e+00 9.551052e-01
840 3.159466e+00 9.673057e-01
841 3.160601e+00 9.571555e-01
842 3.164596e+00 9.496368e-01
843 3.170204e+00 1.021114e+00
844 3.167616e+00 1.019747e+00
845 3.159976e+00 1.034037e+00
846 3.160913e+00 1.051825e+00
847 3.160928e+00 1.051932e+00
848 3.155937e+00 1.036919e+00
849 3.168615e+00 1.027595e+00
850 3.169599e+00 1.017909e+00
851 3.147627e+00 1.029602e+00
852 3.145652e+00 1.031560e+00
853 3.151572e+00 1.036668e+00
854 3.125151e+00 1.040370e+00
855 3.121925e+00 1.047663e+00
856 3.108121e+00 1.061681e+00
857 3.112038e+00 1.060975e+00
858 3.130413e+00 1.044995e+00
859 3.140151e+00 1.055449e+00
860 3.231192e+00 1.145348e+00
861 3.233106e+00 1.137322e+00
862 3.265359e+00 1.126457e+00
863 3.256618e+00 1.113904e+00
864 3.257670e+00 1.114274e+00
865 3.251888e+00 1.116739e+00
866 3.251144e+00 1.104445e+00
867 3.236622e+00 1.108853e+00
868 3.230244e+00 1.111277e+00
869 3.248075e+00 1.106197e+00
870 3.241011e+00 1.119776e+00
871 3.242763e+00 1.104224e+00
872 3.232308e+00 1.132882e+00
873 3.274184e+00 1.131793e+00
874 3.248937e+00 1.123045e+00
875 3.249062e+00 1.122822e+00
876 3.244895e+00 1.117754e+00
877 3.239898e+00 1.125255e+00
878 3.240335e+00 1.126867e+00
879 3.237437e+00 1.122312e+00
880 3.245056e+00 1.147737e+00
881 3.252077e+00 1.115708e+00
882 3.252224e+00 1.116449e+00
883 3.248590e+00 1.121304e+00
884 3.262239e+00 1.110795e+00
885 3.262437e+00 1.110480e+00
886 3.248498e+00 1.128424e+00
887 3.251013e+00 1.091361e+00
888 3.245675e+00 1.059803e+00
889 3.243776e+00 1.059729e+00
890 3.250638e+00 1.075319e+00
891 3.256086e+00 1.075288e+00
892 3.253603e+00 1.094526e+00
893 3.260849e+00 1.094347e+00
894 3.301188e+00 1.059856e+00
895 3.270571e+00 1.031443e+00
896 3.269666e+00 1.030979e+00
897 3.243108e+00 1.015005e+00
898 3.255677e+00 1.005815e+00
899 3.247332e+00 1.008553e+00
900 3.219898e+00 1.057605e+00
901 3.228198e+00 1.068836e+00
902 3.229596e+00 1.081923e+00
903 3.249495e+00 1.085494e+00
904 3.242056e+00 1.094849e+00
905 3.237074e+00 1.090951e+00
906 3.238671e+00 1.084637e+00
907 3.231395e+00 1.126900e+00
908 3.211459e+00 1.149478e+00
909 3.204677e+00 1.147110e+00
910 3.211938e+00 1.142541e+00
911 3.210888e+00 1.142022e+00
912 3.260519e+00 1.210031e+00
913 3.190006e+00 1.180211e+00
914 3.265895e+00 1.140898e+00
915 3.264658e+00 1.139237e+00
916 3.253660e+00 1.142507e+00
917 3.257607e+00 1.160660e+00
918 3.215296e+00 1.172954e+00
919 3.219136e+00 1.164095e+00
920 3.299251e+00 1.134682e+00
921 3.299130e+00 1.127417e+00
922 3.305139e+00 1.117946e+00
923 3.306028e+00 1.116917e+00
924 3.315603e+00 1.110486e+00
925 3.311965e+00 1.119116e+00
926 3.317780e+00 1.121216e+00
927 3.265260e+00 1.087819e+00
928 3.263051e+00 1.087575e+00
929 3.263089e+00 1.089666e+00
930 3.272378e+00 1.118310e+00
931 3.259777e+00 1.137255e+00
932 3.262700e+00 1.128277e+00
933 3.257158e+00 1.133875e+00
934 3.248202e+00 1.087577e+00
935 3.249720e+00 1.089453e+00
936 3.247266e+00 1.086199e+00
937 3.195569e+00 1.123154e+00
938 3.197286e+00 1.137637e+00
939 3.204652e+00 1.132423e+00
940 3.204111e+00 1.131688e+00
941 3.203231e+00 1.130848e+00
942 3.209354e+00 1.132261e+00
943 3.276763e+00 1.159593e+00
944 3.296112e+00 1.070362e+00
945 3.294424e+00 1.064426e+00
946 3.295634e+00 1.065793e+00
947 3.281929e+00 1.074598e+00
948 3.277639e+00 1.076608e+00
949 3.311522e+00 1.119970e+00
950 3.350062e+00 1.061276e+00
951 3.348988e+00 1.079398e+00
952 3.334608e+00 1.072735e+00
953 3.357157e+00 1.069128e+00
954 3.375745e+00 1.057116e+00
955 3.391848e+00 1.096800e+00
956 3.388935e+00 1.096914e+00
957 3.399814e+00 1.067734e+00
958 3.399490e+00 1.068063e+00
959 3.368850e+00 1.080314e+00
960 3.375817e+00 1.065456e+00
961 3.378964e+00 1.050927e+00
962 3.377843e+00 1.057869e+00
963 3.377709e+00 1.038594e+00
964 3.397050e+00 1.052058e+00
965 3.403351e+00 1.054072e+00
966 3.394653e+00 1.024454e+00
967 3.401320e+00 1.002669e+00
968 3.403205e+00 1.000541e+00
969 3.397285e+00 1.001004e+00
970 3.394825e+00 9.974757e-01
971 3.380264e+00 9.576438e-01
972 3.358919e+00 9.472282e-01
973 3.372537e+00 9.472940e-01
974 3.332737e+00 9.349129e-01
975 3.342790e+00 9.293075e-01
976 3.322779e+00 9.534080e-01
977 3.322751e+00 9.534529e-01
978 3.322437e+00 9.538118e-01
979 3.339593e+00 9.436599e-01
980 3.316525e+00 9.646888e-01
981 3.315346e+00 9.642550e-01
982 3.315164e+00 9.622893e-01
983 3.320977e+00 9.665200e-01
984 3.335145e+00 9.624096e-01
985 3.300975e+00 9.624244e-01
986 3.288991e+00 9.604830e-01
987 3.279999e+00 9.667357e-01
988 3.279756e+00 9.666344e-01
989 3.253612e+00 1.014145e+00
990 3.257205e+00 1.012587e+00
991 3.243058e+00 1.007243e+00
992 3.235912e+00 1.009444e+00
993 3.239291e+00 1.009082e+00
994 3.237741e+00 1.013757e+00
995 3.234191e+00 1.026601e+00
996 3.218512e+00 1.064680e+00
997 3.208000e+00 1.050330e+00
998 3.167048e+00 1.069073e+00
999 3.165893e+00 1.091085e+00
1000 3.160627e+00 1.100830e+00
1001 3.167603e+00 1.076888e+00
1002 3.150963e+00 1.079705e+00
1003 3.168325e+00 1.076388e+00
1004 3.165882e+00 1.060149e+00
1005 3.172030e+00 1.059823e+00
1006 3.202665e+00 1.066115e+00
1007 3.187373e+00 1.090922e+00
1008 3.187325e+00 1.081078e+00
1009 3.197321e+00 1.064028e+00
1010 3.161735e+00 1.061004e+00
1011 3.145508e+00 1.082483e+00
1012 3.164809e+00 1.074604e+00
1013 3.149596e+00 1.071567e+00
1014 3.132893e+00 1.081961e+00
1015 3.131946e+00 1.083721e+00
1016 3.121377e+00 1.086813e+00
1017 3.111172e+00 1.110080e+00
1018 3.101989e+00 1.103829e+00
1019 3.092701e+00 1.080523e+00
1020 3.097561e+00 1.088438e+00
1021 3.095282e+00 1.080589e+00
1022 3.088372e+00 1.082021e+00
1023 3.080304e+00 1.066562e+00
1024 3.098910e+00 1.092745e+00
1025 3.099300e+00 1.088098e+00
1026 3.099871e+00 1.104732e+00
1027 3.045117e+00 1.116020e+00
1028 3.037840e+00 1.121521e+00
1029 3.041328e+00 1.120437e+00
1030 3.010736e+00 1.120012e+00
1031 3.010748e+00 1.120556e+00
1032 3.009090e+00 1.128852e+00
1033 3.010823e+00 1.126593e+00
1034 2.997132e+00 1.120432e+00
1035 2.996118e+00 1.124642e+00
1036 2.999255e+00 1.113294e+00
1037 3.003756e+00 1.114603e+00
1038 3.000989e+00 1.124890e+00
1039 3.021830e+00 1.097184e+00
1040 3.021252e+00 1.099011e+00
1041 3.015134e+00 1.090686e+00
1042 3.015310e+00 1.094688e+00
1043 3.016933e+00 1.089200e+00
1044 3.045723e+00 1.077415e+00
1045 3.038688e+00 1.065017e+00
1046 3.029654e+00 1.075165e+00
1047 3.052244e+00 1.064534e+00
1048 3.068511e+00 1.038766e+00
1049 3.072773e+00 1.038658e+00
1050 3.072312e+00 1.035091e+00
1051 3.079311e+00 1.036139e+00
1052 3.060087e+00 1.027924e+00
1053 3.066430e+00 1.036847e+00
1054 3.068272e+00 1.037568e+00
1055 3.100203e+00 1.021702e+00
1056 3.078649e+00 1.036383e+00
1057 3.080145e+00 1.038156e+00
1058 3.047931e+00 1.073278e+00
1059 3.043615e+00 1.033008e+00
1060 3.034095e+00 1.037613e+00
1061 3.032568e+00 1.037326e+00
1062 3.040975e+00 1.050021e+00
1063 3.042072e+00 1.050581e+00
1064 3.036907e+00 1.052596e+00
1065 3.040784e+00 1.044213e+00
1066 3.035742e+00 1.053238e+00
1067 3.023507e+00 1.042696e+00
1068 3.009134e+00 1.057280e+00
1069 3.003758e+00 1.068708e+00
1070 3.017263e+00 1.103750e+00
1071 3.006157e+00 1.101095e+00
1072 3.024492e+00 1.094441e+00
1073 2.987797e+00 1.118530e+00
1074 2.979741e+00 1.112445e+00
1075 2.955610e+00 1.124036e+00
1076 2.961073e+00 1.113361e+00
1077 2.956655e+00 1.100181e+00
1078 2.955210e+00 1.093091e+00
1079 2.957193e+00 1.095552e+00
1080 2.968480e+00 1.093642e+00
1081 2.968661e+00 1.093373e+00
1082 2.958988e+00 1.097414e+00
1083 2.955386e+00 1.098219e+00
1084 2.956783e+00 1.105319e+00
1085 2.957167e+00 1.105243e+00
1086 2.975844e+00 1.124164e+00
1087 2.979275e+00 1.132459e+00
1088 2.972944e+00 1.117587e+00
1089 2.965060e+00 1.121373e+00
1090 2.994160e+00 1.117393e+00
1091 2.994789e+00 1.116716e+00
1092 2.996323e+00 1.118274e+00
1093 2.972013e+00 1.119421e+00
1094 2.974053e+00 1.114114e+00
1095 3.021184e+00 1.124157e+00
1096 3.022499e+00 1.119822e+00
1097 3.020715e+00 1.081015e+00
1098 3.037924e+00 1.080446e+00
1099 3.030057e+00 9.965985e-01
1100 3.033767e+00 9.983216e-01
1101 3.024594e+00 9.990082e-01
1102 3.024853e+00 9.813336e-01
1103 3.008599e+00 9.864009e-01
1104 2.940848e+00 9.543283e-01
1105 2.941051e+00 9.578143e-01
1106 2.945531e+00 9.548531e-01
1107 2.945893e+00 9.549166e-01
1108 2.942124e+00 9.703764e-01
1109 2.942112e+00 9.703901e-01
1110 2.945468e+00 9.667861e-01
1111 2.959003e+00 9.636482e-01
1112 2.957296e+00 9.467314e-01
1113 2.946965e+00 9.830325e-01
1114 2.946708e+00 9.829303e-01
1115 2.942320e+00 9.701917e-01
1116 2.954058e+00 9.671143e-01
1117 2.935658e+00 9.712151e-01
1118 2.904297e+00 9.375886e-01
1119 2.904113e+00 9.373939e-01
1120 2.927138e+00 9.284389e-01
1121 2.926798e+00 9.264595e-01
1122 2.899849e+00 9.396368e-01
1123 2.887156e+00 9.327074e-01
1124 2.883414e+00 9.291734e-01
1125 2.858319e+00 9.319114e-01
1126 2.861485e+00 9.255465e-01
1127 2.893403e+00 9.295964e-01
1128 2.886667e+00 9.190639e-01
1129 2.922061e+00 9.452711e-01
1130 2.935157e+00 9.760164e-01
1131 2.943207e+00 9.721918e-01
1132 2.957631e+00 9.336586e-01
1133 2.957874e+00 9.327069e-01
1134 2.898859e+00 9.338841e-01
1135 2.895463e+00 9.393722e-01
1136 2.895184e+00 9.391163e-01
1137 2.873725e+00 9.611008e-01
1138 2.880561e+00 9.527358e-01
1139 2.862289e+00 9.097462e-01
1140 2.886338e+00 9.435567e-01
1141 2.856969e+00 9.417650e-01
1142 2.842719e+00 9.508033e-01
1143 2.858932e+00 9.411313e-01
1144 2.864605e+00 9.547890e-01
1145 2.824401e+00 9.394802e-01
1146 2.846233e+00 9.346805e-01
1147 2.846653e+00 9.337497e-01
1148 2.840794e+00 9.355325e-01
1149 2.845983e+00 9.417375e-01
1150 2.829365e+00 9.359562e-01
1151 2.807088e+00 9.287779e-01
1152 2.799326e+00 9.444531e-01
1153 2.787836e+00 9.371591e-01
1154 2.777000e+00 9.494484e-01
1155 2.762326e+00 9.718469e-01
1156 2.728750e+00 9.789646e-01
1157 2.752019e+00 9.654975e-01
1158 2.744657e+00 9.628445e-01
1159 2.744367e+00 9.629875e-01
1160 2.761329e+00 9.581558e-01
1161 2.741586e+00 9.490570e-01
1162 2.741232e+00 9.406725e-01
1163 2.778955e+00 9.028036e-01
1164 2.778691e+00 9.029443e-01
1165 2.759538e+00 9.331802e-01
1166 2.765076e+00 9.347234e-01
1167 2.757941e+00 9.315625e-01
1168 2.793303e+00 9.197888e-01
1169 2.808332e+00 9.158284e-01
1170 2.849241e+00 8.961575e-01
1171 2.856142e+00 8.712482e-01
1172 2.855218e+00 8.711364e-01
1173 2.807334e+00 8.722993e-01
1174 2.806454e+00 8.775427e-01
1175 2.816350e+00 8.802247e-01
1176 2.823468e+00 8.806476e-01
1177 2.817468e+00 8.796429e-01
1178 2.808165e+00 8.808285e-01
1179 2.799246e+00 8.895029e-01
1180 2.800493e+00 8.887018e-01
1181 2.820837e+00 9.056728e-01
1182 2.804047e+00 8.914863e-01
1183 2.794411e+00 8.952927e-01
1184 2.796932e+00 9.005227e-01
1185 2.829224e+00 9.091797e-01
1186 2.830042e+00 9.194536e-01
1187 2.816792e+00 9.182830e-01
1188 2.828793e+00 9.110630e-01
1189 2.797069e+00 9.155061e-01
1190 2.749281e+00 8.678723e-01
1191 2.746212e+00 8.885587e-01
1192 2.747833e+00 8.797824e-01
1193 2.748898e+00 8.800557e-01
1194 2.753614e+00 8.553848e-01
1195 2.773927e+00 8.101667e-01
1196 2.712528e+00 8.157394e-01
1197 2.708773e+00 8.073565e-01
1198 2.735180e+00 7.988778e-01
1199 2.724591e+00 8.177916e-01
1200 2.765514e+00 8.051329e-01
1201 2.786577e+00 8.434411e-01
1202 2.830419e+00 8.372241e-01
1203 2.829189e+00 8.557820e-01
1204 2.831526e+00 8.596696e-01
1205 2.834987e+00 8.377779e-01
1206 2.849917e+00 8.607908e-01
1207 2.902755e+00 9.784304e-01
1208 2.926947e+00 1.016369e+00
1209 2.931519e+00 1.013790e+00
1210 2.948337e+00 1.023117e+00
1211 2.947002e+00 1.020643e+00
1212 2.953566e+00 1.021920e+00
1213 2.955588e+00 1.015807e+00
1214 2.956166e+00 1.020342e+00
1215 2.955546e+00 1.021910e+00
1216 2.943227e+00 1.084533e+00
1217 2.942979e+00 1.078392e+00
1218 2.963317e+00 1.083633e+00
1219 2.957812e+00 1.071624e+00
1220 2.943803e+00 1.079371e+00
1221 2.953143e+00 1.068301e+00
1222 2.944182e+00 1.070914e+00
1223 2.942820e+00 1.070060e+00
1224 2.948031e+00 1.082214e+00
1225 2.950837e+00 1.080355e+00
1226 2.960223e+00 1.080202e+00
1227 2.995105e+00 1.077089e+00
1228 2.989363e+00 1.082264e+00
1229 2.978329e+00 1.074297e+00
1230 2.981365e+00 1.067039e+00
1231 2.995503e+00 1.077095e+00
1232 3.018484e+00 1.062050e+00
1233 3.014291e+00 1.061210e+00
1234 3.028362e+00 1.077243e+00
1235 3.041092e+00 1.077328e+00
1236 3.047004e+00 1.088120e+00
1237 3.047098e+00 1.087591e+00
1238 3.049281e+00 1.090857e+00
1239 3.031553e+00 1.094371e+00
1240 3.034043e+00 1.087231e+00
1241 3.033596e+00 1.086293e+00
1242 3.028824e+00 1.094514e+00
1243 3.018381e+00 1.151755e+00
1244 3.018418e+00 1.151940e+00
1245 3.029809e+00 1.138715e+00
1246 3.030546e+00 1.124892e+00
1247 3.030472e+00 1.127073e+00
1248 3.027016e+00 1.134701e+00
1249 3.008286e+00 1.137357e+00
1250 2.992299e+00 1.172167e+00
1251 2.989253e+00 1.204517e+00
1252 2.967504e+00 1.216804e+00
1253 2.967596e+00 1.215908e+00
1254 2.978683e+00 1.219558e+00
1255 2.983165e+00 1.220970e+00
1256 2.986445e+00 1.294412e+00
1257 2.972107e+00 1.286317e+00
1258 2.972109e+00 1.286409e+00
1259 2.971388e+00 1.302286e+00
1260 2.970829e+00 1.301562e+00
1261 2.992595e+00 1.336466e+00
1262 2.955590e+00 1.307693e+00
1263 2.949321e+00 1.326714e+00
1264 2.918507e+00 1.305930e+00
1265 2.894675e+00 1.304459e+00
1266 2.894918e+00 1.304336e+00
1267 2.875374e+00 1.275534e+00
1268 2.876320e+00 1.273703e+00
1269 2.961260e+00 1.291023e+00
1270 2.950701e+00 1.265217e+00
1271 2.951750e+00 1.265865e+00
1272 2.942270e+00 1.266760e+00
1273 2.927838e+00 1.250979e+00
1274 2.957725e+00 1.267895e+00
1275 2.974154e+00 1.246029e+00
1276 2.985623e+00 1.248004e+00
1277 2.977783e+00 1.257006e+00
1278 3.021819e+00 1.240980e+00
1279 3.017963e+00 1.259724e+00
1280 3.010373e+00 1.252144e+00
1281 3.018954e+00 1.240881e+00
1282 2.999562e+00 1.251815e+00
1283 2.999458e+00 1.251927e+00
1284 2.983295e+00 1.278856e+00
1285 3.001914e+00 1.300808e+00
1286 3.034848e+00 1.307647e+00
1287 3.042551e+00 1.297703e+00
1288 3.038682e+00 1.304963e+00
1289 3.037256e+00 1.315098e+00
1290 3.026072e+00 1.330635e+00
1291 3.029540e+00 1.332286e+00
1292 3.027058e+00 1.331885e+00
1293 3.035993e+00 1.333992e+00
1294 3.032551e+00 1.354725e+00
1295 3.030929e+00 1.362126e+00
1296 3.045995e+00 1.383311e+00
1297 3.042780e+00 1.387794e+00
1298 3.030327e+00 1.372499e+00
1299 3.024782e+00 1.369942e+00
1300 3.025989e+00 1.355349e+00
1301 3.004720e+00 1.351938e+00
1302 3.001855e+00 1.348119e+00
1303 2.999987e+00 1.355059e+00
1304 2.994353e+00 1.353201e+00
1305 2.993361e+00 1.354191e+00
1306 2.972038e+00 1.373323e+00
1307 2.979980e+00 1.385799e+00
1308 3.053869e+00 1.303611e+00
1309 3.057970e+00 1.321124e+00
1310 3.052438e+00 1.313453e+00
1311 3.040311e+00 1.325339e+00
1312 3.043595e+00 1.331551e+00
1313 3.041139e+00 1.349499e+00
1314 3.056124e+00 1.348255e+00
1315 3.056824e+00 1.347669e+00
1316 3.098336e+00 1.296861e+00
1317 3.085298e+00 1.275456e+00
1318 3.102095e+00 1.266036e+00
1319 3.112464e+00 1.255449e+00
1320 3.106478e+00 1.243813e+00
1321 3.109064e+00 1.243898e+00
1322 3.114925e+00 1.251696e+00
1323 3.100241e+00 1.241918e+00
1324 3.101291e+00 1.239993e+00
1325 3.104967e+00 1.241129e+00
1326 3.067594e+00 1.215778e+00
1327 3.054139e+00 1.215322e+00
1328 3.055809e+00 1.219466e+00
1329 3.070330e+00 1.241678e+00
1330 3.070881e+00 1.241580e+00
1331 3.098021e+00 1.245213e+00
1332 3.064731e+00 1.290836e+00
1333 3.064070e+00 1.292086e+00
1334 3.085770e+00 1.237264e+00
1335 3.080378e+00 1.229303e+00
1336 3.092818e+00 1.203369e+00
1337 3.078494e+00 1.209821e+00
1338 3.065325e+00 1.168629e+00
1339 3.058739e+00 1.175516e+00
1340 3.063019e+00 1.174359e+00
1341 3.064901e+00 1.171605e+00
1342 3.079218e+00 1.143643e+00
1343 3.086259e+00 1.130016e+00
1344 3.093504e+00 1.107884e+00
1345 3.099427e+00 1.114473e+00
1346 3.099399e+00 1.114307e+00
1347 3.126904e+00 1.079903e+00
1348 3.091391e+00 1.091764e+00
1349 3.059686e+00 1.089649e+00
1350 3.021264e+00 1.032025e+00
1351 3.052519e+00 1.035014e+00
1352 3.057138e+00 1.043519e+00
1353 3.057540e+00 1.043234e+00
1354 3.060274e+00 1.038276e+00
1355 3.080308e+00 1.061147e+00
1356 3.090432e+00 1.060806e+00
1357 3.113745e+00 1.056886e+00
1358 3.114975e+00 1.091235e+00
1359 3.131152e+00 1.088764e+00
1360 3.133411e+00 1.091766e+00
1361 3.133610e+00 1.101296e+00
1362 3.140774e+00 1.094432e+00
1363 3.135169e+00 1.076334e+00
1364 3.116457e+00 1.108516e+00
1365 3.092010e+00 1.115362e+00
1366 3.052971e+00 1.117678e+00
1367 3.044888e+00 1.112934e+00
1368 3.034823e+00 1.111993e+00
1369 3.026954e+00 1.100658e+00
1370 3.014100e+00 1.121513e+00
1371 3.009902e+00 1.118352e+00
1372 3.002449e+00 1.116567e+00
1373 3.037546e+00 1.164361e+00
1374 3.017956e+00 1.051880e+00
1375 3.019273e+00 1.046851e+00
1376 3.018612e+00 1.044707e+00
1377 3.010308e+00 1.067899e+00
1378 3.010164e+00 1.068028e+00
1379 3.063103e+00 1.086004e+00
1380 3.069433e+00 1.091173e+00
1381 3.058195e+00 1.112450e+00
1382 3.054323e+00 1.115069e+00
1383 3.069327e+00 1.099386e+00
1384 3.057156e+00 1.107274e+00
1385 3.052349e+00 1.092137e+00
1386 3.047294e+00 1.092426e+00
1387 3.072516e+00 1.033755e+00
1388 3.067783e+00 1.036390e+00
1389 3.065092e+00 1.034225e+00
1390 3.087195e+00 1.072470e+00
1391 3.096775e+00 1.070022e+00
1392 3.101796e+00 1.066755e+00
1393 3.097281e+00 1.046900e+00
1394 3.097030e+00 1.045602e+00
1395 3.088956e+00 1.048807e+00
1396 3.088456e+00 1.044968e+00
1397 3.137455e+00 1.044299e+00
1398 3.063619e+00 1.067682e+00
1399 3.133279e+00 1.103895e+00
1400 3.130690e+00 1.105313e+00
1401 3.132827e+00 1.102755e+00
1402 3.137396e+00 1.107647e+00
1403 3.135585e+00 1.101710e+00
1404 3.125342e+00 1.127738e+00
1405 3.117713e+00 1.117324e+00
1406 3.104439e+00 1.131233e+00
1407 3.129702e+00 1.156789e+00
1408 3.150124e+00 1.190422e+00
1409 3.153998e+00 1.183023e+00
1410 3.174532e+00 1.186091e+00
1411 3.176446e+00 1.183323e+00
1412 3.173482e+00 1.185395e+00
1413 3.155100e+00 1.187811e+00
1414 3.112379e+00 1.168037e+00
1415 3.101415e+00 1.160390e+00
1416 3.101417e+00 1.160390e+00
1417 3.094397e+00 1.158809e+00
1418 3.108334e+00 1.153455e+00
1419 3.099915e+00 1.154976e+00
1420 3.112050e+00 1.158141e+00
1421 3.112410e+00 1.158294e+00
1422 3.112782e+00 1.158861e+00
1423 3.197902e+00 1.112935e+00
1424 3.196135e+00 1.110332e+00
1425 3.181659e+00 1.174470e+00
1426 3.156262e+00 1.148076e+00
1427 3.157417e+00 1.150449e+00
1428 3.164128e+00 1.148896e+00
1429 3.130733e+00 1.154933e+00
1430 3.165822e+00 1.168242e+00
1431 3.159401e+00 1.124546e+00
1432 3.125473e+00 1.197471e+00
1433 3.126119e+00 1.136606e+00
1434 3.108861e+00 1.152196e+00
1435 3.107935e+00 1.155353e+00
1436 3.110032e+00 1.158343e+00
1437 3.130260e+00 1.149863e+00
1438 3.124824e+00 1.168428e+00
1439 3.123998e+00 1.168686e+00
1440 3.094612e+00 1.160646e+00
1441 3.120144e+00 1.136238e+00
1442 3.074671e+00 1.134091e+00
1443 3.050902e+00 1.192828e+00
1444 3.049847e+00 1.187493e+00
1445 3.031590e+00 1.182163e+00
1446 3.047588e+00 1.190613e+00
1447 3.055081e+00 1.192719e+00
1448 3.070125e+00 1.194896e+00
1449 3.106792e+00 1.183883e+00
1450 3.108416e+00 1.174333e+00
1451 3.124280e+00 1.147523e+00
1452 3.124694e+00 1.148228e+00
1453 3.124042e+00 1.149400e+00
1454 3.119912e+00 1.132666e+00
1455 3.108431e+00 1.078108e+00
1456 3.131246e+00 1.075699e+00
1457 3.126536e+00 1.079301e+00
1458 3.182464e+00 1.143669e+00
1459 3.182583e+00 1.144063e+00
1460 3.180367e+00 1.165313e+00
1461 3.174371e+00 1.167210e+00
1462 3.166886e+00 1.149249e+00
1463 3.211807e+00 1.146416e+00
1464 3.208842e+00 1.141754e+00
1465 3.233015e+00 1.148989e+00
1466 3.237303e+00 1.150633e+00
1467 3.313367e+00 1.185267e+00
1468 3.321841e+00 1.189335e+00
1469 3.316123e+00 1.197275e+00
1470 3.297197e+00 1.199290e+00
1471 3.259276e+00 1.205287e+00
1472 3.234876e+00 1.203572e+00
1473 3.247398e+00 1.202684e+00
1474 3.247390e+00 1.202930e+00
1475 3.210267e+00 1.185760e+00
1476 3.215864e+00 1.162671e+00
1477 3.270973e+00 1.184693e+00
1478 3.276730e+00 1.181474e+00
1479 3.283206e+00 1.189803e+00
1480 3.284164e+00 1.189962e+00
1481 3.286091e+00 1.195515e+00
1482 3.278209e+00 1.176772e+00
1483 3.279477e+00 1.176240e+00
1484 3.272885e+00 1.174165e+00
1485 3.279270e+00 1.177549e+00
1486 3.319189e+00 1.213121e+00
1487 3.334175e+00 1.217624e+00
1488 3.332437e+00 1.244815e+00
1489 3.330283e+00 1.244367e+00
1490 3.330653e+00 1.244492e+00
1491 3.329279e+00 1.243136e+00
1492 3.326658e+00 1.249604e+00
1493 3.318601e+00 1.253277e+00
1494 3.270819e+00 1.295370e+00
1495 3.260149e+00 1.269930e+00
1496 3.242993e+00 1.272238e+00
1497 3.255362e+00 1.261638e+00
1498 3.257010e+00 1.268993e+00
1499 3.256979e+00 1.269069e+00
1500 3.193653e+00 1.314050e+00
1501 3.213019e+00 1.300383e+00
1502 3.174802e+00 1.269825e+00
1503 3.172315e+00 1.268819e+00
1504 3.149055e+00 1.263462e+00
1505 3.108529e+00 1.264170e+00
1506 3.109203e+00 1.285629e+00
1507 3.070917e+00 1.315346e+00
1508 3.045238e+00 1.323832e+00
1509 3.001761e+00 1.321232e+00
1510 3.021555e+00 1.310807e+00
1511 3.011203e+00 1.307533e+00
1512 3.013199e+00 1.305387e+00
1513 3.011751e+00 1.297261e+00
1514 3.013383e+00 1.297474e+00
1515 3.027559e+00 1.212470e+00
1516 3.017293e+00 1.156978e+00
1517 3.012936e+00 1.139721e+00
1518 3.013020e+00 1.139439e+00
1519 3.031572e+00 1.163738e+00
1520 3.034723e+00 1.199267e+00
1521 3.045706e+00 1.174744e+00
1522 3.041133e+00 1.172034e+00
1523 3.043085e+00 1.173376e+00
1524 3.108914e+00 1.226158e+00
1525 3.133285e+00 1.217942e+00
1526 3.136047e+00 1.198574e+00
1527 3.138666e+00 1.168316e+00
1528 3.109444e+00 1.153563e+00
1529 3.094337e+00 1.154593e+00
1530 3.091074e+00 1.145255e+00
1531 3.090880e+00 1.144379e+00
1532 3.088144e+00 1.172373e+00
1533 3.052639e+00 1.179390e+00
1534 3.044250e+00 1.179666e+00
1535 3.004962e+00 1.165610e+00
1536 3.004471e+00 1.165174e+00
1537 3.003635e+00 1.172765e+00
1538 3.000992e+00 1.207334e+00
1539 3.025180e+00 1.218807e+00
1540 3.022758e+00 1.214532e+00
1541 3.011809e+00 1.209457e+00
1542 3.012887e+00 1.205424e+00
1543 3.001603e+00 1.205254e+00
1544 3.005006e+00 1.208642e+00
1545 3.031713e+00 1.204606e+00
1546 3.019392e+00 1.195529e+00
1547 3.019794e+00 1.200274e+00
1548 2.985461e+00 1.184064e+00
1549 2.985438e+00 1.184018e+00
1550 2.995397e+00 1.177698e+00
1551 2.988987e+00 1.101874e+00
1552 2.998246e+00 1.095463e+00
1553 3.014507e+00 1.071352e+00
1554 3.002325e+00 9.993207e-01
1555 3.002956e+00 9.974296e-01
1556 3.005940e+00 1.001149e+00
1557 3.024771e+00 9.940470e-01
1558 3.036463e+00 1.033052e+00
1559 3.034533e+00 1.038778e+00
1560 3.044329e+00 1.034177e+00
1561 3.045378e+00 1.034433e+00
1562 3.048837e+00 1.036056e+00
1563 3.027392e+00 1.052317e+00
1564 3.022864e+00 1.082703e+00
1565 3.022891e+00 1.082816e+00
1566 3.040824e+00 1.056721e+00
1567 3.045549e+00 1.050275e+00
1568 3.040606e+00 1.103123e+00
1569 3.017147e+00 1.071639e+00
1570 3.006829e+00 1.078909e+00
1571 2.991353e+00 1.080348e+00
1572 3.007684e+00 1.031139e+00
1573 2.976075e+00 1.007646e+00
1574 2.958617e+00 1.023494e+00
1575 2.981246e+00 1.021400e+00
1576 2.972249e+00 1.014469e+00
1577 2.951427e+00 1.025659e+00
1578 2.957043e+00 1.001486e+00
1579 2.957440e+00 1.038178e+00
1580 2.965067e+00 1.051901e+00
1581 3.037804e+00 1.064719e+00
1582 3.042227e+00 1.076587e+00
1583 3.043164e+00 1.081174e+00
1584 3.041356e+00 1.079686e+00
1585 3.043886e+00 1.059723e+00
1586 3.057617e+00 1.042597e+00
1587 3.050049e+00 1.027620e+00
1588 3.055451e+00 9.885104e-01
1589 3.031798e+00 1.009811e+00
1590 3.039266e+00 1.023917e+00
1591 3.041462e+00 1.009987e+00
1592 3.007451e+00 1.039447e+00
1593 3.008027e+00 1.038550e+00
1594 3.039703e+00 9.633210e-01
1595 3.043651e+00 9.759756e-01
1596 3.035217e+00 9.770272e-01
1597 3.032096e+00 1.013980e+00
1598 3.036447e+00 1.028795e+00
1599 3.031104e+00 1.003951e+00
1600 3.031109e+00 1.003418e+00
1601 3.029811e+00 1.000416e+00
1602 3.052359e+00 9.535105e-01
1603 3.029258e+00 9.549857e-01
1604 3.047266e+00 9.706511e-01
1605 3.027914e+00 9.849585e-01
1606 3.034222e+00 1.098002e+00
1607 3.034767e+00 1.098364e+00
1608 3.039577e+00 1.105789e+00
1609 3.045444e+00 1.090820e+00
1610 3.051968e+00 1.061361e+00
1611 3.059336e+00 1.087039e+00
1612 3.066958e+00 1.077234e+00
1613 3.067917e+00 1.080822e+00
1614 3.087321e+00 1.087551e+00
1615 3.097534e+00 1.096780e+00
1616 3.089244e+00 1.101766e+00
1617 3.065664e+00 1.070975e+00
1618 3.055967e+00 1.055988e+00
1619 3.069217e+00 1.044318e+00
1620 3.083583e+00 1.027519e+00
1621 3.117562e+00 1.065041e+00
1622 3.217409e+00 1.046372e+00
1623 3.191785e+00 1.036361e+00
1624 3.167347e+00 1.025932e+00
1625 3.160444e+00 9.834028e-01
1626 3.161301e+00 9.607908e-01
1627 3.161484e+00 9.637028e-01
1628 3.148010e+00 9.554251e-01
1629 3.134850e+00 9.359909e-01
1630 3.137658e+00 9.417728e-01
1631 3.161092e+00 9.141321e-01
1632 3.144664e+00 9.049762e-01
1633 3.143697e+00 9.044178e-01
1634 3.143599e+00 9.032801e-01
1635 3.141251e+00 9.033035e-01
1636 3.136447e+00 9.018247e-01
1637 3.156204e+00 9.395066e-01
1638 3.154617e+00 9.409657e-01
1639 3.152104e+00 9.362149e-01
1640 3.150476e+00 9.270600e-01
1641 3.149974e+00 9.253339e-01
1642 3.155068e+00 9.498999e-01
1643 3.142044e+00 9.359519e-01
1644 3.072289e+00 9.091317e-01
1645 3.073835e+00 9.107757e-01
1646 3.079091e+00 9.076242e-01
1647 3.084486e+00 8.820209e-01
1648 3.082236e+00 8.750375e-01
1649 3.161865e+00 8.791104e-01
1650 3.164932e+00 8.891504e-01
1651 3.151729e+00 8.844118e-01
1652 3.147302e+00 8.744222e-01
1653 3.148002e+00 8.747305e-01
1654 3.131738e+00 8.638367e-01
1655 3.122082e+00 8.386333e-01
1656 3.127759e+00 8.399995e-01
1657 3.092787e+00 7.586388e-01
1658 3.093662e+00 7.493782e-01
1659 3.087890e+00 7.380756e-01
1660 3.067984e+00 7.526209e-01
1661 3.050018e+00 7.525468e-01
1662 3.099564e+00 7.195490e-01
1663 3.098936e+00 7.275336e-01
1664 3.101115e+00 7.455065e-01
1665 3.025756e+00 7.875415e-01
1666 3.024405e+00 7.848060e-01
1667 3.017618e+00 7.953453e-01
1668 3.015713e+00 7.760823e-01
1669 3.018276e+00 7.687363e-01
1670 3.016396e+00 7.726739e-01
1671 3.029661e+00 8.160697e-01
1672 3.000629e+00 7.909454e-01
1673 2.999639e+00 8.050457e-01
1674 3.008615e+00 8.010053e-01
1675 3.042750e+00 8.222025e-01
1676 3.040448e+00 8.243090e-01
1677 3.025080e+00 8.275853e-01
1678 3.031323e+00 8.123174e-01
1679 3.027276e+00 8.192115e-01
1680 3.062745e+00 8.277787e-01
1681 3.060989e+00 8.203260e-01
1682 3.054272e+00 8.297965e-01
1683 3.053914e+00 8.162892e-01
1684 3.097914e+00 8.298922e-01
1685 3.082551e+00 8.362157e-01
1686 3.088995e+00 8.315572e-01
1687 3.090991e+00 8.296536e-01
1688 3.091096e+00 8.271352e-01
1689 3.092824e+00 8.203167e-01
1690 3.074409e+00 7.778673e-01
1691 3.075323e+00 7.680427e-01
1692 3.061377e+00 7.657886e-01
1693 3.060444e+00 7.662703e-01
1694 3.061912e+00 7.592056e-01
1695 3.065670e+00 7.871204e-01
1696 3.069566e+00 7.916868e-01
1697 3.069807e+00 7.918640e-01
1698 3.085541e+00 7.904797e-01
1699 3.085437e+00 7.905955e-01
1700 3.082687e+00 8.191463e-01
1701 3.078103e+00 8.279913e-01
1702 3.071705e+00 8.357522e-01
1703 3.076263e+00 8.336663e-01
1704 3.077845e+00 8.345744e-01
1705 3.078084e+00 8.405045e-01
1706 3.087463e+00 8.448102e-01
1707 3.085610e+00 8.472572e-01
1708 3.080924e+00 8.494359e-01
1709 3.085137e+00 8.674584e-01
1710 3.086537e+00 8.867813e-01
1711 3.100662e+00 8.685178e-01
1712 3.087022e+00 9.232667e-01
1713 3.097237e+00 9.249118e-01
1714 3.082238e+00 9.429903e-01
1715 3.068868e+00 9.134016e-01
1716 3.063780e+00 8.966035e-01
1717 3.061267e+00 8.965688e-01
1718 3.078349e+00 8.983742e-01
1719 3.078865e+00 8.822191e-01
1720 3.074990e+00 8.616879e-01
1721 3.070672e+00 8.707398e-01
1722 3.070017e+00 8.706328e-01
1723 3.094313e+00 9.051880e-01
1724 3.074859e+00 9.380853e-01
1725 3.075553e+00 9.530491e-01
1726 3.071944e+00 9.549881e-01
1727 3.070667e+00 9.456306e-01
1728 3.093380e+00 9.351524e-01
1729 3.072366e+00 9.230013e-01
1730 3.070257e+00 9.219969e-01
1731 3.071805e+00 9.165993e-01
1732 3.074085e+00 9.247155e-01
1733 3.073186e+00 9.228306e-01
1734 3.077346e+00 9.265113e-01
1735 3.076606e+00 9.405425e-01
1736 3.118631e+00 9.748502e-01
1737 3.113369e+00 9.895221e-01
1738 3.098042e+00 1.006542e+00
1739 3.108136e+00 9.855979e-01
1740 3.153479e+00 9.480021e-01
1741 3.132571e+00 9.490791e-01
1742 3.132682e+00 9.504620e-01
1743 3.136797e+00 9.438766e-01
1744 3.147990e+00 9.418864e-01
1745 3.152954e+00 9.404023e-01
1746 3.157603e+00 9.213065e-01
1747 3.161509e+00 9.530422e-01
1748 3.163487e+00 9.527335e-01
1749 3.162227e+00 9.539233e-01
1750 3.169208e+00 9.537553e-01
1751 3.157704e+00 9.629624e-01
1752 3.188287e+00 9.405218e-01
1753 3.192960e+00 9.506792e-01
1754 3.202176e+00 9.441559e-01
1755 3.181612e+00 9.580674e-01
1756 3.189562e+00 9.708711e-01
1757 3.208356e+00 9.564188e-01
1758 3.222095e+00 9.436085e-01
1759 3.246203e+00 9.370711e-01
1760 3.248838e+00 9.356370e-01
1761 3.237410e+00 9.574854e-01
1762 3.243401e+00 9.533312e-01
1763 3.240079e+00 9.605800e-01
1764 3.256618e+00 9.418871e-01
1765 3.256403e+00 9.412883e-01
1766 3.236535e+00 9.983056e-01
1767 3.230467e+00 1.004994e+00
1768 3.225148e+00 1.006820e+00
1769 3.206180e+00 1.005797e+00
1770 3.203286e+00 9.727968e-01
1771 3.207951e+00 9.825101e-01
1772 3.199558e+00 9.933967e-01
1773 3.160728e+00 9.633317e-01
1774 3.160460e+00 9.493746e-01
1775 3.187720e+00 9.267201e-01
1776 3.200419e+00 9.133159e-01
1777 3.202827e+00 9.094470e-01
1778 3.182675e+00 8.966359e-01
1779 3.165215e+00 8.793380e-01
1780 3.159706e+00 8.708671e-01
1781 3.183073e+00 9.170175e-01
1782 3.181023e+00 9.039809e-01
1783 3.181175e+00 9.040402e-01
1784 3.177155e+00 9.066381e-01
1785 3.149058e+00 8.993526e-01
1786 3.147324e+00 8.901743e-01
1787 3.163140e+00 8.465232e-01
1788 3.163889e+00 8.291307e-01
1789 3.155722e+00 8.208076e-01
1790 3.167022e+00 8.326582e-01
1791 3.186293e+00 8.643040e-01
1792 3.200071e+00 8.389566e-01
1793 3.202844e+00 8.391347e-01
1794 3.202426e+00 8.419956e-01
1795 3.206721e+00 8.408322e-01
1796 3.210794e+00 8.300975e-01
1797 3.210243e+00 8.309143e-01
1798 3.211563e+00 8.207722e-01
1799 3.231390e+00 8.375486e-01
1800 3.231998e+00 8.372559e-01
1801 3.258059e+00 8.573297e-01
1802 3.260365e+00 8.583466e-01
1803 3.249622e+00 8.838018e-01
1804 3.243552e+00 8.877088e-01
1805 3.219918e+00 9.232251e-01
1806 3.227479e+00 9.450112e-01
1807 3.219546e+00 9.318065e-01
1808 3.232155e+00 9.219415e-01
1809 3.248605e+00 9.625256e-01
1810 3.229239e+00 9.612269e-01
1811 3.226117e+00 9.623682e-01
1812 3.241202e+00 9.848881e-01
1813 3.237774e+00 9.897154e-01
1814 3.253176e+00 9.983092e-01
1815 3.258229e+00 1.033324e+00
1816 3.263456e+00 1.030915e+00
1817 3.262402e+00 1.020605e+00
1818 3.265839e+00 1.023776e+00
1819 3.227491e+00 1.055901e+00
1820 3.239263e+00 1.055513e+00
1821 3.222454e+00 1.065809e+00
1822 3.224138e+00 1.049972e+00
1823 3.221204e+00 1.038372e+00
1824 3.224546e+00 1.020805e+00
1825 3.206156e+00 1.021508e+00
1826 3.199403e+00 1.051373e+00
1827 3.206276e+00 1.062399e+00
1828 3.220367e+00 1.076373e+00
1829 3.223786e+00 1.101606e+00
1830 3.230865e+00 1.059781e+00
1831 3.241049e+00 1.073479e+00
1832 3.250782e+00 1.073830e+00
1833 3.243395e+00 1.071318e+00
1834 3.239610e+00 1.085977e+00
1835 3.235487e+00 1.086418e+00
1836 3.220782e+00 1.090660e+00
1837 3.210616e+00 1.087934e+00
1838 3.203289e+00 1.097835e+00
1839 3.252426e+00 1.120545e+00
1840 3.255156e+00 1.127238e+00
1841 3.256541e+00 1.115168e+00
1842 3.253663e+00 1.105223e+00
1843 3.259691e+00 1.096309e+00
1844 3.266309e+00 1.089691e+00
1845 3.256340e+00 1.108383e+00
1846 3.246290e+00 1.124476e+00
1847 3.260040e+00 1.100511e+00
1848 3.235959e+00 1.120457e+00
1849 3.233552e+00 1.121908e+00
1850 3.223825e+00 1.107723e+00
1851 3.225369e+00 1.127661e+00
1852 3.242002e+00 1.095250e+00
1853 3.231517e+00 1.081556e+00
1854 3.284661e+00 1.080468e+00
1855 3.268109e+00 1.090984e+00
1856 3.226238e+00 1.082795e+00
1857 3.229262e+00 1.083378e+00
1858 3.228913e+00 1.083071e+00
1859 3.230178e+00 1.085013e+00
1860 3.230614e+00 1.084862e+00
1861 3.224161e+00 1.098021e+00
1862 3.206747e+00 1.095086e+00
1863 3.202150e+00 1.104906e+00
1864 3.199449e+00 1.103988e+00
1865 3.207618e+00 1.076469e+00
1866 3.206639e+00 1.073493e+00
1867 3.203689e+00 1.052686e+00
1868 3.206116e+00 1.043884e+00
1869 3.220028e+00 1.031248e+00
1870 3.210199e+00 1.037926e+00
1871 3.200550e+00 1.001716e+00
1872 3.178840e+00 1.002437e+00
1873 3.224516e+00 9.821011e-01
1874 3.222643e+00 9.804150e-01
1875 3.234560e+00 9.827678e-01
1876 3.280860e+00 9.300074e-01
1877 3.277166e+00 9.333164e-01
1878 3.277238e+00 9.331842e-01
1879 3.279033e+00 9.250537e-01
1880 3.279329e+00 9.247417e-01
1881 3.289999e+00 9.210909e-01
1882 3.289586e+00 9.118584e-01
1883 3.290166e+00 9.119220e-01
1884 3.280235e+00 9.132009e-01
1885 3.288082e+00 9.165791e-01
1886 3.320023e+00 8.672231e-01
1887 3.329260e+00 8.725832e-01
1888 3.338555e+00 8.702048e-01
1889 3.334406e+00 8.425928e-01
1890 3.343285e+00 8.428219e-01
1891 3.316973e+00 8.320704e-01
1892 3.323568e+00 8.627550e-01
1893 3.351614e+00 8.572526e-01
1894 3.390148e+00 8.454695e-01
1895 3.386247e+00 8.608729e-01
1896 3.391473e+00 8.575477e-01
1897 3.394020e+00 8.473626e-01
1898 3.376932e+00 8.467605e-01
1899 3.361240e+00 8.431189e-01
1900 3.443420e+00 8.147147e-01
1901 3.455800e+00 8.110305e-01
1902 3.449874e+00 8.223643e-01
1903 3.441848e+00 8.179715e-01
1904 3.444403e+00 7.846082e-01
1905 3.444796e+00 7.866437e-01
1906 3.453799e+00 7.933205e-01
1907 3.476255e+00 7.915830e-01
1908 3.466907e+00 7.555269e-01
1909 3.464675e+00 7.089925e-01
1910 3.468177e+00 7.037878e-01
1911 3.464911e+00 6.856303e-01
1912 3.466751e+00 6.793587e-01
1913 3.469644e+00 6.806749e-01
1914 3.462927e+00 6.904110e-01
1915 3.465475e+00 6.689223e-01
1916 3.466323e+00 6.684727e-01
1917 3.489278e+00 6.581220e-01
1918 3.477332e+00 6.476437e-01
1919 3.475374e+00 6.492750e-01
1920 3.477677e+00 6.425155e-01
1921 3.476779e+00 6.707855e-01
1922 3.422849e+00 6.648817e-01
1923 3.433480e+00 7.243685e-01
1924 3.432591e+00 7.218292e-01
1925 3.437541e+00 7.265620e-01
1926 3.437464e+00 7.217445e-01
1927 3.437259e+00 7.218488e-01
1928 3.438109e+00 7.238657e-01
1929 3.437412e+00 7.300001e-01
1930 3.436971e+00 7.293484e-01
1931 3.438458e+00 7.090771e-01
1932 3.438527e+00 7.180352e-01
1933 3.432778e+00 7.160223e-01
1934 3.406613e+00 7.236657e-01
1935 3.421314e+00 7.253762e-01
1936 3.443645e+00 7.263064e-01
1937 3.447395e+00 7.340991e-01
1938 3.461395e+00 6.957513e-01
1939 3.449980e+00 6.990376e-01
1940 3.428670e+00 6.595094e-01
1941 3.444421e+00 6.550866e-01
1942 3.446675e+00 6.476462e-01
1943 3.454245e+00 6.487706e-01
1944 3.444163e+00 6.635781e-01
1945 3.450135e+00 6.201167e-01
1946 3.451824e+00 6.190590e-01
1947 3.488523e+00 6.064972e-01
1948 3.485054e+00 6.051846e-01
1949 3.428779e+00 6.157469e-01
1950 3.392925e+00 5.721437e-01
1951 3.399621e+00 5.666632e-01
1952 3.399007e+00 5.659887e-01
1953 3.418657e+00 5.229687e-01
1954 3.422501e+00 5.239305e-01
1955 3.390166e+00 5.854487e-01
1956 3.390844e+00 6.015418e-01
1957 3.417855e+00 5.564922e-01
1958 3.417688e+00 5.562762e-01
1959 3.425680e+00 5.526803e-01
1960 3.427230e+00 5.483061e-01
1961 3.433485e+00 5.122848e-01
1962 3.436952e+00 5.095189e-01
1963 3.440473e+00 4.936590e-01
1964 3.426537e+00 4.706438e-01
1965 3.427081e+00 4.895274e-01
1966 3.409882e+00 5.159920e-01
1967 3.429217e+00 5.012589e-01
1968 3.429133e+00 5.013038e-01
1969 3.428475e+00 5.014520e-01
1970 3.438745e+00 4.617812e-01
1971 3.443855e+00 4.696806e-01
1972 3.450026e+00 4.730374e-01
1973 3.421051e+00 4.689340e-01
1974 3.406861e+00 4.545925e-01
1975 3.410218e+00 4.561187e-01
1976 3.458602e+00 5.091413e-01
1977 3.454438e+00 5.099490e-01
1978 3.449109e+00 5.079318e-01
1979 3.444102e+00 4.862195e-01
1980 3.449174e+00 4.973034e-01
1981 3.443023e+00 4.958591e-01
1982 3.450635e+00 5.410472e-01
1983 3.425547e+00 5.648990e-01
1984 3.444470e+00 5.790716e-01
1985 3.441362e+00 5.829576e-01
1986 3.446224e+00 5.837550e-01
1987 3.446838e+00 5.702072e-01
1988 3.446724e+00 5.704465e-01
1989 3.467996e+00 5.726103e-01
1990 3.468706e+00 5.723962e-01
1991 3.468863e+00 5.747213e-01
1992 3.468568e+00 5.756979e-01
1993 3.489483e+00 5.679785e-01
1994 3.514270e+00 5.804161e-01
1995 3.518268e+00 5.785452e-01
1996 3.552879e+00 5.414751e-01
1997 3.558588e+00 5.511110e-01
1998 3.560537e+00 5.483852e-01
1999 3.593460e+00 5.631089e-01
2000 3.593011e+00 5.570119e-01
2001 3.605183e+00 5.799678e-01
2002 3.592420e+00 5.882993e-01
2003 3.590851e+00 5.956643e-01
2004 3.653528e+00 5.849521e-01
2005 3.653450e+00 5.746465e-01
2006 3.651565e+00 5.752002e-01
2007 3.650479e+00 5.571430e-01
2008 3.659232e+00 5.657696e-01
2009 3.650914e+00 5.730980e-01
2010 3.639157e+00 5.717401e-01
2011 3.621004e+00 5.748118e-01
2012 3.627262e+00 5.900954e-01
2013 3.623580e+00 5.886966e-01
2014 3.646930e+00 5.631356e-01
2015 3.602862e+00 5.793764e-01
2016 3.598210e+00 5.817293e-01
2017 3.615807e+00 5.835454e-01
2018 3.615563e+00 5.835335e-01
2019 3.574990e+00 4.875972e-01
2020 3.577423e+00 4.648855e-01
2021 3.563682e+00 4.741969e-01
2022 3.551554e+00 4.939002e-01
2023 3.551111e+00 4.934401e-01
2024 3.544021e+00 5.022944e-01
2025 3.563760e+00 5.023404e-01
2026 3.560132e+00 4.742053e-01
2027 3.580319e+00 4.961741e-01
2028 3.575186e+00 4.929702e-01
2029 3.588142e+00 4.995404e-01
2030 3.556575e+00 5.013608e-01
2031 3.563353e+00 5.041262e-01
2032 3.565709e+00 5.002221e-01
2033 3.561483e+00 5.024500e-01
2034 3.558427e+00 5.039231e-01
2035 3.559272e+00 5.068120e-01
2036 3.584424e+00 5.057941e-01
2037 3.623390e+00 4.665491e-01
2038 3.604209e+00 4.668689e-01
2039 3.607960e+00 4.768307e-01
2040 3.626693e+00 4.329951e-01
2041 3.630115e+00 4.447042e-01
2042 3.637500e+00 4.303545e-01
2043 3.637168e+00 4.297858e-01
2044 3.650325e+00 4.315507e-01
2045 3.647862e+00 4.221827e-01
2046 3.647619e+00 4.064336e-01
2047 3.633442e+00 4.552279e-01
2048 3.644560e+00 4.647351e-01
2049 3.645934e+00 4.629153e-01
2050 3.642662e+00 4.681710e-01
2051 3.603041e+00 4.853799e-01
2052 3.608838e+00 4.710195e-01
2053 3.616086e+00 4.577459e-01
2054 3.671546e+00 3.829549e-01
2055 3.672806e+00 3.841597e-01
2056 3.686541e+00 4.002530e-01
2057 3.638860e+00 3.808109e-01
2058 3.658801e+00 3.617575e-01
2059 3.670708e+00 3.444592e-01
2060 3.676562e+00 3.542687e-01
2061 3.648612e+00 3.030066e-01
2062 3.655596e+00 3.043772e-01
2063 3.675596e+00 3.090412e-01
2064 3.671336e+00 3.057776e-01
2065 3.672593e+00 3.097087e-01
2066 3.660192e+00 3.170209e-01
2067 3.654092e+00 3.184221e-01
2068 3.647597e+00 3.174002e-01
2069 3.634141e+00 3.230729e-01
2070 3.637230e+00 3.378762e-01
2071 3.639441e+00 3.348866e-01
2072 3.630315e+00 3.226223e-01
2073 3.631390e+00 3.224656e-01
2074 3.631357e+00 3.273815e-01
2075 3.635512e+00 3.162206e-01
2076 3.653297e+00 2.995766e-01
2077 3.643077e+00 3.145195e-01
2078 3.603954e+00 3.341485e-01
2079 3.606236e+00 3.302177e-01
2080 3.607016e+00 3.300011e-01
2081 3.608373e+00 3.259044e-01
2082 3.607834e+00 3.243301e-01
2083 3.598593e+00 3.198371e-01
2084 3.585649e+00 3.402883e-01
2085 3.577659e+00 3.194518e-01
2086 3.579347e+00 3.279881e-01
2087 3.576411e+00 3.253989e-01
2088 3.579327e+00 3.149757e-01
2089 3.549000e+00 2.747103e-01
2090 3.562213e+00 2.833366e-01
2091 3.572010e+00 3.326257e-01
2092 3.526583e+00 3.700972e-01
2093 3.529332e+00 3.732833e-01
2094 3.514457e+00 4.025233e-01
2095 3.565798e+00 3.920485e-01
2096 3.580019e+00 3.964969e-01
2097 3.555088e+00 4.060384e-01
2098 3.530100e+00 4.401921e-01
2099 3.581615e+00 4.391969e-01
2100 3.629024e+00 4.674692e-01
2101 3.652112e+00 4.480622e-01
2102 3.649642e+00 4.250335e-01
2103 3.646946e+00 4.195816e-01
2104 3.645332e+00 4.152462e-01
2105 3.645265e+00 4.161713e-01
2106 3.643440e+00 4.162472e-01
2107 3.645049e+00 4.064916e-01
2108 3.644437e+00 4.053130e-01
2109 3.644290e+00 4.049902e-01
2110 3.676998e+00 3.413790e-01
2111 3.719835e+00 3.342228e-01
2112 3.718745e+00 3.431601e-01
2113 3.726639e+00 3.359064e-01
2114 3.731179e+00 3.286784e-01
2115 3.730466e+00 3.346046e-01
2116 3.718960e+00 3.414828e-01
2117 3.715545e+00 3.267641e-01
2118 3.714984e+00 3.273810e-01
2119 3.713431e+00 3.489264e-01
2120 3.710291e+00 3.630821e-01
2121 3.730308e+00 3.575317e-01
2122 3.744048e+00 3.202132e-01
2123 3.717009e+00 3.202605e-01
2124 3.708613e+00 3.149057e-01
2125 3.817646e+00 2.806698e-01
2126 3.797720e+00 2.921568e-01
2127 3.865152e+00 3.409886e-01
2128 3.843577e+00 3.090775e-01
2129 3.832322e+00 3.212058e-01
2130 3.799524e+00 3.186809e-01
2131 3.796935e+00 3.165266e-01
2132 3.896263e+00 2.980941e-01
2133 3.886139e+00 3.000457e-01
2134 3.878222e+00 3.012382e-01
2135 3.863344e+00 2.731496e-01
2136 3.851085e+00 2.680028e-01
2137 3.845766e+00 2.670236e-01
2138 3.823752e+00 2.470685e-01
2139 3.821601e+00 2.497055e-01
2140 3.823362e+00 2.601796e-01
2141 3.820423e+00 2.420147e-01
2142 3.814380e+00 2.440784e-01
2143 3.817262e+00 2.560296e-01
2144 3.810995e+00 2.632124e-01
2145 3.810019e+00 2.615214e-01
2146 3.849674e+00 2.888320e-01
2147 3.850211e+00 2.884468e-01
2148 3.855701e+00 2.897189e-01
2149 3.855893e+00 2.896284e-01
2150 3.858760e+00 3.006838e-01
2151 3.871420e+00 3.103797e-01
2152 3.866814e+00 3.128239e-01
2153 3.865284e+00 3.140162e-01
2154 3.880680e+00 3.006116e-01
2155 3.877767e+00 2.900603e-01
2156 3.889608e+00 2.860296e-01
2157 3.890013e+00 2.858800e-01
2158 3.940071e+00 2.404322e-01
2159 3.935544e+00 2.350525e-01
2160 3.940522e+00 2.350971e-01
2161 3.992088e+00 2.634248e-01
2162 3.974995e+00 2.511211e-01
2163 3.970453e+00 2.330416e-01
2164 4.018911e+00 2.941919e-01
2165 4.013899e+00 3.047223e-01
2166 4.034922e+00 3.197496e-01
2167 4.032162e+00 3.163032e-01
2168 4.023013e+00 3.104554e-01
2169 4.023484e+00 3.092719e-01
2170 4.022584e+00 2.926002e-01
2171 4.028578e+00 2.939660e-01
2172 4.012830e+00 2.155208e-01
2173 4.011868e+00 2.158313e-01
2174 4.018022e+00 2.063868e-01
2175 4.016690e+00 2.067968e-01
2176 4.014867e+00 2.131780e-01
2177 4.035901e+00 2.116881e-01
2178 4.044384e+00 2.204595e-01
2179 4.050480e+00 2.160008e-01
2180 4.076334e+00 2.597587e-01
2181 4.077764e+00 2.590971e-01
2182 4.077554e+00 2.586773e-01
2183 4.091870e+00 2.550581e-01
2184 4.098971e+00 2.672405e-01
2185 4.101995e+00 2.626677e-01
2186 4.099406e+00 2.637128e-01
2187 4.094117e+00 2.622428e-01
2188 4.116308e+00 2.751148e-01
2189 4.112618e+00 2.725409e-01
2190 4.098862e+00 2.794413e-01
2191 4.091934e+00 2.576236e-01
2192 4.088661e+00 2.548327e-01
2193 4.078996e+00 2.635297e-01
2194 4.108290e+00 2.871335e-01
2195 4.108151e+00 2.878418e-01
2196 4.095385e+00 3.005138e-01
2197 4.101196e+00 2.929484e-01
2198 4.091118e+00 2.822217e-01
2199 4.096294e+00 2.987854e-01
2200 4.096303e+00 3.004864e-01
2201 4.012688e+00 2.429455e-01
2202 4.057299e+00 2.366544e-01
2203 4.078328e+00 2.395270e-01
2204 4.065102e+00 2.468811e-01
2205 4.066245e+00 2.635577e-01
2206 4.051134e+00 2.924894e-01
2207 4.065810e+00 2.997649e-01
2208 4.069429e+00 2.937636e-01
2209 4.089915e+00 2.797370e-01
2210 4.086481e+00 2.815360e-01
2211 4.097689e+00 2.672013e-01
2212 4.107456e+00 2.662192e-01
2213 4.104937e+00 2.694307e-01
2214 4.108074e+00 2.693609e-01
2215 4.088325e+00 2.619172e-01
2216 4.107574e+00 2.981551e-01
2217 4.121798e+00 3.326331e-01
2218 4.141450e+00 3.137253e-01
2219 4.140800e+00 3.134734e-01
2220 4.142305e+00 3.121694e-01
2221 4.108275e+00 2.852059e-01
2222 4.108061e+00 2.840024e-01
2223 4.082711e+00 2.825330e-01
2224 4.083076e+00 2.827176e-01
2225 4.094171e+00 2.731220e-01
2226 4.147868e+00 2.584552e-01
2227 4.161456e+00 2.694192e-01
2228 4.155013e+00 2.615358e-01
2229 4.114313e+00 3.038027e-01
2230 4.144896e+00 2.763894e-01
2231 4.181931e+00 2.843988e-01
2232 4.200928e+00 2.486002e-01
2233 4.225353e+00 2.463746e-01
2234 4.213785e+00 2.356476e-01
2235 4.194526e+00 2.284025e-01
2236 4.190623e+00 2.250964e-01
2237 4.182047e+00 2.221199e-01
2238 4.211467e+00 2.141322e-01
2239 4.211403e+00 2.209124e-01
2240 4.210916e+00 2.176513e-01
2241 4.256447e+00 1.870414e-01
2242 4.259701e+00 1.881316e-01
2243 4.295058e+00 1.513974e-01
2244 4.282486e+00 1.586059e-01
2245 4.273817e+00 1.486806e-01
2246 4.275230e+00 1.620143e-01
2247 4.313904e+00 1.383692e-01
2248 4.312148e+00 1.372161e-01
2249 4.249901e+00 9.649891e-02
2250 4.251694e+00 1.165325e-01
2251 4.238012e+00 1.101811e-01
2252 4.235399e+00 1.085066e-01
2253 4.225481e+00 8.561035e-02
2254 4.203936e+00 8.389438e-02
2255 4.230713e+00 4.017600e-02
2256 4.220450e+00 4.815514e-02
2257 4.214834e+00 5.811866e-02
2258 4.209118e+00 6.446188e-02
2259 4.207013e+00 9.531444e-02
2260 4.207240e+00 8.880972e-02
2261 4.228558e+00 7.926634e-02
2262 4.234076e+00 8.417743e-02
2263 4.220287e+00 9.416165e-02
2264 4.211120e+00 1.064537e-01
2265 4.280160e+00 1.485813e-01
2266 4.262957e+00 1.394102e-01
2267 4.243932e+00 1.458140e-01
2268 4.246404e+00 1.397960e-01
2269 4.279880e+00 1.034076e-01
2270 4.279739e+00 6.698327e-02
2271 4.258667e+00 6.252943e-02
2272 4.263474e+00 6.872296e-02
2273 4.248779e+00 8.214053e-02
2274 4.240577e+00 6.881513e-02
2275 4.243761e+00 7.423417e-02
2276 4.327592e+00 9.655564e-03
2277 4.354639e+00 7.453032e-03
2278 4.362123e+00 1.055085e-02
2279 4.370110e+00 9.063485e-03
2280 4.384516e+00 2.263330e-02
2281 4.391399e+00 2.357398e-02
2282 4.391297e+00 2.287081e-02
2283 4.386770e+00 3.280540e-02
2284 4.388005e+00 3.378732e-02
2285 4.383979e+00 3.016709e-02
2286 4.392600e+00 2.743399e-02
2287 4.386932e+00 6.144120e-03
2288 4.376942e+00 -2.266750e-03
