0 3.623397e+00 1.828035e+00
1 3.621475e+00 1.826983e+00
2 3.618756e+00 1.813684e+00
3 3.639735e+00 1.786547e+00
4 3.641175e+00 1.801189e+00
5 3.640642e+00 1.859864e+00
6 3.639474e+00 1.869818e+00
7 3.630681e+00 1.876573e+00
8 3.627984e+00 1.876950e+00
9 3.631230e+00 1.854888e+00
10 3.611232e+00 1.844164e+00
11 3.612776e+00 1.844036e+00
12 3.609028e+00 1.860092e+00
13 3.604816e+00 1.816333e+00
14 3.555784e+00 1.788358e+00
15 3.564708e+00 1.779795e+00
16 3.561989e+00 1.799044e+00
17 3.480539e+00 1.885884e+00
18 3.480767e+00 1.908467e+00
19 3.482509e+00 1.922827e+00
20 3.493312e+00 1.927836e+00
21 3.495514e+00 1.926908e+00
22 3.501528e+00 1.953799e+00
23 3.501230e+00 1.949080e+00
24 3.494340e+00 1.949738e+00
25 3.486564e+00 1.938914e+00
26 3.482456e+00 1.922504e+00
27 3.525510e+00 1.931145e+00
28 3.528282e+00 1.937335e+00
29 3.519837e+00 1.947754e+00
30 3.512953e+00 1.938155e+00
31 3.510057e+00 1.939111e+00
32 3.485859e+00 1.948651e+00
33 3.510203e+00 1.940755e+00
34 3.499259e+00 1.952951e+00
35 3.497550e+00 1.947318e+00
36 3.493533e+00 1.919114e+00
37 3.456270e+00 1.871902e+00
38 3.434430e+00 1.870049e+00
39 3.429437e+00 1.871002e+00
40 3.448902e+00 1.882823e+00
41 3.445804e+00 1.878971e+00
42 3.442989e+00 1.884924e+00
43 3.430674e+00 1.889064e+00
44 3.427847e+00 1.888404e+00
45 3.406459e+00 1.916501e+00
46 3.397626e+00 1.917460e+00
47 3.377400e+00 1.910269e+00
48 3.390180e+00 1.912331e+00
49 3.380548e+00 1.936756e+00
50 3.362290e+00 1.879055e+00
51 3.364592e+00 1.877765e+00
52 3.366160e+00 1.870038e+00
53 3.371024e+00 1.877676e+00
54 3.374510e+00 1.879066e+00
55 3.378695e+00 1.881860e+00
56 3.378694e+00 1.882864e+00
57 3.377955e+00 1.882116e+00
58 3.405233e+00 1.965301e+00
59 3.366353e+00 1.989475e+00
60 3.368905e+00 1.996839e+00
61 3.388432e+00 2.013620e+00
62 3.339274e+00 2.015690e+00
63 3.339189e+00 1.986204e+00
64 3.346557e+00 1.985301e+00
65 3.346533e+00 1.985021e+00
66 3.344765e+00 1.999668e+00
67 3.358318e+00 2.004331e+00
68 3.355747e+00 2.005645e+00
69 3.370376e+00 1.994736e+00
70 3.323693e+00 2.018274e+00
71 3.325089e+00 2.016003e+00
72 3.327055e+00 2.024837e+00
73 3.328372e+00 2.027540e+00
74 3.287388e+00 1.936435e+00
75 3.270465e+00 1.929307e+00
76 3.270509e+00 1.930868e+00
77 3.270912e+00 1.935225e+00
78 3.304153e+00 1.957458e+00
79 3.307750e+00 1.966249e+00
80 3.329816e+00 1.946138e+00
81 3.327790e+00 1.944351e+00
82 3.308944e+00 1.961315e+00
83 3.306701e+00 1.961952e+00
84 3.306618e+00 1.961760e+00
85 3.309250e+00 1.957566e+00
86 3.312684e+00 1.961280e+00
87 3.303556e+00 1.964073e+00
88 3.295892e+00 1.922375e+00
89 3.298582e+00 1.921212e+00
90 3.299690e+00 1.918938e+00
91 3.300018e+00 1.913129e+00
92 3.297133e+00 1.962591e+00
93 3.294733e+00 1.961002e+00
94 3.288672e+00 1.979664e+00
95 3.328281e+00 2.002851e+00
96 3.323885e+00 2.043085e+00
97 3.306881e+00 2.045081e+00
98 3.306936e+00 2.045424e+00
99 3.264102e+00 2.005735e+00
100 3.289253e+00 1.976592e+00
101 3.309834e+00 1.948872e+00
102 3.304974e+00 1.927421e+00
103 3.278650e+00 1.934291e+00
104 3.276445e+00 1.933128e+00
105 3.243534e+00 1.940729e+00
106 3.239705e+00 1.941295e+00
107 3.233394e+00 1.947643e+00
108 3.238230e+00 1.949132e+00
109 3.249141e+00 1.951210e+00
110 3.219440e+00 1.980800e+00
111 3.243148e+00 1.954569e+00
112 3.242929e+00 1.954474e+00
113 3.243532e+00 1.953377e+00
114 3.158310e+00 1.912265e+00
115 3.220649e+00 1.893255e+00
116 3.206289e+00 1.851630e+00
117 3.260973e+00 1.806592e+00
118 3.262162e+00 1.807218e+00
119 3.221310e+00 1.874969e+00
120 3.225657e+00 1.877464e+00
121 3.230562e+00 1.882792e+00
122 3.230656e+00 1.882554e+00
123 3.229029e+00 1.878810e+00
124 3.218824e+00 1.890897e+00
125 3.219483e+00 1.892458e+00
126 3.221922e+00 1.892611e+00
127 3.159391e+00 1.882109e+00
128 3.162085e+00 1.884898e+00
129 3.162777e+00 1.886246e+00
130 3.171649e+00 1.909170e+00
131 3.186869e+00 1.895963e+00
132 3.186185e+00 1.884952e+00
133 3.149823e+00 1.866473e+00
134 3.149641e+00 1.866305e+00
135 3.196103e+00 1.929888e+00
136 3.197414e+00 1.925286e+00
137 3.186605e+00 1.926490e+00
138 3.179992e+00 1.907518e+00
139 3.183916e+00 1.896622e+00
140 3.187509e+00 1.898507e+00
141 3.220929e+00 1.888771e+00
142 3.200722e+00 1.884270e+00
143 3.184266e+00 1.861124e+00
144 3.197016e+00 1.845981e+00
145 3.202558e+00 1.839618e+00
146 3.157547e+00 1.876734e+00
147 3.158102e+00 1.873639e+00
148 3.139031e+00 1.877277e+00
149 3.135341e+00 1.872458e+00
150 3.122664e+00 1.853794e+00
151 3.145078e+00 1.875539e+00
152 3.157436e+00 1.890240e+00
153 3.143355e+00 1.877544e+00
154 3.100170e+00 1.864980e+00
155 3.098011e+00 1.858266e+00
156 3.089484e+00 1.870352e+00
157 3.110295e+00 1.879103e+00
158 3.103034e+00 1.865834e+00
159 3.096680e+00 1.856027e+00
160 3.129601e+00 1.845080e+00
161 3.141992e+00 1.862487e+00
162 3.146167e+00 1.889365e+00
163 3.156531e+00 1.903364e+00
164 3.133821e+00 1.882878e+00
165 3.134219e+00 1.881697e+00
166 3.129530e+00 1.877040e+00
167 3.128674e+00 1.875882e+00
168 3.062248e+00 1.939324e+00
169 3.062499e+00 1.939454e+00
170 3.068709e+00 1.940298e+00
171 3.068993e+00 1.936430e+00
172 3.070931e+00 1.956954e+00
173 3.070877e+00 1.957175e+00
174 3.035553e+00 2.045556e+00
175 3.034543e+00 2.041547e+00
176 3.058785e+00 2.089587e+00
177 3.072754e+00 2.091084e+00
178 3.093045e+00 2.070852e+00
179 3.089186e+00 2.047745e+00
180 3.093826e+00 2.068047e+00
181 3.089783e+00 2.070546e+00
182 3.061784e+00 2.056367e+00
183 3.062209e+00 2.068703e+00
184 3.032017e+00 2.085300e+00
185 3.031747e+00 2.083451e+00
186 3.033306e+00 2.087457e+00
187 3.000122e+00 2.099124e+00
188 2.992286e+00 2.120527e+00
189 2.997370e+00 2.103144e+00
190 3.012502e+00 2.080232e+00
191 3.012728e+00 2.079826e+00
192 3.004502e+00 2.091126e+00
193 3.004589e+00 2.093578e+00
194 2.967848e+00 2.026132e+00
195 2.974618e+00 2.004920e+00
196 2.977575e+00 2.001907e+00
197 2.972445e+00 1.997595e+00
198 2.965986e+00 2.000237e+00
199 2.974868e+00 1.996994e+00
200 2.982819e+00 1.995523e+00
201 2.988328e+00 2.003980e+00
202 2.976271e+00 1.998705e+00
203 2.971527e+00 1.999088e+00
204 2.968346e+00 1.987634e+00
205 2.970113e+00 1.989123e+00
206 2.936835e+00 1.988582e+00
207 2.923757e+00 1.944600e+00
208 2.910924e+00 1.970350e+00
209 2.910802e+00 1.978102e+00
210 2.909736e+00 1.982617e+00
211 2.897085e+00 1.989676e+00
212 2.899343e+00 1.977890e+00
213 2.898356e+00 1.984836e+00
214 2.883786e+00 1.975281e+00
215 2.867636e+00 1.956589e+00
216 2.847256e+00 1.950423e+00
217 2.901678e+00 1.976201e+00
218 2.894600e+00 1.973193e+00
219 2.905493e+00 1.992403e+00
220 2.914430e+00 2.026697e+00
221 2.917953e+00 2.047030e+00
222 2.917543e+00 2.052423e+00
223 2.912576e+00 2.043212e+00
224 2.913452e+00 2.043903e+00
225 2.926773e+00 2.072128e+00
226 2.882035e+00 2.041678e+00
227 2.888607e+00 2.034741e+00
228 2.921975e+00 2.014427e+00
229 2.918221e+00 2.019130e+00
230 2.921465e+00 2.029905e+00
231 2.954479e+00 1.979126e+00
232 2.974965e+00 1.937961e+00
233 2.985270e+00 1.959386e+00
234 2.990960e+00 1.954022e+00
235 3.013189e+00 1.990454e+00
236 3.011642e+00 1.979505e+00
237 3.004037e+00 2.001279e+00
238 3.004327e+00 1.993823e+00
239 2.984605e+00 2.005236e+00
240 2.942918e+00 1.981688e+00
241 2.942526e+00 1.979402e+00
242 2.905339e+00 1.907706e+00
243 2.919793e+00 1.907456e+00
244 2.936715e+00 1.906002e+00
245 2.980873e+00 1.963978e+00
246 2.981970e+00 1.962595e+00
247 2.976931e+00 1.964933e+00
248 2.986828e+00 1.948918e+00
249 2.999737e+00 1.960180e+00
250 2.999438e+00 1.964344e+00
251 2.996718e+00 1.965321e+00
252 3.019804e+00 1.906357e+00
253 3.018490e+00 1.905705e+00
254 3.017275e+00 1.882028e+00
255 3.051105e+00 1.830834e+00
256 3.048580e+00 1.836203e+00
257 3.049249e+00 1.841360e+00
258 3.035159e+00 1.843042e+00
259 3.037491e+00 1.838483e+00
260 3.031225e+00 1.832987e+00
261 3.040091e+00 1.820697e+00
262 3.051279e+00 1.818705e+00
263 3.059184e+00 1.784629e+00
264 3.057048e+00 1.784122e+00
265 3.069544e+00 1.762011e+00
266 3.072545e+00 1.771601e+00
267 3.073146e+00 1.762694e+00
268 3.023166e+00 1.726676e+00
269 3.025550e+00 1.715416e+00
270 3.025334e+00 1.715273e+00
271 3.020845e+00 1.709698e+00
272 3.027248e+00 1.709105e+00
273 3.000243e+00 1.701450e+00
274 2.987497e+00 1.671291e+00
275 2.997202e+00 1.671880e+00
276 3.000038e+00 1.680453e+00
277 3.001177e+00 1.681200e+00
278 2.991266e+00 1.681024e+00
279 3.000512e+00 1.674600e+00
280 3.002627e+00 1.678593e+00
281 3.007669e+00 1.679265e+00
282 3.021171e+00 1.682484e+00
283 3.027631e+00 1.693964e+00
284 3.028230e+00 1.690263e+00
285 3.038058e+00 1.672500e+00
286 3.032965e+00 1.681388e+00
287 3.033564e+00 1.681599e+00
288 3.038776e+00 1.673960e+00
289 3.052970e+00 1.685531e+00
290 3.059166e+00 1.695690e+00
291 2.994484e+00 1.652029e+00
292 3.015916e+00 1.657338e+00
293 3.017016e+00 1.652328e+00
294 2.953249e+00 1.685791e+00
295 2.954469e+00 1.685253e+00
296 2.989864e+00 1.695667e+00
297 2.990896e+00 1.695800e+00
298 3.004290e+00 1.692191e+00
299 3.014028e+00 1.705028e+00
300 3.020759e+00 1.703183e+00
301 3.041391e+00 1.703528e+00
302 3.036856e+00 1.690860e+00
303 3.034404e+00 1.696305e+00
304 3.057133e+00 1.673588e+00
305 3.062826e+00 1.661169e+00
306 3.059122e+00 1.656701e+00
307 3.055177e+00 1.654174e+00
308 3.062574e+00 1.666049e+00
309 3.090682e+00 1.633966e+00
310 3.073589e+00 1.634321e+00
311 3.060951e+00 1.611236e+00
312 3.062284e+00 1.612179e+00
313 3.061068e+00 1.597768e+00
314 3.035070e+00 1.610392e+00
315 3.035488e+00 1.606472e+00
316 3.044100e+00 1.611786e+00
317 3.037425e+00 1.620885e+00
318 3.036340e+00 1.612416e+00
319 3.035188e+00 1.615082e+00
320 3.045990e+00 1.612308e+00
321 3.072218e+00 1.639205e+00
322 3.088447e+00 1.640764e+00
323 3.101607e+00 1.626662e+00
324 3.097723e+00 1.630294e+00
325 3.083212e+00 1.637620e+00
326 3.112903e+00 1.586396e+00
327 3.096572e+00 1.589255e+00
328 3.139612e+00 1.531091e+00
329 3.180786e+00 1.549489e+00
330 3.179817e+00 1.549400e+00
331 3.155051e+00 1.560553e+00
332 3.150110e+00 1.581286e+00
333 3.147041e+00 1.573483e+00
334 3.110033e+00 1.589631e+00
335 3.115022e+00 1.586257e+00
336 3.114173e+00 1.583838e+00
337 3.124604e+00 1.577330e+00
338 3.128581e+00 1.569905e+00
339 3.150036e+00 1.547934e+00
340 3.155382e+00 1.550510e+00
341 3.154978e+00 1.548494e+00
342 3.153830e+00 1.539115e+00
343 3.180792e+00 1.569440e+00
344 3.195006e+00 1.607468e+00
345 3.185666e+00 1.625577e+00
346 3.184594e+00 1.624452e+00
347 3.164867e+00 1.578182e+00
348 3.149459e+00 1.545910e+00
349 3.148249e+00 1.534746e+00
350 3.150245e+00 1.533785e+00
351 3.124146e+00 1.542281e+00
352 3.122598e+00 1.548558e+00
353 3.106751e+00 1.539077e+00
354 3.089900e+00 1.552614e+00
355 3.089476e+00 1.552095e+00
356 3.094588e+00 1.561953e+00
357 3.093153e+00 1.561637e+00
358 3.088477e+00 1.576868e+00
359 3.094877e+00 1.594139e+00
360 3.078959e+00 1.593022e+00
361 3.089135e+00 1.613150e+00
362 3.091113e+00 1.617147e+00
363 3.022391e+00 1.579895e+00
364 3.022244e+00 1.579519e+00
365 3.025909e+00 1.574087e+00
366 3.025155e+00 1.572944e+00
367 3.037413e+00 1.575240e+00
368 3.131916e+00 1.603231e+00
369 3.189963e+00 1.593521e+00
370 3.227301e+00 1.616494e+00
371 3.213211e+00 1.596295e+00
372 3.224580e+00 1.589373e+00
373 3.215017e+00 1.591396e+00
374 3.201397e+00 1.606344e+00
375 3.213072e+00 1.631579e+00
376 3.199024e+00 1.603512e+00
377 3.191346e+00 1.600462e+00
378 3.176431e+00 1.586587e+00
379 3.184021e+00 1.593207e+00
380 3.182644e+00 1.595920e+00
381 3.213909e+00 1.582429e+00
382 3.221718e+00 1.591142e+00
383 3.256798e+00 1.544687e+00
384 3.265956e+00 1.543227e+00
385 3.232391e+00 1.559173e+00
386 3.229309e+00 1.566228e+00
387 3.242412e+00 1.565338e+00
388 3.242403e+00 1.564931e+00
389 3.221980e+00 1.558141e+00
390 3.222408e+00 1.559335e+00
391 3.221239e+00 1.562119e+00
392 3.199391e+00 1.585191e+00
393 3.205347e+00 1.592799e+00
394 3.177251e+00 1.603433e+00
395 3.177329e+00 1.608609e+00
396 3.198152e+00 1.594150e+00
397 3.216041e+00 1.591408e+00
398 3.209131e+00 1.560148e+00
399 3.201361e+00 1.569893e+00
400 3.213338e+00 1.567659e+00
401 3.210798e+00 1.555370e+00
402 3.197897e+00 1.544693e+00
403 3.196357e+00 1.548969e+00
404 3.206703e+00 1.551152e+00
405 3.213500e+00 1.520362e+00
406 3.201635e+00 1.525406e+00
407 3.203975e+00 1.527745e+00
408 3.203954e+00 1.527941e+00
409 3.204532e+00 1.508373e+00
410 3.203492e+00 1.508111e+00
411 3.236443e+00 1.500072e+00
412 3.238754e+00 1.490097e+00
413 3.238083e+00 1.489239e+00
414 3.258909e+00 1.476979e+00
415 3.229152e+00 1.477346e+00
416 3.235124e+00 1.482008e+00
417 3.239601e+00 1.487682e+00
418 3.233630e+00 1.491332e+00
419 3.256390e+00 1.513849e+00
420 3.262933e+00 1.510409e+00
421 3.270093e+00 1.511521e+00
422 3.279606e+00 1.505839e+00
423 3.240256e+00 1.494738e+00
424 3.205764e+00 1.483412e+00
425 3.195553e+00 1.502892e+00
426 3.147907e+00 1.502717e+00
427 3.152795e+00 1.499336e+00
428 3.126880e+00 1.489061e+00
429 3.121864e+00 1.485358e+00
430 3.121820e+00 1.477906e+00
431 3.121763e+00 1.477358e+00
432 3.094065e+00 1.474737e+00
433 3.080672e+00 1.480027e+00
434 3.110462e+00 1.481095e+00
435 3.133427e+00 1.473135e+00
436 3.135920e+00 1.472695e+00
437 3.139716e+00 1.432975e+00
438 3.137337e+00 1.428343e+00
439 3.139731e+00 1.426740e+00
440 3.132344e+00 1.452022e+00
441 3.135847e+00 1.447481e+00
442 3.132695e+00 1.454690e+00
443 3.135956e+00 1.456702e+00
444 3.145705e+00 1.487708e+00
445 3.163564e+00 1.473532e+00
446 3.127843e+00 1.441459e+00
447 3.130600e+00 1.449550e+00
448 3.128140e+00 1.451798e+00
449 3.144501e+00 1.440758e+00
450 3.167159e+00 1.458513e+00
451 3.163283e+00 1.450860e+00
452 3.256290e+00 1.438528e+00
453 3.251514e+00 1.455427e+00
454 3.258026e+00 1.441186e+00
455 3.257735e+00 1.441359e+00
456 3.259404e+00 1.444978e+00
457 3.272401e+00 1.425665e+00
458 3.283521e+00 1.424546e+00
459 3.286815e+00 1.430447e+00
460 3.277419e+00 1.391535e+00
461 3.284545e+00 1.390934e+00
462 3.292955e+00 1.433031e+00
463 3.276933e+00 1.425998e+00
464 3.191710e+00 1.415915e+00
465 3.191005e+00 1.418180e+00
466 3.187575e+00 1.415038e+00
467 3.190041e+00 1.411860e+00
468 3.156088e+00 1.402503e+00
469 3.153851e+00 1.387835e+00
470 3.151880e+00 1.385826e+00
471 3.147043e+00 1.384713e+00
472 3.148382e+00 1.385281e+00
473 3.155814e+00 1.332696e+00
474 3.134837e+00 1.327709e+00
475 3.135889e+00 1.321659e+00
476 3.135582e+00 1.319533e+00
477 3.176667e+00 1.299884e+00
478 3.197968e+00 1.301259e+00
479 3.217289e+00 1.317615e+00
480 3.227514e+00 1.320564e+00
481 3.234212e+00 1.319823e+00
482 3.240328e+00 1.321812e+00
483 3.243280e+00 1.348243e+00
484 3.261821e+00 1.321327e+00
485 3.215759e+00 1.347181e+00
486 3.207750e+00 1.348882e+00
487 3.231536e+00 1.312961e+00
488 3.275568e+00 1.275996e+00
489 3.299285e+00 1.283237e+00
490 3.300018e+00 1.283095e+00
491 3.291527e+00 1.287496e+00
492 3.283894e+00 1.282341e+00
493 3.297815e+00 1.299194e+00
494 3.297262e+00 1.297873e+00
495 3.285448e+00 1.301206e+00
496 3.277191e+00 1.287260e+00
497 3.278160e+00 1.285543e+00
498 3.282041e+00 1.287879e+00
499 3.285725e+00 1.291764e+00
500 3.310302e+00 1.329711e+00
501 3.308196e+00 1.354013e+00
502 3.335304e+00 1.351482e+00
503 3.337427e+00 1.344052e+00
504 3.317655e+00 1.349642e+00
505 3.325170e+00 1.348430e+00
506 3.260677e+00 1.312275e+00
507 3.248826e+00 1.314600e+00
508 3.218797e+00 1.328787e+00
509 3.198697e+00 1.364520e+00
510 3.205262e+00 1.388434e+00
511 3.192022e+00 1.387919e+00
512 3.235366e+00 1.400184e+00
513 3.231470e+00 1.403758e+00
514 3.237120e+00 1.392154e+00
515 3.241022e+00 1.396521e+00
516 3.195326e+00 1.376822e+00
517 3.183129e+00 1.391652e+00
518 3.197000e+00 1.399845e+00
519 3.200322e+00 1.398939e+00
520 3.165133e+00 1.392204e+00
521 3.166840e+00 1.404144e+00
522 3.167396e+00 1.408402e+00
523 3.157943e+00 1.393452e+00
524 3.142001e+00 1.373949e+00
525 3.226509e+00 1.404566e+00
526 3.240651e+00 1.385479e+00
527 3.275193e+00 1.406311e+00
528 3.276452e+00 1.399173e+00
529 3.276280e+00 1.396281e+00
530 3.295268e+00 1.425783e+00
531 3.257929e+00 1.395717e+00
532 3.243093e+00 1.404689e+00
533 3.219246e+00 1.395085e+00
534 3.220401e+00 1.397900e+00
535 3.225203e+00 1.407289e+00
536 3.240842e+00 1.357359e+00
537 3.230231e+00 1.380309e+00
538 3.234316e+00 1.380052e+00
539 3.233861e+00 1.375670e+00
540 3.230966e+00 1.377086e+00
541 3.207133e+00 1.399062e+00
542 3.210965e+00 1.389876e+00
543 3.211215e+00 1.386452e+00
544 3.206395e+00 1.387548e+00
545 3.206419e+00 1.380113e+00
546 3.216881e+00 1.367233e+00
547 3.214802e+00 1.367112e+00
548 3.215932e+00 1.367039e+00
549 3.203040e+00 1.375305e+00
550 3.201365e+00 1.383081e+00
551 3.232586e+00 1.437319e+00
552 3.250934e+00 1.474950e+00
553 3.247444e+00 1.473027e+00
554 3.243985e+00 1.443712e+00
555 3.212493e+00 1.425436e+00
556 3.212884e+00 1.390962e+00
557 3.253626e+00 1.529100e+00
558 3.262223e+00 1.512728e+00
559 3.249993e+00 1.529365e+00
560 3.241842e+00 1.537981e+00
561 3.254673e+00 1.529388e+00
562 3.255925e+00 1.504265e+00
563 3.262514e+00 1.505649e+00
564 3.276042e+00 1.497181e+00
565 3.285859e+00 1.493335e+00
566 3.283171e+00 1.530281e+00
567 3.334724e+00 1.559351e+00
568 3.343767e+00 1.557555e+00
569 3.354402e+00 1.570589e+00
570 3.358574e+00 1.573438e+00
571 3.351071e+00 1.573456e+00
572 3.345569e+00 1.600301e+00
573 3.333805e+00 1.576020e+00
574 3.322030e+00 1.596253e+00
575 3.317774e+00 1.591573e+00
576 3.318549e+00 1.593837e+00
577 3.307915e+00 1.592229e+00
578 3.299172e+00 1.581038e+00
579 3.292109e+00 1.577878e+00
580 3.291690e+00 1.567825e+00
581 3.307394e+00 1.551697e+00
582 3.320521e+00 1.554134e+00
583 3.300977e+00 1.556330e+00
584 3.272487e+00 1.592472e+00
585 3.258492e+00 1.600656e+00
586 3.248967e+00 1.608452e+00
587 3.266287e+00 1.604724e+00
588 3.267379e+00 1.601980e+00
589 3.262558e+00 1.626328e+00
590 3.261144e+00 1.623463e+00
591 3.259675e+00 1.596885e+00
592 3.254620e+00 1.598762e+00
593 3.240131e+00 1.573377e+00
594 3.234598e+00 1.594325e+00
595 3.202063e+00 1.601605e+00
596 3.200300e+00 1.604265e+00
597 3.161760e+00 1.531574e+00
598 3.173626e+00 1.524677e+00
599 3.173430e+00 1.525853e+00
600 3.173731e+00 1.520530e+00
601 3.155805e+00 1.508911e+00
602 3.183059e+00 1.488033e+00
603 3.091386e+00 1.468705e+00
604 3.090274e+00 1.467362e+00
605 3.093537e+00 1.467533e+00
606 3.095015e+00 1.465082e+00
607 3.095219e+00 1.459508e+00
608 3.103189e+00 1.450364e+00
609 3.098446e+00 1.459571e+00
610 3.098571e+00 1.459746e+00
611 3.108548e+00 1.471155e+00
612 3.104691e+00 1.473292e+00
613 3.114672e+00 1.473209e+00
614 3.126741e+00 1.459032e+00
615 3.132688e+00 1.462734e+00
616 3.104777e+00 1.458040e+00
617 3.100990e+00 1.454406e+00
618 3.144858e+00 1.475476e+00
619 3.144889e+00 1.480135e+00
620 3.132657e+00 1.484195e+00
621 3.135792e+00 1.492802e+00
622 3.139568e+00 1.503706e+00
623 3.150949e+00 1.502221e+00
624 3.141726e+00 1.500398e+00
625 3.126700e+00 1.522405e+00
626 3.139518e+00 1.582344e+00
627 3.148467e+00 1.579317e+00
628 3.152763e+00 1.570137e+00
629 3.175440e+00 1.574237e+00
630 3.181149e+00 1.569567e+00
631 3.170492e+00 1.564319e+00
632 3.165804e+00 1.564807e+00
633 3.166119e+00 1.566623e+00
634 3.166370e+00 1.567181e+00
635 3.175091e+00 1.581599e+00
636 3.192078e+00 1.598333e+00
637 3.187036e+00 1.599501e+00
638 3.193439e+00 1.590996e+00
639 3.114908e+00 1.641106e+00
640 3.116275e+00 1.640997e+00
641 3.095733e+00 1.622371e+00
642 3.090858e+00 1.621515e+00
643 3.082324e+00 1.624062e+00
644 3.086469e+00 1.625073e+00
645 3.092100e+00 1.633799e+00
646 3.069016e+00 1.658875e+00
647 3.070928e+00 1.662165e+00
648 3.074179e+00 1.655462e+00
649 3.071049e+00 1.658616e+00
650 3.081782e+00 1.640471e+00
651 3.079557e+00 1.642213e+00
652 3.095416e+00 1.649253e+00
653 3.094359e+00 1.651873e+00
654 3.102123e+00 1.649102e+00
655 3.109799e+00 1.643653e+00
656 3.113954e+00 1.643675e+00
657 3.149575e+00 1.647378e+00
658 3.157267e+00 1.637508e+00
659 3.154371e+00 1.638978e+00
660 3.126744e+00 1.648575e+00
661 3.124059e+00 1.646902e+00
662 3.119102e+00 1.645368e+00
663 3.119506e+00 1.643556e+00
664 3.135128e+00 1.619124e+00
665 3.135267e+00 1.618855e+00
666 3.147397e+00 1.611666e+00
667 3.147321e+00 1.612702e+00
668 3.144777e+00 1.613110e+00
669 3.168955e+00 1.551634e+00
670 3.142157e+00 1.544979e+00
671 3.135412e+00 1.544041e+00
672 3.130366e+00 1.546996e+00
673 3.078789e+00 1.511117e+00
674 3.082988e+00 1.512015e+00
675 3.088309e+00 1.532777e+00
676 3.088196e+00 1.507822e+00
677 3.085245e+00 1.523368e+00
678 3.092712e+00 1.517776e+00
679 3.110391e+00 1.513374e+00
680 3.113835e+00 1.514099e+00
681 3.149147e+00 1.540147e+00
682 3.125326e+00 1.548796e+00
683 3.152780e+00 1.546861e+00
684 3.162823e+00 1.553597e+00
685 3.177015e+00 1.548912e+00
686 3.172497e+00 1.548131e+00
687 3.167626e+00 1.544912e+00
688 3.155260e+00 1.535856e+00
689 3.130908e+00 1.529921e+00
690 3.117774e+00 1.533649e+00
691 3.120582e+00 1.531688e+00
692 3.133265e+00 1.550810e+00
693 3.137618e+00 1.536345e+00
694 3.128841e+00 1.494562e+00
695 3.146702e+00 1.484996e+00
696 3.152453e+00 1.485805e+00
697 3.150278e+00 1.485579e+00
698 3.158754e+00 1.473245e+00
699 3.149723e+00 1.475076e+00
700 3.166520e+00 1.468818e+00
701 3.217237e+00 1.507022e+00
702 3.217448e+00 1.507139e+00
703 3.256691e+00 1.488665e+00
704 3.258786e+00 1.488608e+00
705 3.244151e+00 1.509040e+00
706 3.244418e+00 1.511503e+00
707 3.250506e+00 1.500873e+00
708 3.254594e+00 1.483714e+00
709 3.248310e+00 1.482770e+00
710 3.192795e+00 1.470665e+00
711 3.221186e+00 1.493414e+00
712 3.222671e+00 1.491186e+00
713 3.222609e+00 1.491022e+00
714 3.223775e+00 1.492030e+00
715 3.223085e+00 1.491558e+00
716 3.211970e+00 1.490716e+00
717 3.226103e+00 1.504233e+00
718 3.233097e+00 1.511239e+00
719 3.234078e+00 1.503268e+00
720 3.233558e+00 1.516463e+00
721 3.249273e+00 1.484186e+00
722 3.240573e+00 1.483813e+00
723 3.253301e+00 1.469678e+00
724 3.260200e+00 1.440374e+00
725 3.261144e+00 1.430278e+00
726 3.262638e+00 1.424692e+00
727 3.250154e+00 1.410571e+00
728 3.275542e+00 1.423508e+00
729 3.300708e+00 1.436366e+00
730 3.276696e+00 1.453953e+00
731 3.271559e+00 1.444694e+00
732 3.283884e+00 1.439027e+00
733 3.195319e+00 1.404199e+00
734 3.184317e+00 1.418537e+00
735 3.191233e+00 1.412676e+00
736 3.177136e+00 1.413140e+00
737 3.178330e+00 1.446720e+00
738 3.172846e+00 1.449303e+00
739 3.195118e+00 1.453621e+00
740 3.181888e+00 1.427928e+00
741 3.191438e+00 1.474794e+00
742 3.182372e+00 1.495492e+00
743 3.188957e+00 1.514913e+00
744 3.183946e+00 1.526421e+00
745 3.187076e+00 1.525671e+00
746 3.159221e+00 1.524432e+00
747 3.101773e+00 1.596812e+00
748 3.039641e+00 1.540748e+00
749 2.953336e+00 1.525547e+00
750 2.950687e+00 1.538454e+00
751 2.931927e+00 1.549761e+00
752 2.950382e+00 1.567087e+00
753 2.933782e+00 1.587149e+00
754 2.926263e+00 1.610191e+00
755 2.926329e+00 1.610167e+00
756 2.884278e+00 1.637587e+00
757 2.880192e+00 1.644879e+00
758 2.882288e+00 1.645893e+00
759 2.888705e+00 1.642018e+00
760 2.863316e+00 1.640439e+00
761 2.861560e+00 1.640104e+00
762 2.872581e+00 1.602642e+00
763 2.868042e+00 1.572513e+00
764 2.879995e+00 1.561839e+00
765 2.876299e+00 1.554620e+00
766 2.876588e+00 1.554078e+00
767 2.889698e+00 1.529262e+00
768 2.902537e+00 1.445445e+00
769 2.875612e+00 1.428655e+00
770 2.860314e+00 1.447503e+00
771 2.845284e+00 1.439023e+00
772 2.834005e+00 1.416776e+00
773 2.854899e+00 1.421705e+00
774 2.854789e+00 1.421339e+00
775 2.842678e+00 1.411887e+00
776 2.813226e+00 1.382901e+00
777 2.811511e+00 1.384878e+00
778 2.839844e+00 1.383807e+00
779 2.853862e+00 1.363531e+00
780 2.861842e+00 1.365427e+00
781 2.864555e+00 1.356881e+00
782 2.871122e+00 1.353997e+00
783 2.869971e+00 1.352249e+00
784 2.886840e+00 1.333787e+00
785 2.887870e+00 1.333766e+00
786 2.887314e+00 1.313013e+00
787 2.910091e+00 1.269985e+00
788 2.961368e+00 1.235059e+00
789 2.955450e+00 1.241845e+00
790 2.952526e+00 1.245379e+00
791 2.966421e+00 1.248220e+00
792 2.969582e+00 1.253408e+00
793 2.989557e+00 1.252921e+00
794 2.973448e+00 1.260943e+00
795 2.965919e+00 1.263330e+00
796 2.937590e+00 1.276609e+00
797 2.909208e+00 1.258985e+00
798 2.907759e+00 1.250124e+00
799 2.878386e+00 1.283923e+00
800 2.879467e+00 1.288346e+00
801 2.870331e+00 1.287042e+00
802 2.892530e+00 1.307877e+00
803 2.845402e+00 1.354831e+00
804 2.829664e+00 1.354688e+00
805 2.821773e+00 1.358302e+00
806 2.819855e+00 1.363833e+00
807 2.780016e+00 1.349669e+00
808 2.784121e+00 1.350805e+00
809 2.785434e+00 1.350341e+00
810 2.800918e+00 1.370723e+00
811 2.804797e+00 1.378004e+00
812 2.831874e+00 1.378118e+00
813 2.834218e+00 1.377966e+00
814 2.826773e+00 1.358673e+00
815 2.919722e+00 1.304215e+00
816 2.920026e+00 1.325188e+00
817 2.928458e+00 1.322777e+00
818 2.913191e+00 1.329522e+00
819 2.896538e+00 1.338074e+00
820 2.898312e+00 1.333024e+00
821 2.849245e+00 1.440887e+00
822 2.850680e+00 1.436964e+00
823 2.849605e+00 1.399541e+00
824 2.847006e+00 1.406701e+00
825 2.849698e+00 1.370321e+00
826 2.849168e+00 1.370379e+00
827 2.854329e+00 1.361759e+00
828 2.855148e+00 1.356703e+00
829 2.849702e+00 1.337712e+00
830 2.844230e+00 1.340498e+00
831 2.829635e+00 1.334955e+00
832 2.825179e+00 1.339408e+00
833 2.833275e+00 1.354207e+00
834 2.827943e+00 1.359748e+00
835 2.826957e+00 1.356717e+00
836 2.822635e+00 1.404225e+00
837 2.799664e+00 1.460719e+00
838 2.816508e+00 1.430747e+00
839 2.796528e+00 1.438403e+00
840 2.815817e+00 1.480509e+00
841 2.809670e+00 1.477625e+00
842 2.802524e+00 1.477973e+00
843 2.791265e+00 1.498769e+00
844 2.801626e+00 1.484668e+00
845 2.796974e+00 1.494265e+00
846 2.775954e+00 1.516270e+00
847 2.772571e+00 1.541914e+00
848 2.773725e+00 1.540790e+00
849 2.788944e+00 1.553756e+00
850 2.812658e+00 1.545878e+00
851 2.810506e+00 1.554884e+00
852 2.786480e+00 1.586747e+00
853 2.790739e+00 1.587815e+00
854 2.797912e+00 1.587822e+00
855 2.797843e+00 1.587063e+00
856 2.810555e+00 1.587424e+00
857 2.806062e+00 1.582907e+00
858 2.808303e+00 1.578734e+00
859 2.768976e+00 1.571535e+00
860 2.764848e+00 1.577777e+00
861 2.718337e+00 1.558297e+00
862 2.752187e+00 1.593922e+00
863 2.747277e+00 1.596544e+00
864 2.775872e+00 1.585961e+00
865 2.796931e+00 1.591370e+00
866 2.798772e+00 1.574104e+00
867 2.803300e+00 1.553697e+00
868 2.795152e+00 1.536180e+00
869 2.827557e+00 1.530832e+00
870 2.822632e+00 1.538662e+00
871 2.822047e+00 1.539040e+00
872 2.813721e+00 1.540744e+00
873 2.787514e+00 1.569189e+00
874 2.779610e+00 1.568481e+00
875 2.786314e+00 1.548246e+00
876 2.787932e+00 1.544394e+00
877 2.789882e+00 1.548361e+00
878 2.794511e+00 1.524700e+00
879 2.832005e+00 1.554242e+00
880 2.829897e+00 1.562197e+00
881 2.812183e+00 1.560033e+00
882 2.797748e+00 1.566437e+00
883 2.795518e+00 1.583417e+00
884 2.810422e+00 1.562994e+00
885 2.837390e+00 1.507218e+00
886 2.823373e+00 1.536803e+00
887 2.812677e+00 1.564810e+00
888 2.810904e+00 1.548011e+00
889 2.792878e+00 1.549969e+00
890 2.811224e+00 1.569191e+00
891 2.767593e+00 1.551046e+00
892 2.766014e+00 1.548380e+00
893 2.767609e+00 1.547849e+00
894 2.768667e+00 1.529091e+00
895 2.745490e+00 1.479182e+00
896 2.759611e+00 1.466298e+00
897 2.744148e+00 1.437081e+00
898 2.687941e+00 1.368794e+00
899 2.669955e+00 1.357543e+00
900 2.668904e+00 1.357374e+00
901 2.664233e+00 1.377699e+00
902 2.656992e+00 1.362388e+00
903 2.668194e+00 1.380494e+00
904 2.686986e+00 1.363881e+00
905 2.627802e+00 1.379350e+00
906 2.648305e+00 1.364966e+00
907 2.641833e+00 1.368862e+00
908 2.652193e+00 1.369674e+00
909 2.632420e+00 1.400237e+00
910 2.632389e+00 1.398108e+00
911 2.642388e+00 1.397449e+00
912 2.643950e+00 1.423282e+00
913 2.653884e+00 1.444674e+00
914 2.626202e+00 1.464505e+00
915 2.612212e+00 1.469187e+00
916 2.612929e+00 1.473585e+00
917 2.607607e+00 1.451194e+00
918 2.604022e+00 1.450624e+00
919 2.598314e+00 1.459866e+00
920 2.598506e+00 1.461477e+00
921 2.602010e+00 1.467271e+00
922 2.621459e+00 1.586528e+00
923 2.614578e+00 1.598658e+00
924 2.604443e+00 1.597088e+00
925 2.600330e+00 1.631405e+00
926 2.602507e+00 1.633419e+00
927 2.603908e+00 1.625858e+00
928 2.612158e+00 1.616394e+00
929 2.599940e+00 1.613168e+00
930 2.616749e+00 1.607673e+00
931 2.619495e+00 1.603468e+00
932 2.616254e+00 1.608834e+00
933 2.622748e+00 1.614490e+00
934 2.625845e+00 1.636363e+00
935 2.648499e+00 1.642784e+00
936 2.676640e+00 1.634769e+00
937 2.736533e+00 1.594570e+00
938 2.738561e+00 1.595307e+00
939 2.701708e+00 1.610545e+00
940 2.697924e+00 1.559455e+00
941 2.680210e+00 1.559889e+00
942 2.677703e+00 1.561616e+00
943 2.677744e+00 1.561506e+00
944 2.678526e+00 1.572109e+00
945 2.728154e+00 1.597968e+00
946 2.731474e+00 1.587676e+00
947 2.731416e+00 1.587996e+00
948 2.749538e+00 1.566425e+00
949 2.757202e+00 1.569962e+00
950 2.689043e+00 1.521510e+00
951 2.678907e+00 1.523658e+00
952 2.676016e+00 1.521127e+00
953 2.673627e+00 1.520856e+00
954 2.673895e+00 1.515543e+00
955 2.684793e+00 1.492720e+00
956 2.684185e+00 1.493585e+00
957 2.731534e+00 1.575843e+00
958 2.716898e+00 1.619690e+00
959 2.757762e+00 1.669665e+00
960 2.760666e+00 1.668576e+00
961 2.765753e+00 1.684442e+00
962 2.759966e+00 1.685840e+00
963 2.757207e+00 1.690573e+00
964 2.724144e+00 1.726255e+00
965 2.735406e+00 1.726631e+00
966 2.753866e+00 1.701291e+00
967 2.741045e+00 1.717588e+00
968 2.748760e+00 1.716620e+00
969 2.756908e+00 1.712790e+00
970 2.759862e+00 1.707391e+00
971 2.765045e+00 1.705320e+00
972 2.773318e+00 1.703339e+00
973 2.802457e+00 1.696444e+00
974 2.791527e+00 1.643868e+00
975 2.791811e+00 1.644248e+00
976 2.790384e+00 1.645981e+00
977 2.780903e+00 1.649995e+00
978 2.751836e+00 1.706439e+00
979 2.775879e+00 1.709114e+00
980 2.774774e+00 1.706538e+00
981 2.769779e+00 1.712555e+00
982 2.782673e+00 1.693600e+00
983 2.771873e+00 1.690267e+00
984 2.770243e+00 1.671191e+00
985 2.770506e+00 1.662528e+00
986 2.777045e+00 1.664696e+00
987 2.799162e+00 1.676829e+00
988 2.816720e+00 1.650529e+00
989 2.814498e+00 1.652349e+00
990 2.797492e+00 1.677475e+00
991 2.795956e+00 1.674322e+00
992 2.777249e+00 1.677140e+00
993 2.773423e+00 1.667947e+00
994 2.781242e+00 1.689297e+00
995 2.778636e+00 1.690056e+00
996 2.789497e+00 1.655742e+00
997 2.794827e+00 1.660626e+00
998 2.794967e+00 1.660768e+00
999 2.835468e+00 1.641188e+00
1000 2.822749e+00 1.639758e+00
1001 2.819233e+00 1.643336e+00
1002 2.813481e+00 1.641791e+00
1003 2.801973e+00 1.651820e+00
1004 2.802293e+00 1.652071e+00
1005 2.793266e+00 1.626156e+00
1006 2.788746e+00 1.656246e+00
1007 2.798846e+00 1.651969e+00
1008 2.795802e+00 1.664443e+00
1009 2.794477e+00 1.678683e+00
1010 2.796903e+00 1.678485e+00
1011 2.794617e+00 1.680456e+00
1012 2.784978e+00 1.681165e+00
1013 2.785153e+00 1.682435e+00
1014 2.790080e+00 1.735476e+00
1015 2.784733e+00 1.743587e+00
1016 2.787156e+00 1.735781e+00
1017 2.815404e+00 1.740662e+00
1018 2.815879e+00 1.744096e+00
1019 2.830428e+00 1.739791e+00
1020 2.835291e+00 1.736194e+00
1021 2.863720e+00 1.718697e+00
1022 2.881907e+00 1.740824e+00
1023 2.865939e+00 1.735793e+00
1024 2.856880e+00 1.764772e+00
1025 2.860018e+00 1.770277e+00
1026 2.860770e+00 1.770812e+00
1027 2.867716e+00 1.770168e+00
1028 2.873640e+00 1.782199e+00
1029 2.868272e+00 1.785983e+00
1030 2.869510e+00 1.783146e+00
1031 2.973189e+00 1.743022e+00
1032 2.985398e+00 1.755287e+00
1033 2.967655e+00 1.766493e+00
1034 2.969133e+00 1.774054e+00
1035 2.967049e+00 1.774117e+00
1036 2.984309e+00 1.780280e+00
1037 2.968777e+00 1.777565e+00
1038 2.967221e+00 1.781549e+00
1039 2.951180e+00 1.817453e+00
1040 2.945683e+00 1.812664e+00
1041 2.946983e+00 1.813819e+00
1042 2.968647e+00 1.801322e+00
1043 2.948164e+00 1.803129e+00
1044 2.927569e+00 1.802242e+00
1045 2.930339e+00 1.791281e+00
1046 2.966398e+00 1.791042e+00
1047 2.966278e+00 1.791066e+00
1048 2.974776e+00 1.822069e+00
1049 2.973861e+00 1.829302e+00
1050 2.969299e+00 1.826217e+00
1051 2.985459e+00 1.832756e+00
1052 2.971104e+00 1.768277e+00
1053 2.965096e+00 1.789456e+00
1054 2.959114e+00 1.785645e+00
1055 2.966692e+00 1.798845e+00
1056 2.967341e+00 1.799656e+00
1057 3.002488e+00 1.742860e+00
1058 3.017392e+00 1.743237e+00
1059 3.023023e+00 1.749719e+00
1060 3.023848e+00 1.750649e+00
1061 3.031552e+00 1.752147e+00
1062 3.024835e+00 1.748483e+00
1063 3.051384e+00 1.748004e+00
1064 2.999562e+00 1.828511e+00
1065 2.962851e+00 1.826677e+00
1066 2.974867e+00 1.835562e+00
1067 2.967826e+00 1.846605e+00
1068 2.959359e+00 1.850871e+00
1069 2.954270e+00 1.843340e+00
1070 2.972818e+00 1.842502e+00
1071 2.975351e+00 1.832085e+00
1072 2.966963e+00 1.839708e+00
1073 2.968754e+00 1.841302e+00
1074 2.953101e+00 1.847916e+00
1075 2.989823e+00 1.838438e+00
1076 2.989417e+00 1.858021e+00
1077 3.003610e+00 1.895416e+00
1078 2.963537e+00 1.902834e+00
1079 2.957085e+00 1.898480e+00
1080 2.956232e+00 1.896255e+00
1081 2.951790e+00 1.915174e+00
1082 2.951094e+00 1.924782e+00
1083 3.007538e+00 1.931016e+00
1084 3.033656e+00 2.020635e+00
1085 3.031680e+00 2.025758e+00
1086 3.043268e+00 2.026718e+00
1087 3.038143e+00 2.027978e+00
1088 3.030829e+00 2.044832e+00
1089 3.062396e+00 2.060962e+00
1090 3.066737e+00 2.048564e+00
1091 3.067277e+00 2.047701e+00
1092 3.062815e+00 2.055283e+00
1093 3.077123e+00 2.062984e+00
1094 3.083204e+00 2.061009e+00
1095 3.035360e+00 2.079472e+00
1096 3.048659e+00 2.072170e+00
1097 3.014415e+00 2.030823e+00
1098 3.011189e+00 2.033493e+00
1099 3.010939e+00 2.032703e+00
1100 3.018405e+00 2.037160e+00
1101 2.997802e+00 2.053682e+00
1102 3.040750e+00 2.042079e+00
1103 3.039464e+00 2.041318e+00
1104 3.047242e+00 2.034981e+00
1105 3.047694e+00 2.042152e+00
1106 3.046446e+00 2.043487e+00
1107 3.045292e+00 2.044202e+00
1108 3.009427e+00 2.020141e+00
1109 3.004811e+00 2.022586e+00
1110 3.011238e+00 2.037490e+00
1111 3.036812e+00 2.014837e+00
1112 3.014111e+00 1.980982e+00
1113 3.018916e+00 1.983875e+00
1114 3.039635e+00 1.986736e+00
1115 3.047361e+00 1.982293e+00
1116 3.038945e+00 1.973327e+00
1117 3.044165e+00 1.959138e+00
1118 3.051977e+00 1.936479e+00
1119 3.041042e+00 1.946281e+00
1120 3.032587e+00 1.938628e+00
1121 3.045830e+00 1.915683e+00
1122 3.054590e+00 1.908672e+00
1123 3.054530e+00 1.908933e+00
1124 3.049552e+00 1.898562e+00
1125 3.036159e+00 1.902379e+00
1126 3.025701e+00 1.899004e+00
1127 3.080516e+00 1.874755e+00
1128 3.069611e+00 1.897820e+00
1129 3.069318e+00 1.879583e+00
1130 3.069318e+00 1.879726e+00
1131 3.064943e+00 1.872082e+00
1132 3.065957e+00 1.871487e+00
1133 3.072639e+00 1.881479e+00
1134 3.088633e+00 1.891008e+00
1135 3.062823e+00 1.950390e+00
1136 3.059843e+00 1.911858e+00
1137 3.064167e+00 1.904601e+00
1138 3.050766e+00 1.894125e+00
1139 3.058159e+00 1.897580e+00
1140 3.090007e+00 1.914760e+00
1141 3.082188e+00 1.924396e+00
1142 3.090655e+00 1.969207e+00
1143 3.087786e+00 1.960614e+00
1144 3.095725e+00 1.932860e+00
1145 3.078783e+00 1.936082e+00
1146 3.041314e+00 1.941626e+00
1147 3.041822e+00 1.941820e+00
1148 3.017077e+00 1.942610e+00
1149 3.020843e+00 1.936008e+00
1150 3.009754e+00 1.954756e+00
1151 3.001806e+00 1.941024e+00
1152 2.998125e+00 1.940620e+00
1153 2.991153e+00 1.964285e+00
1154 3.008661e+00 1.942368e+00
1155 3.007931e+00 1.938673e+00
1156 3.007941e+00 1.938509e+00
1157 3.009708e+00 1.939573e+00
1158 2.989880e+00 1.931538e+00
1159 2.989669e+00 1.933253e+00
1160 2.963295e+00 1.944250e+00
1161 2.953493e+00 1.947339e+00
1162 3.018025e+00 1.974831e+00
1163 3.009050e+00 1.975383e+00
1164 3.010341e+00 1.972971e+00
1165 3.008763e+00 1.966291e+00
1166 2.938905e+00 1.950535e+00
1167 2.943408e+00 1.943456e+00
1168 2.965131e+00 1.963390e+00
1169 2.912770e+00 2.003410e+00
1170 2.920123e+00 1.998905e+00
1171 2.918138e+00 1.992725e+00
1172 2.904081e+00 1.991007e+00
1173 2.953856e+00 2.017322e+00
1174 2.958320e+00 2.001329e+00
1175 2.916020e+00 1.991599e+00
1176 2.968906e+00 1.974428e+00
1177 2.981883e+00 1.960424e+00
1178 2.953182e+00 1.978432e+00
1179 2.954946e+00 1.977473e+00
1180 2.952678e+00 1.971994e+00
1181 2.957584e+00 1.971927e+00
1182 2.964396e+00 1.978693e+00
1183 2.965700e+00 1.976455e+00
1184 2.950361e+00 1.968514e+00
1185 2.951635e+00 1.959633e+00
1186 2.948381e+00 1.961598e+00
1187 2.874612e+00 1.974903e+00
1188 2.860045e+00 1.968502e+00
1189 2.853778e+00 1.978534e+00
1190 2.809253e+00 1.993739e+00
1191 2.795467e+00 1.998142e+00
1192 2.790334e+00 1.994918e+00
1193 2.833633e+00 1.998779e+00
1194 2.833768e+00 1.998711e+00
1195 2.831580e+00 1.993540e+00
1196 2.850997e+00 1.997843e+00
1197 2.845747e+00 1.988110e+00
1198 2.865589e+00 1.991743e+00
1199 2.858345e+00 1.996305e+00
1200 2.853170e+00 2.001505e+00
1201 2.833132e+00 1.989373e+00
1202 2.850813e+00 1.989487e+00
1203 2.854393e+00 1.967869e+00
1204 2.854849e+00 1.966891e+00
1205 2.838795e+00 1.977011e+00
1206 2.865915e+00 1.998099e+00
1207 2.869481e+00 2.029485e+00
1208 2.869767e+00 2.031361e+00
1209 2.860170e+00 2.035889e+00
1210 2.850414e+00 2.041310e+00
1211 2.803789e+00 2.077077e+00
1212 2.812916e+00 2.067504e+00
1213 2.824861e+00 2.075534e+00
1214 2.826262e+00 2.088122e+00
1215 2.793348e+00 2.096710e+00
1216 2.825557e+00 2.125704e+00
1217 2.825975e+00 2.125145e+00
1218 2.776239e+00 2.091230e+00
1219 2.775829e+00 2.100021e+00
1220 2.771673e+00 2.101801e+00
1221 2.769733e+00 2.094500e+00
1222 2.779944e+00 2.088993e+00
1223 2.783597e+00 2.089183e+00
1224 2.784207e+00 2.063458e+00
1225 2.773740e+00 2.059944e+00
1226 2.765724e+00 2.065826e+00
1227 2.764351e+00 2.066977e+00
1228 2.761759e+00 2.065932e+00
1229 2.764964e+00 2.085396e+00
1230 2.762521e+00 2.087656e+00
1231 2.774408e+00 2.091484e+00
1232 2.778154e+00 2.077957e+00
1233 2.767861e+00 2.076825e+00
1234 2.790491e+00 2.040005e+00
1235 2.812157e+00 2.021429e+00
1236 2.812404e+00 2.021515e+00
1237 2.812108e+00 1.979239e+00
1238 2.807716e+00 1.981138e+00
1239 2.804899e+00 1.983055e+00
1240 2.800411e+00 1.989686e+00
1241 2.795990e+00 1.995544e+00
1242 2.797990e+00 1.985966e+00
1243 2.797677e+00 1.990705e+00
1244 2.799097e+00 1.992144e+00
1245 2.822866e+00 1.986714e+00
1246 2.900226e+00 1.946325e+00
1247 2.883291e+00 1.913393e+00
1248 2.902531e+00 1.939674e+00
1249 2.910018e+00 1.915858e+00
1250 2.923962e+00 1.952831e+00
1251 2.921296e+00 1.942230e+00
1252 2.920569e+00 1.952800e+00
1253 2.920381e+00 1.942940e+00
1254 2.949017e+00 1.990833e+00
1255 2.944161e+00 1.988485e+00
1256 2.971646e+00 1.997731e+00
1257 2.937984e+00 1.998833e+00
1258 2.894343e+00 1.994977e+00
1259 2.899963e+00 1.993209e+00
1260 2.914594e+00 1.994542e+00
1261 2.917494e+00 1.998174e+00
1262 2.916324e+00 2.003625e+00
1263 2.927729e+00 2.030902e+00
1264 2.913819e+00 2.011510e+00
1265 2.911583e+00 2.030373e+00
1266 2.916551e+00 2.049043e+00
1267 2.908340e+00 2.054319e+00
1268 2.910481e+00 2.046664e+00
1269 2.914416e+00 2.049497e+00
1270 2.778776e+00 2.062194e+00
1271 2.790133e+00 2.078189e+00
1272 2.788348e+00 2.108316e+00
1273 2.743553e+00 2.114428e+00
1274 2.720683e+00 2.099123e+00
1275 2.733448e+00 2.090660e+00
1276 2.737546e+00 2.084286e+00
1277 2.711352e+00 2.059982e+00
1278 2.710273e+00 2.059447e+00
1279 2.729083e+00 2.050249e+00
1280 2.721392e+00 2.048069e+00
1281 2.728367e+00 2.070172e+00
1282 2.684746e+00 2.087192e+00
1283 2.707290e+00 2.132651e+00
1284 2.714004e+00 2.130087e+00
1285 2.714326e+00 2.136649e+00
1286 2.712337e+00 2.143087e+00
1287 2.707441e+00 2.130278e+00
1288 2.705295e+00 2.130508e+00
1289 2.698910e+00 2.149197e+00
1290 2.720174e+00 2.151785e+00
1291 2.725107e+00 2.136339e+00
1292 2.710742e+00 2.125829e+00
1293 2.734849e+00 2.128916e+00
1294 2.719539e+00 2.154671e+00
1295 2.667507e+00 2.140456e+00
1296 2.644939e+00 2.138210e+00
1297 2.638128e+00 2.126647e+00
1298 2.637559e+00 2.126529e+00
1299 2.612243e+00 2.141155e+00
1300 2.611549e+00 2.139279e+00
1301 2.599189e+00 2.149544e+00
1302 2.607160e+00 2.148309e+00
1303 2.609434e+00 2.148234e+00
1304 2.662125e+00 2.152769e+00
1305 2.681838e+00 2.172138e+00
1306 2.684656e+00 2.175256e+00
1307 2.683770e+00 2.177160e+00
1308 2.705372e+00 2.149145e+00
1309 2.693116e+00 2.139471e+00
1310 2.695600e+00 2.134623e+00
1311 2.702508e+00 2.134337e+00
1312 2.696142e+00 2.136310e+00
1313 2.740177e+00 2.092916e+00
1314 2.768152e+00 2.085434e+00
1315 2.768229e+00 2.073498e+00
1316 2.797178e+00 2.092071e+00
1317 2.793476e+00 2.086929e+00
1318 2.795821e+00 2.088671e+00
1319 2.803049e+00 2.084186e+00
1320 2.808600e+00 2.080786e+00
1321 2.802216e+00 2.084189e+00
1322 2.837413e+00 2.052558e+00
1323 2.835021e+00 2.052064e+00
1324 2.828449e+00 2.057550e+00
1325 2.829122e+00 2.049834e+00
1326 2.822308e+00 2.062982e+00
1327 2.819113e+00 2.115051e+00
1328 2.824172e+00 2.096397e+00
1329 2.817635e+00 2.116385e+00
1330 2.818586e+00 2.115902e+00
1331 2.819930e+00 2.114028e+00
1332 2.819266e+00 2.115597e+00
1333 2.829489e+00 2.117202e+00
1334 2.825226e+00 2.117502e+00
1335 2.829063e+00 2.119534e+00
1336 2.845409e+00 2.097626e+00
1337 2.866491e+00 2.135746e+00
1338 2.865532e+00 2.135779e+00
1339 2.851282e+00 2.177750e+00
1340 2.859030e+00 2.166719e+00
1341 2.827584e+00 2.133748e+00
1342 2.847792e+00 2.133580e+00
1343 2.849700e+00 2.149345e+00
1344 2.868041e+00 2.147137e+00
1345 2.877898e+00 2.147940e+00
1346 2.878528e+00 2.147672e+00
1347 2.869257e+00 2.143290e+00
1348 2.888571e+00 2.141560e+00
1349 2.894512e+00 2.106992e+00
1350 2.899378e+00 2.106533e+00
1351 2.915588e+00 2.116393e+00
1352 2.914554e+00 2.119277e+00
1353 2.788772e+00 2.117235e+00
1354 2.795313e+00 2.119166e+00
1355 2.795199e+00 2.119789e+00
1356 2.796263e+00 2.117914e+00
1357 2.794852e+00 2.120186e+00
1358 2.797230e+00 2.099448e+00
1359 2.793343e+00 2.114437e+00
1360 2.766971e+00 2.111102e+00
1361 2.775888e+00 2.088719e+00
1362 2.725835e+00 2.085119e+00
1363 2.771103e+00 2.062124e+00
1364 2.796218e+00 2.141355e+00
1365 2.786439e+00 2.115773e+00
1366 2.785078e+00 2.115186e+00
1367 2.778824e+00 2.109907e+00
1368 2.765979e+00 2.102807e+00
1369 2.633847e+00 2.200880e+00
1370 2.632173e+00 2.201283e+00
1371 2.656489e+00 2.194533e+00
1372 2.685077e+00 2.191557e+00
1373 2.634409e+00 2.222851e+00
1374 2.633362e+00 2.192330e+00
1375 2.658082e+00 2.208509e+00
1376 2.665346e+00 2.214936e+00
1377 2.646925e+00 2.205437e+00
1378 2.643707e+00 2.203823e+00
1379 2.630210e+00 2.221969e+00
1380 2.634007e+00 2.198484e+00
1381 2.623832e+00 2.163241e+00
1382 2.626606e+00 2.172737e+00
1383 2.628571e+00 2.172216e+00
1384 2.628998e+00 2.173861e+00
1385 2.631439e+00 2.170748e+00
1386 2.630383e+00 2.171359e+00
1387 2.622147e+00 2.199088e+00
1388 2.615834e+00 2.197956e+00
1389 2.620660e+00 2.120333e+00
1390 2.593858e+00 2.064504e+00
1391 2.611869e+00 2.067628e+00
1392 2.590524e+00 2.078922e+00
1393 2.579154e+00 2.087242e+00
1394 2.592488e+00 2.086390e+00
1395 2.593311e+00 2.084252e+00
1396 2.595548e+00 2.095664e+00
1397 2.577781e+00 2.105938e+00
1398 2.587680e+00 2.108827e+00
1399 2.562070e+00 2.096309e+00
1400 2.567893e+00 2.107964e+00
1401 2.577460e+00 2.113195e+00
1402 2.577255e+00 2.112957e+00
1403 2.514094e+00 2.152904e+00
1404 2.530178e+00 2.104870e+00
1405 2.530602e+00 2.104005e+00
1406 2.536222e+00 2.102336e+00
1407 2.546819e+00 2.092659e+00
1408 2.564181e+00 2.078467e+00
1409 2.596118e+00 2.068600e+00
1410 2.596718e+00 2.064366e+00
1411 2.597952e+00 2.067161e+00
1412 2.624538e+00 2.055247e+00
1413 2.644790e+00 2.052537e+00
1414 2.638483e+00 2.063040e+00
1415 2.679556e+00 2.056217e+00
1416 2.551639e+00 2.058447e+00
1417 2.587622e+00 2.122546e+00
1418 2.636323e+00 2.173668e+00
1419 2.639281e+00 2.167737e+00
1420 2.643481e+00 2.244515e+00
1421 2.640634e+00 2.249127e+00
1422 2.608010e+00 2.221385e+00
1423 2.633240e+00 2.283905e+00
1424 2.643064e+00 2.316791e+00
1425 2.639013e+00 2.313277e+00
1426 2.631345e+00 2.315995e+00
1427 2.599832e+00 2.311600e+00
1428 2.621740e+00 2.333916e+00
1429 2.634909e+00 2.319561e+00
1430 2.621495e+00 2.295660e+00
1431 2.619468e+00 2.293025e+00
1432 2.617778e+00 2.290721e+00
1433 2.630988e+00 2.255919e+00
1434 2.642443e+00 2.226100e+00
1435 2.643439e+00 2.222326e+00
1436 2.560812e+00 2.326791e+00
1437 2.564658e+00 2.374286e+00
1438 2.565327e+00 2.373891e+00
1439 2.569550e+00 2.332898e+00
1440 2.569648e+00 2.332681e+00
1441 2.591122e+00 2.304313e+00
1442 2.595074e+00 2.306113e+00
1443 2.562900e+00 2.292058e+00
1444 2.573427e+00 2.289322e+00
1445 2.599943e+00 2.294697e+00
1446 2.625384e+00 2.293409e+00
1447 2.620039e+00 2.300217e+00
1448 2.619580e+00 2.300900e+00
1449 2.613529e+00 2.302272e+00
1450 2.664829e+00 2.315258e+00
1451 2.688104e+00 2.370723e+00
1452 2.692335e+00 2.377990e+00
1453 2.694274e+00 2.381513e+00
1454 2.699629e+00 2.379467e+00
1455 2.705519e+00 2.377662e+00
1456 2.752030e+00 2.410028e+00
1457 2.749996e+00 2.412318e+00
1458 2.734543e+00 2.421469e+00
1459 2.771635e+00 2.453557e+00
1460 2.757041e+00 2.463368e+00
1461 2.786045e+00 2.446354e+00
1462 2.807848e+00 2.433443e+00
1463 2.806272e+00 2.434260e+00
1464 2.811951e+00 2.442213e+00
1465 2.784284e+00 2.424997e+00
1466 2.766927e+00 2.414388e+00
1467 2.762457e+00 2.415586e+00
1468 2.752262e+00 2.406919e+00
1469 2.758327e+00 2.416342e+00
1470 2.754332e+00 2.395325e+00
1471 2.773579e+00 2.398980e+00
1472 2.749291e+00 2.391022e+00
1473 2.728826e+00 2.396118e+00
1474 2.735154e+00 2.383418e+00
1475 2.720628e+00 2.341458e+00
1476 2.674812e+00 2.414387e+00
1477 2.680690e+00 2.408083e+00
1478 2.682459e+00 2.401688e+00
1479 2.681491e+00 2.402161e+00
1480 2.679862e+00 2.402494e+00
1481 2.673589e+00 2.416752e+00
1482 2.663691e+00 2.418048e+00
1483 2.666077e+00 2.421239e+00
1484 2.649573e+00 2.427180e+00
1485 2.653206e+00 2.423887e+00
1486 2.631630e+00 2.441026e+00
1487 2.626584e+00 2.449105e+00
1488 2.625180e+00 2.446859e+00
1489 2.625714e+00 2.448849e+00
1490 2.630848e+00 2.463566e+00
1491 2.644275e+00 2.469914e+00
1492 2.623395e+00 2.501308e+00
1493 2.592678e+00 2.515082e+00
1494 2.610997e+00 2.528426e+00
1495 2.613374e+00 2.525260e+00
1496 2.608268e+00 2.533642e+00
1497 2.627682e+00 2.572702e+00
1498 2.622648e+00 2.602862e+00
1499 2.614201e+00 2.604007e+00
1500 2.640938e+00 2.619008e+00
1501 2.645970e+00 2.622092e+00
1502 2.646612e+00 2.621752e+00
1503 2.645395e+00 2.621015e+00
1504 2.669910e+00 2.564800e+00
1505 2.671373e+00 2.562182e+00
1506 2.659630e+00 2.542046e+00
1507 2.667373e+00 2.542980e+00
1508 2.667188e+00 2.538863e+00
1509 2.686234e+00 2.538698e+00
1510 2.684177e+00 2.537449e+00
1511 2.685854e+00 2.541088e+00
1512 2.642272e+00 2.503668e+00
1513 2.637726e+00 2.516024e+00
1514 2.637279e+00 2.530926e+00
1515 2.603067e+00 2.528952e+00
1516 2.635273e+00 2.514951e+00
1517 2.612332e+00 2.491240e+00
1518 2.614256e+00 2.487450e+00
1519 2.627021e+00 2.468543e+00
1520 2.627601e+00 2.467503e+00
1521 2.654465e+00 2.435192e+00
1522 2.604514e+00 2.463697e+00
1523 2.651376e+00 2.459127e+00
1524 2.650211e+00 2.460571e+00
1525 2.645433e+00 2.466719e+00
1526 2.644825e+00 2.463367e+00
1527 2.645611e+00 2.462972e+00
1528 2.648504e+00 2.462500e+00
1529 2.635394e+00 2.441402e+00
1530 2.636183e+00 2.441393e+00
1531 2.635605e+00 2.442155e+00
1532 2.633688e+00 2.432541e+00
1533 2.632385e+00 2.431045e+00
1534 2.629903e+00 2.431948e+00
1535 2.628310e+00 2.411124e+00
1536 2.616948e+00 2.404875e+00
1537 2.591075e+00 2.398430e+00
1538 2.593421e+00 2.403030e+00
1539 2.603539e+00 2.403283e+00
1540 2.589492e+00 2.404895e+00
1541 2.574164e+00 2.392420e+00
1542 2.607601e+00 2.373615e+00
1543 2.647730e+00 2.402800e+00
1544 2.645544e+00 2.412500e+00
1545 2.645088e+00 2.404779e+00
1546 2.646706e+00 2.403584e+00
1547 2.653573e+00 2.402090e+00
1548 2.657482e+00 2.424758e+00
1549 2.655864e+00 2.428096e+00
1550 2.654833e+00 2.442234e+00
1551 2.654619e+00 2.442639e+00
1552 2.655812e+00 2.447659e+00
1553 2.660077e+00 2.447119e+00
1554 2.661722e+00 2.444696e+00
1555 2.652319e+00 2.446601e+00
1556 2.651258e+00 2.446019e+00
1557 2.665702e+00 2.444539e+00
1558 2.666510e+00 2.444808e+00
1559 2.629651e+00 2.403502e+00
1560 2.641697e+00 2.369406e+00
1561 2.634644e+00 2.388819e+00
1562 2.635550e+00 2.389251e+00
1563 2.647054e+00 2.389002e+00
1564 2.682170e+00 2.403253e+00
1565 2.706618e+00 2.385333e+00
1566 2.706011e+00 2.379237e+00
1567 2.709137e+00 2.385965e+00
1568 2.704165e+00 2.386696e+00
1569 2.668414e+00 2.366781e+00
1570 2.668564e+00 2.366470e+00
1571 2.683151e+00 2.406760e+00
1572 2.685114e+00 2.414930e+00
1573 2.689176e+00 2.414987e+00
1574 2.689136e+00 2.405748e+00
1575 2.690686e+00 2.417939e+00
1576 2.688010e+00 2.380290e+00
1577 2.647116e+00 2.346591e+00
1578 2.648431e+00 2.349042e+00
1579 2.652169e+00 2.362922e+00
1580 2.665462e+00 2.352516e+00
1581 2.680859e+00 2.371824e+00
1582 2.686754e+00 2.383709e+00
1583 2.695068e+00 2.393579e+00
1584 2.671400e+00 2.367130e+00
1585 2.676253e+00 2.379214e+00
1586 2.637684e+00 2.391613e+00
1587 2.618290e+00 2.434230e+00
1588 2.615650e+00 2.428627e+00
1589 2.611838e+00 2.427588e+00
1590 2.625988e+00 2.426009e+00
1591 2.628470e+00 2.429860e+00
1592 2.628465e+00 2.429854e+00
1593 2.624052e+00 2.425169e+00
1594 2.618887e+00 2.419337e+00
1595 2.636877e+00 2.415048e+00
1596 2.627625e+00 2.406217e+00
1597 2.629339e+00 2.407065e+00
1598 2.632841e+00 2.413707e+00
1599 2.630712e+00 2.432856e+00
1600 2.613970e+00 2.435382e+00
1601 2.611554e+00 2.435020e+00
1602 2.620736e+00 2.448686e+00
1603 2.504549e+00 2.452006e+00
1604 2.537379e+00 2.424907e+00
1605 2.536346e+00 2.431308e+00
1606 2.535075e+00 2.431932e+00
1607 2.498860e+00 2.431918e+00
1608 2.509549e+00 2.472996e+00
1609 2.516403e+00 2.451901e+00
1610 2.519247e+00 2.444964e+00
1611 2.517256e+00 2.458249e+00
1612 2.546620e+00 2.467431e+00
1613 2.545977e+00 2.472282e+00
1614 2.552093e+00 2.473198e+00
1615 2.518649e+00 2.471385e+00
1616 2.529548e+00 2.466965e+00
1617 2.523173e+00 2.475880e+00
1618 2.515859e+00 2.432483e+00
1619 2.524621e+00 2.428394e+00
1620 2.529710e+00 2.426706e+00
1621 2.546967e+00 2.424799e+00
1622 2.564546e+00 2.441910e+00
1623 2.559538e+00 2.452522e+00
1624 2.561143e+00 2.445383e+00
1625 2.561375e+00 2.425042e+00
1626 2.561205e+00 2.425013e+00
1627 2.577438e+00 2.416589e+00
1628 2.549624e+00 2.411926e+00
1629 2.546384e+00 2.418713e+00
1630 2.544733e+00 2.404456e+00
1631 2.525648e+00 2.402736e+00
1632 2.529392e+00 2.393200e+00
1633 2.531037e+00 2.392055e+00
1634 2.532056e+00 2.448287e+00
1635 2.531482e+00 2.445959e+00
1636 2.557638e+00 2.441541e+00
1637 2.557694e+00 2.450351e+00
1638 2.606537e+00 2.417948e+00
1639 2.603204e+00 2.429415e+00
1640 2.594147e+00 2.435823e+00
1641 2.505759e+00 2.403057e+00
1642 2.502851e+00 2.402357e+00
1643 2.519423e+00 2.425328e+00
1644 2.526804e+00 2.428491e+00
1645 2.551029e+00 2.406503e+00
1646 2.568970e+00 2.408612e+00
1647 2.580923e+00 2.433574e+00
1648 2.592330e+00 2.436376e+00
1649 2.597382e+00 2.439248e+00
1650 2.598065e+00 2.446056e+00
1651 2.626765e+00 2.440075e+00
1652 2.616625e+00 2.429712e+00
1653 2.618666e+00 2.430224e+00
1654 2.621266e+00 2.433387e+00
1655 2.619687e+00 2.444635e+00
1656 2.615311e+00 2.443824e+00
1657 2.619279e+00 2.443123e+00
1658 2.610038e+00 2.449068e+00
1659 2.606088e+00 2.452056e+00
1660 2.590603e+00 2.461543e+00
1661 2.603350e+00 2.451369e+00
1662 2.604984e+00 2.449831e+00
1663 2.597676e+00 2.458754e+00
1664 2.623799e+00 2.491086e+00
1665 2.626109e+00 2.488752e+00
1666 2.615866e+00 2.499582e+00
1667 2.613297e+00 2.503670e+00
1668 2.619074e+00 2.498083e+00
1669 2.614334e+00 2.491671e+00
1670 2.616431e+00 2.501820e+00
1671 2.614947e+00 2.511051e+00
1672 2.619807e+00 2.540544e+00
1673 2.629937e+00 2.568372e+00
1674 2.620125e+00 2.600625e+00
1675 2.610495e+00 2.590440e+00
1676 2.600815e+00 2.581360e+00
1677 2.586463e+00 2.592659e+00
1678 2.601976e+00 2.622046e+00
1679 2.589808e+00 2.673722e+00
1680 2.590774e+00 2.677255e+00
1681 2.562691e+00 2.668049e+00
1682 2.545894e+00 2.673797e+00
1683 2.540616e+00 2.716051e+00
1684 2.528906e+00 2.717479e+00
1685 2.510608e+00 2.713198e+00
1686 2.509537e+00 2.714534e+00
1687 2.478270e+00 2.724744e+00
1688 2.482384e+00 2.728684e+00
1689 2.471963e+00 2.719927e+00
1690 2.476904e+00 2.726009e+00
1691 2.474368e+00 2.711726e+00
1692 2.469415e+00 2.709599e+00
1693 2.434747e+00 2.710983e+00
1694 2.433334e+00 2.685954e+00
1695 2.443821e+00 2.705615e+00
1696 2.528144e+00 2.702688e+00
1697 2.549223e+00 2.720043e+00
1698 2.560292e+00 2.716192e+00
1699 2.558593e+00 2.714847e+00
1700 2.558189e+00 2.713990e+00
1701 2.550910e+00 2.712315e+00
1702 2.563627e+00 2.741914e+00
1703 2.553705e+00 2.745189e+00
1704 2.554697e+00 2.738077e+00
1705 2.564933e+00 2.742220e+00
1706 2.570835e+00 2.694715e+00
1707 2.560472e+00 2.701619e+00
1708 2.563085e+00 2.700870e+00
1709 2.566797e+00 2.699734e+00
1710 2.550779e+00 2.691690e+00
1711 2.529003e+00 2.691824e+00
1712 2.504900e+00 2.665336e+00
1713 2.501883e+00 2.665798e+00
1714 2.505770e+00 2.649285e+00
1715 2.597966e+00 2.663497e+00
1716 2.583722e+00 2.647210e+00
1717 2.600798e+00 2.640911e+00
1718 2.599879e+00 2.640282e+00
1719 2.601079e+00 2.627313e+00
1720 2.603683e+00 2.622279e+00
1721 2.627627e+00 2.638853e+00
1722 2.579582e+00 2.669162e+00
1723 2.579241e+00 2.670513e+00
1724 2.556262e+00 2.730158e+00
1725 2.583801e+00 2.710427e+00
1726 2.571812e+00 2.710352e+00
1727 2.559119e+00 2.709356e+00
1728 2.526677e+00 2.727673e+00
1729 2.545006e+00 2.721745e+00
1730 2.541039e+00 2.690939e+00
1731 2.541701e+00 2.682287e+00
1732 2.543426e+00 2.683134e+00
1733 2.546335e+00 2.682932e+00
1734 2.523135e+00 2.699488e+00
1735 2.481951e+00 2.701120e+00
1736 2.431624e+00 2.678665e+00
1737 2.431347e+00 2.652340e+00
1738 2.452078e+00 2.671202e+00
1739 2.436862e+00 2.677743e+00
1740 2.410965e+00 2.698381e+00
1741 2.422590e+00 2.724489e+00
1742 2.433251e+00 2.718656e+00
1743 2.424792e+00 2.725176e+00
1744 2.425976e+00 2.729697e+00
1745 2.416699e+00 2.735016e+00
1746 2.457248e+00 2.720883e+00
1747 2.458696e+00 2.723837e+00
1748 2.453618e+00 2.716615e+00
1749 2.454055e+00 2.717546e+00
1750 2.446055e+00 2.781264e+00
1751 2.478232e+00 2.792159e+00
1752 2.477840e+00 2.793632e+00
1753 2.477673e+00 2.794161e+00
1754 2.455652e+00 2.777347e+00
1755 2.573785e+00 2.790002e+00
1756 2.564863e+00 2.777239e+00
1757 2.572030e+00 2.764874e+00
1758 2.601023e+00 2.777347e+00
1759 2.594089e+00 2.769057e+00
1760 2.616611e+00 2.755917e+00
1761 2.624719e+00 2.732815e+00
1762 2.625223e+00 2.750490e+00
1763 2.624979e+00 2.750271e+00
1764 2.622049e+00 2.748950e+00
1765 2.639885e+00 2.752645e+00
1766 2.634968e+00 2.754539e+00
1767 2.633297e+00 2.757779e+00
1768 2.643306e+00 2.760235e+00
1769 2.631893e+00 2.756268e+00
1770 2.650047e+00 2.754617e+00
1771 2.642607e+00 2.753177e+00
1772 2.656618e+00 2.763397e+00
1773 2.658109e+00 2.766485e+00
1774 2.622439e+00 2.874986e+00
1775 2.623001e+00 2.875411e+00
1776 2.622582e+00 2.875142e+00
1777 2.613341e+00 2.908042e+00
1778 2.604710e+00 2.910447e+00
1779 2.610058e+00 2.914358e+00
1780 2.614472e+00 2.908839e+00
1781 2.613720e+00 2.907434e+00
1782 2.613063e+00 2.900581e+00
1783 2.614772e+00 2.883760e+00
1784 2.618350e+00 2.889634e+00
1785 2.619932e+00 2.891120e+00
1786 2.720295e+00 2.848968e+00
1787 2.744260e+00 2.861822e+00
1788 2.749287e+00 2.872559e+00
1789 2.760728e+00 2.877859e+00
1790 2.765210e+00 2.876810e+00
1791 2.764880e+00 2.879670e+00
1792 2.734815e+00 2.852937e+00
1793 2.743439e+00 2.822822e+00
1794 2.729201e+00 2.824534e+00
1795 2.728343e+00 2.826083e+00
1796 2.755047e+00 2.817343e+00
1797 2.760330e+00 2.806028e+00
1798 2.756665e+00 2.812077e+00
1799 2.757730e+00 2.811527e+00
1800 2.757421e+00 2.815802e+00
1801 2.765326e+00 2.836288e+00
1802 2.765614e+00 2.822161e+00
1803 2.778391e+00 2.886224e+00
1804 2.790985e+00 2.896635e+00
1805 2.790437e+00 2.884721e+00
1806 2.796549e+00 2.928081e+00
1807 2.808655e+00 2.953720e+00
1808 2.805530e+00 2.953998e+00
1809 2.822667e+00 2.980744e+00
1810 2.819920e+00 2.980822e+00
1811 2.718375e+00 2.977552e+00
1812 2.733564e+00 2.969322e+00
1813 2.729770e+00 2.963677e+00
1814 2.736153e+00 2.957515e+00
1815 2.750178e+00 2.950643e+00
1816 2.763258e+00 2.945618e+00
1817 2.759194e+00 2.953029e+00
1818 2.793938e+00 2.887814e+00
1819 2.806379e+00 2.876107e+00
1820 2.817714e+00 2.904273e+00
1821 2.835268e+00 2.861840e+00
1822 2.821272e+00 2.860758e+00
1823 2.803242e+00 2.850459e+00
1824 2.774282e+00 2.772729e+00
1825 2.748337e+00 2.730458e+00
1826 2.752037e+00 2.722820e+00
1827 2.729563e+00 2.728950e+00
1828 2.741086e+00 2.727678e+00
1829 2.745789e+00 2.729582e+00
1830 2.738897e+00 2.754780e+00
1831 2.717155e+00 2.770652e+00
1832 2.723782e+00 2.768095e+00
1833 2.725778e+00 2.728224e+00
1834 2.726025e+00 2.728280e+00
1835 2.731047e+00 2.720648e+00
1836 2.725939e+00 2.717657e+00
1837 2.734471e+00 2.710241e+00
1838 2.751590e+00 2.700937e+00
1839 2.750813e+00 2.647756e+00
1840 2.754428e+00 2.660418e+00
1841 2.758624e+00 2.690346e+00
1842 2.769425e+00 2.687063e+00
1843 2.766427e+00 2.684645e+00
1844 2.765312e+00 2.681962e+00
1845 2.761212e+00 2.629871e+00
1846 2.766055e+00 2.628779e+00
1847 2.765944e+00 2.629021e+00
1848 2.776146e+00 2.635985e+00
1849 2.774933e+00 2.634269e+00
1850 2.773732e+00 2.634075e+00
1851 2.764351e+00 2.672362e+00
1852 2.832621e+00 2.712723e+00
1853 2.827415e+00 2.724901e+00
1854 2.843950e+00 2.804042e+00
1855 2.830372e+00 2.804901e+00
1856 2.847830e+00 2.810001e+00
1857 2.861173e+00 2.801906e+00
1858 2.861413e+00 2.806253e+00
1859 2.861539e+00 2.807363e+00
1860 2.849398e+00 2.821884e+00
1861 2.844717e+00 2.804652e+00
1862 2.840944e+00 2.798825e+00
1863 2.832806e+00 2.816759e+00
1864 2.818831e+00 2.797871e+00
1865 2.848989e+00 2.785917e+00
1866 2.835693e+00 2.792000e+00
1867 2.854133e+00 2.780750e+00
1868 2.843656e+00 2.799075e+00
1869 2.813574e+00 2.785636e+00
1870 2.813674e+00 2.785473e+00
1871 2.823656e+00 2.775799e+00
1872 2.802437e+00 2.780846e+00
1873 2.818446e+00 2.801885e+00
1874 2.818292e+00 2.796713e+00
1875 2.810871e+00 2.794505e+00
1876 2.810869e+00 2.794626e+00
1877 2.801712e+00 2.769215e+00
1878 2.800800e+00 2.760115e+00
1879 2.846553e+00 2.738527e+00
1880 2.804306e+00 2.762196e+00
1881 2.847434e+00 2.794451e+00
1882 2.860045e+00 2.793101e+00
1883 2.861536e+00 2.794309e+00
1884 2.867796e+00 2.795202e+00
1885 2.863991e+00 2.741226e+00
1886 2.858074e+00 2.743908e+00
1887 2.870249e+00 2.757249e+00
1888 2.870496e+00 2.758259e+00
1889 2.872993e+00 2.770157e+00
1890 2.872112e+00 2.758029e+00
1891 2.875865e+00 2.761104e+00
1892 2.879532e+00 2.758948e+00
1893 2.899982e+00 2.739581e+00
1894 2.919925e+00 2.766510e+00
1895 2.914293e+00 2.813541e+00
1896 2.908947e+00 2.828502e+00
1897 2.906930e+00 2.828783e+00
1898 2.895264e+00 2.826474e+00
1899 2.890301e+00 2.807035e+00
1900 2.890061e+00 2.806908e+00
1901 2.889002e+00 2.804475e+00
1902 2.878571e+00 2.807586e+00
1903 2.879620e+00 2.813512e+00
1904 2.869179e+00 2.819393e+00
1905 2.857869e+00 2.817911e+00
1906 2.847149e+00 2.828385e+00
1907 2.865546e+00 2.833261e+00
1908 2.863117e+00 2.841253e+00
1909 2.844439e+00 2.837051e+00
1910 2.844274e+00 2.833670e+00
1911 2.827677e+00 2.808552e+00
1912 2.824790e+00 2.804885e+00
1913 2.808616e+00 2.796776e+00
1914 2.841385e+00 2.793773e+00
1915 2.849057e+00 2.774599e+00
1916 2.860358e+00 2.737421e+00
1917 2.858913e+00 2.744525e+00
1918 2.848814e+00 2.839785e+00
1919 2.824832e+00 2.809160e+00
1920 2.817707e+00 2.806862e+00
1921 2.828263e+00 2.810917e+00
1922 2.842797e+00 2.813417e+00
1923 2.831152e+00 2.809088e+00
1924 2.968233e+00 2.870457e+00
1925 2.977755e+00 2.873305e+00
1926 2.951305e+00 2.940219e+00
1927 2.937854e+00 2.906136e+00
1928 2.942530e+00 2.903451e+00
1929 2.954640e+00 2.891809e+00
1930 2.956361e+00 2.894491e+00
1931 2.983488e+00 2.926822e+00
1932 2.996058e+00 2.924655e+00
1933 2.990442e+00 2.935904e+00
1934 2.980716e+00 2.964593e+00
1935 3.008778e+00 2.944280e+00
1936 3.055109e+00 2.938451e+00
1937 3.049791e+00 2.925328e+00
1938 3.050200e+00 2.912320e+00
1939 3.038855e+00 2.938103e+00
1940 3.036874e+00 2.935078e+00
1941 3.055423e+00 2.877756e+00
1942 3.142968e+00 2.853821e+00
1943 3.143157e+00 2.862588e+00
1944 3.136384e+00 2.883288e+00
1945 3.123938e+00 2.858301e+00
1946 3.116156e+00 2.857064e+00
1947 3.108994e+00 2.856692e+00
1948 3.150347e+00 2.852924e+00
1949 3.148984e+00 2.852578e+00
1950 3.148926e+00 2.851274e+00
1951 3.157063e+00 2.864505e+00
1952 3.148916e+00 2.852577e+00
1953 3.135375e+00 2.837211e+00
1954 3.129561e+00 2.838178e+00
1955 3.143007e+00 2.847056e+00
1956 3.099548e+00 2.838626e+00
1957 3.089465e+00 2.841209e+00
1958 3.091182e+00 2.883179e+00
1959 3.121754e+00 2.870242e+00
1960 3.121020e+00 2.869924e+00
1961 3.115157e+00 2.875846e+00
1962 3.126405e+00 2.865444e+00
1963 3.137417e+00 2.844957e+00
1964 3.143057e+00 2.838730e+00
1965 3.144140e+00 2.883993e+00
1966 3.144299e+00 2.891684e+00
1967 3.137961e+00 2.884889e+00
1968 3.133786e+00 2.890617e+00
1969 3.133657e+00 2.885976e+00
1970 3.133574e+00 2.890650e+00
1971 3.132793e+00 2.906482e+00
1972 3.154988e+00 2.943827e+00
1973 3.177389e+00 2.964965e+00
1974 3.172837e+00 2.961403e+00
1975 3.170778e+00 2.961506e+00
1976 3.180464e+00 2.942735e+00
1977 3.185605e+00 2.931969e+00
1978 3.127659e+00 2.960320e+00
1979 3.133487e+00 2.973891e+00
1980 3.132480e+00 2.975493e+00
1981 3.168711e+00 3.012145e+00
