0 8.930681e-01 3.475581e-01
1 9.016371e-01 3.551782e-01
2 9.061771e-01 3.601315e-01
3 9.292368e-01 4.131842e-01
4 9.195662e-01 3.918975e-01
5 9.113603e-01 3.891653e-01
6 9.176542e-01 4.153750e-01
7 9.798958e-01 3.511969e-01
8 9.785417e-01 3.506456e-01
9 9.758835e-01 3.490618e-01
10 9.575430e-01 3.382517e-01
11 9.558069e-01 3.363803e-01
12 9.145799e-01 4.241984e-01
13 9.055675e-01 4.404308e-01
14 9.060441e-01 4.391963e-01
15 9.179336e-01 4.326140e-01
16 8.951574e-01 4.125903e-01
17 8.505496e-01 4.147878e-01
18 8.496667e-01 4.126056e-01
19 8.559246e-01 4.064404e-01
20 8.649214e-01 3.834588e-01
21 8.505011e-01 3.769524e-01
22 8.060156e-01 3.691953e-01
23 7.701892e-01 4.109421e-01
24 7.821637e-01 3.535227e-01
25 7.810551e-01 3.526811e-01
26 7.842340e-01 3.545718e-01
27 8.116964e-01 3.604961e-01
28 8.210439e-01 3.648155e-01
29 7.858131e-01 3.277182e-01
30 8.344210e-01 3.385857e-01
31 8.108426e-01 3.569476e-01
32 8.290185e-01 3.204795e-01
33 8.482742e-01 3.332862e-01
34 8.426515e-01 3.355205e-01
35 8.487550e-01 3.472529e-01
36 8.056064e-01 2.992970e-01
37 8.023800e-01 3.024734e-01
38 7.937478e-01 3.189397e-01
39 7.907865e-01 3.078068e-01
40 8.622879e-01 2.993015e-01
41 8.613712e-01 2.941989e-01
42 8.596011e-01 2.781586e-01
43 8.553345e-01 2.789528e-01
44 8.551962e-01 2.811869e-01
45 8.536388e-01 2.456779e-01
46 8.432301e-01 2.160400e-01
47 8.377388e-01 2.376647e-01
48 8.320324e-01 2.341708e-01
49 8.342647e-01 2.340025e-01
50 7.878537e-01 2.178068e-01
51 7.876046e-01 2.183012e-01
52 7.845949e-01 2.249724e-01
53 7.907165e-01 2.216907e-01
54 7.898893e-01 2.215048e-01
55 7.898135e-01 2.216388e-01
56 7.911863e-01 2.222015e-01
57 7.975290e-01 2.257685e-01
58 7.981497e-01 2.263647e-01
59 7.931394e-01 2.360019e-01
60 7.932048e-01 2.424605e-01
61 8.356609e-01 2.703569e-01
62 8.377206e-01 2.656935e-01
63 8.253366e-01 3.137081e-01
64 8.244333e-01 3.093525e-01
65 8.190915e-01 2.959215e-01
66 8.338917e-01 2.963246e-01
67 8.404545e-01 3.203569e-01
68 8.401436e-01 3.200088e-01
69 8.417202e-01 3.187183e-01
70 8.348872e-01 3.278129e-01
71 8.345627e-01 3.285547e-01
72 8.498481e-01 3.317837e-01
73 8.789809e-01 3.287942e-01
74 8.791920e-01 3.210497e-01
75 8.832981e-01 3.260934e-01
76 8.815168e-01 3.235898e-01
77 8.878255e-01 3.257286e-01
78 8.887970e-01 3.279557e-01
79 8.736182e-01 3.191448e-01
80 8.687684e-01 3.328866e-01
81 8.629340e-01 3.413556e-01
82 9.275344e-01 3.178801e-01
83 9.476801e-01 3.219943e-01
84 9.786734e-01 3.134954e-01
85 9.794174e-01 3.131253e-01
86 9.789218e-01 3.118887e-01
87 9.764066e-01 3.385809e-01
88 9.843801e-01 3.236515e-01
89 9.629393e-01 2.908847e-01
90 9.579684e-01 3.021758e-01
91 9.397621e-01 2.688806e-01
92 9.362369e-01 2.872460e-01
93 9.570923e-01 2.301878e-01
94 9.553489e-01 2.525929e-01
95 9.710518e-01 2.726554e-01
96 9.749707e-01 2.736785e-01
97 9.800145e-01 2.941228e-01
98 9.999204e-01 2.961609e-01
99 1.000430e+00 2.956821e-01
100 9.998391e-01 3.041358e-01
101 9.998301e-01 3.067679e-01
102 9.917815e-01 2.926564e-01
103 1.012599e+00 3.185289e-01
104 1.011618e+00 3.442839e-01
105 9.986976e-01 3.386414e-01
106 1.007107e+00 3.500027e-01
107 1.060315e+00 3.630829e-01
108 1.058085e+00 3.674573e-01
109 1.072884e+00 3.503478e-01
110 1.063506e+00 3.567974e-01
111 1.064198e+00 3.695006e-01
112 1.068873e+00 3.671962e-01
113 1.080353e+00 3.596130e-01
114 1.115694e+00 3.874135e-01
115 1.085833e+00 3.659945e-01
116 1.084235e+00 3.645293e-01
117 1.087689e+00 3.744559e-01
118 1.064624e+00 3.180099e-01
119 1.054984e+00 3.131982e-01
120 1.010846e+00 2.880789e-01
121 1.009317e+00 2.637332e-01
122 1.004458e+00 2.667272e-01
123 1.000474e+00 2.668928e-01
124 9.727162e-01 3.578246e-01
125 9.714488e-01 3.432570e-01
126 9.948823e-01 3.253076e-01
127 9.923658e-01 3.207030e-01
128 9.929860e-01 3.198616e-01
129 1.015775e+00 3.145744e-01
130 1.030650e+00 3.184557e-01
131 1.003240e+00 3.109159e-01
132 9.986899e-01 2.949840e-01
133 9.998295e-01 2.966464e-01
134 9.980627e-01 2.958672e-01
135 1.028382e+00 3.281007e-01
136 1.029183e+00 3.378134e-01
137 1.009698e+00 3.072838e-01
138 9.905153e-01 3.150725e-01
139 9.900855e-01 3.235612e-01
140 9.932945e-01 3.416591e-01
141 9.892918e-01 3.702666e-01
142 9.841093e-01 3.832210e-01
143 9.860440e-01 3.901959e-01
144 9.759292e-01 3.869813e-01
145 9.808938e-01 3.939601e-01
146 9.780671e-01 3.772112e-01
147 9.765911e-01 3.749717e-01
148 9.858326e-01 3.533472e-01
149 9.667118e-01 3.635635e-01
150 9.705643e-01 3.930585e-01
151 9.925810e-01 4.047227e-01
152 9.935721e-01 4.061257e-01
153 9.999699e-01 4.158074e-01
154 1.001883e+00 4.048079e-01
155 1.006466e+00 4.041765e-01
156 9.974211e-01 3.986225e-01
157 1.010233e+00 4.169610e-01
158 1.010216e+00 4.169261e-01
159 1.013650e+00 4.003890e-01
160 9.921170e-01 4.080809e-01
161 9.925375e-01 4.083645e-01
162 1.015899e+00 5.077952e-01
163 1.011987e+00 5.100466e-01
164 1.050738e+00 4.628481e-01
165 1.033718e+00 4.660410e-01
166 1.028796e+00 4.664492e-01
167 1.033297e+00 4.699431e-01
168 1.033654e+00 4.726714e-01
169 1.069194e+00 4.319041e-01
170 1.060884e+00 4.357128e-01
171 1.058719e+00 4.533937e-01
172 1.018906e+00 4.415279e-01
173 1.033859e+00 4.463826e-01
174 1.043147e+00 4.448789e-01
175 1.059756e+00 4.300706e-01
176 1.082111e+00 4.068282e-01
177 1.076118e+00 3.960937e-01
178 1.078064e+00 4.505591e-01
179 1.084608e+00 4.557444e-01
180 1.094157e+00 4.486734e-01
181 1.095863e+00 4.502331e-01
182 1.090891e+00 4.561313e-01
183 1.063370e+00 4.526243e-01
184 1.041903e+00 4.620438e-01
185 1.030892e+00 4.338133e-01
186 1.036398e+00 4.099968e-01
187 1.037079e+00 4.091833e-01
188 1.057555e+00 3.873403e-01
189 1.074899e+00 3.805442e-01
190 1.071640e+00 3.822297e-01
191 1.069599e+00 3.782260e-01
192 1.076319e+00 3.894771e-01
193 1.070622e+00 3.752393e-01
194 1.059928e+00 3.496723e-01
195 1.074968e+00 3.450629e-01
196 1.062700e+00 3.278953e-01
197 1.079367e+00 3.421178e-01
198 1.075159e+00 3.423904e-01
199 1.072903e+00 3.436240e-01
200 1.111420e+00 3.488506e-01
201 1.121644e+00 3.327995e-01
202 1.120775e+00 3.267398e-01
203 1.132968e+00 3.068187e-01
204 1.152522e+00 3.381879e-01
205 1.157079e+00 3.408770e-01
206 1.158922e+00 3.426378e-01
207 1.153222e+00 3.516559e-01
208 1.155003e+00 3.537845e-01
209 1.114670e+00 3.928916e-01
210 1.100743e+00 3.973596e-01
211 1.062820e+00 3.696892e-01
212 1.056903e+00 3.688174e-01
213 1.052762e+00 3.645525e-01
214 1.064530e+00 3.717857e-01
215 1.036726e+00 4.181004e-01
216 9.518667e-01 4.902090e-01
217 9.722372e-01 4.651052e-01
218 9.485625e-01 4.722455e-01
219 9.310581e-01 4.746141e-01
220 9.328611e-01 4.705403e-01
221 9.760086e-01 5.408058e-01
222 9.637785e-01 5.433607e-01
223 9.961352e-01 5.883130e-01
224 9.959256e-01 5.883832e-01
225 9.961402e-01 5.885770e-01
226 9.903662e-01 5.994534e-01
227 9.797971e-01 6.036461e-01
228 9.665751e-01 5.886820e-01
229 9.736471e-01 6.006276e-01
230 9.758412e-01 6.004048e-01
231 9.786435e-01 5.963506e-01
232 9.804497e-01 5.969964e-01
233 9.930423e-01 6.616713e-01
234 9.794037e-01 6.636599e-01
235 9.828472e-01 6.733998e-01
236 9.830567e-01 6.775922e-01
237 1.046687e+00 7.070223e-01
238 1.052209e+00 7.040763e-01
239 1.052217e+00 7.039287e-01
240 1.051080e+00 7.065460e-01
241 1.058576e+00 7.062593e-01
242 1.053276e+00 7.349348e-01
243 1.047574e+00 7.648626e-01
244 1.042222e+00 7.719958e-01
245 1.025162e+00 7.899203e-01
246 1.027784e+00 8.026804e-01
247 1.020604e+00 7.901695e-01
248 1.017719e+00 8.061989e-01
249 1.069953e+00 7.873560e-01
250 1.038157e+00 8.564887e-01
251 1.054617e+00 8.639174e-01
252 1.054995e+00 8.632105e-01
253 1.055554e+00 8.626436e-01
254 1.048825e+00 8.591967e-01
255 1.056191e+00 8.823750e-01
256 1.061821e+00 8.895881e-01
257 1.055550e+00 8.835326e-01
258 1.050733e+00 8.758338e-01
259 1.056334e+00 8.697491e-01
260 1.061257e+00 8.600947e-01
261 1.060236e+00 8.764560e-01
262 1.057177e+00 8.658712e-01
263 1.052032e+00 8.443183e-01
264 1.052219e+00 8.436125e-01
265 1.053773e+00 8.195590e-01
266 1.050940e+00 8.218477e-01
267 1.022062e+00 8.272951e-01
268 1.042754e+00 8.663682e-01
269 1.036436e+00 8.690005e-01
270 1.037001e+00 8.691160e-01
271 1.051991e+00 8.882860e-01
272 1.044943e+00 8.875246e-01
273 1.044975e+00 8.860322e-01
274 1.046228e+00 8.850368e-01
275 1.046579e+00 8.800306e-01
276 1.057894e+00 8.817244e-01
277 1.037910e+00 9.097123e-01
278 1.020760e+00 9.129353e-01
279 9.857726e-01 8.760575e-01
280 9.967107e-01 8.957956e-01
281 9.911361e-01 9.210442e-01
282 9.703678e-01 9.096741e-01
283 9.616958e-01 9.313863e-01
284 9.827807e-01 9.397136e-01
285 9.868543e-01 9.493950e-01
286 1.031025e+00 9.882771e-01
287 1.031519e+00 9.874345e-01
288 1.038298e+00 9.901017e-01
289 1.044310e+00 1.001488e+00
290 1.067285e+00 1.012016e+00
291 1.087983e+00 1.017109e+00
292 1.091633e+00 1.000852e+00
293 1.098224e+00 1.022302e+00
294 1.103407e+00 1.020390e+00
295 1.095411e+00 1.044601e+00
296 1.090507e+00 1.053229e+00
297 1.090792e+00 1.046032e+00
298 1.101422e+00 1.046192e+00
299 1.095481e+00 1.054307e+00
300 1.092391e+00 1.045593e+00
301 1.084867e+00 1.042847e+00
302 1.088804e+00 1.039272e+00
303 1.086794e+00 1.049715e+00
304 1.083635e+00 1.041027e+00
305 1.018143e+00 1.103174e+00
306 1.036373e+00 1.103614e+00
307 1.032794e+00 1.107487e+00
308 1.024849e+00 1.117097e+00
309 1.026378e+00 1.115829e+00
310 1.050791e+00 1.068911e+00
311 1.067703e+00 1.037662e+00
312 1.058741e+00 1.021990e+00
313 1.060680e+00 1.015173e+00
314 1.056854e+00 1.015737e+00
315 1.109294e+00 1.075380e+00
316 1.108866e+00 1.074234e+00
317 1.086479e+00 1.061737e+00
318 1.060952e+00 1.067235e+00
319 1.066649e+00 1.075725e+00
320 1.066946e+00 1.073170e+00
321 1.066672e+00 1.073077e+00
322 1.073112e+00 1.134337e+00
323 1.087580e+00 1.126467e+00
324 1.127927e+00 1.117053e+00
325 1.146961e+00 1.089838e+00
326 1.154092e+00 1.090794e+00
327 1.150091e+00 1.091193e+00
328 1.138322e+00 1.140810e+00
329 1.123884e+00 1.102393e+00
330 1.127269e+00 1.108255e+00
331 1.140988e+00 1.109459e+00
332 1.136865e+00 1.119238e+00
333 1.153915e+00 1.146249e+00
334 1.154123e+00 1.147330e+00
335 1.161495e+00 1.143657e+00
336 1.144411e+00 1.136835e+00
337 1.143201e+00 1.140411e+00
338 1.114456e+00 1.151534e+00
339 1.090656e+00 1.128562e+00
340 1.094346e+00 1.122029e+00
341 1.089718e+00 1.115222e+00
342 1.113924e+00 1.141120e+00
343 1.175553e+00 1.206896e+00
344 1.185130e+00 1.201082e+00
345 1.185670e+00 1.181061e+00
346 1.187797e+00 1.179985e+00
347 1.188809e+00 1.166376e+00
348 1.120192e+00 1.183165e+00
349 1.063816e+00 1.193738e+00
350 1.061695e+00 1.188499e+00
351 1.061094e+00 1.186808e+00
352 1.057917e+00 1.181198e+00
353 1.050246e+00 1.154206e+00
354 1.060447e+00 1.137626e+00
355 1.058365e+00 1.156740e+00
356 1.056618e+00 1.165691e+00
357 1.059615e+00 1.183263e+00
358 1.088733e+00 1.186701e+00
359 1.074340e+00 1.173018e+00
360 1.097057e+00 1.154201e+00
361 1.113074e+00 1.177473e+00
362 1.117394e+00 1.169527e+00
363 1.110271e+00 1.192508e+00
364 1.141370e+00 1.179113e+00
365 1.163373e+00 1.185559e+00
366 1.172782e+00 1.178235e+00
367 1.171228e+00 1.187154e+00
368 1.175209e+00 1.159067e+00
369 1.203365e+00 1.189080e+00
370 1.227056e+00 1.185440e+00
371 1.276425e+00 1.176324e+00
372 1.276205e+00 1.178152e+00
373 1.288602e+00 1.167429e+00
374 1.338793e+00 1.149044e+00
375 1.324004e+00 1.121934e+00
376 1.342530e+00 1.086471e+00
377 1.351096e+00 1.073406e+00
378 1.338053e+00 1.082678e+00
379 1.346215e+00 1.082717e+00
380 1.344752e+00 1.083451e+00
381 1.356802e+00 1.084550e+00
382 1.354133e+00 1.085689e+00
383 1.355873e+00 1.085565e+00
384 1.349602e+00 1.114941e+00
385 1.332936e+00 1.143002e+00
386 1.331830e+00 1.142944e+00
387 1.329150e+00 1.143431e+00
388 1.329253e+00 1.143409e+00
389 1.343693e+00 1.134378e+00
390 1.344390e+00 1.107182e+00
391 1.341475e+00 1.099078e+00
392 1.331317e+00 1.110044e+00
393 1.382105e+00 1.103902e+00
394 1.384136e+00 1.104293e+00
395 1.396207e+00 1.116035e+00
396 1.402020e+00 1.083257e+00
397 1.427526e+00 1.083478e+00
398 1.435339e+00 1.078113e+00
399 1.433171e+00 1.074407e+00
400 1.406637e+00 1.105507e+00
401 1.406048e+00 1.106141e+00
402 1.405299e+00 1.106765e+00
403 1.406253e+00 1.101720e+00
404 1.408545e+00 1.097058e+00
405 1.425103e+00 1.086505e+00
406 1.423782e+00 1.084721e+00
407 1.435860e+00 1.097270e+00
408 1.421147e+00 1.086738e+00
409 1.411691e+00 1.092389e+00
410 1.429635e+00 1.101425e+00
411 1.435482e+00 1.083730e+00
412 1.460362e+00 1.083229e+00
413 1.479240e+00 1.124810e+00
414 1.495122e+00 1.139688e+00
415 1.482441e+00 1.148501e+00
416 1.485721e+00 1.141976e+00
417 1.484986e+00 1.126597e+00
418 1.516185e+00 1.129132e+00
419 1.513822e+00 1.124268e+00
420 1.511571e+00 1.121346e+00
421 1.508343e+00 1.115592e+00
422 1.523500e+00 1.116504e+00
423 1.523283e+00 1.115706e+00
424 1.522639e+00 1.115432e+00
425 1.521985e+00 1.114099e+00
426 1.551391e+00 1.162885e+00
427 1.576062e+00 1.204725e+00
428 1.571378e+00 1.204280e+00
429 1.590202e+00 1.204798e+00
430 1.578460e+00 1.179776e+00
431 1.573311e+00 1.179266e+00
432 1.549981e+00 1.192447e+00
433 1.533960e+00 1.205459e+00
434 1.573792e+00 1.074265e+00
435 1.558079e+00 1.067581e+00
436 1.561969e+00 1.075447e+00
437 1.577874e+00 1.061180e+00
438 1.578468e+00 1.059210e+00
439 1.580716e+00 1.088720e+00
440 1.567499e+00 1.094357e+00
441 1.594589e+00 1.100746e+00
442 1.595266e+00 1.102446e+00
443 1.596786e+00 1.102905e+00
444 1.599289e+00 1.112691e+00
445 1.626001e+00 1.124422e+00
446 1.625422e+00 1.125520e+00
447 1.625494e+00 1.125912e+00
448 1.627430e+00 1.125774e+00
449 1.632966e+00 1.122949e+00
450 1.625210e+00 1.095514e+00
451 1.644549e+00 1.120247e+00
452 1.626648e+00 1.083973e+00
453 1.601698e+00 1.151162e+00
454 1.623632e+00 1.152448e+00
455 1.621107e+00 1.157830e+00
456 1.640397e+00 1.092382e+00
457 1.653435e+00 1.098381e+00
458 1.648868e+00 1.098766e+00
459 1.655195e+00 1.065814e+00
460 1.651731e+00 1.058858e+00
461 1.611220e+00 1.000122e+00
462 1.609263e+00 9.980436e-01
463 1.604779e+00 9.966548e-01
464 1.608752e+00 9.969894e-01
465 1.595208e+00 9.767469e-01
466 1.600375e+00 1.001738e+00
467 1.595670e+00 1.002477e+00
468 1.635558e+00 1.005215e+00
469 1.636846e+00 1.001428e+00
470 1.626035e+00 9.522139e-01
471 1.607906e+00 9.451885e-01
472 1.588153e+00 9.385927e-01
473 1.587168e+00 9.463383e-01
474 1.583778e+00 9.345719e-01
475 1.569604e+00 9.232765e-01
476 1.569569e+00 9.262866e-01
477 1.544116e+00 9.355458e-01
478 1.525927e+00 9.374357e-01
479 1.540922e+00 9.340613e-01
480 1.556604e+00 9.361538e-01
481 1.577011e+00 9.250508e-01
482 1.577646e+00 9.293560e-01
483 1.611001e+00 8.834738e-01
484 1.609201e+00 8.579225e-01
485 1.610681e+00 8.544872e-01
486 1.624154e+00 8.722926e-01
487 1.623224e+00 8.533662e-01
488 1.626141e+00 8.530284e-01
489 1.634083e+00 8.821992e-01
490 1.649871e+00 8.669671e-01
491 1.655015e+00 8.769811e-01
492 1.649473e+00 8.950463e-01
493 1.650353e+00 8.940039e-01
494 1.654659e+00 8.918382e-01
495 1.656666e+00 9.101151e-01
496 1.656004e+00 9.106716e-01
497 1.657166e+00 9.130883e-01
498 1.638857e+00 9.271498e-01
499 1.668041e+00 9.338804e-01
500 1.666456e+00 9.275601e-01
501 1.666432e+00 9.267945e-01
502 1.608417e+00 9.972480e-01
503 1.573146e+00 9.994924e-01
504 1.540061e+00 1.020478e+00
505 1.538222e+00 1.014890e+00
506 1.539185e+00 1.016737e+00
507 1.535050e+00 1.012190e+00
508 1.536490e+00 1.024573e+00
509 1.511858e+00 1.007370e+00
510 1.513158e+00 9.962838e-01
511 1.520021e+00 9.953628e-01
512 1.540064e+00 9.974218e-01
513 1.539263e+00 9.979836e-01
514 1.532084e+00 1.000676e+00
515 1.523620e+00 1.011258e+00
516 1.512114e+00 9.916285e-01
517 1.507809e+00 9.353337e-01
518 1.524994e+00 9.312486e-01
519 1.543555e+00 9.134698e-01
520 1.560013e+00 9.141818e-01
521 1.559895e+00 9.141572e-01
522 1.591647e+00 8.684231e-01
523 1.598952e+00 8.549900e-01
524 1.599870e+00 8.529761e-01
525 1.601323e+00 8.472823e-01
526 1.481708e+00 8.114647e-01
527 1.455721e+00 8.122858e-01
528 1.413263e+00 8.511023e-01
529 1.413243e+00 8.566246e-01
530 1.430743e+00 8.386467e-01
531 1.431035e+00 8.389431e-01
532 1.426977e+00 8.461103e-01
533 1.426635e+00 8.464365e-01
534 1.426122e+00 8.467508e-01
535 1.388592e+00 8.378917e-01
536 1.389771e+00 8.443128e-01
537 1.394985e+00 8.696051e-01
538 1.428923e+00 8.357177e-01
539 1.435732e+00 8.408711e-01
540 1.436848e+00 8.449529e-01
541 1.398064e+00 8.883271e-01
542 1.397436e+00 8.914813e-01
543 1.397234e+00 8.959950e-01
544 1.397073e+00 8.960198e-01
545 1.395160e+00 8.957350e-01
546 1.378433e+00 8.729292e-01
547 1.378674e+00 8.728002e-01
548 1.365652e+00 8.698145e-01
549 1.381344e+00 8.233120e-01
550 1.377786e+00 8.269957e-01
551 1.367502e+00 7.797049e-01
552 1.363960e+00 7.852480e-01
553 1.363831e+00 7.860770e-01
554 1.368266e+00 7.693981e-01
555 1.383321e+00 7.980662e-01
556 1.385013e+00 8.140608e-01
557 1.389725e+00 8.152597e-01
558 1.362930e+00 8.037123e-01
559 1.352418e+00 7.851117e-01
560 1.376149e+00 8.047273e-01
561 1.373915e+00 8.061608e-01
562 1.362838e+00 8.351140e-01
563 1.364261e+00 8.419245e-01
564 1.378354e+00 8.063780e-01
565 1.376477e+00 7.995466e-01
566 1.360827e+00 7.806075e-01
567 1.406161e+00 6.971188e-01
568 1.400401e+00 6.846971e-01
569 1.388482e+00 6.801840e-01
570 1.398345e+00 7.129680e-01
571 1.358146e+00 6.720598e-01
572 1.285919e+00 6.902576e-01
573 1.285482e+00 6.903371e-01
574 1.282339e+00 6.912551e-01
575 1.279184e+00 6.907924e-01
576 1.311363e+00 7.183948e-01
577 1.338046e+00 7.201079e-01
578 1.363654e+00 7.221754e-01
579 1.377811e+00 7.033597e-01
580 1.427126e+00 7.059767e-01
581 1.427463e+00 7.046434e-01
582 1.430368e+00 7.082560e-01
583 1.450786e+00 7.040353e-01
584 1.492466e+00 6.754771e-01
585 1.498330e+00 6.805414e-01
586 1.438575e+00 6.772410e-01
587 1.399674e+00 6.761651e-01
588 1.391476e+00 6.766141e-01
589 1.431702e+00 7.021849e-01
590 1.420304e+00 6.732668e-01
591 1.408605e+00 6.389096e-01
592 1.408625e+00 6.388948e-01
593 1.397274e+00 6.216246e-01
594 1.413891e+00 6.270619e-01
595 1.432385e+00 6.041658e-01
596 1.426177e+00 6.073900e-01
597 1.439882e+00 6.142429e-01
598 1.439287e+00 6.142706e-01
599 1.442463e+00 6.115083e-01
600 1.456077e+00 6.085848e-01
601 1.456699e+00 6.088974e-01
602 1.456515e+00 6.094855e-01
603 1.446348e+00 6.104290e-01
604 1.464180e+00 6.126124e-01
605 1.495506e+00 6.280768e-01
606 1.491313e+00 6.048965e-01
607 1.404540e+00 5.715133e-01
608 1.422440e+00 5.600582e-01
609 1.408301e+00 5.592622e-01
610 1.401588e+00 6.145971e-01
611 1.440767e+00 6.525778e-01
612 1.462654e+00 6.386174e-01
613 1.459856e+00 6.337961e-01
614 1.441589e+00 6.167656e-01
615 1.468913e+00 6.103530e-01
616 1.468976e+00 6.105160e-01
617 1.480504e+00 6.174900e-01
618 1.515167e+00 6.067830e-01
619 1.515841e+00 6.079240e-01
620 1.517568e+00 6.101194e-01
621 1.524174e+00 6.095381e-01
622 1.551425e+00 6.198056e-01
623 1.540494e+00 6.122658e-01
624 1.524641e+00 6.165344e-01
625 1.530522e+00 6.139242e-01
626 1.559899e+00 6.061208e-01
627 1.550382e+00 6.120961e-01
628 1.547132e+00 6.119678e-01
629 1.517967e+00 6.302856e-01
630 1.530811e+00 6.267771e-01
631 1.517523e+00 6.119682e-01
632 1.526929e+00 6.106621e-01
633 1.531509e+00 5.830506e-01
634 1.655324e+00 5.236431e-01
635 1.667454e+00 5.184699e-01
636 1.605301e+00 5.460723e-01
637 1.598980e+00 5.423295e-01
638 1.575604e+00 5.536469e-01
639 1.577223e+00 5.456771e-01
640 1.570863e+00 5.491524e-01
641 1.581601e+00 5.719204e-01
642 1.578041e+00 5.655229e-01
643 1.581506e+00 5.911359e-01
644 1.590763e+00 5.954998e-01
645 1.601817e+00 5.924647e-01
646 1.601741e+00 5.921850e-01
647 1.603990e+00 5.838317e-01
648 1.603413e+00 5.831930e-01
649 1.602601e+00 5.538799e-01
650 1.604428e+00 5.865028e-01
651 1.605811e+00 5.861694e-01
652 1.606021e+00 5.935061e-01
653 1.601406e+00 6.207367e-01
654 1.601295e+00 6.218188e-01
655 1.616694e+00 6.419432e-01
656 1.604780e+00 6.643989e-01
657 1.615057e+00 6.458685e-01
658 1.612616e+00 6.462647e-01
659 1.642679e+00 6.529949e-01
660 1.642539e+00 6.530866e-01
661 1.642141e+00 6.456872e-01
662 1.611897e+00 5.966356e-01
663 1.611447e+00 5.958033e-01
664 1.624890e+00 5.725758e-01
665 1.613815e+00 5.634846e-01
666 1.611130e+00 5.606726e-01
667 1.611355e+00 5.537928e-01
668 1.630750e+00 4.928133e-01
669 1.630092e+00 4.829890e-01
670 1.643607e+00 4.830777e-01
671 1.644189e+00 4.833926e-01
672 1.637546e+00 4.954419e-01
673 1.627712e+00 4.928088e-01
674 1.631499e+00 5.002078e-01
675 1.623068e+00 5.248308e-01
676 1.607421e+00 5.345171e-01
677 1.584367e+00 5.584377e-01
678 1.606266e+00 5.734651e-01
679 1.600530e+00 5.583675e-01
680 1.601923e+00 5.653391e-01
681 1.600444e+00 5.647194e-01
682 1.606981e+00 5.610547e-01
683 1.608019e+00 5.594776e-01
684 1.605905e+00 5.594488e-01
685 1.608675e+00 5.688762e-01
686 1.600139e+00 5.527104e-01
687 1.607310e+00 5.434991e-01
688 1.592751e+00 5.396625e-01
689 1.553230e+00 5.220888e-01
690 1.556783e+00 5.207310e-01
691 1.564878e+00 5.165698e-01
692 1.561917e+00 5.062691e-01
693 1.579487e+00 4.981125e-01
694 1.580539e+00 5.048707e-01
695 1.587998e+00 4.737656e-01
696 1.549320e+00 4.416738e-01
697 1.554555e+00 4.412811e-01
698 1.566620e+00 4.477967e-01
699 1.616891e+00 4.604844e-01
700 1.662467e+00 4.699209e-01
701 1.675333e+00 4.603678e-01
702 1.652648e+00 4.876465e-01
703 1.661441e+00 4.794455e-01
704 1.660794e+00 4.924182e-01
705 1.555812e+00 4.459253e-01
706 1.562552e+00 4.413731e-01
707 1.559569e+00 4.419265e-01
708 1.557331e+00 4.520328e-01
709 1.551860e+00 4.402230e-01
710 1.547736e+00 3.992542e-01
711 1.530421e+00 3.509383e-01
712 1.523642e+00 3.588975e-01
713 1.484851e+00 3.340579e-01
714 1.468194e+00 3.381276e-01
715 1.493925e+00 2.771404e-01
716 1.487172e+00 2.644997e-01
717 1.518156e+00 3.034994e-01
718 1.537837e+00 2.939552e-01
719 1.583423e+00 3.661184e-01
720 1.581848e+00 3.654353e-01
721 1.587132e+00 3.831567e-01
722 1.610845e+00 4.336451e-01
723 1.625282e+00 3.790751e-01
724 1.619172e+00 3.681325e-01
725 1.581325e+00 2.784676e-01
726 1.603721e+00 2.519663e-01
727 1.600513e+00 2.284086e-01
728 1.574137e+00 2.705935e-01
729 1.571934e+00 2.694280e-01
730 1.570931e+00 2.506684e-01
731 1.570634e+00 2.972705e-01
732 1.536695e+00 3.234730e-01
733 1.533883e+00 3.208607e-01
734 1.528208e+00 3.174447e-01
735 1.515111e+00 3.180785e-01
736 1.524189e+00 2.964858e-01
737 1.554829e+00 3.011645e-01
738 1.558340e+00 2.952209e-01
739 1.551313e+00 2.967773e-01
740 1.557052e+00 2.988024e-01
741 1.557386e+00 2.982857e-01
742 1.541999e+00 2.918342e-01
743 1.520437e+00 2.897522e-01
744 1.541638e+00 2.926931e-01
745 1.509382e+00 3.291702e-01
746 1.513198e+00 3.301363e-01
747 1.552916e+00 3.661986e-01
748 1.569042e+00 4.349592e-01
749 1.566721e+00 4.449499e-01
750 1.567513e+00 4.385975e-01
751 1.577328e+00 4.294626e-01
752 1.562757e+00 4.313956e-01
753 1.584743e+00 4.517898e-01
754 1.584043e+00 4.537852e-01
755 1.572778e+00 4.454164e-01
756 1.576054e+00 4.447668e-01
757 1.577538e+00 4.409785e-01
758 1.578697e+00 4.512425e-01
759 1.582638e+00 4.677252e-01
760 1.582674e+00 4.694609e-01
761 1.572889e+00 4.883852e-01
762 1.571400e+00 4.471609e-01
763 1.563533e+00 4.462920e-01
764 1.560091e+00 4.759789e-01
765 1.540833e+00 4.800766e-01
766 1.564413e+00 4.389939e-01
767 1.561224e+00 4.328645e-01
768 1.564070e+00 4.308607e-01
769 1.565346e+00 4.315395e-01
770 1.563828e+00 4.133344e-01
771 1.562931e+00 4.134282e-01
772 1.587273e+00 4.032247e-01
773 1.564239e+00 4.266991e-01
774 1.545198e+00 4.277848e-01
775 1.539300e+00 4.123291e-01
776 1.540615e+00 4.129190e-01
777 1.548363e+00 4.163965e-01
778 1.536992e+00 4.148788e-01
779 1.534633e+00 4.114814e-01
780 1.545412e+00 4.365627e-01
781 1.523637e+00 4.234841e-01
782 1.533711e+00 4.274998e-01
783 1.534315e+00 4.271825e-01
784 1.508943e+00 4.445599e-01
785 1.507878e+00 4.384623e-01
786 1.508445e+00 4.364808e-01
787 1.508392e+00 4.364588e-01
788 1.500391e+00 4.267560e-01
789 1.499489e+00 4.242270e-01
790 1.491626e+00 4.217889e-01
791 1.497559e+00 4.394123e-01
792 1.497560e+00 4.559100e-01
793 1.497416e+00 4.471552e-01
794 1.499260e+00 4.473124e-01
795 1.513326e+00 4.765239e-01
796 1.513589e+00 4.770500e-01
797 1.515455e+00 4.780330e-01
798 1.474993e+00 4.794711e-01
799 1.437583e+00 4.873744e-01
800 1.433618e+00 5.063302e-01
801 1.434979e+00 5.077438e-01
802 1.426259e+00 5.158152e-01
803 1.416691e+00 5.462031e-01
804 1.465913e+00 5.771137e-01
805 1.518147e+00 5.726232e-01
806 1.498084e+00 5.538116e-01
807 1.522661e+00 5.509318e-01
808 1.526418e+00 5.481025e-01
809 1.528525e+00 5.470595e-01
810 1.527284e+00 5.329446e-01
811 1.525211e+00 5.300446e-01
812 1.523597e+00 5.312682e-01
813 1.551582e+00 5.204705e-01
814 1.551891e+00 5.206372e-01
815 1.553343e+00 5.359166e-01
816 1.554343e+00 5.382929e-01
817 1.551777e+00 5.395326e-01
818 1.574110e+00 4.937800e-01
819 1.553807e+00 5.206636e-01
820 1.552351e+00 5.257521e-01
821 1.558954e+00 5.297125e-01
822 1.559464e+00 5.294415e-01
823 1.551311e+00 5.353651e-01
824 1.547124e+00 5.229637e-01
825 1.541792e+00 5.245791e-01
826 1.494440e+00 4.514702e-01
827 1.492564e+00 4.503729e-01
828 1.496664e+00 4.520255e-01
829 1.492156e+00 4.528288e-01
830 1.470863e+00 4.331025e-01
831 1.470202e+00 4.370854e-01
832 1.463411e+00 4.443136e-01
833 1.486233e+00 4.292728e-01
834 1.486518e+00 4.292385e-01
835 1.478005e+00 4.212072e-01
836 1.510684e+00 4.090023e-01
837 1.509389e+00 4.093898e-01
838 1.506196e+00 3.892597e-01
839 1.557516e+00 3.886781e-01
840 1.547277e+00 4.146628e-01
841 1.563448e+00 3.999162e-01
842 1.569323e+00 3.992433e-01
843 1.554935e+00 3.896758e-01
844 1.556402e+00 3.856112e-01
845 1.548078e+00 3.759843e-01
846 1.566140e+00 3.830184e-01
847 1.575575e+00 3.835842e-01
848 1.571955e+00 3.906925e-01
849 1.588680e+00 3.737813e-01
850 1.597575e+00 3.539696e-01
851 1.540380e+00 3.031244e-01
852 1.518320e+00 2.909190e-01
853 1.606890e+00 3.317007e-01
854 1.615921e+00 3.302112e-01
855 1.644780e+00 3.406231e-01
856 1.615236e+00 3.735762e-01
857 1.617455e+00 3.726106e-01
858 1.607460e+00 3.648614e-01
859 1.618537e+00 3.787313e-01
860 1.620414e+00 3.738514e-01
861 1.615167e+00 3.688958e-01
862 1.592779e+00 3.575465e-01
863 1.595818e+00 3.663200e-01
864 1.595791e+00 3.664183e-01
865 1.630667e+00 2.982681e-01
866 1.637956e+00 2.920901e-01
867 1.623695e+00 2.427129e-01
868 1.624052e+00 2.414221e-01
869 1.619485e+00 1.671323e-01
870 1.642226e+00 1.644163e-01
871 1.692150e+00 2.040040e-01
872 1.668480e+00 1.822924e-01
873 1.648384e+00 1.840292e-01
874 1.656662e+00 1.450859e-01
875 1.652753e+00 1.483961e-01
876 1.667496e+00 1.740074e-01
877 1.677614e+00 1.759129e-01
878 1.717556e+00 1.713760e-01
879 1.737552e+00 1.953067e-01
880 1.754243e+00 2.194046e-01
881 1.747857e+00 2.246676e-01
882 1.739600e+00 2.570632e-01
883 1.738119e+00 2.535306e-01
884 1.793352e+00 2.121458e-01
885 1.740532e+00 3.098344e-01
886 1.722421e+00 2.722783e-01
887 1.732833e+00 2.681941e-01
888 1.728929e+00 2.565418e-01
889 1.716823e+00 2.482863e-01
890 1.699262e+00 2.506295e-01
891 1.692431e+00 2.443602e-01
892 1.706030e+00 2.461367e-01
893 1.705565e+00 2.644944e-01
894 1.709378e+00 2.636226e-01
895 1.702696e+00 2.591056e-01
896 1.708406e+00 2.758829e-01
897 1.598239e+00 2.294850e-01
898 1.593709e+00 2.283253e-01
899 1.597430e+00 2.457780e-01
900 1.572467e+00 2.180792e-01
901 1.551366e+00 2.386234e-01
902 1.564326e+00 2.335416e-01
903 1.553086e+00 2.288524e-01
904 1.609487e+00 2.361178e-01
905 1.613274e+00 2.377097e-01
906 1.616739e+00 2.352329e-01
907 1.620579e+00 2.212154e-01
908 1.634707e+00 2.152257e-01
909 1.626362e+00 2.156931e-01
910 1.608879e+00 2.005595e-01
911 1.710087e+00 1.447935e-01
912 1.709754e+00 1.471822e-01
913 1.709483e+00 1.457519e-01
914 1.715629e+00 1.414537e-01
915 1.705204e+00 1.353686e-01
916 1.674002e+00 1.745273e-01
917 1.666796e+00 1.645526e-01
918 1.648714e+00 1.678125e-01
919 1.647007e+00 1.657723e-01
920 1.632014e+00 2.108290e-01
921 1.646238e+00 2.137843e-01
922 1.645826e+00 2.069101e-01
923 1.643521e+00 2.021231e-01
924 1.660229e+00 2.065506e-01
925 1.736870e+00 1.700906e-01
926 1.740767e+00 1.548708e-01
927 1.747703e+00 1.518173e-01
928 1.776947e+00 7.468522e-02
929 1.780638e+00 7.264196e-02
930 1.778539e+00 6.954471e-02
931 1.774729e+00 7.598049e-02
932 1.774978e+00 8.331795e-02
933 1.824449e+00 1.140589e-01
934 1.824792e+00 1.089197e-01
935 1.841632e+00 9.760765e-02
936 1.841968e+00 9.920229e-02
937 1.844194e+00 1.012232e-01
938 1.806188e+00 7.673226e-02
939 1.831540e+00 9.173420e-02
940 1.824759e+00 9.576496e-02
941 1.815029e+00 8.940508e-02
942 1.816743e+00 8.363102e-02
943 1.818713e+00 8.369144e-02
944 1.824371e+00 1.211537e-01
945 1.859471e+00 1.189370e-01
946 1.861828e+00 1.104350e-01
947 1.863185e+00 1.355013e-01
948 1.868254e+00 1.352947e-01
949 1.866153e+00 1.316607e-01
950 1.843315e+00 1.147151e-01
951 1.883401e+00 1.295919e-01
952 1.881638e+00 1.254679e-01
953 1.878455e+00 1.239467e-01
954 1.921692e+00 1.435524e-01
955 1.919274e+00 1.370078e-01
956 1.923433e+00 1.691861e-01
957 1.913007e+00 1.852285e-01
958 1.921461e+00 1.760718e-01
959 1.923821e+00 1.731544e-01
960 1.927065e+00 1.930995e-01
961 1.954206e+00 1.740263e-01
962 1.953148e+00 1.717484e-01
963 1.958968e+00 1.771590e-01
964 1.929722e+00 1.713145e-01
965 1.928026e+00 1.683618e-01
966 1.922056e+00 1.554384e-01
967 1.899250e+00 1.390094e-01
968 1.885319e+00 2.149564e-01
969 1.922989e+00 2.122140e-01
970 1.928089e+00 2.165401e-01
971 1.934118e+00 2.161040e-01
972 1.934409e+00 2.165071e-01
973 1.930140e+00 2.153189e-01
974 1.956072e+00 2.132324e-01
975 1.938178e+00 1.985341e-01
976 1.924119e+00 2.042805e-01
977 1.937982e+00 1.974912e-01
978 1.972717e+00 2.402696e-01
979 2.028724e+00 2.382675e-01
980 2.034432e+00 2.783281e-01
981 2.056596e+00 2.518813e-01
982 2.056286e+00 2.491872e-01
983 2.066743e+00 2.745142e-01
984 2.065687e+00 2.880791e-01
985 2.092941e+00 2.956893e-01
986 2.102440e+00 2.951216e-01
987 2.104716e+00 2.841938e-01
988 2.090035e+00 2.855572e-01
989 2.094627e+00 2.817028e-01
990 2.042551e+00 2.826005e-01
991 2.033783e+00 2.816060e-01
992 2.038534e+00 2.811795e-01
993 2.047789e+00 2.860568e-01
994 2.047617e+00 2.860701e-01
995 2.076258e+00 3.114885e-01
996 2.096336e+00 3.277356e-01
997 2.118459e+00 3.438515e-01
998 2.118544e+00 3.370356e-01
999 2.124593e+00 3.338811e-01
1000 2.126456e+00 3.155825e-01
1001 2.128674e+00 2.820787e-01
1002 2.074656e+00 2.871214e-01
1003 2.074685e+00 2.870782e-01
1004 2.070576e+00 2.845197e-01
1005 2.073410e+00 2.819416e-01
1006 2.092656e+00 2.884043e-01
1007 2.098886e+00 2.869895e-01
1008 2.075277e+00 3.069507e-01
1009 2.049708e+00 3.513726e-01
1010 2.052818e+00 3.512839e-01
1011 2.051381e+00 3.545793e-01
1012 2.039036e+00 3.480870e-01
1013 2.049845e+00 3.246906e-01
1014 2.050957e+00 3.206620e-01
1015 2.057141e+00 3.275203e-01
1016 2.028001e+00 3.107912e-01
1017 2.044602e+00 2.775421e-01
1018 2.045485e+00 2.717123e-01
1019 2.053961e+00 2.789315e-01
1020 2.057208e+00 2.793971e-01
1021 2.047654e+00 2.803557e-01
1022 2.046360e+00 2.817830e-01
1023 2.060450e+00 3.012861e-01
1024 2.002892e+00 3.614921e-01
1025 2.003064e+00 3.617600e-01
1026 1.995900e+00 3.776284e-01
1027 1.998080e+00 3.886773e-01
1028 2.007373e+00 3.995255e-01
1029 2.007707e+00 3.994079e-01
1030 2.010524e+00 3.923768e-01
1031 2.044510e+00 4.228329e-01
1032 2.047300e+00 4.247474e-01
1033 2.046353e+00 4.252817e-01
1034 2.045336e+00 4.252606e-01
1035 2.052279e+00 4.265319e-01
1036 2.069822e+00 4.230545e-01
1037 2.059538e+00 4.291891e-01
1038 2.058498e+00 4.324521e-01
1039 2.068245e+00 4.337282e-01
1040 2.069510e+00 4.340897e-01
1041 2.069875e+00 4.329333e-01
1042 2.067199e+00 4.371655e-01
1043 2.068702e+00 4.325057e-01
1044 2.057138e+00 4.216637e-01
1045 2.054232e+00 4.010948e-01
1046 2.054697e+00 4.013735e-01
1047 2.049150e+00 4.075560e-01
1048 2.056271e+00 3.953490e-01
1049 2.102458e+00 4.331981e-01
1050 2.091903e+00 4.295824e-01
1051 2.043524e+00 4.472234e-01
1052 1.994961e+00 4.848395e-01
1053 1.932761e+00 4.264603e-01
1054 1.927530e+00 3.853245e-01
1055 1.967481e+00 3.594397e-01
1056 2.027771e+00 3.431644e-01
1057 2.028841e+00 3.418505e-01
1058 2.058916e+00 3.377198e-01
1059 2.059087e+00 3.369132e-01
1060 2.028586e+00 3.550612e-01
1061 2.034588e+00 3.534892e-01
1062 2.031903e+00 3.430966e-01
1063 2.032135e+00 3.406844e-01
1064 2.059342e+00 3.833350e-01
1065 2.059199e+00 3.884405e-01
1066 2.076474e+00 3.872162e-01
1067 2.076161e+00 3.868426e-01
1068 2.073709e+00 3.872087e-01
1069 2.043482e+00 4.097553e-01
1070 2.043576e+00 4.091865e-01
1071 2.032884e+00 4.166510e-01
1072 2.030003e+00 4.158527e-01
1073 2.019904e+00 3.952413e-01
1074 2.012144e+00 3.996530e-01
1075 2.008707e+00 4.021605e-01
1076 2.008923e+00 4.029012e-01
1077 2.010693e+00 4.047455e-01
1078 1.965632e+00 3.537643e-01
1079 1.965651e+00 3.594522e-01
1080 1.955953e+00 3.540960e-01
1081 1.954350e+00 3.545874e-01
1082 1.950050e+00 3.359872e-01
1083 1.951088e+00 3.355295e-01
1084 1.953146e+00 3.187166e-01
1085 1.951263e+00 3.146012e-01
1086 1.953629e+00 3.087773e-01
1087 1.986399e+00 2.957721e-01
1088 1.962431e+00 3.079606e-01
1089 1.965554e+00 3.075130e-01
1090 1.951672e+00 3.596220e-01
1091 2.011008e+00 3.526629e-01
1092 1.994823e+00 2.934270e-01
1093 2.010569e+00 2.901239e-01
1094 2.014533e+00 2.763535e-01
1095 1.984560e+00 2.862690e-01
1096 1.996030e+00 3.171275e-01
1097 1.982450e+00 3.147891e-01
1098 1.981950e+00 3.162489e-01
1099 1.963257e+00 3.294308e-01
1100 1.928858e+00 2.873919e-01
1101 1.972859e+00 2.833834e-01
1102 1.975015e+00 2.773996e-01
1103 1.963097e+00 2.670003e-01
1104 1.969765e+00 2.733181e-01
1105 1.967846e+00 2.787433e-01
1106 1.965973e+00 2.841896e-01
1107 1.985273e+00 2.721296e-01
1108 1.989522e+00 2.696065e-01
1109 2.005962e+00 2.600031e-01
1110 2.022621e+00 1.916955e-01
1111 2.027099e+00 1.780195e-01
1112 2.029017e+00 1.373055e-01
1113 1.962117e+00 1.182317e-01
1114 1.943987e+00 1.145049e-01
1115 1.962741e+00 1.524038e-01
1116 1.955643e+00 1.547011e-01
1117 1.936052e+00 1.533798e-01
1118 1.924599e+00 1.549792e-01
1119 1.921974e+00 1.428331e-01
1120 1.918841e+00 1.402168e-01
1121 1.918853e+00 1.336178e-01
1122 1.924009e+00 1.122280e-01
1123 1.917387e+00 1.161120e-01
1124 1.904684e+00 1.356930e-01
1125 1.909828e+00 1.355473e-01
1126 1.903076e+00 1.282910e-01
1127 1.897885e+00 1.228135e-01
1128 1.915657e+00 1.088147e-01
1129 1.913208e+00 1.115246e-01
1130 1.918929e+00 1.158769e-01
1131 1.921375e+00 1.127746e-01
1132 1.921849e+00 1.127316e-01
1133 1.934104e+00 1.050516e-01
1134 1.937279e+00 8.445735e-02
1135 1.922199e+00 8.547145e-02
1136 1.915848e+00 1.080557e-01
1137 1.889350e+00 1.141667e-01
1138 1.887507e+00 1.047316e-01
1139 1.880301e+00 7.801992e-02
1140 1.887800e+00 3.387221e-02
1141 1.878277e+00 2.774356e-02
1142 1.905405e+00 4.101673e-02
1143 1.889346e+00 -2.052275e-02
