0 3.225574e+00 1.507260e-01
1 3.189671e+00 1.374264e-01
2 3.204462e+00 1.547515e-01
3 3.203009e+00 1.515459e-01
4 3.197321e+00 2.010104e-01
5 3.190665e+00 1.855131e-01
6 3.179304e+00 1.673442e-01
7 3.162834e+00 1.723677e-01
8 3.161005e+00 1.735144e-01
9 3.161354e+00 1.737063e-01
10 3.169528e+00 2.015634e-01
11 3.172998e+00 1.983815e-01
12 3.165622e+00 2.071592e-01
13 3.149878e+00 2.003439e-01
14 3.186081e+00 2.025380e-01
15 3.189061e+00 2.042469e-01
16 3.201134e+00 2.088098e-01
17 3.202108e+00 2.087274e-01
18 3.189320e+00 2.551129e-01
19 3.139732e+00 2.634162e-01
20 3.143414e+00 2.613294e-01
21 3.143061e+00 2.612885e-01
22 3.131733e+00 2.566225e-01
23 3.125066e+00 2.665950e-01
24 3.124712e+00 2.546732e-01
25 3.118486e+00 2.543249e-01
26 3.094274e+00 2.684638e-01
27 3.094439e+00 2.754332e-01
28 3.088506e+00 2.756928e-01
29 3.087457e+00 2.748951e-01
30 3.119771e+00 2.401396e-01
31 3.137720e+00 2.291940e-01
32 3.130124e+00 2.267499e-01
33 3.175227e+00 2.745750e-01
34 3.179862e+00 2.783713e-01
35 3.142926e+00 3.003312e-01
36 3.137698e+00 3.024189e-01
37 3.140984e+00 2.691631e-01
38 3.109248e+00 2.774076e-01
39 3.107872e+00 2.766344e-01
40 3.098057e+00 2.677839e-01
41 3.087449e+00 2.885928e-01
42 3.087386e+00 2.917267e-01
43 3.087251e+00 2.924864e-01
44 3.020822e+00 4.177192e-01
45 3.042537e+00 4.306644e-01
46 3.042412e+00 4.332949e-01
47 3.056814e+00 4.323533e-01
48 3.039244e+00 4.531653e-01
49 2.968963e+00 4.681148e-01
50 2.962862e+00 5.104097e-01
51 2.959979e+00 5.166003e-01
52 2.972139e+00 5.042633e-01
53 2.973265e+00 5.043769e-01
54 2.964831e+00 5.024969e-01
55 2.955261e+00 5.084059e-01
56 2.947361e+00 5.175451e-01
57 2.939762e+00 5.116020e-01
58 2.929555e+00 5.048831e-01
59 2.930334e+00 5.050447e-01
60 2.925037e+00 5.159417e-01
61 2.894230e+00 5.246108e-01
62 2.887007e+00 5.297702e-01
63 2.906526e+00 5.307968e-01
64 2.918786e+00 5.331014e-01
65 2.940099e+00 5.510217e-01
66 2.893373e+00 5.579606e-01
67 2.907689e+00 5.588544e-01
68 2.891561e+00 5.622306e-01
69 2.891639e+00 5.611102e-01
70 2.897265e+00 5.645484e-01
71 2.904290e+00 5.845942e-01
72 2.902934e+00 5.867178e-01
73 2.902205e+00 5.873467e-01
74 2.896735e+00 5.815203e-01
75 2.916447e+00 5.919695e-01
76 2.918355e+00 5.705753e-01
77 2.974848e+00 5.816652e-01
78 2.959483e+00 5.793233e-01
79 2.961673e+00 5.801495e-01
80 2.961683e+00 5.804045e-01
81 2.964049e+00 5.830762e-01
82 2.978746e+00 6.241348e-01
83 2.962745e+00 6.228560e-01
84 2.963426e+00 6.256697e-01
85 2.960059e+00 6.414021e-01
86 2.999069e+00 6.347390e-01
87 3.013640e+00 6.285986e-01
88 3.011896e+00 6.284155e-01
89 3.028086e+00 6.159449e-01
90 3.113469e+00 6.251341e-01
91 3.110567e+00 6.221229e-01
92 3.114793e+00 6.209387e-01
93 3.109469e+00 6.280050e-01
94 3.098721e+00 5.858348e-01
95 3.085515e+00 5.687409e-01
96 3.089812e+00 5.748766e-01
97 3.090516e+00 5.736143e-01
98 3.082827e+00 5.936214e-01
99 3.082687e+00 5.963181e-01
100 3.083325e+00 5.943232e-01
101 3.078977e+00 5.906517e-01
102 3.105603e+00 5.937522e-01
103 3.106328e+00 5.934050e-01
104 3.104949e+00 5.923123e-01
105 3.129379e+00 5.884376e-01
106 3.159543e+00 6.090588e-01
107 3.163015e+00 6.075674e-01
108 3.196675e+00 6.208703e-01
109 3.197210e+00 6.202978e-01
110 3.218095e+00 6.191813e-01
111 3.230388e+00 6.289532e-01
112 3.230276e+00 6.289926e-01
113 3.215810e+00 6.363302e-01
114 3.216857e+00 6.368220e-01
115 3.225646e+00 5.977277e-01
116 3.213263e+00 5.994670e-01
117 3.215511e+00 6.000363e-01
118 3.226856e+00 5.923101e-01
119 3.230136e+00 5.933245e-01
120 3.232079e+00 6.183131e-01
121 3.246118e+00 6.603820e-01
122 3.242622e+00 6.349610e-01
123 3.207987e+00 6.506758e-01
124 3.268841e+00 6.933483e-01
125 3.254443e+00 7.008333e-01
126 3.277063e+00 7.344138e-01
127 3.308887e+00 7.074817e-01
128 3.299768e+00 6.340335e-01
129 3.299493e+00 6.325148e-01
130 3.300356e+00 6.320850e-01
131 3.298084e+00 6.328529e-01
132 3.293612e+00 6.412767e-01
133 3.274420e+00 5.558269e-01
134 3.364063e+00 5.710810e-01
135 3.398449e+00 6.227639e-01
136 3.397070e+00 6.208238e-01
137 3.397725e+00 6.221822e-01
138 3.398546e+00 6.284511e-01
139 3.418586e+00 6.492246e-01
140 3.410387e+00 6.416990e-01
141 3.447637e+00 6.567438e-01
142 3.451348e+00 6.364286e-01
143 3.455914e+00 6.544096e-01
144 3.449378e+00 6.393188e-01
145 3.449441e+00 6.394883e-01
146 3.438875e+00 6.159315e-01
147 3.413938e+00 5.896601e-01
148 3.411293e+00 5.906875e-01
149 3.411353e+00 5.904648e-01
150 3.433817e+00 5.447225e-01
151 3.465707e+00 5.882722e-01
152 3.463973e+00 5.889223e-01
153 3.439814e+00 5.789908e-01
154 3.480095e+00 5.456205e-01
155 3.480543e+00 5.389233e-01
156 3.480234e+00 5.388795e-01
157 3.467684e+00 5.204520e-01
158 3.478263e+00 5.190718e-01
159 3.458069e+00 5.018311e-01
160 3.382215e+00 4.997526e-01
161 3.385527e+00 5.000587e-01
162 3.361070e+00 4.976802e-01
163 3.363895e+00 4.968319e-01
164 3.337676e+00 4.945237e-01
165 3.333837e+00 4.889984e-01
166 3.337764e+00 4.910805e-01
167 3.346138e+00 4.989736e-01
168 3.348381e+00 4.949097e-01
169 3.356981e+00 5.456078e-01
170 3.355469e+00 5.444562e-01
171 3.359548e+00 5.577032e-01
172 3.345902e+00 5.537310e-01
173 3.365882e+00 5.248060e-01
174 3.344400e+00 5.413455e-01
175 3.348938e+00 5.366809e-01
176 3.356957e+00 5.447926e-01
177 3.338627e+00 5.408087e-01
178 3.333352e+00 5.500518e-01
179 3.373972e+00 5.524595e-01
180 3.364555e+00 5.656566e-01
181 3.361256e+00 5.568382e-01
182 3.356467e+00 5.421676e-01
183 3.364657e+00 5.554305e-01
184 3.372028e+00 5.537801e-01
185 3.380103e+00 5.639073e-01
186 3.420098e+00 5.886158e-01
187 3.378753e+00 5.507696e-01
188 3.386123e+00 5.454584e-01
189 3.388234e+00 5.391883e-01
190 3.390288e+00 5.373748e-01
191 3.394454e+00 5.268452e-01
192 3.393893e+00 5.149132e-01
193 3.386890e+00 4.979376e-01
194 3.412654e+00 4.952511e-01
195 3.448693e+00 5.124428e-01
196 3.450341e+00 4.953751e-01
197 3.451199e+00 4.969934e-01
198 3.415899e+00 5.039989e-01
199 3.403518e+00 5.484315e-01
200 3.403570e+00 5.480801e-01
201 3.371151e+00 5.518964e-01
202 3.372210e+00 5.555736e-01
203 3.388062e+00 5.401855e-01
204 3.359775e+00 5.227683e-01
205 3.359455e+00 5.241419e-01
206 3.352298e+00 5.266400e-01
207 3.338896e+00 5.299043e-01
208 3.371182e+00 5.535296e-01
209 3.386627e+00 5.338455e-01
210 3.392948e+00 5.190953e-01
211 3.390211e+00 5.244318e-01
212 3.371006e+00 5.342570e-01
213 3.370445e+00 5.335962e-01
214 3.369022e+00 5.659684e-01
215 3.371011e+00 5.661649e-01
216 3.380576e+00 5.498581e-01
217 3.352308e+00 5.927785e-01
218 3.389935e+00 5.570586e-01
219 3.389047e+00 5.518503e-01
220 3.405302e+00 5.308211e-01
221 3.371094e+00 5.186237e-01
222 3.384105e+00 5.041443e-01
223 3.384335e+00 5.044396e-01
224 3.385429e+00 5.050668e-01
225 3.384972e+00 5.043478e-01
226 3.409926e+00 5.165686e-01
227 3.418841e+00 5.235218e-01
228 3.429739e+00 5.278785e-01
229 3.416752e+00 5.364432e-01
230 3.418264e+00 5.453105e-01
231 3.478468e+00 5.448019e-01
232 3.495606e+00 4.846647e-01
233 3.495271e+00 4.820339e-01
234 3.496897e+00 4.833760e-01
235 3.519108e+00 5.402746e-01
236 3.496423e+00 5.859123e-01
237 3.485804e+00 5.821158e-01
238 3.459960e+00 5.667718e-01
239 3.476203e+00 5.532640e-01
240 3.512801e+00 5.724720e-01
241 3.521518e+00 5.995334e-01
242 3.483645e+00 5.423401e-01
243 3.483047e+00 5.417570e-01
244 3.478309e+00 5.372040e-01
245 3.474685e+00 5.337648e-01
246 3.467527e+00 5.347090e-01
247 3.461049e+00 5.398112e-01
248 3.473481e+00 5.097995e-01
249 3.485587e+00 5.410538e-01
250 3.448333e+00 5.182229e-01
251 3.448716e+00 5.164252e-01
252 3.448423e+00 5.182450e-01
253 3.448423e+00 5.182450e-01
254 3.441397e+00 5.469729e-01
255 3.441762e+00 5.404530e-01
256 3.424996e+00 5.229587e-01
257 3.426390e+00 5.415664e-01
258 3.419137e+00 5.053846e-01
259 3.413461e+00 4.838651e-01
260 3.426573e+00 4.585363e-01
261 3.426403e+00 4.587402e-01
262 3.423290e+00 4.350474e-01
263 3.412460e+00 4.957346e-01
264 3.411087e+00 4.953140e-01
265 3.410865e+00 4.949674e-01
266 3.407381e+00 4.974135e-01
267 3.414092e+00 4.925546e-01
268 3.409117e+00 4.890844e-01
269 3.405557e+00 4.896587e-01
270 3.404579e+00 4.847941e-01
271 3.370293e+00 4.755841e-01
272 3.376046e+00 4.701356e-01
273 3.388755e+00 4.404084e-01
274 3.386963e+00 4.389948e-01
275 3.403491e+00 4.450848e-01
276 3.398139e+00 4.399481e-01
277 3.376240e+00 4.765478e-01
278 3.363391e+00 4.883592e-01
279 3.360724e+00 4.709319e-01
280 3.368435e+00 4.856028e-01
281 3.370087e+00 4.853922e-01
282 3.353908e+00 5.066419e-01
283 3.358849e+00 5.072360e-01
284 3.414238e+00 4.580372e-01
285 3.438273e+00 4.664676e-01
286 3.444353e+00 4.919905e-01
287 3.440168e+00 4.998669e-01
288 3.427144e+00 5.480159e-01
289 3.442356e+00 5.123095e-01
290 3.441492e+00 5.109079e-01
291 3.439869e+00 5.112591e-01
292 3.448233e+00 5.146812e-01
293 3.421314e+00 4.854133e-01
294 3.414457e+00 4.777784e-01
295 3.423064e+00 4.783018e-01
296 3.442703e+00 4.696798e-01
297 3.394709e+00 4.165937e-01
298 3.390248e+00 4.224847e-01
299 3.410505e+00 4.446878e-01
300 3.418193e+00 4.747353e-01
301 3.414607e+00 4.835964e-01
302 3.383742e+00 4.915480e-01
303 3.349262e+00 5.004688e-01
304 3.364154e+00 5.232616e-01
305 3.398338e+00 5.168513e-01
306 3.398052e+00 5.171862e-01
307 3.350668e+00 4.829694e-01
308 3.366558e+00 4.925882e-01
309 3.411540e+00 5.010744e-01
310 3.435810e+00 5.053070e-01
311 3.425991e+00 5.098921e-01
312 3.424961e+00 4.993053e-01
313 3.447159e+00 5.281989e-01
314 3.428932e+00 5.365653e-01
315 3.432319e+00 5.351637e-01
316 3.451202e+00 5.410497e-01
317 3.451965e+00 5.398490e-01
318 3.475121e+00 5.371000e-01
319 3.472961e+00 5.395236e-01
320 3.471544e+00 5.406775e-01
321 3.476039e+00 5.293184e-01
322 3.458405e+00 5.750518e-01
323 3.456598e+00 5.595935e-01
324 3.450282e+00 5.291450e-01
325 3.402099e+00 5.687543e-01
326 3.421914e+00 5.664881e-01
327 3.417786e+00 5.914670e-01
328 3.416334e+00 6.122249e-01
329 3.415148e+00 6.088980e-01
330 3.420311e+00 6.004670e-01
331 3.416803e+00 6.179398e-01
332 3.424737e+00 6.083361e-01
333 3.426913e+00 6.029223e-01
334 3.447065e+00 5.687296e-01
335 3.453330e+00 5.200538e-01
336 3.482791e+00 5.439414e-01
337 3.512458e+00 5.514529e-01
338 3.510720e+00 5.507169e-01
339 3.572851e+00 5.544638e-01
340 3.583609e+00 5.714067e-01
341 3.537398e+00 5.358001e-01
342 3.542307e+00 5.181392e-01
343 3.540197e+00 5.194978e-01
344 3.547879e+00 5.291591e-01
345 3.545807e+00 5.305592e-01
346 3.542568e+00 4.904363e-01
347 3.541585e+00 4.916539e-01
348 3.558699e+00 4.650345e-01
349 3.532097e+00 4.863117e-01
350 3.541453e+00 4.888004e-01
351 3.543579e+00 4.786492e-01
352 3.534610e+00 4.790737e-01
353 3.547726e+00 4.659270e-01
354 3.551126e+00 4.604544e-01
355 3.544484e+00 4.292300e-01
356 3.541661e+00 4.354281e-01
357 3.499619e+00 4.012205e-01
358 3.471902e+00 3.780161e-01
359 3.489699e+00 3.760905e-01
360 3.474902e+00 3.566385e-01
361 3.483572e+00 3.411496e-01
362 3.510761e+00 3.429822e-01
363 3.521363e+00 3.597733e-01
364 3.515481e+00 3.710242e-01
365 3.432057e+00 3.757993e-01
366 3.436027e+00 4.142749e-01
367 3.431228e+00 4.195720e-01
368 3.390111e+00 4.352342e-01
369 3.394012e+00 4.254739e-01
370 3.407887e+00 4.274912e-01
371 3.409338e+00 4.278348e-01
372 3.417860e+00 4.689421e-01
373 3.420794e+00 4.683849e-01
374 3.422383e+00 4.669995e-01
375 3.431769e+00 4.286324e-01
376 3.393293e+00 4.552455e-01
377 3.398853e+00 4.618572e-01
378 3.389805e+00 4.500492e-01
379 3.387744e+00 4.451897e-01
380 3.382679e+00 4.513895e-01
381 3.373286e+00 4.795070e-01
382 3.382207e+00 4.810632e-01
383 3.374803e+00 4.628331e-01
384 3.366438e+00 4.624936e-01
385 3.364257e+00 4.664055e-01
386 3.354187e+00 4.618300e-01
387 3.364559e+00 4.420502e-01
388 3.374724e+00 4.260654e-01
389 3.369544e+00 4.248934e-01
390 3.370694e+00 4.204073e-01
391 3.370621e+00 4.199136e-01
392 3.369524e+00 4.176614e-01
393 3.317594e+00 4.263440e-01
394 3.317832e+00 4.282662e-01
395 3.314438e+00 4.307913e-01
396 3.317632e+00 4.288469e-01
397 3.323601e+00 4.415654e-01
398 3.283052e+00 4.051136e-01
399 3.289096e+00 3.956551e-01
400 3.271134e+00 3.817130e-01
401 3.296966e+00 3.925115e-01
402 3.300188e+00 4.057931e-01
403 3.357340e+00 3.575731e-01
404 3.413814e+00 2.959869e-01
405 3.407069e+00 2.870761e-01
406 3.431663e+00 3.073662e-01
407 3.450106e+00 2.962820e-01
408 3.446861e+00 2.909373e-01
409 3.465580e+00 2.935747e-01
410 3.512417e+00 3.057477e-01
411 3.504395e+00 3.090692e-01
412 3.501206e+00 3.240314e-01
413 3.482541e+00 3.574007e-01
414 3.579736e+00 4.182001e-01
415 3.557470e+00 4.255492e-01
416 3.571607e+00 4.284707e-01
417 3.592051e+00 4.067494e-01
418 3.576774e+00 4.008429e-01
419 3.576783e+00 4.017040e-01
420 3.584727e+00 3.888170e-01
421 3.550212e+00 4.063703e-01
422 3.581729e+00 4.332027e-01
423 3.622407e+00 4.083832e-01
424 3.618065e+00 4.177171e-01
425 3.617788e+00 4.209189e-01
426 3.618976e+00 4.297968e-01
427 3.637472e+00 4.417019e-01
428 3.661034e+00 4.674055e-01
429 3.680015e+00 4.182830e-01
430 3.688911e+00 4.164174e-01
431 3.654222e+00 3.627686e-01
432 3.654332e+00 3.736419e-01
433 3.643958e+00 3.824661e-01
434 3.651517e+00 3.823759e-01
435 3.698056e+00 3.634493e-01
436 3.704219e+00 3.847191e-01
437 3.684102e+00 3.663321e-01
438 3.697672e+00 3.540431e-01
439 3.696876e+00 3.535118e-01
440 3.697401e+00 3.639835e-01
441 3.713138e+00 3.545006e-01
442 3.693932e+00 3.388718e-01
443 3.712757e+00 3.404168e-01
444 3.710827e+00 3.351764e-01
445 3.684601e+00 3.780873e-01
446 3.679491e+00 3.790736e-01
447 3.684596e+00 3.788427e-01
448 3.695371e+00 3.755733e-01
449 3.691817e+00 3.755699e-01
450 3.688214e+00 3.760440e-01
451 3.691664e+00 3.602189e-01
452 3.692689e+00 3.580009e-01
453 3.649831e+00 3.538830e-01
454 3.624632e+00 3.245771e-01
455 3.625087e+00 3.250308e-01
456 3.645949e+00 3.345814e-01
457 3.683883e+00 3.493540e-01
458 3.678978e+00 3.482091e-01
459 3.659096e+00 2.861872e-01
460 3.658428e+00 2.853202e-01
461 3.631257e+00 2.945461e-01
462 3.652523e+00 2.940963e-01
463 3.640581e+00 2.856201e-01
464 3.645995e+00 2.837721e-01
465 3.641860e+00 3.617813e-01
466 3.595939e+00 3.141060e-01
467 3.583792e+00 2.824965e-01
468 3.580620e+00 2.909929e-01
469 3.540604e+00 3.093234e-01
470 3.539364e+00 3.092977e-01
471 3.526817e+00 3.012825e-01
472 3.531710e+00 2.984653e-01
473 3.541425e+00 2.975501e-01
474 3.504814e+00 3.272040e-01
475 3.502916e+00 3.161634e-01
476 3.517697e+00 3.322784e-01
477 3.509545e+00 3.361145e-01
478 3.508453e+00 3.379110e-01
479 3.490710e+00 3.581152e-01
480 3.486927e+00 3.783909e-01
481 3.483810e+00 3.257624e-01
482 3.483191e+00 3.230696e-01
483 3.485295e+00 3.222826e-01
484 3.504827e+00 3.014983e-01
485 3.504188e+00 3.293017e-01
486 3.498823e+00 3.569299e-01
487 3.496026e+00 3.100955e-01
488 3.474535e+00 3.349152e-01
489 3.479117e+00 3.470037e-01
490 3.484671e+00 3.551137e-01
491 3.490545e+00 3.749628e-01
492 3.489591e+00 3.752498e-01
493 3.457890e+00 3.520197e-01
494 3.467298e+00 3.587005e-01
495 3.462978e+00 3.609027e-01
496 3.470506e+00 3.751553e-01
497 3.470093e+00 3.757068e-01
498 3.491740e+00 3.707729e-01
499 3.493769e+00 3.706945e-01
500 3.513164e+00 3.692249e-01
501 3.509363e+00 3.678630e-01
502 3.503412e+00 3.576319e-01
503 3.485029e+00 3.783918e-01
504 3.478949e+00 3.802616e-01
505 3.512952e+00 4.072812e-01
506 3.502655e+00 4.015214e-01
507 3.502738e+00 4.015548e-01
508 3.562193e+00 3.662435e-01
509 3.553581e+00 3.733998e-01
510 3.646673e+00 2.617212e-01
511 3.633201e+00 2.588374e-01
512 3.633516e+00 2.686269e-01
513 3.647582e+00 2.751989e-01
514 3.644864e+00 2.580396e-01
515 3.644684e+00 2.592123e-01
516 3.580818e+00 2.454219e-01
517 3.581806e+00 2.394773e-01
518 3.577204e+00 2.407123e-01
519 3.579656e+00 2.335476e-01
520 3.579911e+00 2.384340e-01
521 3.658628e+00 2.285953e-01
522 3.637870e+00 2.315767e-01
523 3.597830e+00 2.331708e-01
524 3.590187e+00 2.468110e-01
525 3.590033e+00 2.440310e-01
526 3.587722e+00 2.432634e-01
527 3.606863e+00 2.052886e-01
528 3.606382e+00 2.052667e-01
529 3.616379e+00 2.149295e-01
530 3.618964e+00 2.144463e-01
531 3.611881e+00 2.146669e-01
532 3.613784e+00 2.088282e-01
533 3.651665e+00 2.026640e-01
534 3.653769e+00 2.192859e-01
535 3.665363e+00 2.248236e-01
536 3.642138e+00 2.454854e-01
537 3.639828e+00 2.457510e-01
538 3.620005e+00 2.367352e-01
539 3.622311e+00 2.549166e-01
540 3.616059e+00 2.363018e-01
541 3.612536e+00 2.425335e-01
542 3.590501e+00 2.365175e-01
543 3.587371e+00 2.376032e-01
544 3.587244e+00 2.374256e-01
545 3.582155e+00 2.326554e-01
546 3.574645e+00 2.206450e-01
547 3.579183e+00 2.193606e-01
548 3.613424e+00 2.043044e-01
549 3.607664e+00 1.978280e-01
550 3.609673e+00 1.975245e-01
551 3.623674e+00 2.133068e-01
552 3.624238e+00 2.303087e-01
553 3.604115e+00 2.325666e-01
554 3.582406e+00 2.372453e-01
555 3.582551e+00 2.372683e-01
556 3.568076e+00 2.355360e-01
557 3.639998e+00 2.915338e-01
558 3.645191e+00 2.906763e-01
559 3.643743e+00 2.898556e-01
560 3.652875e+00 2.983130e-01
561 3.641104e+00 2.875837e-01
562 3.629929e+00 2.914957e-01
563 3.623049e+00 2.997523e-01
564 3.621642e+00 3.063795e-01
565 3.625477e+00 3.076364e-01
566 3.626352e+00 3.159870e-01
567 3.627832e+00 3.108264e-01
568 3.672071e+00 3.252618e-01
569 3.669023e+00 3.247129e-01
570 3.669808e+00 3.362907e-01
571 3.684488e+00 3.274852e-01
572 3.680944e+00 3.407354e-01
573 3.642414e+00 3.033378e-01
574 3.642532e+00 3.029320e-01
575 3.641221e+00 3.051010e-01
576 3.637816e+00 3.059429e-01
577 3.707452e+00 3.757154e-01
578 3.707887e+00 3.779072e-01
579 3.697797e+00 3.669531e-01
580 3.704513e+00 3.764327e-01
581 3.707248e+00 3.571408e-01
582 3.713049e+00 3.680364e-01
583 3.696690e+00 3.036158e-01
584 3.694484e+00 3.024535e-01
585 3.687442e+00 3.020338e-01
586 3.701036e+00 3.085974e-01
587 3.700609e+00 3.064976e-01
588 3.688584e+00 2.876924e-01
589 3.686481e+00 2.708719e-01
590 3.705561e+00 2.745284e-01
591 3.744828e+00 2.783175e-01
592 3.736449e+00 2.794499e-01
593 3.712668e+00 2.707963e-01
594 3.766696e+00 2.752183e-01
595 3.777937e+00 3.816213e-01
596 3.764005e+00 3.846088e-01
597 3.756498e+00 3.776726e-01
598 3.757967e+00 3.800443e-01
599 3.788501e+00 3.901620e-01
600 3.792956e+00 3.856057e-01
601 3.836497e+00 3.897101e-01
602 3.833874e+00 3.892646e-01
603 3.832600e+00 3.927851e-01
604 3.828253e+00 3.709980e-01
605 3.847100e+00 3.762170e-01
606 3.848998e+00 3.612331e-01
607 3.845244e+00 3.852880e-01
608 3.830141e+00 3.653535e-01
609 3.836875e+00 3.714007e-01
610 3.837708e+00 3.283308e-01
611 3.819570e+00 3.287795e-01
612 3.834160e+00 3.091860e-01
613 3.834795e+00 2.911424e-01
614 3.832889e+00 2.961325e-01
615 3.828672e+00 3.261398e-01
616 3.796710e+00 3.234127e-01
617 3.807987e+00 3.132764e-01
618 3.808199e+00 3.131341e-01
619 3.872780e+00 3.633224e-01
620 3.892854e+00 3.616944e-01
621 3.892102e+00 3.388656e-01
622 3.887114e+00 3.434956e-01
623 3.883669e+00 3.385877e-01
624 3.882444e+00 3.407988e-01
625 3.866525e+00 3.209713e-01
626 3.857951e+00 3.330081e-01
627 3.781156e+00 3.604712e-01
628 3.726965e+00 3.105442e-01
629 3.722628e+00 3.170941e-01
630 3.691691e+00 3.242730e-01
631 3.683201e+00 3.228517e-01
632 3.697804e+00 3.112926e-01
633 3.683045e+00 3.167728e-01
634 3.684290e+00 3.210246e-01
635 3.683653e+00 3.216468e-01
636 3.682537e+00 3.214084e-01
637 3.685060e+00 3.299939e-01
638 3.667388e+00 3.370512e-01
639 3.749443e+00 3.262259e-01
640 3.747173e+00 3.382722e-01
641 3.743450e+00 3.423266e-01
642 3.733889e+00 3.312542e-01
643 3.706609e+00 3.006113e-01
644 3.710606e+00 3.067247e-01
645 3.711091e+00 3.331306e-01
646 3.716552e+00 3.549978e-01
647 3.723691e+00 3.761609e-01
648 3.726576e+00 3.772026e-01
649 3.739045e+00 3.727017e-01
650 3.749591e+00 3.910241e-01
651 3.749067e+00 3.865543e-01
652 3.754331e+00 3.349664e-01
653 3.766005e+00 3.274935e-01
654 3.766671e+00 3.269419e-01
655 3.774785e+00 3.406597e-01
656 3.780156e+00 3.373288e-01
657 3.834577e+00 4.072610e-01
658 3.834309e+00 4.067478e-01
659 3.826619e+00 4.077001e-01
660 3.826622e+00 4.098847e-01
661 3.814790e+00 4.358722e-01
662 3.808409e+00 4.499416e-01
663 3.818420e+00 4.547281e-01
664 3.774799e+00 4.404418e-01
665 3.758921e+00 4.050435e-01
666 3.780871e+00 3.958856e-01
667 3.767491e+00 4.046189e-01
668 3.748947e+00 4.214359e-01
669 3.758767e+00 4.641004e-01
670 3.774245e+00 4.559284e-01
671 3.781988e+00 4.476176e-01
672 3.792894e+00 4.372403e-01
673 3.781971e+00 4.298395e-01
674 3.790448e+00 4.209508e-01
675 3.775127e+00 4.088208e-01
676 3.775683e+00 4.058012e-01
677 3.775250e+00 4.009739e-01
678 3.783795e+00 4.154526e-01
679 3.771489e+00 4.037249e-01
680 3.792599e+00 3.693579e-01
681 3.787449e+00 3.818407e-01
682 3.792882e+00 3.680486e-01
683 3.800400e+00 3.466148e-01
684 3.822500e+00 3.437134e-01
685 3.821730e+00 3.442291e-01
686 3.860061e+00 3.644264e-01
687 3.854574e+00 3.627701e-01
688 3.852123e+00 3.640849e-01
689 3.833461e+00 2.889447e-01
690 3.830850e+00 2.891830e-01
691 3.828087e+00 2.827771e-01
692 3.816420e+00 2.964720e-01
693 3.834251e+00 2.868399e-01
694 3.826891e+00 2.768506e-01
695 3.844804e+00 2.700297e-01
696 3.842305e+00 2.588029e-01
697 3.843444e+00 2.573089e-01
698 3.835365e+00 2.531055e-01
699 3.836878e+00 2.227466e-01
700 3.863089e+00 1.666780e-01
701 3.849751e+00 1.583605e-01
702 3.859579e+00 1.626993e-01
703 3.854609e+00 1.678657e-01
704 3.872326e+00 1.684163e-01
705 3.855401e+00 1.812785e-01
706 3.861607e+00 1.791572e-01
707 3.856507e+00 2.009418e-01
708 3.841801e+00 2.137991e-01
709 3.829924e+00 2.127678e-01
710 3.833426e+00 2.139781e-01
711 3.843823e+00 1.793583e-01
712 3.842399e+00 1.851685e-01
713 3.851272e+00 1.779275e-01
714 3.881221e+00 1.723302e-01
715 3.883381e+00 1.736996e-01
716 3.883230e+00 1.752242e-01
717 3.889987e+00 1.687742e-01
718 3.891409e+00 1.659070e-01
719 3.851941e+00 1.543222e-01
720 3.851417e+00 1.432917e-01
721 3.846760e+00 1.450240e-01
722 3.845548e+00 1.446629e-01
723 3.847820e+00 1.642563e-01
724 3.849228e+00 1.638121e-01
725 3.890344e+00 1.398649e-01
726 3.853590e+00 1.682536e-01
727 3.813451e+00 2.983849e-01
728 3.828613e+00 2.957586e-01
729 3.799559e+00 3.030503e-01
730 3.795129e+00 2.855352e-01
731 3.801691e+00 2.801613e-01
732 3.799188e+00 2.829342e-01
733 3.766620e+00 3.004520e-01
734 3.765734e+00 3.065572e-01
735 3.739045e+00 3.105964e-01
736 3.761561e+00 3.277932e-01
737 3.750181e+00 3.309894e-01
738 3.779956e+00 3.225035e-01
739 3.817169e+00 3.097919e-01
740 3.819308e+00 3.334129e-01
741 3.826190e+00 3.286759e-01
742 3.825378e+00 2.812811e-01
743 3.825153e+00 2.800946e-01
744 3.831813e+00 2.814825e-01
745 3.859217e+00 3.114563e-01
746 3.818148e+00 2.623662e-01
747 3.821565e+00 2.639445e-01
748 3.836230e+00 2.761135e-01
749 3.833597e+00 2.609920e-01
750 3.829439e+00 2.693728e-01
751 3.823204e+00 2.787239e-01
752 3.808206e+00 2.884848e-01
753 3.808685e+00 2.907427e-01
754 3.811392e+00 2.931077e-01
755 3.807605e+00 3.001327e-01
756 3.808129e+00 2.864913e-01
757 3.809524e+00 2.825697e-01
758 3.822952e+00 2.846749e-01
759 3.830358e+00 2.816912e-01
760 3.830833e+00 2.823808e-01
761 3.831618e+00 2.780191e-01
762 3.830215e+00 2.783643e-01
763 3.802522e+00 2.404111e-01
764 3.807925e+00 2.306880e-01
765 3.816996e+00 1.996955e-01
766 3.794479e+00 1.870616e-01
767 3.772046e+00 1.813421e-01
768 3.766258e+00 1.770009e-01
769 3.804261e+00 1.736143e-01
770 3.843362e+00 1.597612e-01
771 3.838399e+00 1.561695e-01
772 3.856470e+00 1.620116e-01
773 3.855883e+00 1.544041e-01
774 3.856458e+00 1.189768e-01
775 3.877001e+00 1.186617e-01
776 3.864505e+00 1.143554e-01
777 3.825869e+00 1.042571e-01
778 3.825825e+00 1.042320e-01
779 3.821995e+00 1.112854e-01
780 3.821891e+00 1.118040e-01
781 3.817095e+00 1.070126e-01
782 3.801116e+00 1.673880e-01
783 3.778011e+00 1.690711e-01
784 3.794217e+00 1.371111e-01
785 3.793999e+00 1.496530e-01
786 3.793116e+00 1.500469e-01
787 3.790328e+00 1.436844e-01
788 3.789844e+00 1.508897e-01
789 3.786842e+00 1.523322e-01
790 3.748362e+00 2.675138e-01
791 3.720994e+00 3.440482e-01
792 3.733265e+00 3.553681e-01
793 3.713640e+00 3.575423e-01
794 3.709362e+00 3.566462e-01
795 3.711737e+00 3.447075e-01
796 3.732964e+00 3.203815e-01
797 3.732503e+00 3.205344e-01
798 3.768532e+00 3.192573e-01
799 3.761199e+00 3.300799e-01
800 3.761172e+00 3.314755e-01
801 3.759486e+00 3.323835e-01
802 3.756938e+00 3.317710e-01
803 3.753479e+00 3.299642e-01
804 3.761817e+00 3.398151e-01
805 3.763403e+00 3.407125e-01
806 3.790401e+00 3.594946e-01
807 3.792629e+00 3.589339e-01
808 3.805831e+00 3.677266e-01
809 3.787304e+00 3.757312e-01
810 3.785903e+00 3.756203e-01
811 3.789487e+00 3.938050e-01
812 3.789410e+00 3.937952e-01
813 3.779896e+00 4.061024e-01
814 3.767206e+00 4.137627e-01
815 3.770293e+00 4.152859e-01
816 3.766814e+00 3.632678e-01
817 3.799881e+00 3.501122e-01
818 3.782105e+00 3.540975e-01
819 3.786309e+00 3.742381e-01
820 3.793535e+00 3.716450e-01
821 3.803893e+00 3.513063e-01
822 3.790491e+00 3.908369e-01
823 3.785674e+00 3.706749e-01
824 3.788744e+00 3.573607e-01
825 3.781551e+00 3.557207e-01
826 3.775370e+00 3.554393e-01
827 3.773089e+00 3.465398e-01
828 3.775515e+00 3.340127e-01
829 3.770072e+00 3.197795e-01
830 3.804993e+00 3.331984e-01
831 3.800199e+00 3.365455e-01
832 3.797338e+00 3.158191e-01
833 3.792660e+00 3.207547e-01
834 3.793343e+00 3.173417e-01
835 3.768919e+00 3.424724e-01
836 3.771151e+00 3.290668e-01
837 3.771901e+00 3.326411e-01
838 3.759334e+00 3.348299e-01
839 3.762880e+00 3.356774e-01
840 3.774033e+00 3.120167e-01
841 3.817549e+00 2.995440e-01
842 3.816289e+00 2.993835e-01
843 3.814871e+00 2.492493e-01
844 3.792977e+00 2.523425e-01
845 3.798500e+00 2.363203e-01
846 3.799980e+00 2.368430e-01
847 3.820523e+00 2.723749e-01
848 3.849602e+00 2.650764e-01
849 3.861565e+00 2.568342e-01
850 3.879048e+00 2.395080e-01
851 3.913635e+00 2.436995e-01
852 3.915953e+00 2.337895e-01
853 3.903681e+00 2.578850e-01
854 3.896018e+00 2.406570e-01
855 3.913047e+00 2.185467e-01
856 3.890583e+00 2.310628e-01
857 3.888655e+00 2.351155e-01
858 3.881276e+00 2.408490e-01
859 3.877941e+00 2.394543e-01
860 3.865841e+00 2.285926e-01
861 3.858046e+00 2.250019e-01
862 3.848878e+00 2.006577e-01
863 3.847808e+00 2.005797e-01
864 3.839756e+00 2.023786e-01
865 3.855962e+00 1.609001e-01
866 3.852597e+00 1.893329e-01
867 3.847907e+00 1.524648e-01
868 3.848092e+00 1.521297e-01
869 3.850167e+00 1.497609e-01
870 3.814905e+00 1.124951e-01
871 3.804783e+00 1.235214e-01
872 3.813702e+00 1.809999e-01
873 3.781943e+00 2.452451e-01
874 3.777386e+00 1.915888e-01
875 3.776322e+00 1.851553e-01
876 3.801582e+00 1.679684e-01
877 3.791264e+00 2.425111e-01
878 3.802017e+00 2.815789e-01
879 3.762461e+00 2.826379e-01
880 3.750029e+00 3.056657e-01
881 3.744982e+00 3.146640e-01
882 3.741174e+00 3.422549e-01
883 3.729857e+00 3.372374e-01
884 3.765966e+00 3.394719e-01
885 3.766764e+00 3.389581e-01
886 3.776450e+00 3.675553e-01
887 3.754285e+00 3.622204e-01
888 3.756174e+00 3.650087e-01
889 3.768513e+00 3.668772e-01
890 3.766967e+00 3.675928e-01
891 3.765811e+00 3.680187e-01
892 3.742979e+00 3.760301e-01
893 3.737594e+00 4.099650e-01
894 3.736303e+00 4.211743e-01
895 3.712917e+00 4.120971e-01
896 3.715037e+00 3.800269e-01
897 3.677032e+00 3.737186e-01
898 3.652549e+00 3.749723e-01
899 3.665804e+00 3.728123e-01
900 3.660599e+00 3.669707e-01
901 3.648059e+00 3.460708e-01
902 3.651861e+00 3.464247e-01
903 3.646220e+00 3.351894e-01
904 3.651078e+00 3.149312e-01
905 3.638429e+00 3.328107e-01
906 3.636584e+00 3.577322e-01
907 3.646491e+00 3.779202e-01
908 3.667460e+00 3.912773e-01
909 3.676949e+00 3.922649e-01
910 3.676650e+00 3.912840e-01
911 3.668784e+00 3.991868e-01
912 3.686801e+00 3.911835e-01
913 3.673594e+00 3.879290e-01
914 3.660083e+00 3.569934e-01
915 3.683894e+00 4.091770e-01
916 3.696036e+00 4.167453e-01
917 3.700175e+00 4.059497e-01
918 3.659348e+00 4.160923e-01
919 3.649359e+00 3.951552e-01
920 3.663539e+00 3.388442e-01
921 3.660647e+00 3.623974e-01
922 3.686895e+00 3.883044e-01
923 3.692122e+00 3.868634e-01
924 3.702403e+00 3.831524e-01
925 3.713186e+00 3.609909e-01
926 3.755501e+00 3.433284e-01
927 3.743342e+00 3.366297e-01
928 3.753796e+00 3.459434e-01
929 3.760716e+00 3.314142e-01
930 3.751427e+00 3.341338e-01
931 3.736027e+00 3.224038e-01
932 3.737995e+00 3.241245e-01
933 3.745894e+00 3.184905e-01
934 3.741594e+00 3.111189e-01
935 3.739251e+00 3.132403e-01
936 3.747574e+00 3.050000e-01
937 3.762520e+00 3.420936e-01
938 3.758608e+00 3.485474e-01
939 3.786064e+00 3.461334e-01
940 3.783222e+00 3.452429e-01
941 3.825428e+00 3.541803e-01
942 3.824905e+00 3.533563e-01
943 3.827061e+00 3.514738e-01
944 3.810766e+00 3.417446e-01
945 3.812049e+00 3.372093e-01
946 3.804368e+00 3.584201e-01
947 3.803806e+00 3.284410e-01
948 3.835224e+00 3.278194e-01
949 3.834733e+00 3.284322e-01
950 3.878957e+00 3.193258e-01
951 3.861467e+00 3.137895e-01
952 3.866162e+00 3.008356e-01
953 3.915234e+00 3.016891e-01
954 3.911984e+00 3.005699e-01
955 3.956272e+00 2.959846e-01
956 3.957502e+00 2.998643e-01
957 3.957770e+00 2.997803e-01
958 3.966234e+00 3.337036e-01
959 3.977882e+00 3.385580e-01
960 4.001294e+00 2.967455e-01
961 3.989370e+00 3.007277e-01
962 3.986350e+00 3.000933e-01
963 3.994034e+00 3.076459e-01
964 4.013059e+00 3.406127e-01
965 4.010824e+00 3.408091e-01
966 3.999072e+00 3.566533e-01
967 4.021281e+00 3.537543e-01
968 4.031953e+00 3.469459e-01
969 4.001082e+00 3.833514e-01
970 4.001211e+00 3.820516e-01
971 4.002178e+00 3.779232e-01
972 4.016726e+00 3.740244e-01
973 4.022144e+00 3.779890e-01
974 4.030966e+00 4.005137e-01
975 4.024789e+00 4.159043e-01
976 4.001713e+00 4.105464e-01
977 3.992668e+00 4.180760e-01
978 3.977630e+00 4.207720e-01
979 3.965829e+00 4.011591e-01
980 3.964756e+00 3.971159e-01
981 3.967099e+00 3.987681e-01
982 3.954479e+00 4.144475e-01
983 3.954022e+00 4.205345e-01
984 3.951481e+00 4.165693e-01
985 3.946306e+00 4.114222e-01
986 3.958417e+00 4.042865e-01
987 3.958367e+00 4.041193e-01
988 3.959537e+00 3.983259e-01
989 3.954290e+00 4.139594e-01
990 3.955246e+00 4.103664e-01
991 3.936809e+00 4.100483e-01
992 3.942782e+00 4.019077e-01
993 3.950455e+00 3.851961e-01
994 3.941596e+00 3.799812e-01
995 3.966603e+00 4.084803e-01
996 3.961890e+00 4.315190e-01
997 3.966895e+00 4.418820e-01
998 4.026916e+00 4.277587e-01
999 3.994995e+00 3.883550e-01
1000 3.996285e+00 3.742976e-01
1001 4.020119e+00 3.740416e-01
1002 3.910544e+00 3.049632e-01
1003 3.945926e+00 3.389229e-01
1004 3.940840e+00 3.456851e-01
1005 3.941200e+00 3.458520e-01
1006 3.939183e+00 3.484666e-01
1007 3.952146e+00 3.162181e-01
1008 3.951259e+00 3.165299e-01
1009 3.959932e+00 3.144158e-01
1010 3.970889e+00 3.067118e-01
1011 3.981393e+00 3.113726e-01
1012 4.007859e+00 3.028777e-01
1013 4.032092e+00 3.280965e-01
1014 4.060420e+00 3.158013e-01
1015 4.035370e+00 3.121647e-01
1016 4.010202e+00 3.747146e-01
1017 3.993091e+00 3.919226e-01
1018 3.944592e+00 4.860520e-01
1019 3.976172e+00 4.529785e-01
1020 3.982622e+00 4.548253e-01
1021 3.986027e+00 4.476029e-01
1022 3.979645e+00 4.391239e-01
1023 3.985618e+00 4.620066e-01
1024 4.023001e+00 4.149774e-01
1025 4.002906e+00 4.232853e-01
1026 3.997781e+00 4.361385e-01
1027 3.975520e+00 3.944799e-01
1028 3.967906e+00 3.985115e-01
1029 3.985199e+00 4.063177e-01
1030 3.992327e+00 4.171009e-01
1031 3.993816e+00 4.181887e-01
1032 3.959000e+00 4.345765e-01
1033 3.949152e+00 4.473831e-01
1034 3.997441e+00 4.497967e-01
1035 4.029399e+00 3.990567e-01
1036 4.029267e+00 3.990091e-01
1037 3.995271e+00 4.232868e-01
1038 3.986864e+00 4.330476e-01
1039 3.966973e+00 4.578174e-01
1040 3.965828e+00 4.569206e-01
1041 4.016843e+00 4.784696e-01
1042 4.028868e+00 5.050959e-01
1043 4.026139e+00 5.178166e-01
1044 4.027644e+00 5.225982e-01
1045 4.024859e+00 5.119099e-01
1046 3.999397e+00 5.237474e-01
1047 3.996976e+00 5.215232e-01
1048 4.006638e+00 5.218813e-01
1049 4.040649e+00 5.143186e-01
1050 4.061324e+00 4.902249e-01
1051 4.054197e+00 5.012895e-01
1052 4.048001e+00 4.816377e-01
1053 4.034296e+00 4.879151e-01
1054 4.024813e+00 5.017802e-01
1055 3.981857e+00 5.526262e-01
1056 3.968437e+00 5.407344e-01
1057 3.904961e+00 4.890617e-01
1058 3.909639e+00 4.836573e-01
1059 3.913203e+00 4.678240e-01
1060 3.923747e+00 4.817349e-01
1061 3.921601e+00 4.885542e-01
1062 3.922399e+00 5.158188e-01
1063 3.922422e+00 5.154061e-01
1064 3.973482e+00 4.857343e-01
1065 3.939959e+00 4.700339e-01
1066 3.937205e+00 4.690813e-01
1067 3.937089e+00 4.666009e-01
1068 3.949974e+00 4.529039e-01
1069 3.961572e+00 4.500865e-01
1070 3.962914e+00 4.503697e-01
1071 3.965448e+00 4.488495e-01
1072 3.961703e+00 4.514052e-01
1073 3.968170e+00 4.507576e-01
1074 3.943227e+00 4.509559e-01
1075 3.937926e+00 4.492315e-01
1076 3.990279e+00 4.300901e-01
1077 4.003499e+00 4.418585e-01
1078 4.008561e+00 4.426101e-01
1079 3.999137e+00 4.278360e-01
1080 3.987239e+00 4.587351e-01
1081 3.981212e+00 4.600631e-01
1082 3.985927e+00 4.548912e-01
1083 3.990121e+00 4.482327e-01
1084 3.980471e+00 4.375394e-01
1085 3.991554e+00 4.340406e-01
1086 3.950146e+00 3.905335e-01
1087 3.945525e+00 4.014607e-01
1088 3.930598e+00 3.944398e-01
1089 3.927505e+00 3.974849e-01
1090 3.923607e+00 3.819553e-01
1091 3.913918e+00 3.906758e-01
1092 3.926560e+00 3.896322e-01
1093 3.929053e+00 3.904485e-01
1094 3.917592e+00 4.089645e-01
1095 3.923505e+00 4.113196e-01
1096 3.901198e+00 4.251246e-01
1097 3.897715e+00 4.181473e-01
1098 3.895741e+00 4.180034e-01
1099 3.884762e+00 4.188287e-01
1100 3.894383e+00 4.200420e-01
1101 3.902337e+00 4.230880e-01
1102 3.872105e+00 4.248003e-01
1103 3.872620e+00 4.242093e-01
1104 3.884714e+00 4.282965e-01
1105 3.893858e+00 4.093515e-01
1106 3.884058e+00 3.995111e-01
1107 3.890225e+00 3.982771e-01
1108 3.896858e+00 4.097133e-01
1109 3.896477e+00 4.048301e-01
1110 3.885548e+00 3.965514e-01
1111 3.892052e+00 3.999778e-01
1112 3.891096e+00 4.008378e-01
1113 3.886304e+00 4.029155e-01
1114 3.885869e+00 4.029397e-01
1115 3.896794e+00 4.023190e-01
1116 3.921742e+00 3.944883e-01
1117 3.921613e+00 4.835462e-01
1118 3.922138e+00 5.060416e-01
1119 3.923572e+00 5.080228e-01
1120 3.921337e+00 5.026758e-01
1121 3.917642e+00 4.816572e-01
1122 3.913982e+00 4.020966e-01
1123 3.907755e+00 4.159954e-01
1124 3.918339e+00 4.212820e-01
1125 3.922604e+00 3.700254e-01
1126 3.922213e+00 3.658691e-01
1127 3.962497e+00 3.981443e-01
1128 3.951714e+00 3.705626e-01
1129 3.955559e+00 3.657324e-01
1130 3.941153e+00 3.554955e-01
1131 3.940709e+00 3.502582e-01
1132 3.915896e+00 3.926232e-01
1133 3.915481e+00 3.895356e-01
1134 3.938792e+00 4.135079e-01
1135 3.930078e+00 3.894040e-01
1136 3.898733e+00 3.803198e-01
1137 3.901063e+00 3.736947e-01
1138 3.911790e+00 3.903456e-01
1139 3.911641e+00 3.895064e-01
1140 3.913037e+00 3.906778e-01
1141 3.911027e+00 3.915600e-01
1142 3.907234e+00 4.067318e-01
1143 3.906136e+00 4.080157e-01
1144 3.853434e+00 3.986059e-01
1145 3.853283e+00 3.990103e-01
1146 3.845947e+00 3.993661e-01
1147 3.824230e+00 3.851689e-01
1148 3.820698e+00 3.935243e-01
1149 3.819945e+00 3.921467e-01
1150 3.871375e+00 4.022102e-01
1151 3.843251e+00 4.034875e-01
1152 3.801554e+00 3.898754e-01
1153 3.821041e+00 3.915047e-01
1154 3.818675e+00 3.888772e-01
1155 3.803012e+00 3.150092e-01
1156 3.804579e+00 3.151388e-01
1157 3.781515e+00 2.945649e-01
1158 3.754349e+00 2.825342e-01
1159 3.751246e+00 2.819494e-01
1160 3.751617e+00 2.789349e-01
1161 3.758904e+00 2.767908e-01
1162 3.784801e+00 2.520195e-01
1163 3.781444e+00 2.508915e-01
1164 3.782216e+00 2.527857e-01
1165 3.781794e+00 2.546775e-01
1166 3.784341e+00 2.468582e-01
1167 3.805800e+00 2.360587e-01
1168 3.807167e+00 2.349266e-01
1169 3.852498e+00 1.799850e-01
1170 3.855544e+00 1.800627e-01
1171 3.838356e+00 1.761711e-01
1172 3.833022e+00 2.056485e-01
1173 3.838051e+00 2.114219e-01
1174 3.850611e+00 2.466627e-01
1175 3.851874e+00 2.471855e-01
1176 3.862259e+00 2.441794e-01
1177 3.868748e+00 2.451283e-01
1178 3.863240e+00 2.691415e-01
1179 3.870950e+00 2.780037e-01
1180 3.869502e+00 2.781429e-01
1181 3.861436e+00 2.578612e-01
1182 3.870319e+00 3.257046e-01
1183 3.853034e+00 3.195371e-01
1184 3.834388e+00 2.544632e-01
1185 3.833053e+00 2.506854e-01
1186 3.830888e+00 2.513678e-01
1187 3.820641e+00 2.457657e-01
1188 3.837702e+00 2.470435e-01
1189 3.836932e+00 2.797698e-01
1190 3.830216e+00 2.642489e-01
1191 3.818590e+00 2.556720e-01
1192 3.818754e+00 2.552901e-01
1193 3.819033e+00 2.574899e-01
1194 3.824817e+00 2.552401e-01
1195 3.851935e+00 2.639153e-01
1196 3.837699e+00 2.271844e-01
1197 3.851429e+00 2.372033e-01
1198 3.840278e+00 2.806098e-01
1199 3.832903e+00 3.089132e-01
1200 3.773790e+00 2.805296e-01
1201 3.768340e+00 2.826577e-01
1202 3.783009e+00 2.945696e-01
1203 3.757123e+00 3.167393e-01
1204 3.754191e+00 3.108916e-01
1205 3.751342e+00 3.026093e-01
1206 3.687302e+00 3.236502e-01
1207 3.701856e+00 3.255838e-01
1208 3.713695e+00 3.020770e-01
1209 3.772898e+00 2.678787e-01
1210 3.773122e+00 2.715862e-01
1211 3.772105e+00 2.709710e-01
1212 3.774177e+00 2.739124e-01
1213 3.783921e+00 2.579984e-01
1214 3.823250e+00 2.801532e-01
1215 3.800145e+00 2.881833e-01
1216 3.799734e+00 2.993530e-01
1217 3.801598e+00 3.478364e-01
1218 3.781877e+00 3.453165e-01
1219 3.765207e+00 3.321564e-01
1220 3.765161e+00 3.341318e-01
1221 3.766969e+00 3.158976e-01
1222 3.770351e+00 3.070660e-01
1223 3.769109e+00 3.060426e-01
1224 3.768569e+00 3.077113e-01
1225 3.755451e+00 3.213223e-01
1226 3.754791e+00 3.227106e-01
1227 3.741636e+00 3.654719e-01
1228 3.727753e+00 3.517115e-01
1229 3.723540e+00 3.458564e-01
1230 3.738214e+00 3.461720e-01
1231 3.752958e+00 3.718006e-01
1232 3.751561e+00 3.821887e-01
1233 3.736721e+00 3.725643e-01
1234 3.698328e+00 3.853611e-01
1235 3.678134e+00 3.889427e-01
1236 3.668611e+00 4.091807e-01
1237 3.669151e+00 4.091768e-01
1238 3.631105e+00 4.198825e-01
1239 3.634876e+00 4.160576e-01
1240 3.634105e+00 4.159373e-01
1241 3.635399e+00 4.140644e-01
1242 3.644110e+00 4.706374e-01
1243 3.642084e+00 4.720532e-01
1244 3.654847e+00 4.711857e-01
1245 3.658074e+00 4.672106e-01
1246 3.656019e+00 4.643984e-01
1247 3.655861e+00 4.628302e-01
1248 3.650784e+00 4.452006e-01
1249 3.646089e+00 4.513629e-01
1250 3.634468e+00 4.492869e-01
1251 3.623346e+00 4.948346e-01
1252 3.596698e+00 4.906077e-01
1253 3.611765e+00 4.813550e-01
1254 3.618569e+00 4.769668e-01
1255 3.614899e+00 4.775624e-01
1256 3.598773e+00 4.874005e-01
1257 3.599000e+00 4.809810e-01
1258 3.605316e+00 4.928002e-01
1259 3.554869e+00 5.039396e-01
1260 3.545031e+00 4.934243e-01
1261 3.547361e+00 4.868591e-01
1262 3.565691e+00 4.778139e-01
1263 3.565592e+00 4.798676e-01
1264 3.565840e+00 4.794781e-01
1265 3.565594e+00 4.812352e-01
1266 3.564364e+00 4.941362e-01
1267 3.537726e+00 5.106011e-01
1268 3.568793e+00 5.079121e-01
1269 3.568079e+00 5.100988e-01
1270 3.508717e+00 5.442597e-01
1271 3.515359e+00 5.188526e-01
1272 3.531296e+00 5.767337e-01
1273 3.525739e+00 5.736800e-01
1274 3.520776e+00 5.767817e-01
1275 3.532224e+00 5.498925e-01
1276 3.580052e+00 5.398804e-01
1277 3.594387e+00 5.549982e-01
1278 3.621511e+00 5.341790e-01
1279 3.622494e+00 5.498595e-01
1280 3.661453e+00 5.638327e-01
1281 3.661193e+00 5.640449e-01
1282 3.661633e+00 5.636756e-01
1283 3.661893e+00 5.699850e-01
1284 3.669282e+00 5.747648e-01
1285 3.575176e+00 5.036541e-01
1286 3.580984e+00 4.963783e-01
1287 3.522890e+00 4.459055e-01
1288 3.520844e+00 4.372183e-01
1289 3.557868e+00 4.252844e-01
1290 3.570780e+00 4.584680e-01
1291 3.573982e+00 4.770513e-01
1292 3.569383e+00 4.706329e-01
1293 3.558901e+00 4.830559e-01
1294 3.570737e+00 4.621336e-01
1295 3.517632e+00 4.549980e-01
1296 3.515629e+00 4.548081e-01
1297 3.517096e+00 4.540985e-01
1298 3.449722e+00 4.335010e-01
1299 3.447493e+00 4.223996e-01
1300 3.449666e+00 4.311494e-01
1301 3.464061e+00 4.092499e-01
1302 3.464317e+00 4.094213e-01
1303 3.460153e+00 4.102531e-01
1304 3.432885e+00 3.980740e-01
1305 3.402363e+00 4.126822e-01
1306 3.392590e+00 4.360339e-01
1307 3.392083e+00 4.367997e-01
1308 3.424198e+00 4.192437e-01
1309 3.405763e+00 4.572273e-01
1310 3.421757e+00 4.585607e-01
1311 3.429900e+00 4.647340e-01
1312 3.431687e+00 4.670641e-01
1313 3.448569e+00 4.774357e-01
1314 3.445714e+00 4.812763e-01
1315 3.451809e+00 4.644030e-01
1316 3.452196e+00 4.636182e-01
1317 3.437409e+00 4.491047e-01
1318 3.433261e+00 4.591012e-01
1319 3.469321e+00 4.745636e-01
1320 3.473320e+00 4.755671e-01
1321 3.472188e+00 4.757117e-01
1322 3.473953e+00 4.686436e-01
1323 3.451624e+00 4.871864e-01
1324 3.447462e+00 4.834528e-01
1325 3.456583e+00 4.701154e-01
1326 3.454343e+00 4.543011e-01
1327 3.450720e+00 4.591207e-01
1328 3.442543e+00 4.658119e-01
1329 3.438352e+00 4.757167e-01
1330 3.442595e+00 4.410017e-01
1331 3.428483e+00 4.405575e-01
1332 3.376623e+00 4.261923e-01
1333 3.372161e+00 4.122174e-01
1334 3.380998e+00 3.957454e-01
1335 3.378560e+00 3.981718e-01
1336 3.388617e+00 3.880480e-01
1337 3.416177e+00 4.178489e-01
1338 3.428039e+00 4.257157e-01
1339 3.388568e+00 4.035110e-01
1340 3.386842e+00 4.056262e-01
1341 3.378038e+00 4.242953e-01
1342 3.388855e+00 4.245665e-01
1343 3.414156e+00 4.390047e-01
1344 3.411769e+00 5.020955e-01
1345 3.398474e+00 5.031964e-01
1346 3.408871e+00 4.910039e-01
1347 3.411463e+00 4.877627e-01
1348 3.400983e+00 4.827668e-01
1349 3.392055e+00 4.750163e-01
1350 3.397386e+00 4.689547e-01
1351 3.403316e+00 4.606361e-01
1352 3.397875e+00 4.514438e-01
1353 3.417098e+00 4.163834e-01
1354 3.401884e+00 4.149636e-01
1355 3.413238e+00 3.958805e-01
1356 3.408047e+00 4.006068e-01
1357 3.397737e+00 3.978601e-01
1358 3.381542e+00 3.907223e-01
1359 3.401135e+00 3.923895e-01
1360 3.422032e+00 4.173213e-01
1361 3.408620e+00 4.119463e-01
1362 3.411720e+00 4.088795e-01
1363 3.378403e+00 4.201369e-01
1364 3.391532e+00 4.236926e-01
1365 3.401950e+00 4.146923e-01
1366 3.407375e+00 4.001634e-01
1367 3.410739e+00 4.700451e-01
1368 3.409696e+00 4.876258e-01
1369 3.411108e+00 4.874963e-01
1370 3.416178e+00 4.914736e-01
1371 3.432324e+00 5.618420e-01
1372 3.432042e+00 5.617843e-01
1373 3.384290e+00 6.046071e-01
1374 3.375092e+00 6.041140e-01
1375 3.394969e+00 6.211765e-01
1376 3.408637e+00 6.160813e-01
1377 3.409215e+00 6.167804e-01
1378 3.404186e+00 6.072558e-01
1379 3.411198e+00 6.035265e-01
1380 3.418587e+00 5.766878e-01
1381 3.412080e+00 5.989773e-01
1382 3.395092e+00 6.075117e-01
1383 3.390564e+00 6.045374e-01
1384 3.374464e+00 5.448391e-01
1385 3.368360e+00 5.223279e-01
1386 3.362999e+00 4.838281e-01
1387 3.359372e+00 4.800458e-01
1388 3.374359e+00 4.718395e-01
1389 3.384105e+00 4.311024e-01
1390 3.390807e+00 4.500938e-01
1391 3.383146e+00 4.682599e-01
1392 3.395778e+00 4.664639e-01
1393 3.392347e+00 4.664308e-01
1394 3.382607e+00 4.654249e-01
1395 3.435840e+00 4.653664e-01
1396 3.480992e+00 4.747480e-01
1397 3.473210e+00 4.505082e-01
1398 3.436401e+00 4.310369e-01
1399 3.458146e+00 3.739376e-01
1400 3.458616e+00 3.829126e-01
1401 3.458715e+00 3.839516e-01
1402 3.447849e+00 3.529691e-01
1403 3.446909e+00 3.563911e-01
1404 3.445796e+00 3.331818e-01
1405 3.434078e+00 3.282402e-01
1406 3.444762e+00 3.187919e-01
1407 3.448467e+00 3.218991e-01
1408 3.452892e+00 3.272905e-01
1409 3.451861e+00 3.269298e-01
1410 3.440179e+00 2.898670e-01
1411 3.427898e+00 2.901050e-01
1412 3.414702e+00 2.963732e-01
1413 3.415504e+00 2.961030e-01
1414 3.441378e+00 2.691191e-01
1415 3.426005e+00 2.810611e-01
1416 3.426901e+00 2.772251e-01
1417 3.422591e+00 2.757856e-01
1418 3.413498e+00 2.745576e-01
1419 3.373704e+00 2.917372e-01
1420 3.373819e+00 2.873524e-01
1421 3.373612e+00 2.873345e-01
1422 3.357759e+00 2.802554e-01
1423 3.354107e+00 2.793062e-01
1424 3.354579e+00 2.789204e-01
1425 3.354639e+00 2.798733e-01
1426 3.352775e+00 2.795020e-01
1427 3.365522e+00 2.617886e-01
1428 3.365774e+00 2.619797e-01
1429 3.354422e+00 2.811968e-01
1430 3.366292e+00 2.544472e-01
1431 3.369622e+00 2.461087e-01
1432 3.360270e+00 2.452844e-01
1433 3.353209e+00 2.232463e-01
1434 3.353335e+00 2.352046e-01
1435 3.356177e+00 1.941215e-01
1436 3.372510e+00 1.834779e-01
1437 3.362427e+00 1.946199e-01
1438 3.360199e+00 1.940905e-01
1439 3.378871e+00 1.977960e-01
1440 3.365319e+00 1.976780e-01
1441 3.375318e+00 1.887444e-01
1442 3.378076e+00 1.922713e-01
1443 3.375673e+00 1.893422e-01
1444 3.378858e+00 1.899523e-01
1445 3.384193e+00 1.964155e-01
1446 3.425538e+00 1.779835e-01
1447 3.450511e+00 1.689404e-01
1448 3.464194e+00 1.620611e-01
1449 3.448364e+00 2.299053e-01
1450 3.467890e+00 2.145894e-01
1451 3.470902e+00 2.200848e-01
1452 3.470649e+00 2.197367e-01
1453 3.491689e+00 2.242230e-01
1454 3.503448e+00 2.504087e-01
1455 3.495120e+00 2.401796e-01
1456 3.501345e+00 2.446826e-01
1457 3.503410e+00 2.443246e-01
1458 3.499962e+00 2.360654e-01
1459 3.489594e+00 2.243268e-01
1460 3.477703e+00 2.391237e-01
1461 3.476107e+00 2.285812e-01
1462 3.475688e+00 2.291943e-01
1463 3.475853e+00 2.306143e-01
1464 3.483702e+00 2.293295e-01
1465 3.483037e+00 2.281814e-01
1466 3.476500e+00 2.289165e-01
1467 3.476674e+00 2.302324e-01
1468 3.460482e+00 2.459028e-01
1469 3.460267e+00 2.454941e-01
1470 3.451469e+00 2.457294e-01
1471 3.453214e+00 2.489252e-01
1472 3.458348e+00 2.487081e-01
1473 3.462152e+00 2.453589e-01
1474 3.456771e+00 2.544660e-01
1475 3.476590e+00 2.057633e-01
1476 3.479608e+00 2.089335e-01
1477 3.479001e+00 2.069765e-01
1478 3.457957e+00 2.406657e-01
1479 3.479331e+00 2.228763e-01
1480 3.468818e+00 1.733568e-01
1481 3.452348e+00 2.002685e-01
1482 3.461149e+00 2.174422e-01
1483 3.476331e+00 2.056916e-01
1484 3.474161e+00 2.049112e-01
1485 3.492564e+00 2.153596e-01
1486 3.493332e+00 2.133140e-01
1487 3.471675e+00 1.825591e-01
1488 3.483962e+00 1.181810e-01
1489 3.496905e+00 1.232777e-01
1490 3.492438e+00 1.160916e-01
1491 3.522849e+00 9.571002e-02
1492 3.523328e+00 9.543440e-02
1493 3.516389e+00 8.492486e-02
1494 3.505859e+00 9.289903e-02
1495 3.505890e+00 9.277536e-02
1496 3.542755e+00 9.447638e-02
1497 3.548151e+00 9.486872e-02
1498 3.548420e+00 9.487287e-02
1499 3.549200e+00 9.485968e-02
1500 3.599232e+00 9.251175e-02
1501 3.651961e+00 5.230358e-02
1502 3.653178e+00 9.472254e-02
1503 3.652900e+00 9.297524e-02
1504 3.652401e+00 8.079245e-02
1505 3.662046e+00 8.819901e-02
1506 3.664600e+00 8.487603e-02
1507 3.678782e+00 8.058806e-02
1508 3.685323e+00 7.366942e-02
1509 3.712766e+00 6.609978e-02
1510 3.721033e+00 9.470551e-02
1511 3.700594e+00 1.008340e-01
1512 3.694895e+00 6.908254e-02
1513 3.722484e+00 4.462447e-02
1514 3.720853e+00 4.025370e-02
1515 3.772358e+00 2.980044e-02
1516 3.784001e+00 -2.486172e-02
