0 3.176222e+00 2.025737e+00
1 3.177182e+00 2.025000e+00
2 3.214281e+00 1.961585e+00
3 3.207951e+00 1.911178e+00
4 3.206468e+00 1.902422e+00
5 3.203651e+00 1.929064e+00
6 3.197063e+00 1.929971e+00
7 3.183245e+00 1.934248e+00
8 3.174712e+00 1.982929e+00
9 3.220466e+00 1.966304e+00
10 3.215489e+00 1.950876e+00
11 3.215817e+00 1.951044e+00
12 3.219691e+00 1.944496e+00
13 3.252738e+00 1.949442e+00
14 3.248054e+00 1.944980e+00
15 3.255421e+00 1.926870e+00
16 3.256242e+00 1.926680e+00
17 3.174893e+00 2.012570e+00
18 3.150394e+00 1.998974e+00
19 3.223484e+00 1.949291e+00
20 3.212906e+00 1.947982e+00
21 3.193491e+00 1.954130e+00
22 3.192390e+00 1.944302e+00
23 3.208200e+00 1.934257e+00
24 3.218242e+00 1.936554e+00
25 3.184402e+00 1.925394e+00
26 3.173070e+00 1.900225e+00
27 3.175569e+00 1.895349e+00
28 3.171484e+00 1.889922e+00
29 3.173745e+00 1.910126e+00
30 3.156782e+00 1.897931e+00
31 3.140279e+00 1.901978e+00
32 3.134010e+00 1.903521e+00
33 3.119133e+00 1.915860e+00
34 3.143638e+00 1.907871e+00
35 3.182935e+00 1.895068e+00
36 3.172873e+00 1.875193e+00
37 3.179310e+00 1.877470e+00
38 3.175049e+00 1.887222e+00
39 3.141339e+00 1.856555e+00
40 3.149957e+00 1.868623e+00
41 3.151452e+00 1.872251e+00
42 3.147011e+00 1.871694e+00
43 3.146072e+00 1.871385e+00
44 3.118549e+00 1.847862e+00
45 3.119663e+00 1.848349e+00
46 3.117082e+00 1.844400e+00
47 3.132443e+00 1.847799e+00
48 3.142998e+00 1.854948e+00
49 3.135281e+00 1.856038e+00
50 3.108686e+00 1.860290e+00
51 3.108013e+00 1.855208e+00
52 3.115548e+00 1.831703e+00
53 3.129238e+00 1.823969e+00
54 3.136023e+00 1.821469e+00
55 3.147358e+00 1.808018e+00
56 3.150745e+00 1.808793e+00
57 3.185405e+00 1.842143e+00
58 3.213469e+00 1.785938e+00
59 3.235291e+00 1.779812e+00
60 3.229423e+00 1.779486e+00
61 3.232731e+00 1.769685e+00
62 3.226101e+00 1.772417e+00
63 3.206242e+00 1.756766e+00
64 3.228678e+00 1.702257e+00
65 3.232630e+00 1.715019e+00
66 3.244020e+00 1.707834e+00
67 3.235311e+00 1.703174e+00
68 3.225639e+00 1.694041e+00
69 3.232450e+00 1.701698e+00
70 3.204856e+00 1.675677e+00
71 3.209850e+00 1.680116e+00
72 3.209565e+00 1.675579e+00
73 3.203789e+00 1.676062e+00
74 3.200309e+00 1.667836e+00
75 3.196401e+00 1.663510e+00
76 3.199518e+00 1.660277e+00
77 3.207641e+00 1.641753e+00
78 3.211002e+00 1.638892e+00
79 3.211619e+00 1.639580e+00
80 3.203942e+00 1.625254e+00
81 3.175533e+00 1.623208e+00
82 3.134638e+00 1.612531e+00
83 3.131227e+00 1.610563e+00
84 3.124243e+00 1.613150e+00
85 3.132459e+00 1.643262e+00
86 3.128496e+00 1.643300e+00
87 3.141858e+00 1.665740e+00
88 3.095753e+00 1.629578e+00
89 3.078964e+00 1.622996e+00
90 3.078562e+00 1.622570e+00
91 3.083407e+00 1.608646e+00
92 3.089614e+00 1.602476e+00
93 3.091023e+00 1.662441e+00
94 3.114513e+00 1.621128e+00
95 3.112682e+00 1.619574e+00
96 3.124483e+00 1.617989e+00
97 3.174184e+00 1.642991e+00
98 3.234841e+00 1.595863e+00
99 3.287343e+00 1.569232e+00
100 3.272703e+00 1.561446e+00
101 3.267531e+00 1.568378e+00
102 3.266646e+00 1.573159e+00
103 3.263778e+00 1.574786e+00
104 3.282114e+00 1.576606e+00
105 3.275101e+00 1.603063e+00
106 3.275861e+00 1.606406e+00
107 3.260398e+00 1.619405e+00
108 3.244644e+00 1.626640e+00
109 3.246581e+00 1.627175e+00
110 3.236978e+00 1.646328e+00
111 3.231977e+00 1.636953e+00
112 3.235533e+00 1.611169e+00
113 3.285136e+00 1.660425e+00
114 3.284381e+00 1.661179e+00
115 3.287496e+00 1.649578e+00
116 3.289281e+00 1.672190e+00
117 3.269438e+00 1.684118e+00
118 3.258661e+00 1.670516e+00
119 3.289026e+00 1.653058e+00
120 3.288237e+00 1.640654e+00
121 3.287537e+00 1.640204e+00
122 3.295192e+00 1.621053e+00
123 3.305109e+00 1.613055e+00
124 3.307354e+00 1.613292e+00
125 3.350023e+00 1.578696e+00
126 3.346513e+00 1.596258e+00
127 3.357509e+00 1.606520e+00
128 3.365001e+00 1.617727e+00
129 3.359206e+00 1.632388e+00
130 3.358289e+00 1.635672e+00
131 3.358243e+00 1.635733e+00
132 3.319949e+00 1.658232e+00
133 3.335913e+00 1.650037e+00
134 3.338125e+00 1.661686e+00
135 3.331673e+00 1.660369e+00
136 3.328408e+00 1.663390e+00
137 3.349662e+00 1.638520e+00
138 3.364836e+00 1.641009e+00
139 3.287429e+00 1.588416e+00
140 3.286475e+00 1.583553e+00
141 3.260147e+00 1.580375e+00
142 3.263034e+00 1.578591e+00
143 3.287270e+00 1.564503e+00
144 3.315082e+00 1.561906e+00
145 3.346616e+00 1.570905e+00
146 3.360781e+00 1.539918e+00
147 3.356489e+00 1.549978e+00
148 3.357222e+00 1.555667e+00
149 3.363224e+00 1.525938e+00
150 3.331418e+00 1.505925e+00
151 3.344872e+00 1.487758e+00
152 3.317589e+00 1.503288e+00
153 3.310904e+00 1.524689e+00
154 3.308729e+00 1.531883e+00
155 3.305780e+00 1.530404e+00
156 3.369078e+00 1.533747e+00
157 3.385030e+00 1.518093e+00
158 3.364453e+00 1.529442e+00
159 3.379610e+00 1.540697e+00
160 3.357447e+00 1.559325e+00
161 3.371224e+00 1.543367e+00
162 3.367977e+00 1.548999e+00
163 3.361804e+00 1.548602e+00
164 3.362310e+00 1.558083e+00
165 3.377887e+00 1.564240e+00
166 3.399098e+00 1.519229e+00
167 3.396195e+00 1.558769e+00
168 3.386130e+00 1.574075e+00
169 3.380628e+00 1.576988e+00
170 3.389011e+00 1.586816e+00
171 3.427194e+00 1.594357e+00
172 3.426092e+00 1.586386e+00
173 3.425464e+00 1.584402e+00
174 3.400024e+00 1.584531e+00
175 3.417760e+00 1.611359e+00
176 3.414966e+00 1.607502e+00
177 3.414215e+00 1.610816e+00
178 3.404483e+00 1.578257e+00
179 3.438928e+00 1.602820e+00
180 3.439099e+00 1.617277e+00
181 3.438084e+00 1.617610e+00
182 3.455787e+00 1.622578e+00
183 3.452451e+00 1.605462e+00
184 3.451280e+00 1.606285e+00
185 3.431335e+00 1.622182e+00
186 3.362058e+00 1.598925e+00
187 3.351079e+00 1.603163e+00
188 3.356994e+00 1.588688e+00
189 3.357084e+00 1.588664e+00
190 3.365764e+00 1.596104e+00
191 3.365311e+00 1.597248e+00
192 3.394476e+00 1.583609e+00
193 3.386418e+00 1.567726e+00
194 3.406915e+00 1.561799e+00
195 3.413758e+00 1.538119e+00
196 3.420641e+00 1.540159e+00
197 3.423554e+00 1.534460e+00
198 3.416863e+00 1.531724e+00
199 3.414845e+00 1.522848e+00
200 3.399288e+00 1.529864e+00
201 3.383337e+00 1.524353e+00
202 3.432748e+00 1.560429e+00
203 3.437857e+00 1.561006e+00
204 3.442681e+00 1.586398e+00
205 3.439812e+00 1.581830e+00
206 3.481309e+00 1.596799e+00
207 3.478997e+00 1.608552e+00
208 3.465036e+00 1.630824e+00
209 3.453128e+00 1.620752e+00
210 3.485716e+00 1.581682e+00
211 3.481237e+00 1.571537e+00
212 3.463046e+00 1.539657e+00
213 3.427845e+00 1.552929e+00
214 3.510711e+00 1.548304e+00
215 3.526143e+00 1.540387e+00
216 3.514885e+00 1.584701e+00
217 3.514008e+00 1.571111e+00
218 3.519172e+00 1.576984e+00
219 3.535841e+00 1.576096e+00
220 3.516955e+00 1.561920e+00
221 3.467628e+00 1.539358e+00
222 3.470645e+00 1.530305e+00
223 3.486422e+00 1.527396e+00
224 3.496609e+00 1.514286e+00
225 3.495260e+00 1.535520e+00
226 3.499305e+00 1.533892e+00
227 3.506176e+00 1.538658e+00
228 3.494231e+00 1.530903e+00
229 3.492636e+00 1.548240e+00
230 3.497059e+00 1.546523e+00
231 3.500014e+00 1.547720e+00
232 3.471769e+00 1.573247e+00
233 3.477716e+00 1.564526e+00
234 3.469458e+00 1.544705e+00
235 3.504964e+00 1.677089e+00
236 3.506845e+00 1.681063e+00
237 3.504543e+00 1.704970e+00
238 3.514158e+00 1.716671e+00
239 3.512793e+00 1.715791e+00
240 3.459062e+00 1.680291e+00
241 3.459255e+00 1.692683e+00
242 3.457342e+00 1.694890e+00
243 3.475239e+00 1.700966e+00
244 3.474482e+00 1.701352e+00
245 3.489235e+00 1.692754e+00
246 3.486290e+00 1.671625e+00
247 3.476733e+00 1.677933e+00
248 3.481553e+00 1.664088e+00
249 3.489119e+00 1.672294e+00
250 3.441230e+00 1.666810e+00
251 3.396877e+00 1.654657e+00
252 3.394231e+00 1.658301e+00
253 3.506043e+00 1.760251e+00
254 3.520609e+00 1.770270e+00
255 3.519433e+00 1.759588e+00
256 3.549163e+00 1.742648e+00
257 3.515358e+00 1.733325e+00
258 3.511251e+00 1.754903e+00
259 3.514087e+00 1.728761e+00
260 3.505579e+00 1.725571e+00
261 3.506344e+00 1.718630e+00
262 3.495273e+00 1.707662e+00
263 3.462910e+00 1.698285e+00
264 3.442288e+00 1.691871e+00
265 3.443319e+00 1.688673e+00
266 3.449333e+00 1.678014e+00
267 3.446428e+00 1.675040e+00
268 3.424783e+00 1.672567e+00
269 3.419329e+00 1.668136e+00
270 3.412479e+00 1.661059e+00
271 3.424857e+00 1.649289e+00
272 3.430818e+00 1.645357e+00
273 3.438120e+00 1.633863e+00
274 3.443741e+00 1.635103e+00
275 3.439587e+00 1.599518e+00
276 3.433866e+00 1.623264e+00
277 3.432073e+00 1.620859e+00
278 3.441724e+00 1.632921e+00
279 3.443340e+00 1.623579e+00
280 3.428765e+00 1.644896e+00
281 3.413510e+00 1.681326e+00
282 3.457381e+00 1.737533e+00
283 3.443527e+00 1.747849e+00
284 3.438656e+00 1.741467e+00
285 3.428779e+00 1.738046e+00
286 3.416929e+00 1.726541e+00
287 3.417686e+00 1.725626e+00
288 3.415000e+00 1.721211e+00
289 3.420186e+00 1.719380e+00
290 3.430377e+00 1.695384e+00
291 3.434002e+00 1.690357e+00
292 3.444633e+00 1.685097e+00
293 3.417133e+00 1.619638e+00
294 3.428715e+00 1.604757e+00
295 3.428138e+00 1.596559e+00
296 3.427705e+00 1.596333e+00
297 3.555719e+00 1.575696e+00
298 3.563386e+00 1.558597e+00
299 3.603953e+00 1.548212e+00
300 3.604904e+00 1.548381e+00
301 3.598365e+00 1.531389e+00
302 3.593450e+00 1.522531e+00
303 3.593357e+00 1.519224e+00
304 3.602934e+00 1.517220e+00
305 3.601543e+00 1.514638e+00
306 3.603465e+00 1.519771e+00
307 3.648354e+00 1.580446e+00
308 3.644218e+00 1.584949e+00
309 3.644846e+00 1.581977e+00
310 3.644912e+00 1.589414e+00
311 3.639399e+00 1.572838e+00
312 3.643381e+00 1.558405e+00
313 3.642685e+00 1.575387e+00
314 3.642672e+00 1.574890e+00
315 3.640028e+00 1.608419e+00
316 3.640360e+00 1.606942e+00
317 3.664919e+00 1.646887e+00
318 3.705102e+00 1.683142e+00
319 3.703909e+00 1.680499e+00
320 3.704991e+00 1.676050e+00
321 3.703447e+00 1.665677e+00
322 3.723972e+00 1.679507e+00
323 3.720289e+00 1.678197e+00
324 3.638185e+00 1.586401e+00
325 3.641747e+00 1.599191e+00
326 3.642092e+00 1.599487e+00
327 3.687228e+00 1.616063e+00
328 3.670908e+00 1.643669e+00
329 3.639609e+00 1.670806e+00
330 3.633862e+00 1.645970e+00
331 3.676772e+00 1.675673e+00
332 3.634929e+00 1.650223e+00
333 3.632453e+00 1.653512e+00
334 3.655817e+00 1.640608e+00
335 3.677020e+00 1.680521e+00
336 3.682126e+00 1.686181e+00
337 3.689772e+00 1.693366e+00
338 3.683835e+00 1.684333e+00
339 3.687802e+00 1.717382e+00
340 3.714332e+00 1.696143e+00
341 3.729395e+00 1.666737e+00
342 3.750245e+00 1.662304e+00
343 3.739607e+00 1.660709e+00
344 3.723224e+00 1.655907e+00
345 3.722704e+00 1.654712e+00
346 3.726426e+00 1.652140e+00
347 3.790359e+00 1.609112e+00
348 3.793343e+00 1.611050e+00
349 3.786124e+00 1.603382e+00
350 3.791020e+00 1.560531e+00
351 3.787790e+00 1.573267e+00
352 3.787833e+00 1.558441e+00
353 3.783912e+00 1.556814e+00
354 3.781062e+00 1.556495e+00
355 3.788345e+00 1.555995e+00
356 3.785912e+00 1.556774e+00
357 3.777745e+00 1.558765e+00
358 3.784469e+00 1.559514e+00
359 3.767841e+00 1.558710e+00
360 3.778829e+00 1.564858e+00
361 3.780102e+00 1.566816e+00
362 3.791749e+00 1.572186e+00
363 3.801431e+00 1.566539e+00
364 3.771775e+00 1.541462e+00
365 3.751265e+00 1.548259e+00
366 3.771735e+00 1.548617e+00
367 3.771085e+00 1.549600e+00
368 3.779977e+00 1.567322e+00
369 3.776960e+00 1.570406e+00
370 3.785118e+00 1.570217e+00
371 3.784952e+00 1.572956e+00
372 3.790257e+00 1.597074e+00
373 3.807565e+00 1.581068e+00
374 3.810787e+00 1.585938e+00
375 3.815726e+00 1.595577e+00
376 3.819158e+00 1.588706e+00
377 3.829332e+00 1.573953e+00
378 3.834931e+00 1.567594e+00
379 3.845051e+00 1.573026e+00
380 3.808709e+00 1.572918e+00
381 3.803263e+00 1.581185e+00
382 3.806553e+00 1.573610e+00
383 3.776344e+00 1.578052e+00
384 3.761180e+00 1.561837e+00
385 3.749756e+00 1.571193e+00
386 3.719041e+00 1.477593e+00
387 3.731964e+00 1.492106e+00
388 3.749538e+00 1.511140e+00
389 3.772425e+00 1.495456e+00
390 3.768200e+00 1.495724e+00
391 3.764590e+00 1.480843e+00
392 3.781799e+00 1.465855e+00
393 3.749443e+00 1.483606e+00
394 3.750338e+00 1.482260e+00
395 3.726213e+00 1.525345e+00
396 3.727776e+00 1.505327e+00
397 3.725528e+00 1.514929e+00
398 3.732104e+00 1.576399e+00
399 3.731584e+00 1.574115e+00
400 3.731533e+00 1.574776e+00
401 3.725150e+00 1.580159e+00
402 3.736339e+00 1.582204e+00
403 3.756625e+00 1.578561e+00
404 3.788536e+00 1.598273e+00
405 3.789814e+00 1.600106e+00
406 3.801985e+00 1.591417e+00
407 3.801828e+00 1.592239e+00
408 3.812931e+00 1.645556e+00
409 3.750825e+00 1.629884e+00
410 3.721763e+00 1.607933e+00
411 3.720583e+00 1.605542e+00
412 3.714187e+00 1.611145e+00
413 3.804512e+00 1.579333e+00
414 3.770445e+00 1.607288e+00
415 3.931451e+00 1.546690e+00
416 3.935309e+00 1.605944e+00
417 3.893741e+00 1.607838e+00
418 3.918019e+00 1.625564e+00
419 3.930239e+00 1.631455e+00
420 3.932004e+00 1.626327e+00
421 3.941772e+00 1.621146e+00
422 3.969446e+00 1.662527e+00
423 3.974600e+00 1.669952e+00
424 3.969033e+00 1.684945e+00
425 3.965453e+00 1.685915e+00
426 3.954686e+00 1.677850e+00
427 3.948093e+00 1.674411e+00
428 3.948939e+00 1.673768e+00
429 3.948861e+00 1.674004e+00
430 3.938797e+00 1.668074e+00
431 3.930414e+00 1.681601e+00
432 3.946708e+00 1.722298e+00
433 3.957845e+00 1.731026e+00
434 3.947327e+00 1.725600e+00
435 3.964412e+00 1.715189e+00
436 3.978237e+00 1.741720e+00
437 3.975129e+00 1.734862e+00
438 3.977996e+00 1.735510e+00
439 3.975256e+00 1.734485e+00
440 3.896268e+00 1.743437e+00
441 3.895614e+00 1.743997e+00
442 3.898605e+00 1.747300e+00
443 3.921840e+00 1.783329e+00
444 3.918763e+00 1.779659e+00
445 3.947633e+00 1.818834e+00
446 3.937655e+00 1.809994e+00
447 3.936158e+00 1.794313e+00
448 3.928110e+00 1.795172e+00
449 3.934743e+00 1.783493e+00
450 3.939470e+00 1.780144e+00
451 3.915931e+00 1.785993e+00
452 3.915442e+00 1.785607e+00
453 3.914520e+00 1.782150e+00
454 3.963995e+00 1.784270e+00
455 3.953273e+00 1.756971e+00
456 3.944683e+00 1.778843e+00
457 3.945722e+00 1.779733e+00
458 3.954706e+00 1.776921e+00
459 3.954474e+00 1.756481e+00
460 3.951781e+00 1.774799e+00
461 3.975462e+00 1.773053e+00
462 4.007161e+00 1.753433e+00
463 3.996785e+00 1.758149e+00
464 4.004728e+00 1.749884e+00
465 4.028394e+00 1.734735e+00
466 4.012921e+00 1.738582e+00
467 4.020641e+00 1.740568e+00
468 4.026170e+00 1.727674e+00
469 4.019132e+00 1.738449e+00
470 4.023827e+00 1.736278e+00
471 4.019819e+00 1.737703e+00
472 3.990186e+00 1.719364e+00
473 3.989155e+00 1.720579e+00
474 3.998938e+00 1.725509e+00
475 4.003044e+00 1.740296e+00
476 4.008674e+00 1.740306e+00
477 4.008801e+00 1.739628e+00
478 4.046242e+00 1.725791e+00
479 4.050605e+00 1.724251e+00
480 4.052107e+00 1.723946e+00
481 4.046918e+00 1.717522e+00
482 4.098094e+00 1.773930e+00
483 4.097471e+00 1.778871e+00
484 4.080365e+00 1.768016e+00
485 4.077872e+00 1.770425e+00
486 4.073000e+00 1.784478e+00
487 4.070633e+00 1.789922e+00
488 4.070427e+00 1.789998e+00
489 4.069689e+00 1.790343e+00
490 4.074515e+00 1.824815e+00
491 4.063485e+00 1.817340e+00
492 4.101818e+00 1.819058e+00
493 4.104208e+00 1.820485e+00
494 4.084027e+00 1.832012e+00
495 4.091393e+00 1.854908e+00
496 4.118042e+00 1.868601e+00
497 4.093465e+00 1.907514e+00
498 4.093942e+00 1.901462e+00
499 4.092719e+00 1.900851e+00
500 4.094172e+00 1.901314e+00
501 4.101149e+00 1.905217e+00
502 4.090337e+00 1.903266e+00
503 4.098035e+00 1.902905e+00
504 4.130250e+00 1.906637e+00
505 4.108166e+00 1.898186e+00
506 4.107009e+00 1.898447e+00
507 4.091226e+00 1.878057e+00
508 4.086584e+00 1.872762e+00
509 4.113529e+00 1.890198e+00
510 4.114776e+00 1.864295e+00
511 4.096332e+00 1.835038e+00
512 4.097055e+00 1.834225e+00
513 4.094552e+00 1.872707e+00
514 4.111960e+00 1.877713e+00
515 4.111616e+00 1.852412e+00
516 4.125253e+00 1.833374e+00
517 4.124597e+00 1.834473e+00
518 4.123801e+00 1.826281e+00
519 4.130644e+00 1.837434e+00
520 4.130208e+00 1.843295e+00
521 4.115794e+00 1.837438e+00
522 4.084889e+00 1.850680e+00
523 4.080855e+00 1.849171e+00
524 4.083254e+00 1.832438e+00
525 4.090135e+00 1.832515e+00
526 4.064770e+00 1.858238e+00
527 4.068390e+00 1.855828e+00
528 4.053406e+00 1.866189e+00
529 4.071041e+00 1.872559e+00
530 4.070248e+00 1.874492e+00
531 4.073284e+00 1.876715e+00
532 4.104271e+00 1.846831e+00
533 4.086400e+00 1.857158e+00
534 4.074062e+00 1.845845e+00
535 4.176456e+00 1.835884e+00
536 4.175262e+00 1.838637e+00
537 4.180010e+00 1.862363e+00
538 4.180570e+00 1.861234e+00
539 4.169957e+00 1.853162e+00
540 4.199238e+00 1.846782e+00
541 4.195773e+00 1.854288e+00
542 4.201134e+00 1.876438e+00
543 4.215503e+00 1.896358e+00
544 4.258710e+00 1.901881e+00
545 4.260677e+00 1.911872e+00
546 4.257850e+00 1.874434e+00
547 4.237616e+00 1.844134e+00
548 4.254664e+00 1.834481e+00
549 4.280195e+00 1.815049e+00
550 4.283823e+00 1.808056e+00
551 4.284769e+00 1.799360e+00
552 4.291769e+00 1.799177e+00
553 4.293922e+00 1.797798e+00
554 4.283835e+00 1.802035e+00
555 4.316509e+00 1.814384e+00
556 4.317488e+00 1.795112e+00
557 4.262521e+00 1.795840e+00
558 4.290026e+00 1.813863e+00
559 4.294760e+00 1.826559e+00
560 4.273739e+00 1.822260e+00
561 4.279066e+00 1.823789e+00
562 4.210223e+00 1.847328e+00
563 4.227050e+00 1.838911e+00
564 4.232566e+00 1.810331e+00
565 4.237038e+00 1.819388e+00
566 4.233458e+00 1.823028e+00
567 4.225800e+00 1.836383e+00
568 4.239721e+00 1.823177e+00
569 4.259216e+00 1.824147e+00
570 4.250040e+00 1.826240e+00
571 4.266189e+00 1.818972e+00
572 4.265457e+00 1.770713e+00
573 4.256900e+00 1.771659e+00
574 4.233255e+00 1.814935e+00
575 4.217945e+00 1.846146e+00
576 4.206746e+00 1.874395e+00
577 4.195145e+00 1.868094e+00
578 4.203569e+00 1.870180e+00
579 4.203432e+00 1.865322e+00
580 4.201162e+00 1.866703e+00
581 4.202873e+00 1.869107e+00
582 4.182548e+00 1.855213e+00
583 4.138023e+00 1.832540e+00
584 4.134169e+00 1.833090e+00
585 4.125995e+00 1.831488e+00
586 4.102104e+00 1.851608e+00
587 4.141509e+00 1.862125e+00
588 4.153676e+00 1.849094e+00
589 4.124836e+00 1.822636e+00
590 4.146566e+00 1.849695e+00
591 4.140240e+00 1.840460e+00
592 4.140154e+00 1.840225e+00
593 4.150495e+00 1.846611e+00
594 4.158947e+00 1.847355e+00
595 4.154787e+00 1.838892e+00
596 4.122026e+00 1.842731e+00
597 4.096452e+00 1.843412e+00
598 4.131196e+00 1.882106e+00
599 4.128819e+00 1.873634e+00
600 4.218402e+00 1.883151e+00
601 4.145801e+00 1.865779e+00
602 4.151702e+00 1.868128e+00
603 4.164263e+00 1.854679e+00
604 4.141651e+00 1.871010e+00
605 4.117385e+00 1.879712e+00
606 4.106008e+00 1.896642e+00
607 4.084675e+00 1.909542e+00
608 4.084529e+00 1.912468e+00
609 4.057655e+00 1.909327e+00
610 4.055552e+00 1.907278e+00
611 4.050019e+00 1.907905e+00
612 4.056846e+00 1.904271e+00
613 4.197613e+00 1.990207e+00
614 4.181229e+00 1.994431e+00
615 4.163089e+00 1.939331e+00
616 4.145227e+00 1.982851e+00
617 4.147736e+00 1.971702e+00
618 4.114030e+00 1.986893e+00
619 4.116456e+00 1.963259e+00
620 4.118113e+00 1.967106e+00
621 4.148799e+00 1.934598e+00
622 4.157319e+00 1.916988e+00
623 4.151424e+00 1.908137e+00
624 4.061682e+00 1.959389e+00
625 4.046306e+00 1.962299e+00
626 4.044280e+00 1.960547e+00
627 4.055822e+00 1.977418e+00
628 4.105499e+00 1.967370e+00
629 4.122690e+00 1.973462e+00
630 4.119609e+00 1.974830e+00
631 4.072968e+00 2.001987e+00
632 4.073208e+00 2.005204e+00
633 4.077967e+00 2.010889e+00
634 4.066822e+00 2.014056e+00
635 4.092780e+00 2.005973e+00
636 4.043859e+00 1.976173e+00
637 4.054431e+00 2.027309e+00
638 4.052668e+00 2.033078e+00
639 4.055899e+00 2.031720e+00
640 4.091724e+00 2.002592e+00
641 4.102088e+00 2.021001e+00
642 4.064559e+00 2.050359e+00
643 4.082172e+00 2.053286e+00
644 4.098276e+00 2.074896e+00
645 4.112782e+00 2.070488e+00
646 4.108510e+00 2.073847e+00
647 4.115217e+00 2.070776e+00
648 4.086411e+00 2.157376e+00
649 4.088997e+00 2.182404e+00
650 4.070702e+00 2.162293e+00
651 4.086066e+00 2.138548e+00
652 4.081068e+00 2.130719e+00
653 4.068982e+00 2.112472e+00
654 4.069241e+00 2.112217e+00
655 4.058567e+00 2.119054e+00
656 4.001050e+00 2.116619e+00
657 4.015309e+00 2.111090e+00
658 4.021417e+00 2.115962e+00
659 4.002666e+00 2.124099e+00
660 4.002819e+00 2.120383e+00
661 3.996700e+00 2.117279e+00
662 3.996170e+00 2.119414e+00
663 3.980540e+00 2.114548e+00
664 3.980863e+00 2.113644e+00
665 4.050019e+00 2.056696e+00
666 4.045962e+00 2.022297e+00
667 4.050766e+00 2.033162e+00
668 4.055654e+00 2.034484e+00
669 4.053100e+00 2.034266e+00
670 4.058726e+00 2.029083e+00
671 4.073211e+00 2.015296e+00
672 4.086753e+00 1.997293e+00
673 4.086693e+00 1.997106e+00
674 4.087993e+00 1.998169e+00
675 4.075544e+00 2.001384e+00
676 4.075525e+00 2.001444e+00
677 4.111257e+00 1.967895e+00
678 4.106125e+00 1.976370e+00
679 4.108037e+00 1.976360e+00
680 4.128035e+00 1.994144e+00
681 4.134318e+00 1.968518e+00
682 4.135573e+00 1.970581e+00
683 4.119571e+00 1.968677e+00
684 4.124162e+00 1.971091e+00
685 4.126122e+00 1.970519e+00
686 4.121842e+00 1.971343e+00
687 4.121631e+00 1.972213e+00
688 4.117017e+00 1.995015e+00
689 4.117830e+00 1.994623e+00
690 4.109817e+00 2.003656e+00
691 4.111088e+00 2.011421e+00
692 4.080075e+00 2.031785e+00
693 4.065846e+00 2.025741e+00
694 4.065315e+00 2.022233e+00
695 4.045254e+00 2.050636e+00
696 4.036567e+00 2.049137e+00
697 4.056372e+00 2.032406e+00
698 4.051644e+00 2.031946e+00
699 4.028546e+00 2.039458e+00
700 4.014713e+00 2.020190e+00
701 4.013785e+00 2.019847e+00
702 4.010238e+00 2.019024e+00
703 4.017261e+00 2.028208e+00
704 4.018286e+00 2.011315e+00
705 4.016675e+00 2.008610e+00
706 4.016432e+00 2.024776e+00
707 4.014539e+00 2.047185e+00
708 4.013763e+00 2.040877e+00
709 4.013322e+00 1.987498e+00
710 4.045603e+00 1.942100e+00
711 4.056244e+00 1.947446e+00
712 4.057610e+00 1.954273e+00
713 4.060705e+00 1.956907e+00
714 4.059574e+00 1.845253e+00
715 4.060436e+00 1.853259e+00
716 4.059631e+00 1.872707e+00
717 4.060022e+00 1.894196e+00
718 4.034843e+00 1.911810e+00
719 4.021838e+00 1.920891e+00
720 4.048934e+00 1.931876e+00
721 4.088938e+00 1.931816e+00
722 4.086110e+00 1.954548e+00
723 4.059267e+00 1.961462e+00
724 4.057479e+00 1.967734e+00
725 4.052729e+00 1.980700e+00
726 4.049451e+00 1.979247e+00
727 4.072855e+00 1.948792e+00
728 4.090233e+00 1.907857e+00
729 4.096448e+00 1.867477e+00
730 4.080022e+00 1.862176e+00
731 4.081177e+00 1.864702e+00
732 4.087615e+00 1.830299e+00
733 4.101970e+00 1.846318e+00
734 4.104684e+00 1.836174e+00
735 4.103343e+00 1.858199e+00
736 4.116587e+00 1.828058e+00
737 4.075179e+00 1.807461e+00
738 4.077990e+00 1.812156e+00
739 4.085049e+00 1.814172e+00
740 4.091292e+00 1.803956e+00
741 4.088937e+00 1.810204e+00
742 4.109121e+00 1.812543e+00
743 4.104212e+00 1.811525e+00
744 4.115272e+00 1.814186e+00
745 4.113293e+00 1.831153e+00
746 4.103402e+00 1.844675e+00
747 4.091293e+00 1.854641e+00
748 4.074340e+00 1.854051e+00
749 4.071640e+00 1.845171e+00
750 4.053094e+00 1.834401e+00
751 4.033932e+00 1.844406e+00
752 4.042806e+00 1.837848e+00
753 4.036027e+00 1.834462e+00
754 4.061588e+00 1.828329e+00
755 4.064127e+00 1.832517e+00
756 4.055827e+00 1.824901e+00
757 4.064825e+00 1.831898e+00
758 4.055557e+00 1.834489e+00
759 4.056982e+00 1.827679e+00
760 4.086177e+00 1.821708e+00
761 4.074770e+00 1.821136e+00
762 4.071071e+00 1.821104e+00
763 4.066582e+00 1.854271e+00
764 4.069578e+00 1.850288e+00
765 4.080501e+00 1.842770e+00
766 4.081540e+00 1.841568e+00
767 4.068873e+00 1.878093e+00
768 4.068160e+00 1.876776e+00
769 4.067743e+00 1.868246e+00
770 4.060786e+00 1.872353e+00
771 4.052626e+00 1.871658e+00
772 4.053570e+00 1.874257e+00
773 4.032787e+00 1.868878e+00
774 4.023772e+00 1.860215e+00
775 4.030670e+00 1.858581e+00
776 4.028984e+00 1.860009e+00
777 4.014665e+00 1.846614e+00
778 4.029005e+00 1.858156e+00
779 4.028094e+00 1.858731e+00
780 4.023678e+00 1.867561e+00
781 4.010921e+00 1.857169e+00
782 4.010700e+00 1.843703e+00
783 4.004895e+00 1.836078e+00
784 3.997911e+00 1.832930e+00
785 4.004034e+00 1.827375e+00
786 3.995212e+00 1.839637e+00
787 3.991561e+00 1.838645e+00
788 3.989548e+00 1.834626e+00
789 3.990190e+00 1.831292e+00
790 3.993875e+00 1.836505e+00
791 3.993299e+00 1.835601e+00
792 3.992496e+00 1.826981e+00
793 3.958481e+00 1.854364e+00
794 3.966702e+00 1.855775e+00
795 3.970036e+00 1.898311e+00
796 3.971083e+00 1.900680e+00
797 3.999153e+00 1.891892e+00
798 3.982488e+00 1.892062e+00
799 3.990259e+00 1.899181e+00
800 3.971040e+00 1.895386e+00
801 3.966823e+00 1.899674e+00
802 3.959140e+00 1.903118e+00
803 3.950675e+00 1.866502e+00
804 3.957089e+00 1.864400e+00
805 3.953658e+00 1.879417e+00
806 3.927689e+00 1.874926e+00
807 3.904564e+00 1.886649e+00
808 3.919927e+00 1.906795e+00
809 3.931102e+00 1.905194e+00
810 3.908174e+00 1.901764e+00
811 3.910017e+00 1.901935e+00
812 3.899541e+00 1.914945e+00
813 3.908055e+00 1.917616e+00
814 3.906810e+00 1.918247e+00
815 3.892192e+00 1.949575e+00
816 3.892298e+00 1.949219e+00
817 3.895702e+00 1.957002e+00
818 3.906784e+00 1.941492e+00
819 3.885995e+00 1.972663e+00
820 3.875869e+00 1.982600e+00
821 3.871912e+00 1.985244e+00
822 3.942269e+00 2.007447e+00
823 3.950665e+00 2.036798e+00
824 3.982052e+00 2.060424e+00
825 3.969032e+00 2.079107e+00
826 3.971858e+00 2.080809e+00
827 3.948200e+00 2.052218e+00
828 3.969428e+00 2.059657e+00
829 3.962240e+00 2.054913e+00
830 3.969162e+00 2.058058e+00
831 3.969252e+00 2.026934e+00
832 3.966064e+00 2.026556e+00
833 3.972557e+00 2.021561e+00
834 3.942818e+00 2.050247e+00
835 3.941460e+00 2.050273e+00
836 3.915536e+00 2.056305e+00
837 3.938725e+00 2.074112e+00
838 3.899160e+00 2.126084e+00
839 3.915745e+00 2.121775e+00
840 3.917771e+00 2.125552e+00
841 3.927145e+00 2.125628e+00
842 3.930501e+00 2.123329e+00
843 3.937303e+00 2.061881e+00
844 3.929060e+00 2.055481e+00
845 3.961917e+00 1.999166e+00
846 3.966174e+00 2.006430e+00
847 3.973206e+00 2.034807e+00
848 3.973350e+00 2.029678e+00
849 3.978950e+00 2.063090e+00
850 3.973780e+00 2.067139e+00
851 3.953599e+00 2.072858e+00
852 3.955910e+00 2.072947e+00
853 3.943281e+00 2.105714e+00
854 3.958804e+00 2.102257e+00
855 3.961396e+00 2.101756e+00
856 3.940206e+00 2.132638e+00
857 3.926182e+00 2.138801e+00
858 3.902190e+00 2.138078e+00
859 3.901486e+00 2.116366e+00
860 3.956631e+00 2.130356e+00
861 3.950772e+00 2.133067e+00
862 3.955646e+00 2.130127e+00
863 3.962306e+00 2.138968e+00
864 3.960416e+00 2.147617e+00
865 3.956829e+00 2.146501e+00
866 3.956477e+00 2.149441e+00
867 3.956452e+00 2.152067e+00
868 3.958720e+00 2.159547e+00
869 3.925138e+00 2.185042e+00
870 3.915089e+00 2.194796e+00
871 3.906172e+00 2.208011e+00
872 3.879060e+00 2.211458e+00
873 3.896576e+00 2.187061e+00
874 3.952954e+00 2.204809e+00
875 3.961725e+00 2.194938e+00
876 3.968953e+00 2.186991e+00
877 3.961463e+00 2.169040e+00
878 3.967163e+00 2.169116e+00
879 3.904819e+00 2.196817e+00
880 3.911484e+00 2.169318e+00
881 3.930688e+00 2.162310e+00
882 3.925432e+00 2.150237e+00
883 3.926010e+00 2.142685e+00
884 3.926095e+00 2.146569e+00
885 3.919863e+00 2.163647e+00
886 3.953189e+00 2.229346e+00
887 3.958585e+00 2.251818e+00
888 3.954857e+00 2.259005e+00
889 3.946006e+00 2.249345e+00
890 3.947102e+00 2.244858e+00
891 3.930515e+00 2.251474e+00
892 3.912855e+00 2.239569e+00
893 3.910582e+00 2.235839e+00
894 3.962835e+00 2.215854e+00
895 3.970933e+00 2.221915e+00
896 3.976647e+00 2.215420e+00
897 3.991088e+00 2.289741e+00
898 3.987501e+00 2.294073e+00
899 4.000046e+00 2.282272e+00
900 4.030988e+00 2.253816e+00
901 4.031413e+00 2.250828e+00
902 4.014078e+00 2.206879e+00
903 4.020797e+00 2.212205e+00
904 4.015111e+00 2.202457e+00
905 4.021895e+00 2.205941e+00
906 4.034148e+00 2.234077e+00
907 4.036559e+00 2.239070e+00
908 4.025607e+00 2.242170e+00
909 4.020388e+00 2.232896e+00
910 4.022932e+00 2.237854e+00
911 4.018853e+00 2.237566e+00
912 4.013716e+00 2.241141e+00
913 4.009000e+00 2.242617e+00
914 4.003666e+00 2.230266e+00
915 4.005377e+00 2.261698e+00
916 3.987387e+00 2.268673e+00
917 4.002554e+00 2.318085e+00
918 3.985659e+00 2.275252e+00
919 4.015474e+00 2.283144e+00
920 4.041125e+00 2.289762e+00
921 4.053786e+00 2.274286e+00
922 4.069723e+00 2.311178e+00
923 4.047523e+00 2.327720e+00
924 4.066378e+00 2.309083e+00
925 4.057597e+00 2.299268e+00
926 4.041371e+00 2.302549e+00
927 4.004132e+00 2.313943e+00
928 4.011291e+00 2.289784e+00
929 4.010173e+00 2.289538e+00
930 4.010667e+00 2.284506e+00
931 4.033184e+00 2.288269e+00
932 4.061337e+00 2.250177e+00
933 4.056543e+00 2.241714e+00
934 4.055970e+00 2.241266e+00
935 4.061535e+00 2.211253e+00
936 4.051244e+00 2.205863e+00
937 4.052043e+00 2.201923e+00
938 4.063842e+00 2.220533e+00
939 4.050758e+00 2.217356e+00
940 4.059852e+00 2.229097e+00
941 4.076205e+00 2.209154e+00
942 4.092533e+00 2.220737e+00
943 4.092508e+00 2.220649e+00
944 4.065432e+00 2.219912e+00
945 4.066642e+00 2.227228e+00
946 4.061837e+00 2.231834e+00
947 4.042354e+00 2.271816e+00
948 4.044937e+00 2.273986e+00
949 4.040270e+00 2.272980e+00
950 4.040969e+00 2.270293e+00
951 4.055834e+00 2.215395e+00
952 4.043007e+00 2.222856e+00
953 4.043105e+00 2.248875e+00
954 4.054192e+00 2.248962e+00
955 4.041807e+00 2.249306e+00
956 4.048987e+00 2.235355e+00
957 4.047576e+00 2.233566e+00
958 4.041143e+00 2.249071e+00
959 4.036580e+00 2.248333e+00
960 4.027049e+00 2.250104e+00
961 4.027187e+00 2.250454e+00
962 4.010767e+00 2.277563e+00
963 4.001199e+00 2.274151e+00
964 4.001166e+00 2.273229e+00
965 4.004955e+00 2.289759e+00
966 3.980595e+00 2.344122e+00
967 3.963702e+00 2.354804e+00
968 3.963995e+00 2.357721e+00
969 4.043738e+00 2.365449e+00
970 4.061402e+00 2.348741e+00
971 4.053653e+00 2.390917e+00
972 4.040443e+00 2.404003e+00
973 4.036607e+00 2.418196e+00
974 4.019963e+00 2.408550e+00
975 4.011803e+00 2.403883e+00
976 4.029483e+00 2.386641e+00
977 4.012034e+00 2.377904e+00
978 4.014428e+00 2.353373e+00
979 3.992026e+00 2.355496e+00
980 3.991523e+00 2.352576e+00
981 3.961076e+00 2.341294e+00
982 3.975971e+00 2.302520e+00
983 3.974885e+00 2.300684e+00
984 3.961157e+00 2.316769e+00
985 3.956376e+00 2.307243e+00
986 3.964219e+00 2.320017e+00
987 3.956278e+00 2.321334e+00
988 3.909397e+00 2.321902e+00
989 3.915825e+00 2.321993e+00
990 3.917288e+00 2.323843e+00
991 3.917459e+00 2.323549e+00
992 3.917512e+00 2.318231e+00
993 3.889932e+00 2.310454e+00
994 3.900770e+00 2.264806e+00
995 3.900169e+00 2.268655e+00
996 3.896262e+00 2.273096e+00
997 3.894981e+00 2.274744e+00
998 3.899715e+00 2.261256e+00
999 3.897070e+00 2.266677e+00
1000 3.934707e+00 2.268416e+00
1001 3.925616e+00 2.273500e+00
1002 3.962586e+00 2.271878e+00
1003 4.014996e+00 2.281499e+00
1004 4.005989e+00 2.245946e+00
1005 4.011615e+00 2.251971e+00
1006 4.010832e+00 2.254096e+00
1007 4.036436e+00 2.212901e+00
1008 4.041187e+00 2.210461e+00
1009 4.038803e+00 2.213290e+00
1010 4.045835e+00 2.219641e+00
1011 4.059765e+00 2.231829e+00
1012 4.058996e+00 2.229266e+00
1013 4.036933e+00 2.230131e+00
1014 4.051597e+00 2.253299e+00
1015 4.035883e+00 2.240779e+00
1016 4.058875e+00 2.250773e+00
1017 4.052538e+00 2.249734e+00
1018 4.083956e+00 2.255290e+00
1019 4.084917e+00 2.254069e+00
1020 4.060370e+00 2.224502e+00
1021 4.044235e+00 2.251704e+00
1022 4.049172e+00 2.254152e+00
1023 4.073649e+00 2.257444e+00
1024 4.079287e+00 2.247071e+00
1025 4.075458e+00 2.248367e+00
1026 4.166222e+00 2.290561e+00
1027 4.177193e+00 2.284652e+00
1028 4.191635e+00 2.258486e+00
1029 4.200298e+00 2.298894e+00
1030 4.229112e+00 2.296943e+00
1031 4.284551e+00 2.349224e+00
1032 4.294937e+00 2.351649e+00
1033 4.308711e+00 2.366272e+00
1034 4.313047e+00 2.358974e+00
1035 4.312992e+00 2.354475e+00
1036 4.284409e+00 2.347661e+00
1037 4.285090e+00 2.348161e+00
1038 4.278831e+00 2.347127e+00
1039 4.239869e+00 2.390353e+00
1040 4.228085e+00 2.373488e+00
1041 4.236468e+00 2.371062e+00
1042 4.228887e+00 2.372337e+00
1043 4.219946e+00 2.365672e+00
1044 4.218759e+00 2.361199e+00
1045 4.256453e+00 2.367852e+00
1046 4.246853e+00 2.357835e+00
1047 4.245530e+00 2.358300e+00
1048 4.206677e+00 2.349216e+00
1049 4.203554e+00 2.329907e+00
1050 4.181514e+00 2.336406e+00
1051 4.183161e+00 2.337804e+00
1052 4.179742e+00 2.337409e+00
1053 4.182781e+00 2.341062e+00
1054 4.147497e+00 2.340556e+00
1055 4.216016e+00 2.369029e+00
1056 4.206562e+00 2.385284e+00
1057 4.195033e+00 2.403446e+00
1058 4.195615e+00 2.403446e+00
1059 4.142066e+00 2.452994e+00
1060 4.174720e+00 2.445278e+00
1061 4.174273e+00 2.442708e+00
1062 4.174909e+00 2.443562e+00
1063 4.178058e+00 2.442567e+00
1064 4.188568e+00 2.435419e+00
1065 4.200852e+00 2.429626e+00
1066 4.117309e+00 2.357439e+00
1067 4.123846e+00 2.358244e+00
1068 4.128264e+00 2.358895e+00
1069 4.131974e+00 2.365893e+00
1070 4.168065e+00 2.379626e+00
1071 4.161245e+00 2.375771e+00
1072 4.275494e+00 2.299795e+00
1073 4.242550e+00 2.311832e+00
1074 4.234867e+00 2.317610e+00
1075 4.223537e+00 2.283836e+00
1076 4.224526e+00 2.285003e+00
1077 4.245267e+00 2.290742e+00
1078 4.257257e+00 2.281296e+00
1079 4.254545e+00 2.298255e+00
1080 4.243321e+00 2.305197e+00
1081 4.243974e+00 2.305238e+00
1082 4.244678e+00 2.305813e+00
1083 4.278602e+00 2.322585e+00
1084 4.295574e+00 2.322772e+00
1085 4.276002e+00 2.310456e+00
1086 4.277304e+00 2.316146e+00
1087 4.260256e+00 2.256282e+00
1088 4.254489e+00 2.240216e+00
1089 4.249104e+00 2.237396e+00
1090 4.253330e+00 2.242335e+00
1091 4.265281e+00 2.264054e+00
1092 4.391435e+00 2.206902e+00
1093 4.327799e+00 2.220721e+00
1094 4.287720e+00 2.203950e+00
1095 4.289204e+00 2.204066e+00
1096 4.276416e+00 2.198790e+00
1097 4.270751e+00 2.191529e+00
1098 4.271492e+00 2.190447e+00
1099 4.260614e+00 2.183630e+00
1100 4.245296e+00 2.216487e+00
1101 4.172589e+00 2.221949e+00
1102 4.167414e+00 2.222265e+00
1103 4.231775e+00 2.218212e+00
1104 4.236777e+00 2.211618e+00
1105 4.238087e+00 2.212576e+00
1106 4.247602e+00 2.210948e+00
1107 4.273821e+00 2.234592e+00
1108 4.304346e+00 2.213283e+00
1109 4.291134e+00 2.201034e+00
1110 4.289991e+00 2.203547e+00
1111 4.294165e+00 2.206034e+00
1112 4.312403e+00 2.205809e+00
1113 4.294051e+00 2.210901e+00
1114 4.307259e+00 2.213726e+00
1115 4.275467e+00 2.191486e+00
1116 4.304214e+00 2.166900e+00
1117 4.288145e+00 2.156485e+00
1118 4.281532e+00 2.121507e+00
1119 4.283213e+00 2.124570e+00
1120 4.283234e+00 2.123431e+00
1121 4.309510e+00 2.127201e+00
1122 4.339202e+00 2.107014e+00
1123 4.353237e+00 2.129281e+00
1124 4.363928e+00 2.143097e+00
1125 4.375088e+00 2.121057e+00
1126 4.359792e+00 2.127969e+00
1127 4.353784e+00 2.143118e+00
1128 4.334718e+00 2.143452e+00
1129 4.345216e+00 2.104870e+00
1130 4.345589e+00 2.104990e+00
1131 4.349021e+00 2.110083e+00
1132 4.371211e+00 2.112077e+00
1133 4.335064e+00 2.101589e+00
1134 4.332572e+00 2.097878e+00
1135 4.335401e+00 2.098060e+00
1136 4.331453e+00 2.077611e+00
1137 4.357231e+00 2.093966e+00
1138 4.357462e+00 2.094054e+00
1139 4.322597e+00 2.125144e+00
1140 4.303655e+00 2.132361e+00
1141 4.303487e+00 2.133461e+00
1142 4.315240e+00 2.131615e+00
1143 4.286830e+00 2.092120e+00
1144 4.285954e+00 2.091698e+00
1145 4.285933e+00 2.092985e+00
1146 4.273660e+00 2.096420e+00
1147 4.255367e+00 2.098280e+00
1148 4.241469e+00 2.099951e+00
1149 4.241864e+00 2.100205e+00
1150 4.241891e+00 2.100170e+00
1151 4.244567e+00 2.101918e+00
1152 4.177157e+00 2.041017e+00
1153 4.180728e+00 2.037921e+00
1154 4.225101e+00 2.029358e+00
1155 4.204446e+00 2.021163e+00
1156 4.197113e+00 2.027327e+00
1157 4.167679e+00 2.080612e+00
1158 4.183777e+00 2.083394e+00
1159 4.179936e+00 2.076538e+00
1160 4.181144e+00 2.078453e+00
1161 4.176499e+00 2.078922e+00
1162 4.112913e+00 1.939846e+00
1163 4.100487e+00 1.947648e+00
1164 4.101813e+00 1.945500e+00
1165 4.086845e+00 1.930492e+00
1166 4.076758e+00 1.944219e+00
1167 4.091376e+00 1.948552e+00
1168 4.094317e+00 1.931117e+00
1169 4.052016e+00 1.949267e+00
1170 4.054889e+00 1.936420e+00
1171 4.098874e+00 1.920476e+00
1172 4.143238e+00 1.917260e+00
1173 4.114836e+00 1.924844e+00
1174 4.120885e+00 1.922226e+00
1175 4.118519e+00 1.918457e+00
1176 4.127544e+00 1.913871e+00
1177 4.125369e+00 1.902794e+00
1178 4.126858e+00 1.900953e+00
1179 4.125795e+00 1.899675e+00
1180 4.118921e+00 1.903134e+00
1181 4.103368e+00 1.887066e+00
1182 4.098933e+00 1.883042e+00
1183 4.088719e+00 1.825165e+00
1184 4.092270e+00 1.805210e+00
1185 4.100420e+00 1.783579e+00
1186 4.121287e+00 1.760376e+00
1187 4.121328e+00 1.760425e+00
1188 4.123633e+00 1.773136e+00
1189 4.121565e+00 1.781862e+00
1190 4.136373e+00 1.792393e+00
1191 4.138427e+00 1.792259e+00
1192 4.121143e+00 1.772047e+00
1193 4.111546e+00 1.767349e+00
1194 4.111381e+00 1.767677e+00
1195 4.105725e+00 1.778087e+00
1196 4.071793e+00 1.747444e+00
1197 4.060368e+00 1.749131e+00
1198 4.056319e+00 1.760445e+00
1199 4.056839e+00 1.759027e+00
1200 3.986578e+00 1.723454e+00
1201 3.988600e+00 1.737921e+00
1202 3.968911e+00 1.787080e+00
1203 3.945740e+00 1.785298e+00
1204 3.955839e+00 1.791388e+00
1205 3.926168e+00 1.889409e+00
1206 3.930364e+00 1.874659e+00
1207 3.949671e+00 1.889719e+00
1208 3.958956e+00 1.906057e+00
1209 3.940121e+00 1.894151e+00
1210 3.933355e+00 1.926177e+00
1211 3.930421e+00 1.926321e+00
1212 3.934202e+00 1.907688e+00
1213 3.974476e+00 1.956246e+00
1214 3.969548e+00 1.991454e+00
1215 3.965886e+00 1.995321e+00
1216 3.954570e+00 1.997644e+00
1217 3.956475e+00 2.002774e+00
1218 3.976142e+00 1.983189e+00
1219 3.975747e+00 1.981880e+00
1220 3.959318e+00 1.967456e+00
1221 3.955517e+00 1.962927e+00
1222 3.938838e+00 1.959304e+00
1223 3.939588e+00 1.946670e+00
1224 3.913168e+00 1.933991e+00
1225 3.917165e+00 1.935339e+00
1226 3.955325e+00 1.973267e+00
1227 3.953502e+00 1.966414e+00
1228 3.931248e+00 1.969662e+00
1229 3.932791e+00 2.007034e+00
1230 3.927044e+00 2.011212e+00
1231 3.934882e+00 2.003466e+00
1232 3.934188e+00 2.003798e+00
1233 3.944443e+00 2.010158e+00
1234 3.951401e+00 1.995018e+00
1235 3.944677e+00 1.982292e+00
1236 3.939219e+00 1.989118e+00
1237 3.929069e+00 1.983372e+00
1238 3.916127e+00 1.986794e+00
1239 3.924471e+00 1.981361e+00
1240 3.926024e+00 1.969211e+00
1241 3.877753e+00 1.959409e+00
1242 3.890942e+00 1.950312e+00
1243 3.882194e+00 1.937145e+00
1244 3.878764e+00 1.941573e+00
1245 3.893318e+00 1.943612e+00
1246 3.892371e+00 1.941285e+00
1247 3.897032e+00 1.944857e+00
1248 3.894714e+00 1.964001e+00
1249 3.894782e+00 1.963821e+00
1250 3.901895e+00 1.973114e+00
1251 3.919138e+00 1.942600e+00
1252 3.931083e+00 1.924896e+00
1253 3.974150e+00 1.951576e+00
1254 3.973811e+00 1.954792e+00
1255 3.979059e+00 1.941398e+00
1256 3.963612e+00 1.967331e+00
1257 3.958717e+00 1.949719e+00
1258 3.955381e+00 1.950059e+00
1259 3.989564e+00 1.941212e+00
1260 3.986073e+00 1.952356e+00
1261 3.984581e+00 1.950392e+00
1262 4.001793e+00 1.971720e+00
1263 3.994201e+00 1.969775e+00
1264 3.998775e+00 1.976559e+00
1265 4.011869e+00 1.964279e+00
1266 4.013987e+00 1.947080e+00
1267 4.013635e+00 1.942975e+00
1268 4.001163e+00 1.941617e+00
1269 4.082008e+00 1.950891e+00
1270 4.095146e+00 1.977640e+00
1271 4.100822e+00 1.963294e+00
1272 4.116558e+00 1.945315e+00
1273 4.129020e+00 1.938716e+00
1274 4.129458e+00 1.937971e+00
1275 4.151275e+00 1.907754e+00
1276 4.149783e+00 1.916980e+00
1277 4.131402e+00 1.925614e+00
1278 4.169288e+00 1.909864e+00
1279 4.164274e+00 1.896883e+00
1280 4.179624e+00 1.894640e+00
1281 4.141164e+00 1.865592e+00
1282 4.146113e+00 1.868121e+00
1283 4.151821e+00 1.859624e+00
1284 4.151560e+00 1.859335e+00
1285 4.129963e+00 1.864269e+00
1286 4.127598e+00 1.865369e+00
1287 4.126155e+00 1.868250e+00
1288 4.122311e+00 1.869309e+00
1289 4.134807e+00 1.870299e+00
1290 4.137320e+00 1.870224e+00
1291 4.145744e+00 1.881259e+00
1292 4.127012e+00 1.891656e+00
1293 4.095379e+00 1.910424e+00
1294 4.093067e+00 1.912637e+00
1295 4.104778e+00 1.896750e+00
1296 4.119733e+00 1.902193e+00
1297 4.069466e+00 1.810097e+00
1298 4.044004e+00 1.828040e+00
1299 4.076468e+00 1.777636e+00
1300 4.059366e+00 1.756250e+00
1301 4.058988e+00 1.754614e+00
1302 4.060282e+00 1.751934e+00
1303 4.047252e+00 1.751674e+00
1304 4.066347e+00 1.678619e+00
1305 4.087950e+00 1.656174e+00
1306 4.092764e+00 1.669406e+00
1307 4.138167e+00 1.685517e+00
1308 4.173417e+00 1.619754e+00
1309 4.177738e+00 1.612529e+00
1310 4.179530e+00 1.614579e+00
1311 4.180450e+00 1.611769e+00
1312 4.171817e+00 1.580034e+00
1313 4.172684e+00 1.577997e+00
1314 4.178145e+00 1.575499e+00
1315 4.185712e+00 1.577091e+00
1316 4.144387e+00 1.566350e+00
1317 4.132667e+00 1.584688e+00
1318 4.134572e+00 1.568721e+00
1319 4.139295e+00 1.572109e+00
1320 4.135618e+00 1.586590e+00
1321 4.132404e+00 1.601654e+00
1322 4.123307e+00 1.591695e+00
1323 4.121486e+00 1.603133e+00
1324 4.119163e+00 1.601646e+00
1325 4.131441e+00 1.598907e+00
1326 4.125948e+00 1.643133e+00
1327 4.127959e+00 1.642528e+00
1328 4.158429e+00 1.685155e+00
1329 4.183260e+00 1.675818e+00
1330 4.182414e+00 1.675898e+00
1331 4.181477e+00 1.678554e+00
1332 4.178216e+00 1.670696e+00
1333 4.250464e+00 1.633804e+00
1334 4.205559e+00 1.658494e+00
1335 4.207567e+00 1.658686e+00
1336 4.218922e+00 1.649962e+00
1337 4.198361e+00 1.650129e+00
1338 4.192361e+00 1.653384e+00
1339 4.198749e+00 1.650679e+00
1340 4.196629e+00 1.650262e+00
1341 4.200339e+00 1.643872e+00
1342 4.157901e+00 1.632530e+00
1343 4.154377e+00 1.633823e+00
1344 4.154198e+00 1.636450e+00
1345 4.152936e+00 1.641477e+00
1346 4.152675e+00 1.639046e+00
1347 4.162933e+00 1.651590e+00
1348 4.155463e+00 1.645709e+00
1349 4.165963e+00 1.638437e+00
1350 4.160958e+00 1.657668e+00
1351 4.174761e+00 1.662339e+00
1352 4.189210e+00 1.656063e+00
1353 4.198119e+00 1.660458e+00
1354 4.199250e+00 1.663173e+00
1355 4.200839e+00 1.660542e+00
1356 4.209902e+00 1.679538e+00
1357 4.201986e+00 1.693233e+00
1358 4.189806e+00 1.692660e+00
1359 4.148606e+00 1.633717e+00
1360 4.141486e+00 1.620525e+00
1361 4.154431e+00 1.625470e+00
1362 4.150800e+00 1.633777e+00
1363 4.153212e+00 1.648792e+00
1364 4.153256e+00 1.660176e+00
1365 4.173974e+00 1.666620e+00
1366 4.181103e+00 1.663758e+00
1367 4.180534e+00 1.664626e+00
1368 4.168622e+00 1.658025e+00
1369 4.141373e+00 1.666207e+00
1370 4.143651e+00 1.662266e+00
1371 4.136544e+00 1.661920e+00
1372 4.093980e+00 1.671985e+00
1373 4.098160e+00 1.683951e+00
1374 4.111328e+00 1.674190e+00
1375 4.107065e+00 1.665591e+00
1376 4.100892e+00 1.621159e+00
1377 4.108672e+00 1.625426e+00
1378 4.099959e+00 1.634633e+00
1379 4.105490e+00 1.638025e+00
1380 4.107741e+00 1.675760e+00
1381 4.116755e+00 1.680077e+00
1382 4.119800e+00 1.686340e+00
1383 4.121237e+00 1.686149e+00
1384 4.073181e+00 1.713760e+00
1385 4.074088e+00 1.711919e+00
1386 4.108829e+00 1.702999e+00
1387 4.064246e+00 1.673318e+00
1388 4.057140e+00 1.666451e+00
1389 4.040431e+00 1.687880e+00
1390 4.041508e+00 1.683151e+00
1391 4.041897e+00 1.688648e+00
1392 4.042845e+00 1.684513e+00
1393 4.097417e+00 1.673163e+00
1394 4.137409e+00 1.666427e+00
1395 4.128457e+00 1.681059e+00
1396 4.104115e+00 1.666240e+00
1397 4.113378e+00 1.655564e+00
1398 4.109762e+00 1.663672e+00
1399 4.094947e+00 1.689329e+00
1400 4.089895e+00 1.685748e+00
1401 4.081972e+00 1.664071e+00
1402 4.064259e+00 1.670202e+00
1403 4.097259e+00 1.679344e+00
1404 4.101516e+00 1.673153e+00
1405 4.105891e+00 1.682512e+00
1406 4.108510e+00 1.683015e+00
1407 4.017054e+00 1.659292e+00
1408 4.006487e+00 1.673012e+00
1409 4.001983e+00 1.699338e+00
1410 4.008990e+00 1.698749e+00
1411 4.018078e+00 1.695638e+00
1412 3.997397e+00 1.718616e+00
1413 4.006635e+00 1.707411e+00
1414 4.024121e+00 1.701022e+00
1415 3.991748e+00 1.687000e+00
1416 4.030746e+00 1.717299e+00
1417 4.032316e+00 1.697825e+00
1418 4.023592e+00 1.672854e+00
1419 4.021081e+00 1.670415e+00
1420 4.021350e+00 1.670709e+00
1421 4.035656e+00 1.680683e+00
1422 3.901833e+00 1.664462e+00
1423 3.878316e+00 1.656039e+00
1424 3.872942e+00 1.652513e+00
1425 3.885966e+00 1.677399e+00
1426 3.890271e+00 1.668224e+00
1427 3.893584e+00 1.671100e+00
1428 3.954823e+00 1.617734e+00
1429 3.982921e+00 1.623029e+00
1430 3.981965e+00 1.601462e+00
1431 3.983941e+00 1.597511e+00
1432 3.979649e+00 1.594331e+00
1433 3.961341e+00 1.593229e+00
1434 3.967005e+00 1.594505e+00
1435 3.969036e+00 1.642760e+00
1436 3.986405e+00 1.624455e+00
1437 3.997159e+00 1.630461e+00
1438 3.996450e+00 1.628806e+00
1439 3.996313e+00 1.630790e+00
1440 3.977056e+00 1.604786e+00
1441 3.981592e+00 1.607990e+00
1442 3.942368e+00 1.579707e+00
1443 3.954732e+00 1.604979e+00
1444 3.960558e+00 1.590727e+00
1445 3.975952e+00 1.591082e+00
1446 3.997488e+00 1.557186e+00
1447 3.985403e+00 1.542190e+00
1448 3.975108e+00 1.551188e+00
1449 4.079962e+00 1.592395e+00
1450 4.082861e+00 1.575359e+00
1451 4.079848e+00 1.573056e+00
1452 4.068765e+00 1.557974e+00
1453 4.008347e+00 1.544565e+00
1454 4.012366e+00 1.535189e+00
1455 3.998034e+00 1.565363e+00
1456 3.996394e+00 1.567599e+00
1457 4.011556e+00 1.561817e+00
1458 4.011873e+00 1.615404e+00
1459 4.021909e+00 1.624290e+00
1460 4.026257e+00 1.597240e+00
1461 4.037390e+00 1.574844e+00
1462 4.055456e+00 1.623310e+00
1463 4.061330e+00 1.624025e+00
1464 4.075639e+00 1.618505e+00
1465 4.086267e+00 1.581175e+00
1466 4.049192e+00 1.594666e+00
1467 4.047620e+00 1.592446e+00
1468 4.047820e+00 1.591351e+00
1469 4.067420e+00 1.596274e+00
1470 4.065372e+00 1.594001e+00
1471 4.053303e+00 1.560681e+00
1472 4.053099e+00 1.556269e+00
1473 4.056265e+00 1.574879e+00
1474 4.083342e+00 1.571385e+00
1475 4.089126e+00 1.575289e+00
1476 4.114985e+00 1.566698e+00
1477 4.118436e+00 1.559655e+00
1478 4.105180e+00 1.558718e+00
1479 4.104974e+00 1.558113e+00
1480 4.091657e+00 1.550164e+00
1481 4.092644e+00 1.554806e+00
1482 4.080267e+00 1.536853e+00
1483 4.080209e+00 1.536923e+00
1484 4.085722e+00 1.538598e+00
1485 4.076459e+00 1.539332e+00
1486 4.063074e+00 1.506459e+00
1487 4.062317e+00 1.503967e+00
1488 4.070158e+00 1.502377e+00
1489 4.071312e+00 1.490489e+00
1490 4.061445e+00 1.465764e+00
1491 4.059839e+00 1.464660e+00
1492 4.071165e+00 1.472366e+00
1493 4.084661e+00 1.487896e+00
1494 4.085635e+00 1.491728e+00
1495 4.087174e+00 1.493355e+00
1496 4.084469e+00 1.481511e+00
1497 4.079132e+00 1.478892e+00
1498 4.086335e+00 1.489713e+00
1499 4.078567e+00 1.506426e+00
1500 4.096405e+00 1.550908e+00
1501 4.100192e+00 1.553521e+00
1502 4.119599e+00 1.554279e+00
1503 4.126784e+00 1.555384e+00
1504 4.127308e+00 1.555395e+00
1505 4.119499e+00 1.562385e+00
1506 4.126204e+00 1.521667e+00
1507 4.108222e+00 1.508191e+00
1508 4.094636e+00 1.499724e+00
1509 4.091769e+00 1.504269e+00
1510 4.107263e+00 1.493830e+00
1511 4.106703e+00 1.493198e+00
1512 4.116433e+00 1.505794e+00
1513 4.109094e+00 1.462279e+00
1514 4.093589e+00 1.458072e+00
1515 4.071426e+00 1.428427e+00
1516 4.060891e+00 1.422120e+00
1517 4.079769e+00 1.358083e+00
1518 4.071926e+00 1.356125e+00
1519 4.087255e+00 1.374067e+00
1520 4.085300e+00 1.352960e+00
1521 4.094181e+00 1.357322e+00
1522 4.097940e+00 1.352460e+00
1523 4.092748e+00 1.359229e+00
1524 4.093775e+00 1.358593e+00
1525 4.090774e+00 1.345020e+00
1526 4.118186e+00 1.333542e+00
1527 4.118156e+00 1.336211e+00
1528 4.134951e+00 1.342858e+00
1529 4.135251e+00 1.340892e+00
1530 4.148049e+00 1.350534e+00
1531 4.139599e+00 1.309340e+00
1532 4.137087e+00 1.304047e+00
1533 4.135055e+00 1.304052e+00
1534 4.152552e+00 1.290777e+00
1535 4.150802e+00 1.284704e+00
1536 4.162051e+00 1.275531e+00
1537 4.170997e+00 1.301789e+00
1538 4.176345e+00 1.297465e+00
1539 4.195808e+00 1.332985e+00
1540 4.207315e+00 1.343860e+00
1541 4.204966e+00 1.340629e+00
1542 4.193328e+00 1.346043e+00
1543 4.194948e+00 1.337151e+00
1544 4.199355e+00 1.338317e+00
1545 4.221894e+00 1.331731e+00
1546 4.212408e+00 1.343858e+00
1547 4.214130e+00 1.348823e+00
1548 4.208947e+00 1.344130e+00
1549 4.209051e+00 1.338652e+00
1550 4.210911e+00 1.336513e+00
1551 4.209480e+00 1.337570e+00
1552 4.196958e+00 1.368534e+00
1553 4.199238e+00 1.374549e+00
1554 4.200499e+00 1.407808e+00
1555 4.202496e+00 1.404498e+00
1556 4.216906e+00 1.341077e+00
1557 4.212047e+00 1.333589e+00
1558 4.209930e+00 1.335191e+00
1559 4.189212e+00 1.334492e+00
1560 4.181477e+00 1.304525e+00
1561 4.179267e+00 1.358642e+00
1562 4.175035e+00 1.329263e+00
1563 4.186198e+00 1.321904e+00
1564 4.136814e+00 1.279280e+00
1565 4.136790e+00 1.279677e+00
1566 4.137886e+00 1.283118e+00
1567 4.129557e+00 1.269515e+00
1568 4.198911e+00 1.303429e+00
1569 4.197566e+00 1.333449e+00
1570 4.240828e+00 1.369408e+00
1571 4.250695e+00 1.373289e+00
1572 4.261046e+00 1.366202e+00
1573 4.249790e+00 1.363400e+00
1574 4.239594e+00 1.375644e+00
1575 4.250479e+00 1.388478e+00
1576 4.229775e+00 1.393977e+00
1577 4.224370e+00 1.405383e+00
1578 4.255341e+00 1.381903e+00
1579 4.255840e+00 1.381905e+00
1580 4.250052e+00 1.380531e+00
1581 4.254056e+00 1.363605e+00
1582 4.261020e+00 1.422705e+00
1583 4.264394e+00 1.420930e+00
1584 4.315132e+00 1.407404e+00
1585 4.286317e+00 1.395092e+00
1586 4.323715e+00 1.365547e+00
1587 4.297308e+00 1.367395e+00
1588 4.294061e+00 1.381139e+00
1589 4.304303e+00 1.396265e+00
1590 4.308943e+00 1.397111e+00
1591 4.298918e+00 1.403065e+00
1592 4.305096e+00 1.374717e+00
1593 4.307804e+00 1.376235e+00
1594 4.300920e+00 1.397298e+00
1595 4.307316e+00 1.395195e+00
1596 4.307563e+00 1.396518e+00
1597 4.315667e+00 1.394061e+00
1598 4.313100e+00 1.382995e+00
1599 4.312697e+00 1.378412e+00
1600 4.316453e+00 1.357283e+00
1601 4.276045e+00 1.366310e+00
1602 4.289052e+00 1.363938e+00
1603 4.292638e+00 1.353397e+00
1604 4.309833e+00 1.342917e+00
1605 4.306824e+00 1.347083e+00
1606 4.296989e+00 1.347513e+00
1607 4.346433e+00 1.316990e+00
1608 4.342708e+00 1.300218e+00
1609 4.340680e+00 1.296815e+00
1610 4.334716e+00 1.317499e+00
1611 4.335982e+00 1.315877e+00
1612 4.385436e+00 1.313185e+00
1613 4.374734e+00 1.322156e+00
1614 4.373634e+00 1.322162e+00
1615 4.356507e+00 1.338601e+00
1616 4.385058e+00 1.343928e+00
1617 4.385137e+00 1.344176e+00
1618 4.375685e+00 1.353294e+00
1619 4.355022e+00 1.378154e+00
1620 4.356495e+00 1.360155e+00
1621 4.319474e+00 1.364331e+00
1622 4.286212e+00 1.371372e+00
1623 4.219560e+00 1.352693e+00
1624 4.228876e+00 1.338118e+00
1625 4.232906e+00 1.339083e+00
1626 4.177540e+00 1.345373e+00
1627 4.164018e+00 1.338643e+00
1628 4.190175e+00 1.325560e+00
1629 4.195349e+00 1.299748e+00
1630 4.174774e+00 1.303230e+00
1631 4.165586e+00 1.312123e+00
1632 4.158585e+00 1.316287e+00
1633 4.143908e+00 1.302084e+00
1634 4.172558e+00 1.280227e+00
1635 4.181375e+00 1.275872e+00
1636 4.178675e+00 1.273273e+00
1637 4.178742e+00 1.273323e+00
1638 4.184340e+00 1.275434e+00
1639 4.184346e+00 1.277769e+00
1640 4.134724e+00 1.300048e+00
1641 4.148379e+00 1.291915e+00
1642 4.139715e+00 1.268416e+00
1643 4.158226e+00 1.294599e+00
1644 4.154851e+00 1.300857e+00
1645 4.148890e+00 1.321119e+00
1646 4.148557e+00 1.322631e+00
1647 4.132729e+00 1.323961e+00
1648 4.125023e+00 1.300212e+00
1649 4.102540e+00 1.316073e+00
1650 4.128365e+00 1.326300e+00
1651 4.178489e+00 1.311643e+00
1652 4.174178e+00 1.317251e+00
1653 4.174974e+00 1.339048e+00
1654 4.161302e+00 1.332172e+00
1655 4.155146e+00 1.338073e+00
1656 4.168683e+00 1.363176e+00
1657 4.150576e+00 1.373715e+00
1658 4.160723e+00 1.385327e+00
1659 4.181643e+00 1.398756e+00
1660 4.185838e+00 1.396747e+00
1661 4.195723e+00 1.386775e+00
1662 4.195364e+00 1.387232e+00
1663 4.186226e+00 1.380851e+00
1664 4.165819e+00 1.391280e+00
1665 4.164028e+00 1.410220e+00
1666 4.153658e+00 1.405714e+00
1667 4.172652e+00 1.397953e+00
1668 4.203325e+00 1.442004e+00
1669 4.213518e+00 1.429621e+00
1670 4.223246e+00 1.419396e+00
1671 4.222750e+00 1.428719e+00
1672 4.238312e+00 1.424848e+00
1673 4.250890e+00 1.423370e+00
1674 4.265866e+00 1.462762e+00
1675 4.268790e+00 1.461007e+00
1676 4.268591e+00 1.461556e+00
1677 4.283064e+00 1.453453e+00
1678 4.276514e+00 1.438551e+00
1679 4.307304e+00 1.459447e+00
1680 4.320889e+00 1.455679e+00
1681 4.316101e+00 1.436281e+00
1682 4.280876e+00 1.412951e+00
1683 4.277026e+00 1.419609e+00
1684 4.276738e+00 1.423641e+00
1685 4.276763e+00 1.423614e+00
1686 4.274563e+00 1.409974e+00
1687 4.272450e+00 1.410478e+00
1688 4.269166e+00 1.414903e+00
1689 4.269653e+00 1.415013e+00
1690 4.258084e+00 1.424416e+00
1691 4.255369e+00 1.423339e+00
1692 4.319303e+00 1.435891e+00
1693 4.336587e+00 1.410845e+00
1694 4.362625e+00 1.396748e+00
1695 4.368470e+00 1.405754e+00
1696 4.361061e+00 1.411324e+00
1697 4.361123e+00 1.384114e+00
1698 4.355211e+00 1.382510e+00
1699 4.333756e+00 1.376583e+00
1700 4.331337e+00 1.372480e+00
1701 4.313644e+00 1.396864e+00
1702 4.313210e+00 1.374032e+00
1703 4.309949e+00 1.411481e+00
1704 4.319338e+00 1.414557e+00
1705 4.322459e+00 1.412531e+00
1706 4.329721e+00 1.413923e+00
1707 4.360557e+00 1.433128e+00
1708 4.365025e+00 1.434251e+00
1709 4.368463e+00 1.434841e+00
1710 4.368726e+00 1.441106e+00
1711 4.344175e+00 1.441738e+00
1712 4.356359e+00 1.420055e+00
1713 4.408803e+00 1.478363e+00
1714 4.404308e+00 1.470054e+00
1715 4.390934e+00 1.472767e+00
1716 4.390249e+00 1.482454e+00
1717 4.384762e+00 1.490020e+00
1718 4.362516e+00 1.527863e+00
1719 4.366572e+00 1.507078e+00
1720 4.367012e+00 1.507183e+00
1721 4.361247e+00 1.506705e+00
1722 4.381513e+00 1.501396e+00
1723 4.383246e+00 1.507026e+00
1724 4.381675e+00 1.499695e+00
1725 4.374662e+00 1.494474e+00
1726 4.348171e+00 1.493636e+00
1727 4.353210e+00 1.494476e+00
1728 4.307185e+00 1.516880e+00
1729 4.291658e+00 1.506386e+00
1730 4.303825e+00 1.523408e+00
1731 4.305623e+00 1.525274e+00
1732 4.309883e+00 1.525147e+00
1733 4.313193e+00 1.519152e+00
1734 4.319195e+00 1.527529e+00
1735 4.316127e+00 1.534390e+00
1736 4.318793e+00 1.516639e+00
1737 4.318464e+00 1.519153e+00
1738 4.329436e+00 1.521148e+00
1739 4.361703e+00 1.540806e+00
1740 4.361920e+00 1.541729e+00
1741 4.361861e+00 1.541612e+00
1742 4.364563e+00 1.547026e+00
1743 4.398980e+00 1.547045e+00
1744 4.446552e+00 1.505482e+00
1745 4.438577e+00 1.500214e+00
1746 4.444232e+00 1.501283e+00
1747 4.456369e+00 1.482980e+00
1748 4.445318e+00 1.484789e+00
1749 4.447712e+00 1.517233e+00
1750 4.445431e+00 1.514251e+00
1751 4.433310e+00 1.524225e+00
1752 4.451032e+00 1.525584e+00
1753 4.478836e+00 1.428249e+00
1754 4.470791e+00 1.406728e+00
1755 4.495991e+00 1.417876e+00
1756 4.490083e+00 1.418575e+00
1757 4.484243e+00 1.423263e+00
1758 4.448306e+00 1.407155e+00
1759 4.448559e+00 1.407259e+00
1760 4.447552e+00 1.399769e+00
1761 4.456762e+00 1.403374e+00
1762 4.434044e+00 1.386294e+00
1763 4.417566e+00 1.387522e+00
1764 4.414782e+00 1.386605e+00
1765 4.421209e+00 1.410060e+00
1766 4.485391e+00 1.462584e+00
1767 4.519320e+00 1.452513e+00
1768 4.517346e+00 1.446343e+00
1769 4.527881e+00 1.425667e+00
1770 4.524410e+00 1.445416e+00
1771 4.413664e+00 1.389897e+00
1772 4.407556e+00 1.388706e+00
1773 4.401836e+00 1.393590e+00
1774 4.413247e+00 1.374484e+00
1775 4.414340e+00 1.348110e+00
1776 4.459848e+00 1.332555e+00
1777 4.459380e+00 1.331929e+00
1778 4.444142e+00 1.287206e+00
1779 4.428274e+00 1.328676e+00
1780 4.404371e+00 1.351066e+00
1781 4.415484e+00 1.341625e+00
1782 4.415590e+00 1.339601e+00
1783 4.411463e+00 1.350330e+00
1784 4.409888e+00 1.350458e+00
1785 4.429937e+00 1.339829e+00
1786 4.417941e+00 1.348110e+00
1787 4.426023e+00 1.345057e+00
1788 4.420747e+00 1.348327e+00
1789 4.428795e+00 1.355905e+00
1790 4.426877e+00 1.364984e+00
1791 4.502837e+00 1.350969e+00
1792 4.494709e+00 1.351500e+00
1793 4.512789e+00 1.350229e+00
1794 4.482086e+00 1.383525e+00
1795 4.482148e+00 1.383347e+00
1796 4.474173e+00 1.385893e+00
1797 4.453500e+00 1.399924e+00
1798 4.432353e+00 1.424096e+00
1799 4.432914e+00 1.426042e+00
1800 4.432242e+00 1.427475e+00
1801 4.418785e+00 1.436193e+00
1802 4.444782e+00 1.449451e+00
1803 4.442755e+00 1.449354e+00
1804 4.438373e+00 1.451831e+00
1805 4.418173e+00 1.440100e+00
1806 4.412064e+00 1.442878e+00
1807 4.432885e+00 1.401764e+00
1808 4.432939e+00 1.401802e+00
1809 4.392690e+00 1.414892e+00
1810 4.360513e+00 1.415412e+00
1811 4.388116e+00 1.474475e+00
1812 4.394072e+00 1.478033e+00
1813 4.403187e+00 1.474900e+00
1814 4.413053e+00 1.468646e+00
1815 4.389536e+00 1.439045e+00
1816 4.387018e+00 1.435729e+00
1817 4.392972e+00 1.438335e+00
1818 4.511574e+00 1.376151e+00
1819 4.500193e+00 1.374016e+00
1820 4.532104e+00 1.376727e+00
1821 4.536974e+00 1.372964e+00
1822 4.518645e+00 1.387926e+00
1823 4.487613e+00 1.388629e+00
1824 4.510631e+00 1.386906e+00
1825 4.522608e+00 1.377794e+00
1826 4.527981e+00 1.364072e+00
1827 4.530852e+00 1.360899e+00
1828 4.562397e+00 1.343116e+00
1829 4.609269e+00 1.337909e+00
1830 4.611486e+00 1.327805e+00
1831 4.621602e+00 1.314483e+00
1832 4.618880e+00 1.303499e+00
1833 4.652462e+00 1.324434e+00
1834 4.658450e+00 1.329680e+00
1835 4.613395e+00 1.350785e+00
1836 4.644125e+00 1.346953e+00
1837 4.642264e+00 1.367435e+00
1838 4.679094e+00 1.368367e+00
1839 4.665551e+00 1.368823e+00
1840 4.706277e+00 1.338293e+00
1841 4.715862e+00 1.335752e+00
1842 4.726318e+00 1.300600e+00
1843 4.725499e+00 1.300023e+00
1844 4.725829e+00 1.299503e+00
1845 4.727429e+00 1.300715e+00
1846 4.741668e+00 1.301798e+00
1847 4.761682e+00 1.299094e+00
1848 4.723922e+00 1.312040e+00
1849 4.733270e+00 1.276313e+00
1850 4.720681e+00 1.283590e+00
1851 4.725841e+00 1.276312e+00
1852 4.721692e+00 1.291981e+00
1853 4.722717e+00 1.290377e+00
1854 4.722041e+00 1.293404e+00
1855 4.740817e+00 1.272995e+00
1856 4.775250e+00 1.261720e+00
1857 4.770662e+00 1.275214e+00
1858 4.771197e+00 1.275386e+00
1859 4.755389e+00 1.268929e+00
1860 4.786106e+00 1.252265e+00
1861 4.793942e+00 1.252359e+00
1862 4.804281e+00 1.253564e+00
1863 4.811215e+00 1.250926e+00
1864 4.791341e+00 1.254690e+00
1865 4.788476e+00 1.253498e+00
1866 4.798558e+00 1.248313e+00
1867 4.844246e+00 1.250542e+00
1868 4.875803e+00 1.356152e+00
1869 4.909424e+00 1.342650e+00
1870 4.908176e+00 1.341186e+00
1871 4.943721e+00 1.298138e+00
1872 4.970529e+00 1.275776e+00
1873 4.966480e+00 1.278662e+00
1874 4.951083e+00 1.278039e+00
1875 4.952585e+00 1.279456e+00
1876 4.955267e+00 1.271583e+00
1877 4.957686e+00 1.272788e+00
1878 4.949354e+00 1.276768e+00
1879 4.954627e+00 1.277048e+00
1880 4.942618e+00 1.256467e+00
1881 4.916124e+00 1.240258e+00
1882 4.924104e+00 1.237519e+00
1883 4.935955e+00 1.229670e+00
1884 4.948164e+00 1.236096e+00
1885 4.955822e+00 1.246297e+00
1886 4.950132e+00 1.253139e+00
1887 4.923140e+00 1.253361e+00
1888 4.934166e+00 1.270280e+00
1889 4.918303e+00 1.304642e+00
1890 4.923290e+00 1.308408e+00
1891 4.921167e+00 1.307087e+00
1892 4.962452e+00 1.324313e+00
1893 4.980962e+00 1.349094e+00
1894 4.979492e+00 1.350094e+00
1895 4.960479e+00 1.345744e+00
1896 4.974584e+00 1.332323e+00
1897 4.997143e+00 1.271562e+00
1898 4.982914e+00 1.266324e+00
1899 4.990769e+00 1.249581e+00
1900 4.981350e+00 1.255441e+00
1901 4.982034e+00 1.253648e+00
1902 4.999192e+00 1.246402e+00
1903 4.995782e+00 1.242422e+00
1904 4.992489e+00 1.249832e+00
1905 5.007171e+00 1.248528e+00
