0 1.888887e+00 2.867810e-01
1 1.886161e+00 2.664548e-01
2 1.852949e+00 2.811464e-01
3 1.848460e+00 2.717719e-01
4 1.827521e+00 2.612692e-01
5 1.827738e+00 2.609913e-01
6 1.828964e+00 2.676004e-01
7 1.818548e+00 2.663886e-01
8 1.830588e+00 2.869325e-01
9 1.824301e+00 2.939192e-01
10 1.811549e+00 2.656123e-01
11 1.793161e+00 3.113675e-01
12 1.772112e+00 3.038505e-01
13 1.767559e+00 2.986266e-01
14 1.764285e+00 2.938016e-01
15 1.732752e+00 3.192803e-01
16 1.600440e+00 3.794033e-01
17 1.614920e+00 3.811289e-01
18 1.605796e+00 3.824610e-01
19 1.637647e+00 3.442626e-01
20 1.616088e+00 3.235348e-01
21 1.630873e+00 2.921426e-01
22 1.630444e+00 2.921175e-01
23 1.622020e+00 2.635604e-01
24 1.690978e+00 2.751344e-01
25 1.695323e+00 2.760632e-01
26 1.695218e+00 2.778928e-01
27 1.693472e+00 2.892488e-01
28 1.694072e+00 2.889253e-01
29 1.685220e+00 2.789804e-01
30 1.661798e+00 2.852034e-01
31 1.688057e+00 2.872454e-01
32 1.689357e+00 2.869543e-01
33 1.688553e+00 2.982543e-01
34 1.674400e+00 2.849320e-01
35 1.676559e+00 2.881767e-01
36 1.690664e+00 2.689320e-01
37 1.691845e+00 2.687747e-01
38 1.697217e+00 2.397758e-01
39 1.696748e+00 2.451277e-01
40 1.689128e+00 2.387307e-01
41 1.683937e+00 2.412954e-01
42 1.678771e+00 2.468796e-01
43 1.684188e+00 2.195538e-01
44 1.689289e+00 2.376093e-01
45 1.707501e+00 2.476324e-01
46 1.685330e+00 2.586995e-01
47 1.666677e+00 2.504511e-01
48 1.672965e+00 2.623272e-01
49 1.672419e+00 2.622482e-01
50 1.670429e+00 2.603504e-01
51 1.676585e+00 2.907192e-01
52 1.677916e+00 2.862551e-01
53 1.651521e+00 2.619993e-01
54 1.663690e+00 2.551838e-01
55 1.656882e+00 2.733855e-01
56 1.589287e+00 2.824789e-01
57 1.597613e+00 3.069314e-01
58 1.597681e+00 3.069496e-01
59 1.624712e+00 3.304776e-01
60 1.616736e+00 2.965915e-01
61 1.596402e+00 3.056969e-01
62 1.594956e+00 3.133876e-01
63 1.591951e+00 3.254946e-01
64 1.591138e+00 3.264985e-01
65 1.578724e+00 3.408190e-01
66 1.570444e+00 3.339374e-01
67 1.595681e+00 3.176098e-01
68 1.589404e+00 2.950163e-01
69 1.595825e+00 3.038249e-01
70 1.580273e+00 2.998313e-01
71 1.581469e+00 2.949452e-01
72 1.600807e+00 3.360048e-01
73 1.578054e+00 3.370415e-01
74 1.562806e+00 3.318921e-01
75 1.557736e+00 3.310633e-01
76 1.537602e+00 3.597248e-01
77 1.527592e+00 3.785030e-01
78 1.477822e+00 3.591616e-01
79 1.471842e+00 3.412885e-01
80 1.420297e+00 3.932227e-01
81 1.405650e+00 4.207482e-01
82 1.403004e+00 4.294786e-01
83 1.403356e+00 4.287442e-01
84 1.426610e+00 4.165600e-01
85 1.429668e+00 4.161118e-01
86 1.437123e+00 4.282888e-01
87 1.439019e+00 4.315890e-01
88 1.444104e+00 4.317314e-01
89 1.451430e+00 4.307304e-01
90 1.441265e+00 4.221021e-01
91 1.409538e+00 4.866608e-01
92 1.408443e+00 5.017965e-01
93 1.389844e+00 4.973418e-01
94 1.405273e+00 4.780020e-01
95 1.404103e+00 4.790286e-01
96 1.397891e+00 4.606038e-01
97 1.378690e+00 4.413565e-01
98 1.375043e+00 4.661034e-01
99 1.377555e+00 4.669373e-01
100 1.377974e+00 4.666939e-01
101 1.374530e+00 4.596257e-01
102 1.360786e+00 4.466321e-01
103 1.344849e+00 4.522004e-01
104 1.340894e+00 4.518772e-01
105 1.334077e+00 4.704622e-01
106 1.348724e+00 4.615101e-01
107 1.329151e+00 4.677640e-01
108 1.304987e+00 4.826646e-01
109 1.304438e+00 4.826645e-01
110 1.296181e+00 4.813957e-01
111 1.213432e+00 5.237140e-01
112 1.174882e+00 5.124332e-01
113 1.150973e+00 5.117173e-01
114 1.154507e+00 5.097032e-01
115 1.147115e+00 4.674903e-01
116 1.145019e+00 4.676582e-01
117 1.174465e+00 4.686090e-01
118 1.175541e+00 4.714232e-01
119 1.203870e+00 4.896917e-01
120 1.188283e+00 5.098557e-01
121 1.186630e+00 5.096676e-01
122 1.177777e+00 5.090591e-01
123 1.239304e+00 5.462702e-01
124 1.188111e+00 5.375307e-01
125 1.205477e+00 5.273394e-01
126 1.198012e+00 5.381345e-01
127 1.200875e+00 5.366489e-01
128 1.195540e+00 5.360955e-01
129 1.195928e+00 5.352637e-01
130 1.173328e+00 5.534582e-01
131 1.174763e+00 5.406265e-01
132 1.168180e+00 5.338753e-01
133 1.170308e+00 5.405530e-01
134 1.178359e+00 5.379687e-01
135 1.167879e+00 5.590343e-01
136 1.188222e+00 5.373890e-01
137 1.201125e+00 5.275710e-01
138 1.186939e+00 5.213034e-01
139 1.184759e+00 5.024981e-01
140 1.220198e+00 4.984345e-01
141 1.221363e+00 4.976562e-01
142 1.216826e+00 4.848002e-01
143 1.216866e+00 4.849096e-01
144 1.213542e+00 5.019941e-01
145 1.209481e+00 5.219469e-01
146 1.210511e+00 5.412364e-01
147 1.205490e+00 5.424618e-01
148 1.204836e+00 5.423146e-01
149 1.226709e+00 5.653909e-01
150 1.231723e+00 5.576260e-01
151 1.224839e+00 5.790129e-01
152 1.247344e+00 5.758946e-01
153 1.247434e+00 5.676462e-01
154 1.274794e+00 5.534694e-01
155 1.270091e+00 5.651451e-01
156 1.270170e+00 5.651937e-01
157 1.271050e+00 5.924898e-01
158 1.237475e+00 5.420650e-01
159 1.258021e+00 5.494186e-01
160 1.264037e+00 5.274079e-01
161 1.288207e+00 5.126618e-01
162 1.290486e+00 5.140475e-01
163 1.299641e+00 5.499212e-01
164 1.298134e+00 5.545121e-01
165 1.296701e+00 5.455885e-01
166 1.320065e+00 5.421420e-01
167 1.285580e+00 4.849503e-01
168 1.290236e+00 4.785098e-01
169 1.283219e+00 4.683845e-01
170 1.293004e+00 4.713269e-01
171 1.293547e+00 4.679297e-01
172 1.292922e+00 4.705021e-01
173 1.302997e+00 4.841168e-01
174 1.295710e+00 4.774928e-01
175 1.296386e+00 4.692121e-01
176 1.289864e+00 4.672871e-01
177 1.292159e+00 4.720751e-01
178 1.306633e+00 4.639996e-01
179 1.317472e+00 4.708909e-01
180 1.317405e+00 4.698255e-01
181 1.314916e+00 5.266058e-01
182 1.305523e+00 5.122464e-01
183 1.333477e+00 5.089620e-01
184 1.342763e+00 4.984625e-01
185 1.280044e+00 4.509648e-01
186 1.282606e+00 4.415560e-01
187 1.282176e+00 4.399956e-01
188 1.282222e+00 4.395357e-01
189 1.316160e+00 4.805280e-01
190 1.335553e+00 4.515273e-01
191 1.364833e+00 4.665704e-01
192 1.362905e+00 4.688797e-01
193 1.360304e+00 4.740870e-01
194 1.304993e+00 4.783782e-01
195 1.303079e+00 4.758509e-01
196 1.303273e+00 4.757093e-01
197 1.303712e+00 4.754406e-01
198 1.303260e+00 4.750345e-01
199 1.298224e+00 4.733201e-01
200 1.266326e+00 5.126621e-01
201 1.252553e+00 4.944702e-01
202 1.242754e+00 4.918109e-01
203 1.227939e+00 4.985760e-01
204 1.255620e+00 4.917942e-01
205 1.243250e+00 4.938686e-01
206 1.227555e+00 4.921183e-01
207 1.234783e+00 4.891070e-01
208 1.237434e+00 4.990055e-01
209 1.231479e+00 5.039449e-01
210 1.228685e+00 5.147532e-01
211 1.227900e+00 5.150466e-01
212 1.227575e+00 5.136327e-01
213 1.244098e+00 5.575890e-01
214 1.274993e+00 5.537483e-01
215 1.301563e+00 5.731864e-01
216 1.293927e+00 5.634799e-01
217 1.273512e+00 5.729410e-01
218 1.274283e+00 5.744180e-01
219 1.288104e+00 5.891278e-01
220 1.281949e+00 5.890465e-01
221 1.279541e+00 5.864871e-01
222 1.279824e+00 5.657677e-01
223 1.275126e+00 5.805165e-01
224 1.273813e+00 5.799197e-01
225 1.232467e+00 5.990443e-01
226 1.185990e+00 5.289192e-01
227 1.187747e+00 5.268548e-01
228 1.185584e+00 5.309606e-01
229 1.144098e+00 4.885972e-01
230 1.113038e+00 4.961701e-01
231 1.113782e+00 4.950846e-01
232 1.114956e+00 4.929886e-01
233 1.118745e+00 5.041719e-01
234 1.113759e+00 5.087460e-01
235 1.060445e+00 5.235895e-01
236 1.061741e+00 5.238871e-01
237 1.058476e+00 5.271664e-01
238 1.089775e+00 5.439842e-01
239 1.051352e+00 5.271160e-01
240 1.066327e+00 4.957709e-01
241 1.062480e+00 4.979527e-01
242 1.047417e+00 5.046546e-01
243 1.036747e+00 4.862768e-01
244 1.013195e+00 4.746995e-01
245 1.009454e+00 4.855277e-01
246 1.006617e+00 5.100201e-01
247 9.451601e-01 5.294533e-01
248 9.472160e-01 5.283798e-01
249 9.423588e-01 4.978382e-01
250 9.565573e-01 4.785449e-01
251 9.582686e-01 4.813738e-01
252 9.413350e-01 4.831215e-01
253 9.440204e-01 4.807753e-01
254 1.023279e+00 4.270603e-01
255 1.046048e+00 4.693920e-01
256 1.060735e+00 5.006036e-01
257 1.049813e+00 5.196127e-01
258 1.050828e+00 5.067301e-01
259 1.050844e+00 5.066859e-01
260 1.088920e+00 5.401123e-01
261 1.086577e+00 5.292394e-01
262 1.090791e+00 5.736384e-01
263 1.074455e+00 5.953703e-01
264 1.065755e+00 5.682149e-01
265 1.064609e+00 5.645545e-01
266 1.065518e+00 5.571160e-01
267 1.068866e+00 5.764255e-01
268 1.073107e+00 5.882491e-01
269 1.025838e+00 6.052364e-01
270 1.025340e+00 6.053958e-01
271 1.026281e+00 6.010863e-01
272 9.922349e-01 5.526496e-01
273 1.010296e+00 5.478604e-01
274 9.997753e-01 5.504168e-01
275 1.009281e+00 5.498042e-01
276 1.009123e+00 5.360368e-01
277 1.005650e+00 5.376566e-01
278 1.000479e+00 5.264272e-01
279 1.002519e+00 5.259567e-01
280 1.012784e+00 5.174077e-01
281 1.013759e+00 5.177411e-01
282 1.016499e+00 5.253959e-01
283 1.031646e+00 5.213870e-01
284 1.012236e+00 5.191293e-01
285 1.029708e+00 5.711114e-01
286 1.022957e+00 5.620994e-01
287 1.021258e+00 5.600371e-01
288 1.021010e+00 5.599738e-01
289 1.029587e+00 5.490560e-01
290 1.011864e+00 5.489363e-01
291 9.694507e-01 5.500697e-01
292 9.625169e-01 5.583940e-01
293 9.789863e-01 5.648115e-01
294 9.469021e-01 5.668330e-01
295 9.468373e-01 5.675699e-01
296 9.591509e-01 5.786664e-01
297 9.542954e-01 5.646263e-01
298 9.611538e-01 5.080535e-01
299 9.588430e-01 5.030549e-01
300 9.582961e-01 5.061792e-01
301 9.514350e-01 5.070380e-01
302 9.481086e-01 5.065986e-01
303 9.435795e-01 5.064034e-01
304 9.534903e-01 5.045841e-01
305 9.658861e-01 5.072935e-01
306 9.773282e-01 5.129983e-01
307 9.774520e-01 5.026830e-01
308 9.902777e-01 5.070584e-01
309 9.949970e-01 5.089455e-01
310 9.969925e-01 5.076365e-01
311 9.902131e-01 6.095317e-01
312 9.907053e-01 6.101998e-01
313 9.874882e-01 7.196524e-01
314 9.857105e-01 7.314444e-01
315 9.848277e-01 7.332858e-01
316 9.527845e-01 6.813272e-01
317 9.528895e-01 6.816959e-01
318 9.482759e-01 6.805985e-01
319 9.495697e-01 6.717263e-01
320 9.699411e-01 6.683137e-01
321 9.742442e-01 6.580798e-01
322 9.778431e-01 6.298089e-01
323 1.004274e+00 6.711197e-01
324 1.011122e+00 6.672788e-01
325 1.016148e+00 6.604753e-01
326 1.004271e+00 6.549796e-01
327 1.015985e+00 6.349575e-01
328 1.024411e+00 6.301003e-01
329 1.026013e+00 6.340555e-01
330 1.017847e+00 6.318579e-01
331 1.003677e+00 6.246869e-01
332 1.015164e+00 6.265210e-01
333 1.017607e+00 6.220728e-01
334 1.003071e+00 6.291256e-01
335 1.015150e+00 6.514125e-01
336 1.002295e+00 6.447525e-01
337 9.955217e-01 6.514091e-01
338 9.705574e-01 6.873204e-01
339 9.627534e-01 6.721963e-01
340 9.644865e-01 6.720937e-01
341 9.631993e-01 6.587160e-01
342 9.653035e-01 7.113286e-01
343 9.615795e-01 7.122689e-01
344 9.649129e-01 7.056796e-01
345 9.669981e-01 7.040182e-01
346 9.732381e-01 7.292386e-01
347 9.962803e-01 7.360934e-01
348 1.018308e+00 7.507474e-01
349 1.008341e+00 7.612573e-01
350 1.033325e+00 7.590029e-01
351 1.027649e+00 7.533402e-01
352 9.596684e-01 7.757957e-01
353 9.491416e-01 7.748567e-01
354 9.269601e-01 7.605022e-01
355 9.239355e-01 7.567672e-01
356 9.331258e-01 7.416249e-01
357 9.345580e-01 7.435115e-01
358 9.346031e-01 7.433867e-01
359 9.262299e-01 7.638528e-01
360 9.302448e-01 7.579485e-01
361 9.326806e-01 7.701998e-01
362 9.419146e-01 7.531698e-01
363 9.426950e-01 7.525918e-01
364 1.024114e+00 8.009437e-01
365 1.028896e+00 8.009926e-01
366 1.017275e+00 8.220629e-01
367 1.015857e+00 8.112175e-01
368 9.986244e-01 8.017206e-01
369 1.031471e+00 8.149670e-01
370 1.044641e+00 7.625375e-01
371 1.027628e+00 7.774524e-01
372 1.025299e+00 7.820013e-01
373 1.019544e+00 7.547560e-01
374 1.028109e+00 7.502582e-01
375 1.029501e+00 7.667238e-01
376 1.036590e+00 7.615380e-01
377 1.070318e+00 7.493551e-01
378 1.077426e+00 7.277736e-01
379 1.044930e+00 7.264186e-01
380 1.045343e+00 7.336029e-01
381 1.035282e+00 6.962509e-01
382 1.047589e+00 7.134638e-01
383 1.036332e+00 7.276349e-01
384 1.033585e+00 7.279368e-01
385 9.575961e-01 7.173585e-01
386 9.558252e-01 7.256640e-01
387 9.691936e-01 7.299937e-01
388 9.732674e-01 7.311857e-01
389 9.698290e-01 7.266050e-01
390 1.028292e+00 7.182084e-01
391 1.031446e+00 7.211563e-01
392 1.041787e+00 7.226267e-01
393 1.036191e+00 7.092153e-01
394 1.024970e+00 6.811857e-01
395 1.019023e+00 6.760587e-01
396 1.017560e+00 6.968074e-01
397 1.003692e+00 6.957382e-01
398 9.773784e-01 7.100516e-01
399 9.891568e-01 7.007466e-01
400 9.888711e-01 7.008560e-01
401 9.850768e-01 7.039293e-01
402 9.829543e-01 7.014896e-01
403 9.872879e-01 7.138625e-01
404 9.995128e-01 7.036553e-01
405 1.011234e+00 6.959739e-01
406 9.938758e-01 6.470860e-01
407 1.021105e+00 6.725239e-01
408 1.044322e+00 6.163197e-01
409 1.044330e+00 6.144684e-01
410 9.717034e-01 6.997796e-01
411 9.684261e-01 6.999716e-01
412 9.746415e-01 7.094987e-01
413 9.752471e-01 7.018645e-01
414 9.755182e-01 7.020121e-01
415 9.594780e-01 6.896417e-01
416 9.556897e-01 7.026480e-01
417 9.469248e-01 6.880766e-01
418 9.480488e-01 6.870802e-01
419 9.393168e-01 6.743857e-01
420 9.338794e-01 6.929940e-01
421 9.336494e-01 6.865441e-01
422 9.476869e-01 6.877537e-01
423 9.449230e-01 6.997636e-01
424 9.400840e-01 6.914107e-01
425 9.291013e-01 6.971478e-01
426 9.164493e-01 6.984780e-01
427 9.139389e-01 6.965172e-01
428 9.163738e-01 6.967222e-01
429 9.869870e-01 6.927826e-01
430 9.870076e-01 6.928402e-01
431 9.832645e-01 6.889780e-01
432 9.836551e-01 7.117907e-01
433 9.997505e-01 7.152063e-01
434 9.947841e-01 7.189480e-01
435 1.004894e+00 7.289219e-01
436 1.002290e+00 7.253803e-01
437 1.017369e+00 7.263152e-01
438 1.010108e+00 7.153573e-01
439 1.027628e+00 7.216910e-01
440 1.023066e+00 7.352361e-01
441 1.032552e+00 7.720623e-01
442 1.045717e+00 7.551758e-01
443 1.044398e+00 7.607031e-01
444 1.049828e+00 7.681567e-01
445 1.053484e+00 7.620868e-01
446 1.077697e+00 7.785380e-01
447 1.095822e+00 7.909766e-01
448 1.101711e+00 8.230161e-01
449 1.096437e+00 8.443564e-01
450 1.099915e+00 8.376097e-01
451 1.105379e+00 8.388948e-01
452 1.104481e+00 8.401786e-01
453 1.116421e+00 8.075371e-01
454 1.126067e+00 8.041525e-01
455 1.128453e+00 8.065436e-01
456 1.157826e+00 8.182551e-01
457 1.154511e+00 8.180849e-01
458 1.164200e+00 8.259759e-01
459 1.170244e+00 8.216416e-01
460 1.172486e+00 8.304347e-01
461 1.142370e+00 8.242080e-01
462 1.166353e+00 8.193426e-01
463 1.204077e+00 7.880938e-01
464 1.205599e+00 8.231283e-01
465 1.205556e+00 8.231606e-01
466 1.182387e+00 7.888663e-01
467 1.191152e+00 8.038284e-01
468 1.201858e+00 8.050997e-01
469 1.206934e+00 8.032068e-01
470 1.195072e+00 8.260384e-01
471 1.196228e+00 8.304295e-01
472 1.167256e+00 8.302710e-01
473 1.168094e+00 8.359938e-01
474 1.170361e+00 8.661715e-01
475 1.187410e+00 8.687446e-01
476 1.176728e+00 8.543316e-01
477 1.169019e+00 8.560012e-01
478 1.162217e+00 8.585151e-01
479 1.157896e+00 8.580071e-01
480 1.157318e+00 8.586647e-01
481 1.160547e+00 8.391786e-01
482 1.167801e+00 8.296286e-01
483 1.146600e+00 8.307261e-01
484 1.137038e+00 8.368445e-01
485 1.135401e+00 8.285370e-01
486 1.145978e+00 8.378474e-01
487 1.158284e+00 8.595636e-01
488 1.158773e+00 8.563017e-01
489 1.173386e+00 8.345301e-01
490 1.131277e+00 8.381389e-01
491 1.135054e+00 8.419448e-01
492 1.155585e+00 8.636413e-01
493 1.146565e+00 8.927911e-01
494 1.144617e+00 8.904588e-01
495 1.144026e+00 8.898454e-01
496 1.142289e+00 8.882536e-01
497 1.142194e+00 8.890272e-01
498 1.168856e+00 9.122331e-01
499 1.169739e+00 9.104798e-01
500 1.129805e+00 9.313863e-01
501 1.103286e+00 9.297976e-01
502 1.104838e+00 9.295735e-01
503 1.114780e+00 9.309792e-01
504 1.113843e+00 9.354805e-01
505 1.101727e+00 9.434128e-01
506 1.106280e+00 9.458208e-01
507 1.105946e+00 9.633422e-01
508 1.101286e+00 9.707255e-01
509 1.122174e+00 9.999705e-01
510 1.130389e+00 1.018454e+00
511 1.124985e+00 1.011904e+00
512 1.124106e+00 1.011863e+00
513 1.121845e+00 1.019446e+00
514 1.127499e+00 1.037719e+00
515 1.120290e+00 1.023768e+00
516 1.151110e+00 9.648341e-01
517 1.143955e+00 9.497771e-01
518 1.140049e+00 9.460600e-01
519 1.135947e+00 9.523036e-01
520 1.153241e+00 9.710157e-01
521 1.204039e+00 9.636970e-01
522 1.203064e+00 9.670608e-01
523 1.204566e+00 9.744205e-01
524 1.204357e+00 9.736400e-01
525 1.191214e+00 9.878927e-01
526 1.190864e+00 9.865235e-01
527 1.236970e+00 9.925263e-01
528 1.217192e+00 9.880317e-01
529 1.213281e+00 9.744754e-01
530 1.222274e+00 9.674751e-01
531 1.223200e+00 9.666255e-01
532 1.252245e+00 9.911337e-01
533 1.244406e+00 1.011751e+00
534 1.247166e+00 1.024333e+00
535 1.221956e+00 1.021500e+00
536 1.225606e+00 1.016737e+00
537 1.245889e+00 1.017561e+00
538 1.190925e+00 1.052388e+00
539 1.193302e+00 1.043048e+00
540 1.134942e+00 1.028877e+00
541 1.123855e+00 1.048675e+00
542 1.119864e+00 1.056344e+00
543 1.096751e+00 1.011491e+00
544 1.092940e+00 1.051283e+00
545 1.098634e+00 1.038462e+00
546 1.104428e+00 1.039127e+00
547 1.065873e+00 1.039332e+00
548 1.097280e+00 1.042997e+00
549 1.100137e+00 1.066435e+00
550 1.122563e+00 1.071072e+00
551 1.106100e+00 1.082270e+00
552 1.107497e+00 1.081648e+00
553 1.108506e+00 1.083441e+00
554 1.140840e+00 1.074385e+00
555 1.140765e+00 1.074446e+00
556 1.173049e+00 1.083921e+00
557 1.185933e+00 1.065899e+00
558 1.184473e+00 1.065410e+00
559 1.184870e+00 1.065337e+00
560 1.164008e+00 1.077530e+00
561 1.168534e+00 1.083959e+00
562 1.175858e+00 1.088342e+00
563 1.136502e+00 1.108568e+00
564 1.143994e+00 1.148774e+00
565 1.169657e+00 1.129941e+00
566 1.185402e+00 1.089681e+00
567 1.197285e+00 1.074378e+00
568 1.193181e+00 1.071355e+00
569 1.217010e+00 1.094026e+00
570 1.218948e+00 1.091452e+00
571 1.220558e+00 1.086231e+00
572 1.231300e+00 1.060704e+00
573 1.223425e+00 1.053963e+00
574 1.224326e+00 1.061144e+00
575 1.228184e+00 1.058327e+00
576 1.179364e+00 1.059694e+00
577 1.151870e+00 1.091830e+00
578 1.161979e+00 1.093836e+00
579 1.152160e+00 1.129985e+00
580 1.150896e+00 1.127768e+00
581 1.142129e+00 1.124601e+00
582 1.135083e+00 1.136225e+00
583 1.128789e+00 1.130321e+00
584 1.119534e+00 1.135014e+00
585 1.119267e+00 1.133836e+00
586 1.148618e+00 1.103445e+00
587 1.135807e+00 1.122712e+00
588 1.137308e+00 1.124814e+00
589 1.141647e+00 1.145692e+00
590 1.159683e+00 1.135507e+00
591 1.164821e+00 1.128490e+00
592 1.158208e+00 1.129834e+00
593 1.200657e+00 1.062721e+00
594 1.195065e+00 1.061297e+00
595 1.233103e+00 1.095447e+00
596 1.244897e+00 1.102814e+00
597 1.246277e+00 1.110606e+00
598 1.247991e+00 1.094562e+00
599 1.253234e+00 1.100627e+00
600 1.278396e+00 1.156943e+00
601 1.289484e+00 1.170333e+00
602 1.289754e+00 1.170267e+00
603 1.311472e+00 1.192460e+00
604 1.357142e+00 1.142095e+00
605 1.357244e+00 1.148311e+00
606 1.357335e+00 1.149706e+00
607 1.340304e+00 1.146651e+00
608 1.372254e+00 1.137359e+00
609 1.371973e+00 1.137313e+00
610 1.344974e+00 1.141075e+00
611 1.345047e+00 1.141254e+00
612 1.347083e+00 1.144395e+00
613 1.357032e+00 1.145242e+00
614 1.365941e+00 1.156842e+00
615 1.362165e+00 1.147053e+00
616 1.344800e+00 1.145176e+00
617 1.326729e+00 1.142942e+00
618 1.329758e+00 1.140941e+00
619 1.328819e+00 1.135472e+00
620 1.341998e+00 1.131128e+00
621 1.343014e+00 1.130657e+00
622 1.324251e+00 1.039107e+00
623 1.318997e+00 1.039388e+00
624 1.311734e+00 1.040640e+00
625 1.287203e+00 1.056051e+00
626 1.292685e+00 1.053068e+00
627 1.288777e+00 1.028501e+00
628 1.296160e+00 1.012560e+00
629 1.291729e+00 1.113594e+00
630 1.291468e+00 1.113138e+00
631 1.278299e+00 1.116263e+00
632 1.283130e+00 1.111629e+00
633 1.252351e+00 1.124202e+00
634 1.258949e+00 1.114507e+00
635 1.259048e+00 1.114435e+00
636 1.256735e+00 1.110901e+00
637 1.344927e+00 1.003892e+00
638 1.342433e+00 1.002550e+00
639 1.354742e+00 9.777915e-01
640 1.354826e+00 9.780884e-01
641 1.363844e+00 1.029134e+00
642 1.362306e+00 1.038816e+00
643 1.366989e+00 1.013545e+00
644 1.361805e+00 1.064965e+00
645 1.364623e+00 1.063744e+00
646 1.367098e+00 1.067137e+00
647 1.492479e+00 1.020474e+00
648 1.491117e+00 1.084085e+00
649 1.518474e+00 1.068231e+00
650 1.522130e+00 1.071924e+00
651 1.527790e+00 1.062602e+00
652 1.480464e+00 1.054567e+00
653 1.479598e+00 1.059852e+00
654 1.498550e+00 1.062964e+00
655 1.497609e+00 1.063406e+00
656 1.504992e+00 1.046075e+00
657 1.514907e+00 1.019345e+00
658 1.517733e+00 1.019401e+00
659 1.518766e+00 1.018589e+00
660 1.525959e+00 1.023307e+00
661 1.567205e+00 1.007491e+00
662 1.570901e+00 1.054000e+00
663 1.571976e+00 1.069468e+00
664 1.574176e+00 1.073971e+00
665 1.570768e+00 1.080742e+00
666 1.579093e+00 1.081820e+00
667 1.547829e+00 1.125291e+00
668 1.551414e+00 1.104009e+00
669 1.544329e+00 1.107670e+00
670 1.506323e+00 1.109827e+00
671 1.462607e+00 1.118739e+00
672 1.463265e+00 1.114533e+00
673 1.459728e+00 1.103282e+00
674 1.449683e+00 1.107144e+00
675 1.471407e+00 1.109556e+00
676 1.485472e+00 1.118927e+00
677 1.466940e+00 1.090833e+00
678 1.476121e+00 1.071644e+00
679 1.476127e+00 1.063685e+00
680 1.425172e+00 1.053003e+00
681 1.425068e+00 1.051669e+00
682 1.425427e+00 1.049636e+00
683 1.387452e+00 1.016336e+00
684 1.381264e+00 1.009240e+00
685 1.372702e+00 1.010794e+00
686 1.360029e+00 1.027569e+00
687 1.339995e+00 1.042070e+00
688 1.341780e+00 1.017535e+00
689 1.327858e+00 1.027627e+00
690 1.328261e+00 1.029680e+00
691 1.344697e+00 1.059397e+00
692 1.345351e+00 1.065097e+00
693 1.344828e+00 1.065963e+00
694 1.348359e+00 1.073957e+00
695 1.343761e+00 1.039172e+00
696 1.315568e+00 1.009090e+00
697 1.316257e+00 1.016455e+00
698 1.289910e+00 1.011832e+00
699 1.292345e+00 1.010165e+00
700 1.298509e+00 1.013268e+00
701 1.292759e+00 1.013536e+00
702 1.290731e+00 1.011289e+00
703 1.295438e+00 1.021698e+00
704 1.287926e+00 1.018858e+00
705 1.290771e+00 1.011121e+00
706 1.291313e+00 1.007224e+00
707 1.246801e+00 1.059723e+00
708 1.244900e+00 1.085336e+00
709 1.248574e+00 1.077080e+00
710 1.233565e+00 1.093308e+00
711 1.234069e+00 1.095752e+00
712 1.238598e+00 1.098179e+00
713 1.195780e+00 1.048427e+00
714 1.167885e+00 1.042607e+00
715 1.170240e+00 1.037558e+00
716 1.160717e+00 1.041009e+00
717 1.261980e+00 1.055131e+00
718 1.287401e+00 1.095846e+00
719 1.316139e+00 1.110758e+00
720 1.322836e+00 1.110880e+00
721 1.295612e+00 1.136365e+00
722 1.276951e+00 1.141614e+00
723 1.275560e+00 1.151030e+00
724 1.259623e+00 1.149488e+00
725 1.288569e+00 1.156707e+00
726 1.287416e+00 1.166090e+00
727 1.296585e+00 1.155431e+00
728 1.299123e+00 1.154374e+00
729 1.305965e+00 1.169934e+00
730 1.301296e+00 1.189282e+00
731 1.240896e+00 1.178422e+00
732 1.229094e+00 1.175668e+00
733 1.228717e+00 1.174955e+00
734 1.217156e+00 1.123709e+00
735 1.200862e+00 1.112937e+00
736 1.181699e+00 1.115504e+00
737 1.178335e+00 1.115946e+00
738 1.178794e+00 1.107942e+00
739 1.180051e+00 1.110523e+00
740 1.174456e+00 1.118531e+00
741 1.178119e+00 1.115432e+00
742 1.182902e+00 1.113627e+00
743 1.211933e+00 1.138745e+00
744 1.211842e+00 1.138609e+00
745 1.197988e+00 1.116598e+00
746 1.207438e+00 1.114538e+00
747 1.200599e+00 1.114078e+00
748 1.198638e+00 1.113599e+00
749 1.191509e+00 1.128809e+00
750 1.173751e+00 1.109709e+00
751 1.188625e+00 1.116226e+00
752 1.178355e+00 1.121386e+00
753 1.169486e+00 1.129240e+00
754 1.191603e+00 1.146594e+00
755 1.191491e+00 1.146479e+00
756 1.190041e+00 1.124135e+00
757 1.204967e+00 1.103255e+00
758 1.184584e+00 1.077334e+00
759 1.183751e+00 1.080440e+00
760 1.183158e+00 1.082365e+00
761 1.173974e+00 1.084984e+00
762 1.169784e+00 1.066904e+00
763 1.165931e+00 1.077763e+00
764 1.154341e+00 1.085097e+00
765 1.154023e+00 1.085513e+00
766 1.147388e+00 1.090952e+00
767 1.125803e+00 1.120677e+00
768 1.124764e+00 1.121452e+00
769 1.086188e+00 1.115512e+00
770 1.088264e+00 1.095963e+00
771 1.070527e+00 1.111083e+00
772 1.050597e+00 1.101734e+00
773 1.075058e+00 1.097964e+00
774 1.124563e+00 1.127951e+00
775 1.154724e+00 1.137354e+00
776 1.135529e+00 1.131651e+00
777 1.151584e+00 1.139039e+00
778 1.149632e+00 1.146043e+00
779 1.150439e+00 1.121547e+00
780 1.151643e+00 1.123701e+00
781 1.139587e+00 1.123942e+00
782 1.132844e+00 1.110300e+00
783 1.141347e+00 1.122582e+00
784 1.154278e+00 1.140569e+00
785 1.143724e+00 1.149939e+00
786 1.138472e+00 1.156276e+00
787 1.164704e+00 1.183756e+00
788 1.171073e+00 1.185124e+00
789 1.160400e+00 1.161074e+00
790 1.158853e+00 1.161896e+00
791 1.157819e+00 1.159161e+00
792 1.164411e+00 1.159241e+00
793 1.160840e+00 1.157998e+00
794 1.157286e+00 1.156290e+00
795 1.156987e+00 1.158322e+00
796 1.156605e+00 1.158115e+00
797 1.155721e+00 1.156006e+00
798 1.136125e+00 1.169684e+00
799 1.113838e+00 1.170268e+00
800 1.109896e+00 1.208107e+00
801 1.107125e+00 1.205708e+00
802 1.095302e+00 1.209299e+00
803 1.083102e+00 1.222459e+00
804 1.082520e+00 1.216999e+00
805 1.087269e+00 1.210567e+00
806 1.082901e+00 1.212165e+00
807 1.103942e+00 1.197850e+00
808 1.103578e+00 1.203146e+00
809 1.076582e+00 1.221224e+00
810 1.059165e+00 1.243006e+00
811 9.939353e-01 1.201790e+00
812 9.942879e-01 1.195295e+00
813 9.515993e-01 1.187609e+00
814 9.523318e-01 1.190991e+00
815 9.525135e-01 1.190359e+00
816 9.603197e-01 1.171496e+00
817 9.614192e-01 1.169065e+00
818 9.644818e-01 1.123690e+00
819 9.763409e-01 1.146377e+00
820 9.783000e-01 1.145327e+00
821 9.778431e-01 1.134982e+00
822 9.500254e-01 1.132515e+00
823 9.364039e-01 1.159170e+00
824 9.338328e-01 1.173663e+00
825 8.682093e-01 1.225251e+00
826 9.094167e-01 1.250852e+00
827 9.005276e-01 1.249702e+00
828 9.186183e-01 1.295868e+00
829 9.187975e-01 1.295411e+00
830 9.213599e-01 1.294952e+00
831 9.434035e-01 1.307679e+00
832 9.305946e-01 1.304759e+00
833 9.083693e-01 1.298054e+00
834 9.050135e-01 1.299322e+00
835 9.131132e-01 1.305598e+00
836 8.992084e-01 1.314290e+00
837 8.997128e-01 1.334400e+00
838 8.995010e-01 1.333554e+00
839 8.880961e-01 1.332007e+00
840 8.876499e-01 1.331960e+00
841 8.934562e-01 1.320435e+00
842 8.985830e-01 1.314402e+00
843 8.993245e-01 1.321018e+00
844 8.543338e-01 1.260272e+00
845 8.381267e-01 1.250727e+00
846 8.162711e-01 1.202274e+00
847 8.216316e-01 1.195494e+00
848 8.393103e-01 1.207110e+00
849 8.796739e-01 1.200139e+00
850 8.874779e-01 1.199953e+00
851 9.062094e-01 1.191294e+00
852 8.953799e-01 1.178644e+00
853 9.056344e-01 1.173377e+00
854 8.979109e-01 1.148166e+00
855 9.000699e-01 1.144649e+00
856 8.835708e-01 1.159279e+00
857 8.842911e-01 1.140034e+00
858 8.819031e-01 1.145418e+00
859 8.497967e-01 1.142866e+00
860 8.471720e-01 1.142365e+00
861 8.429701e-01 1.150594e+00
862 8.415112e-01 1.151199e+00
863 8.450929e-01 1.152208e+00
864 8.527830e-01 1.133879e+00
865 8.545095e-01 1.105484e+00
866 8.545115e-01 1.106290e+00
867 8.512400e-01 1.104408e+00
868 8.246900e-01 1.127082e+00
869 7.659783e-01 1.175708e+00
870 7.813752e-01 1.151483e+00
871 7.808937e-01 1.151032e+00
872 7.727026e-01 1.153593e+00
873 7.716231e-01 1.152064e+00
874 7.749794e-01 1.147927e+00
875 7.733842e-01 1.147468e+00
876 7.800633e-01 1.152366e+00
877 7.759659e-01 1.147768e+00
878 7.796326e-01 1.135294e+00
879 7.635293e-01 1.121374e+00
880 7.158415e-01 1.120841e+00
881 7.156166e-01 1.120621e+00
882 7.219170e-01 1.118575e+00
883 7.237451e-01 1.116622e+00
884 7.231342e-01 1.115171e+00
885 6.986261e-01 1.117030e+00
886 7.063716e-01 1.115764e+00
887 6.843928e-01 1.161508e+00
888 6.847885e-01 1.161399e+00
889 7.013040e-01 1.158717e+00
890 7.010786e-01 1.155220e+00
891 7.002278e-01 1.153273e+00
892 7.025541e-01 1.156418e+00
893 7.115317e-01 1.158139e+00
894 7.198821e-01 1.169895e+00
895 7.191314e-01 1.171985e+00
896 7.229574e-01 1.143049e+00
897 7.243944e-01 1.143885e+00
898 7.211234e-01 1.144919e+00
899 7.185961e-01 1.145829e+00
900 7.053064e-01 1.165615e+00
901 7.261805e-01 1.103519e+00
902 7.177025e-01 1.103754e+00
903 7.586363e-01 1.100445e+00
904 7.702444e-01 1.108513e+00
905 7.770624e-01 1.141625e+00
906 7.711007e-01 1.142389e+00
907 7.706235e-01 1.130047e+00
908 7.682489e-01 1.129293e+00
909 7.639530e-01 1.143968e+00
910 7.571412e-01 1.140493e+00
911 7.815020e-01 1.138832e+00
912 7.699469e-01 1.145934e+00
913 7.823627e-01 1.138092e+00
914 7.920575e-01 1.137991e+00
915 7.876807e-01 1.137170e+00
916 7.859446e-01 1.134374e+00
917 7.878686e-01 1.134017e+00
918 8.470714e-01 1.175163e+00
919 8.407214e-01 1.169423e+00
920 8.293726e-01 1.161055e+00
921 8.472517e-01 1.145823e+00
922 8.546650e-01 1.154417e+00
923 8.496911e-01 1.184810e+00
924 8.506153e-01 1.197274e+00
925 8.580538e-01 1.191208e+00
926 8.312625e-01 1.166100e+00
927 8.404323e-01 1.180447e+00
928 8.355585e-01 1.194921e+00
929 8.355934e-01 1.193668e+00
930 8.708606e-01 1.222779e+00
931 8.716922e-01 1.222052e+00
932 8.802078e-01 1.195424e+00
933 8.704365e-01 1.213555e+00
934 8.711589e-01 1.196282e+00
935 8.785268e-01 1.191401e+00
936 8.842421e-01 1.195241e+00
937 8.985947e-01 1.187214e+00
938 9.111053e-01 1.181010e+00
939 9.073653e-01 1.185282e+00
940 9.142384e-01 1.190252e+00
941 9.149032e-01 1.189988e+00
942 9.120349e-01 1.187638e+00
943 9.185205e-01 1.189742e+00
944 9.170648e-01 1.192047e+00
945 8.876260e-01 1.196196e+00
946 8.856199e-01 1.195432e+00
947 8.811857e-01 1.194068e+00
948 8.793290e-01 1.199336e+00
949 8.785179e-01 1.200404e+00
950 8.502353e-01 1.209781e+00
951 8.709784e-01 1.187830e+00
952 8.696534e-01 1.168805e+00
953 8.897920e-01 1.173164e+00
954 8.764971e-01 1.139771e+00
955 8.563350e-01 1.151068e+00
956 8.560409e-01 1.157206e+00
957 8.554341e-01 1.161437e+00
958 8.700735e-01 1.149600e+00
959 8.776694e-01 1.142755e+00
960 9.123543e-01 1.125588e+00
961 8.848887e-01 1.076195e+00
962 8.796492e-01 1.078050e+00
963 8.839100e-01 1.065751e+00
964 8.767793e-01 1.089634e+00
965 8.644882e-01 1.094721e+00
966 9.140540e-01 1.118757e+00
967 9.199721e-01 1.109262e+00
968 9.163804e-01 1.102855e+00
969 8.884758e-01 1.094706e+00
970 8.774497e-01 1.058075e+00
971 8.420836e-01 1.064806e+00
972 8.365127e-01 1.091245e+00
973 9.000358e-01 1.109531e+00
974 8.994564e-01 1.109257e+00
975 8.993101e-01 1.098616e+00
976 8.778501e-01 1.101992e+00
977 8.788821e-01 1.100658e+00
978 8.873868e-01 1.093039e+00
979 8.946574e-01 1.089738e+00
980 8.979436e-01 1.082547e+00
981 8.977254e-01 1.082584e+00
982 9.195850e-01 1.098565e+00
983 9.151251e-01 1.105758e+00
984 9.146276e-01 1.104143e+00
985 9.153308e-01 1.104633e+00
986 8.838007e-01 1.150710e+00
987 8.803670e-01 1.151275e+00
988 8.856399e-01 1.137601e+00
989 8.854367e-01 1.137721e+00
990 9.058652e-01 1.206351e+00
991 8.832762e-01 1.189280e+00
992 8.508329e-01 1.199075e+00
993 8.675697e-01 1.186535e+00
994 8.698936e-01 1.152948e+00
995 8.752779e-01 1.168546e+00
996 8.807043e-01 1.160188e+00
997 8.807387e-01 1.158681e+00
998 8.759071e-01 1.159820e+00
999 8.560843e-01 1.187208e+00
1000 8.563992e-01 1.186752e+00
1001 8.938744e-01 1.134584e+00
1002 8.978394e-01 1.137550e+00
1003 9.212610e-01 1.158336e+00
1004 9.574273e-01 1.171092e+00
1005 9.611413e-01 1.158255e+00
1006 9.612584e-01 1.158242e+00
1007 9.659806e-01 1.155405e+00
1008 9.583913e-01 1.156942e+00
1009 9.968107e-01 1.181534e+00
1010 1.002727e+00 1.186906e+00
1011 9.674975e-01 1.165299e+00
1012 9.624846e-01 1.167449e+00
1013 9.596837e-01 1.160243e+00
1014 9.810693e-01 1.185843e+00
1015 9.626566e-01 1.192700e+00
1016 9.693631e-01 1.196327e+00
1017 9.612645e-01 1.190217e+00
1018 9.373694e-01 1.202247e+00
1019 9.362859e-01 1.201249e+00
1020 9.369477e-01 1.192285e+00
1021 9.400089e-01 1.197178e+00
1022 9.683686e-01 1.167279e+00
1023 9.572874e-01 1.173850e+00
1024 9.620582e-01 1.169421e+00
1025 9.520949e-01 1.173407e+00
1026 9.349863e-01 1.159099e+00
1027 9.472393e-01 1.132851e+00
1028 9.380789e-01 1.126676e+00
1029 9.477648e-01 1.113569e+00
1030 1.004253e+00 1.106420e+00
1031 1.004013e+00 1.107247e+00
1032 1.020204e+00 1.098855e+00
1033 1.019473e+00 1.099663e+00
1034 1.032855e+00 1.094262e+00
1035 1.037072e+00 1.095893e+00
1036 1.102376e+00 1.113903e+00
1037 1.143257e+00 1.096532e+00
1038 1.147184e+00 1.136953e+00
1039 1.116281e+00 1.136676e+00
1040 1.093321e+00 1.142834e+00
1041 1.071031e+00 1.116655e+00
1042 1.039092e+00 1.097997e+00
1043 1.045332e+00 1.101840e+00
1044 1.049612e+00 1.130994e+00
1045 1.051242e+00 1.126459e+00
1046 1.051013e+00 1.145094e+00
1047 1.051485e+00 1.145353e+00
1048 1.045341e+00 1.162307e+00
1049 1.065976e+00 1.139255e+00
1050 9.667777e-01 1.147237e+00
1051 9.609349e-01 1.134501e+00
1052 9.542514e-01 1.127148e+00
1053 9.549930e-01 1.126825e+00
1054 7.931623e-01 1.207511e+00
1055 7.931956e-01 1.205194e+00
1056 7.878527e-01 1.203100e+00
1057 7.881591e-01 1.206017e+00
1058 7.934740e-01 1.243878e+00
1059 7.988102e-01 1.246517e+00
1060 8.071690e-01 1.222624e+00
1061 7.959646e-01 1.262181e+00
1062 7.857435e-01 1.269285e+00
1063 7.858026e-01 1.273208e+00
1064 7.895660e-01 1.282687e+00
1065 7.796018e-01 1.283281e+00
1066 7.704304e-01 1.281001e+00
1067 7.653818e-01 1.252059e+00
1068 7.914537e-01 1.261763e+00
1069 8.005268e-01 1.252914e+00
1070 8.066287e-01 1.244915e+00
1071 8.142985e-01 1.249061e+00
1072 8.058398e-01 1.259632e+00
1073 7.980715e-01 1.260322e+00
1074 7.973755e-01 1.261393e+00
1075 7.971283e-01 1.260602e+00
1076 8.041695e-01 1.272768e+00
1077 8.058343e-01 1.280430e+00
1078 7.507467e-01 1.261527e+00
1079 7.734097e-01 1.303496e+00
1080 6.985706e-01 1.297217e+00
1081 7.011017e-01 1.303189e+00
1082 6.934431e-01 1.306670e+00
1083 6.940372e-01 1.312058e+00
1084 7.003969e-01 1.335308e+00
1085 7.138315e-01 1.332544e+00
1086 7.269966e-01 1.333877e+00
1087 7.553435e-01 1.334707e+00
1088 7.552058e-01 1.334612e+00
1089 7.437543e-01 1.341281e+00
1090 7.511890e-01 1.361487e+00
1091 7.520222e-01 1.362820e+00
1092 7.744606e-01 1.362424e+00
1093 7.948686e-01 1.351861e+00
1094 8.078373e-01 1.391797e+00
1095 8.113771e-01 1.399416e+00
1096 8.181276e-01 1.394031e+00
1097 8.220294e-01 1.378036e+00
1098 8.430511e-01 1.374190e+00
1099 8.252436e-01 1.386017e+00
1100 8.358408e-01 1.366811e+00
1101 8.393811e-01 1.367767e+00
1102 8.506615e-01 1.368846e+00
1103 8.276465e-01 1.357446e+00
1104 8.272579e-01 1.357802e+00
1105 8.219576e-01 1.356229e+00
1106 8.510730e-01 1.352037e+00
1107 8.179036e-01 1.294292e+00
1108 8.081933e-01 1.297726e+00
1109 8.078843e-01 1.298193e+00
1110 8.066973e-01 1.296276e+00
1111 7.944985e-01 1.298414e+00
1112 7.944447e-01 1.298361e+00
1113 7.938760e-01 1.300404e+00
1114 7.961830e-01 1.297901e+00
1115 8.558496e-01 1.263708e+00
1116 8.374589e-01 1.273869e+00
1117 8.421609e-01 1.246988e+00
1118 8.503742e-01 1.248987e+00
1119 8.357353e-01 1.261906e+00
1120 7.660701e-01 1.256450e+00
1121 7.804272e-01 1.230696e+00
1122 7.642540e-01 1.249364e+00
1123 7.635921e-01 1.249420e+00
1124 7.607197e-01 1.250982e+00
1125 7.590454e-01 1.252151e+00
1126 7.559906e-01 1.231547e+00
1127 7.052653e-01 1.269870e+00
1128 6.378009e-01 1.286280e+00
1129 5.922554e-01 1.262713e+00
1130 5.722317e-01 1.258175e+00
1131 5.722298e-01 1.256413e+00
1132 5.744808e-01 1.256794e+00
1133 4.982750e-01 1.269613e+00
1134 4.884955e-01 1.293319e+00
1135 4.883255e-01 1.295395e+00
1136 4.948144e-01 1.284588e+00
1137 4.947494e-01 1.284893e+00
1138 4.724596e-01 1.251750e+00
1139 4.666834e-01 1.226260e+00
1140 4.697238e-01 1.226973e+00
1141 4.662117e-01 1.241437e+00
1142 5.012286e-01 1.249368e+00
1143 4.954823e-01 1.243372e+00
1144 4.945426e-01 1.240930e+00
1145 5.112810e-01 1.245771e+00
1146 5.107491e-01 1.242912e+00
1147 5.170390e-01 1.244733e+00
1148 5.069892e-01 1.246321e+00
1149 5.251047e-01 1.232254e+00
1150 5.479537e-01 1.237330e+00
1151 5.556226e-01 1.239719e+00
1152 5.598500e-01 1.245694e+00
1153 5.636009e-01 1.229750e+00
1154 5.884384e-01 1.235611e+00
1155 5.853775e-01 1.244585e+00
1156 5.847899e-01 1.240811e+00
1157 5.872791e-01 1.240837e+00
1158 5.503303e-01 1.157695e+00
1159 5.433374e-01 1.130773e+00
1160 5.471877e-01 1.130206e+00
1161 5.437938e-01 1.077391e+00
1162 5.430055e-01 1.077411e+00
1163 5.217696e-01 1.085627e+00
1164 5.142569e-01 1.086163e+00
1165 5.135318e-01 1.084496e+00
1166 5.153368e-01 1.071704e+00
1167 5.466400e-01 1.075998e+00
1168 5.693528e-01 1.104080e+00
1169 5.514896e-01 1.090682e+00
1170 5.387035e-01 1.097947e+00
1171 5.556429e-01 1.072374e+00
1172 5.506864e-01 1.072237e+00
1173 5.507118e-01 1.049898e+00
1174 5.486589e-01 1.049308e+00
1175 5.480059e-01 1.049397e+00
1176 5.071276e-01 1.049335e+00
1177 4.841366e-01 1.073129e+00
1178 5.029866e-01 1.085021e+00
1179 4.948819e-01 1.089132e+00
1180 4.954041e-01 1.092957e+00
1181 5.029440e-01 1.081264e+00
1182 5.140305e-01 1.062546e+00
1183 4.199493e-01 1.087242e+00
1184 4.239692e-01 1.080649e+00
1185 4.244399e-01 1.080859e+00
1186 4.235587e-01 1.081668e+00
1187 4.200283e-01 1.078779e+00
1188 4.286457e-01 1.073074e+00
1189 4.045694e-01 1.044034e+00
1190 4.046739e-01 1.043808e+00
1191 4.145172e-01 1.033691e+00
1192 4.441442e-01 1.007897e+00
1193 4.453620e-01 1.004547e+00
1194 4.673646e-01 1.014498e+00
1195 4.743048e-01 1.029963e+00
1196 4.742881e-01 1.029709e+00
1197 4.764504e-01 1.001422e+00
1198 4.933968e-01 1.017990e+00
1199 5.017038e-01 9.972379e-01
1200 5.211861e-01 1.016291e+00
1201 5.377731e-01 1.014166e+00
1202 5.374283e-01 1.011786e+00
1203 5.355175e-01 1.014648e+00
1204 5.613970e-01 1.027195e+00
1205 5.672772e-01 1.042736e+00
1206 5.608341e-01 1.061099e+00
1207 4.795932e-01 9.916387e-01
1208 4.520926e-01 1.009833e+00
1209 4.508379e-01 1.010018e+00
1210 4.113751e-01 1.056051e+00
1211 3.980099e-01 1.059878e+00
1212 4.006975e-01 1.052995e+00
1213 3.626326e-01 1.101493e+00
1214 3.655370e-01 1.100452e+00
1215 3.659883e-01 1.100485e+00
1216 3.687116e-01 1.084260e+00
1217 3.692988e-01 1.085654e+00
1218 3.696403e-01 1.085927e+00
1219 3.630908e-01 1.103572e+00
1220 3.545661e-01 1.103912e+00
1221 3.599689e-01 1.114775e+00
1222 3.736400e-01 1.102586e+00
1223 3.722461e-01 1.119405e+00
1224 3.760228e-01 1.118894e+00
1225 3.758106e-01 1.121984e+00
1226 3.744537e-01 1.120092e+00
1227 3.788543e-01 1.116944e+00
1228 3.753588e-01 1.082128e+00
1229 3.583414e-01 9.986771e-01
1230 3.562734e-01 1.003896e+00
1231 3.488899e-01 1.007824e+00
1232 3.049595e-01 9.971338e-01
1233 3.280937e-01 9.644462e-01
1234 3.230789e-01 1.006603e+00
1235 4.165578e-01 1.053385e+00
1236 4.193987e-01 1.052106e+00
1237 4.181059e-01 1.091495e+00
1238 4.181123e-01 1.089169e+00
1239 4.248315e-01 1.102592e+00
1240 4.207096e-01 1.104314e+00
1241 4.075770e-01 1.185521e+00
1242 3.781314e-01 1.170434e+00
1243 3.721933e-01 1.172071e+00
1244 3.721561e-01 1.172071e+00
1245 3.787695e-01 1.165429e+00
1246 3.803075e-01 1.169368e+00
1247 3.995410e-01 1.154489e+00
1248 3.953752e-01 1.131053e+00
1249 3.989038e-01 1.128638e+00
1250 3.653237e-01 1.157640e+00
1251 3.496786e-01 1.147521e+00
1252 3.574635e-01 1.146802e+00
1253 3.955317e-01 1.134469e+00
1254 3.960310e-01 1.133628e+00
1255 3.968186e-01 1.131619e+00
1256 3.820768e-01 1.120547e+00
1257 4.107003e-01 1.149892e+00
1258 4.030374e-01 1.166704e+00
1259 4.035641e-01 1.168712e+00
1260 4.104876e-01 1.160283e+00
1261 4.466392e-01 1.184127e+00
1262 4.449488e-01 1.206985e+00
1263 4.431269e-01 1.207295e+00
1264 4.481866e-01 1.201130e+00
1265 4.520350e-01 1.231701e+00
1266 4.603759e-01 1.231553e+00
1267 4.964277e-01 1.227481e+00
1268 4.993601e-01 1.220681e+00
1269 4.631557e-01 1.239956e+00
1270 4.698937e-01 1.238858e+00
1271 4.790920e-01 1.234280e+00
1272 4.707732e-01 1.225591e+00
1273 4.823723e-01 1.233847e+00
1274 4.903000e-01 1.234841e+00
1275 4.891750e-01 1.249091e+00
1276 5.124073e-01 1.217566e+00
1277 5.119537e-01 1.229266e+00
1278 5.075186e-01 1.225687e+00
1279 5.106041e-01 1.239273e+00
1280 5.126286e-01 1.237284e+00
1281 5.142015e-01 1.237075e+00
1282 5.390563e-01 1.241726e+00
1283 5.156697e-01 1.223008e+00
1284 5.119290e-01 1.222011e+00
1285 5.072421e-01 1.219869e+00
1286 5.042946e-01 1.231446e+00
1287 5.050651e-01 1.232932e+00
1288 5.242828e-01 1.254676e+00
1289 5.247932e-01 1.251904e+00
1290 5.164334e-01 1.249351e+00
1291 5.465772e-01 1.277019e+00
1292 5.506491e-01 1.286649e+00
1293 5.634952e-01 1.252977e+00
1294 5.924122e-01 1.234010e+00
1295 5.822289e-01 1.220387e+00
1296 5.784061e-01 1.230266e+00
1297 5.657604e-01 1.218033e+00
1298 5.544027e-01 1.223101e+00
1299 5.704189e-01 1.208513e+00
1300 5.813774e-01 1.169776e+00
1301 5.903301e-01 1.165890e+00
1302 5.842396e-01 1.186386e+00
1303 5.789659e-01 1.185093e+00
1304 5.742285e-01 1.180221e+00
1305 5.639851e-01 1.168733e+00
1306 5.676175e-01 1.171619e+00
1307 5.693495e-01 1.172209e+00
1308 5.724590e-01 1.173885e+00
1309 5.740361e-01 1.149161e+00
1310 5.724902e-01 1.148233e+00
1311 5.707391e-01 1.150446e+00
1312 5.799895e-01 1.153473e+00
1313 6.138337e-01 1.222909e+00
1314 6.468885e-01 1.200493e+00
1315 6.338830e-01 1.219648e+00
1316 6.572695e-01 1.206735e+00
1317 6.596335e-01 1.205929e+00
1318 6.643749e-01 1.241383e+00
1319 6.648057e-01 1.242334e+00
1320 6.420404e-01 1.170411e+00
1321 6.575758e-01 1.172161e+00
1322 6.581323e-01 1.174251e+00
1323 6.794932e-01 1.174230e+00
1324 7.842538e-01 1.154127e+00
1325 7.831799e-01 1.163359e+00
1326 7.818812e-01 1.163836e+00
1327 7.841481e-01 1.169658e+00
1328 7.955682e-01 1.183068e+00
1329 8.003792e-01 1.188124e+00
1330 8.043898e-01 1.204956e+00
1331 7.829015e-01 1.207859e+00
1332 7.506345e-01 1.248493e+00
1333 7.563289e-01 1.246955e+00
1334 8.343859e-01 1.300957e+00
1335 8.452749e-01 1.317891e+00
1336 8.225147e-01 1.313339e+00
1337 8.286517e-01 1.319563e+00
1338 7.915666e-01 1.325403e+00
1339 7.845409e-01 1.328079e+00
1340 7.623481e-01 1.288423e+00
1341 7.562680e-01 1.327339e+00
1342 7.556121e-01 1.341343e+00
1343 7.484292e-01 1.335423e+00
1344 7.524528e-01 1.337298e+00
1345 7.179020e-01 1.329052e+00
1346 7.125728e-01 1.324318e+00
1347 7.127763e-01 1.323523e+00
1348 7.123380e-01 1.322787e+00
1349 7.015757e-01 1.314448e+00
1350 7.024189e-01 1.314190e+00
1351 6.823388e-01 1.313504e+00
1352 6.920569e-01 1.326198e+00
1353 6.852430e-01 1.331727e+00
1354 6.914202e-01 1.312657e+00
1355 7.007929e-01 1.282518e+00
1356 6.927325e-01 1.288342e+00
1357 6.848797e-01 1.253382e+00
1358 6.924606e-01 1.243033e+00
1359 6.801870e-01 1.225920e+00
1360 7.015471e-01 1.259740e+00
1361 7.041796e-01 1.255878e+00
1362 7.050068e-01 1.255143e+00
1363 6.853247e-01 1.231724e+00
1364 6.802804e-01 1.209022e+00
1365 7.058390e-01 1.208152e+00
1366 7.209798e-01 1.196493e+00
1367 7.211861e-01 1.197416e+00
1368 7.376485e-01 1.196000e+00
1369 7.518316e-01 1.165602e+00
1370 7.488465e-01 1.169590e+00
1371 7.506915e-01 1.165634e+00
1372 7.493184e-01 1.180684e+00
1373 7.565011e-01 1.155255e+00
1374 7.753912e-01 1.178387e+00
1375 7.950026e-01 1.182277e+00
1376 7.852109e-01 1.186762e+00
1377 7.866438e-01 1.185244e+00
1378 7.688807e-01 1.195315e+00
1379 7.608107e-01 1.211518e+00
1380 7.541701e-01 1.209562e+00
1381 7.576314e-01 1.219285e+00
1382 7.555814e-01 1.228684e+00
1383 7.303238e-01 1.212895e+00
1384 7.299135e-01 1.252013e+00
1385 7.299214e-01 1.251934e+00
1386 7.300035e-01 1.251896e+00
1387 7.179626e-01 1.252609e+00
1388 6.692923e-01 1.214880e+00
1389 6.822094e-01 1.190095e+00
1390 6.726592e-01 1.175497e+00
1391 6.747907e-01 1.173328e+00
1392 6.732334e-01 1.172975e+00
1393 6.706636e-01 1.173110e+00
1394 6.939714e-01 1.166674e+00
1395 6.941000e-01 1.166602e+00
1396 6.733034e-01 1.189079e+00
1397 6.601317e-01 1.184743e+00
1398 6.558448e-01 1.175279e+00
1399 6.455190e-01 1.177481e+00
1400 6.411831e-01 1.176680e+00
1401 6.379298e-01 1.171774e+00
1402 6.444032e-01 1.182674e+00
1403 6.538203e-01 1.178298e+00
1404 6.575577e-01 1.163443e+00
1405 6.587233e-01 1.164948e+00
1406 6.957078e-01 1.172605e+00
1407 6.900647e-01 1.170142e+00
1408 6.940953e-01 1.187980e+00
1409 6.839589e-01 1.186302e+00
1410 6.393970e-01 1.219802e+00
1411 6.159045e-01 1.244295e+00
1412 6.163134e-01 1.261233e+00
1413 6.124308e-01 1.272053e+00
1414 7.049741e-01 1.285141e+00
1415 7.188787e-01 1.261431e+00
1416 7.196582e-01 1.264358e+00
1417 7.259146e-01 1.272661e+00
1418 7.399668e-01 1.278237e+00
1419 7.659106e-01 1.201131e+00
1420 7.674202e-01 1.200000e+00
1421 7.673928e-01 1.199987e+00
1422 8.506264e-01 1.179934e+00
1423 8.517444e-01 1.211342e+00
1424 8.635576e-01 1.173829e+00
1425 8.613365e-01 1.181004e+00
1426 8.807925e-01 1.238667e+00
1427 8.755442e-01 1.246845e+00
1428 8.834493e-01 1.242442e+00
1429 9.013669e-01 1.248308e+00
1430 8.853325e-01 1.249045e+00
1431 8.794778e-01 1.262752e+00
1432 8.840219e-01 1.272949e+00
1433 8.846691e-01 1.276977e+00
1434 8.798143e-01 1.280581e+00
1435 8.602864e-01 1.184331e+00
1436 8.700569e-01 1.164598e+00
1437 8.729444e-01 1.163995e+00
1438 8.771615e-01 1.169543e+00
1439 8.599463e-01 1.180066e+00
1440 8.610470e-01 1.190181e+00
1441 8.285784e-01 1.214474e+00
1442 8.326368e-01 1.211132e+00
1443 8.303748e-01 1.217517e+00
1444 8.280532e-01 1.224414e+00
1445 7.724612e-01 1.228848e+00
1446 7.196412e-01 1.158473e+00
1447 7.663057e-01 1.167401e+00
1448 7.656862e-01 1.168452e+00
1449 7.656878e-01 1.168279e+00
1450 7.516507e-01 1.170189e+00
1451 7.517317e-01 1.170322e+00
1452 7.423665e-01 1.217680e+00
1453 7.325819e-01 1.238470e+00
1454 7.252848e-01 1.218327e+00
1455 7.362086e-01 1.242379e+00
1456 7.426597e-01 1.250663e+00
1457 7.471980e-01 1.255851e+00
1458 7.594969e-01 1.282506e+00
1459 7.304437e-01 1.300998e+00
1460 7.672685e-01 1.341544e+00
1461 8.302573e-01 1.342079e+00
1462 8.303559e-01 1.343569e+00
1463 8.279401e-01 1.346720e+00
1464 8.223349e-01 1.362652e+00
1465 8.449173e-01 1.355275e+00
1466 8.335563e-01 1.312362e+00
1467 8.000724e-01 1.334705e+00
1468 8.131389e-01 1.433170e+00
1469 8.416230e-01 1.421332e+00
1470 8.415718e-01 1.421330e+00
1471 8.087133e-01 1.378245e+00
1472 7.875848e-01 1.385945e+00
1473 7.899980e-01 1.391261e+00
1474 8.092915e-01 1.420441e+00
1475 7.743552e-01 1.399963e+00
1476 7.712582e-01 1.412613e+00
1477 7.126088e-01 1.390550e+00
1478 7.112567e-01 1.399162e+00
1479 7.155062e-01 1.400009e+00
1480 7.156725e-01 1.400058e+00
1481 7.072244e-01 1.416046e+00
1482 6.844121e-01 1.409261e+00
1483 6.901440e-01 1.406424e+00
1484 6.966426e-01 1.425227e+00
1485 7.101248e-01 1.451965e+00
1486 7.103614e-01 1.452233e+00
1487 7.168872e-01 1.446283e+00
1488 7.825297e-01 1.429449e+00
1489 7.878006e-01 1.425811e+00
1490 7.943923e-01 1.429633e+00
1491 7.794481e-01 1.441119e+00
1492 7.776962e-01 1.501675e+00
1493 7.594709e-01 1.513333e+00
1494 7.598329e-01 1.511965e+00
1495 7.600772e-01 1.512515e+00
1496 7.589765e-01 1.510462e+00
1497 7.391709e-01 1.504656e+00
1498 7.385675e-01 1.507646e+00
1499 7.386774e-01 1.507472e+00
1500 7.601112e-01 1.511277e+00
1501 7.603072e-01 1.534084e+00
1502 7.437255e-01 1.522808e+00
1503 7.672467e-01 1.536074e+00
1504 7.601405e-01 1.530258e+00
1505 7.845022e-01 1.509649e+00
1506 7.816615e-01 1.517663e+00
1507 7.908055e-01 1.533914e+00
1508 7.895496e-01 1.552152e+00
1509 8.319765e-01 1.596405e+00
1510 8.424626e-01 1.583444e+00
1511 8.389260e-01 1.574286e+00
1512 8.423069e-01 1.575985e+00
1513 8.372208e-01 1.541109e+00
1514 8.442744e-01 1.555322e+00
1515 8.468758e-01 1.550327e+00
1516 8.218835e-01 1.545936e+00
1517 8.096371e-01 1.537142e+00
1518 7.974430e-01 1.511031e+00
1519 7.952054e-01 1.516701e+00
1520 7.939964e-01 1.515770e+00
1521 7.998983e-01 1.525246e+00
1522 7.990128e-01 1.515897e+00
1523 8.144192e-01 1.495793e+00
1524 8.114599e-01 1.494349e+00
1525 8.086298e-01 1.495394e+00
1526 8.001203e-01 1.521031e+00
1527 7.952192e-01 1.522401e+00
1528 7.966980e-01 1.520019e+00
1529 7.921895e-01 1.503497e+00
1530 7.523895e-01 1.518374e+00
1531 7.634508e-01 1.523505e+00
1532 7.519437e-01 1.521623e+00
1533 7.182384e-01 1.576116e+00
1534 7.229439e-01 1.609202e+00
1535 7.162568e-01 1.614441e+00
1536 7.170965e-01 1.616781e+00
1537 6.868293e-01 1.595979e+00
1538 6.725740e-01 1.599790e+00
1539 6.782508e-01 1.608119e+00
1540 6.683863e-01 1.611839e+00
1541 6.634132e-01 1.615268e+00
1542 6.110751e-01 1.547595e+00
1543 6.132035e-01 1.548169e+00
1544 6.206434e-01 1.545174e+00
1545 6.183097e-01 1.529211e+00
1546 6.145884e-01 1.527351e+00
1547 6.100822e-01 1.516154e+00
1548 6.285767e-01 1.489443e+00
1549 6.285671e-01 1.507944e+00
1550 6.359571e-01 1.499130e+00
1551 5.817491e-01 1.519700e+00
1552 5.663134e-01 1.525417e+00
1553 6.050253e-01 1.528123e+00
1554 6.172073e-01 1.520854e+00
1555 5.895231e-01 1.540669e+00
1556 5.923518e-01 1.561415e+00
1557 5.586774e-01 1.606667e+00
1558 5.593975e-01 1.603563e+00
1559 5.707551e-01 1.632514e+00
1560 5.682649e-01 1.618938e+00
1561 5.776629e-01 1.622765e+00
1562 5.668268e-01 1.621411e+00
1563 5.668819e-01 1.621547e+00
1564 5.372199e-01 1.548262e+00
1565 5.570402e-01 1.525506e+00
1566 5.566425e-01 1.523878e+00
1567 5.235438e-01 1.526547e+00
1568 5.041662e-01 1.522058e+00
1569 5.001785e-01 1.522963e+00
1570 5.100871e-01 1.547321e+00
1571 5.061479e-01 1.538432e+00
1572 5.107260e-01 1.545850e+00
1573 5.121053e-01 1.552410e+00
1574 5.937000e-01 1.475931e+00
1575 5.910710e-01 1.459929e+00
1576 5.856797e-01 1.450581e+00
1577 6.161838e-01 1.472700e+00
1578 6.168495e-01 1.475697e+00
1579 6.026098e-01 1.486345e+00
1580 6.092667e-01 1.482617e+00
1581 6.656547e-01 1.519412e+00
1582 6.437015e-01 1.501985e+00
1583 6.441480e-01 1.496663e+00
1584 6.489037e-01 1.501797e+00
1585 6.497311e-01 1.509985e+00
1586 7.149018e-01 1.461777e+00
1587 7.147904e-01 1.460269e+00
1588 7.083887e-01 1.488896e+00
1589 7.029672e-01 1.483500e+00
1590 7.270683e-01 1.476864e+00
1591 7.153254e-01 1.501696e+00
1592 6.855581e-01 1.511971e+00
1593 6.649190e-01 1.537668e+00
1594 6.834174e-01 1.531626e+00
1595 6.616972e-01 1.543008e+00
1596 6.663252e-01 1.505688e+00
1597 6.820974e-01 1.498645e+00
1598 6.842256e-01 1.516505e+00
1599 7.075894e-01 1.535890e+00
1600 7.098465e-01 1.568633e+00
1601 7.144385e-01 1.568410e+00
1602 7.174691e-01 1.574708e+00
1603 7.199825e-01 1.576219e+00
1604 7.497710e-01 1.584356e+00
1605 7.444569e-01 1.595606e+00
1606 7.468323e-01 1.552903e+00
1607 7.463416e-01 1.552028e+00
1608 7.484040e-01 1.516820e+00
1609 7.799407e-01 1.503349e+00
1610 8.088491e-01 1.521452e+00
1611 8.158179e-01 1.526716e+00
1612 7.706894e-01 1.540242e+00
1613 7.701753e-01 1.525046e+00
1614 7.721357e-01 1.502957e+00
1615 7.855343e-01 1.503433e+00
1616 7.997141e-01 1.520815e+00
1617 7.841942e-01 1.491538e+00
1618 7.834848e-01 1.502849e+00
1619 8.034614e-01 1.492902e+00
1620 8.234098e-01 1.497545e+00
1621 8.091455e-01 1.506408e+00
1622 8.052317e-01 1.519491e+00
1623 8.051881e-01 1.519489e+00
1624 7.157866e-01 1.549474e+00
1625 7.266074e-01 1.543368e+00
1626 7.094463e-01 1.521965e+00
1627 7.082124e-01 1.522248e+00
1628 7.111081e-01 1.528772e+00
1629 7.092420e-01 1.527766e+00
1630 6.925885e-01 1.529162e+00
1631 6.924123e-01 1.527929e+00
1632 7.023738e-01 1.512338e+00
1633 6.776889e-01 1.508497e+00
1634 6.861156e-01 1.520254e+00
1635 6.828463e-01 1.535266e+00
1636 6.293866e-01 1.556329e+00
1637 6.924220e-01 1.524704e+00
1638 6.838575e-01 1.515286e+00
1639 6.892995e-01 1.516212e+00
1640 6.780124e-01 1.522881e+00
1641 6.788106e-01 1.526257e+00
1642 6.902743e-01 1.550103e+00
1643 6.898296e-01 1.549086e+00
1644 7.032885e-01 1.559399e+00
1645 7.175298e-01 1.567989e+00
1646 7.205997e-01 1.564387e+00
1647 7.299625e-01 1.576334e+00
1648 6.909088e-01 1.563623e+00
1649 7.032801e-01 1.549481e+00
1650 7.088410e-01 1.546139e+00
1651 7.108977e-01 1.544846e+00
1652 6.972618e-01 1.538117e+00
1653 6.981719e-01 1.540235e+00
1654 6.950410e-01 1.542927e+00
1655 7.222670e-01 1.604555e+00
1656 7.384040e-01 1.561534e+00
1657 7.144099e-01 1.603122e+00
1658 7.133249e-01 1.602443e+00
1659 7.135837e-01 1.602541e+00
1660 6.911118e-01 1.577358e+00
1661 6.876504e-01 1.577630e+00
1662 6.767361e-01 1.570692e+00
1663 6.436294e-01 1.532976e+00
1664 6.388940e-01 1.511916e+00
1665 6.556315e-01 1.513263e+00
1666 6.678970e-01 1.516326e+00
1667 6.566985e-01 1.520817e+00
1668 6.707494e-01 1.536413e+00
1669 6.669054e-01 1.536499e+00
1670 6.528014e-01 1.539927e+00
1671 6.509912e-01 1.542376e+00
1672 6.701739e-01 1.542136e+00
1673 6.618094e-01 1.534271e+00
1674 6.661861e-01 1.547258e+00
1675 6.086841e-01 1.560742e+00
1676 6.052060e-01 1.543585e+00
1677 6.311194e-01 1.564246e+00
1678 6.316820e-01 1.564850e+00
1679 6.262325e-01 1.558318e+00
1680 6.586608e-01 1.573407e+00
1681 6.697046e-01 1.567955e+00
1682 6.318652e-01 1.589677e+00
1683 6.303595e-01 1.594969e+00
1684 5.830176e-01 1.562988e+00
1685 5.789534e-01 1.556783e+00
1686 5.357947e-01 1.558595e+00
1687 5.750926e-01 1.521795e+00
1688 5.798868e-01 1.515118e+00
1689 5.749581e-01 1.518370e+00
1690 5.742107e-01 1.514006e+00
1691 5.859052e-01 1.495696e+00
1692 5.769325e-01 1.496306e+00
1693 5.803552e-01 1.495831e+00
1694 5.803932e-01 1.495961e+00
1695 5.786883e-01 1.498997e+00
1696 5.813136e-01 1.520680e+00
1697 5.821253e-01 1.520800e+00
1698 5.686590e-01 1.529412e+00
1699 5.705760e-01 1.526865e+00
1700 5.687770e-01 1.557720e+00
1701 5.765193e-01 1.521469e+00
1702 5.409825e-01 1.516585e+00
1703 5.801696e-01 1.523159e+00
1704 5.806038e-01 1.514110e+00
1705 5.782550e-01 1.511722e+00
1706 5.648288e-01 1.504552e+00
1707 5.691303e-01 1.511747e+00
1708 5.705060e-01 1.509588e+00
1709 5.805074e-01 1.510252e+00
1710 5.832501e-01 1.479408e+00
1711 5.962470e-01 1.473293e+00
1712 5.960698e-01 1.473630e+00
1713 5.943761e-01 1.469315e+00
1714 5.804462e-01 1.467985e+00
1715 5.801847e-01 1.468289e+00
1716 5.688128e-01 1.470163e+00
1717 5.702674e-01 1.469623e+00
1718 5.563740e-01 1.481310e+00
1719 5.566524e-01 1.476597e+00
1720 5.580423e-01 1.476507e+00
1721 5.469252e-01 1.490879e+00
1722 5.526032e-01 1.491971e+00
1723 5.287484e-01 1.503618e+00
1724 5.192952e-01 1.509837e+00
1725 5.205559e-01 1.518702e+00
1726 5.459950e-01 1.507985e+00
1727 5.833978e-01 1.548815e+00
1728 5.903530e-01 1.559659e+00
1729 6.415200e-01 1.558348e+00
1730 6.604101e-01 1.580118e+00
1731 6.688991e-01 1.587519e+00
1732 6.548754e-01 1.587130e+00
1733 6.563932e-01 1.588536e+00
1734 6.538703e-01 1.591842e+00
1735 6.564670e-01 1.590983e+00
1736 6.567334e-01 1.590138e+00
1737 6.619257e-01 1.575314e+00
1738 6.566832e-01 1.559254e+00
1739 6.647978e-01 1.567549e+00
1740 6.428218e-01 1.572918e+00
1741 6.311919e-01 1.567730e+00
1742 6.288842e-01 1.568628e+00
1743 6.333820e-01 1.577723e+00
1744 5.955288e-01 1.604991e+00
1745 6.019061e-01 1.608589e+00
1746 6.451248e-01 1.591686e+00
1747 6.440092e-01 1.593023e+00
1748 6.389747e-01 1.590634e+00
1749 6.426886e-01 1.590072e+00
1750 6.298957e-01 1.595606e+00
1751 5.123549e-01 1.648380e+00
1752 5.185356e-01 1.636797e+00
1753 5.185937e-01 1.641013e+00
1754 5.355596e-01 1.630182e+00
1755 5.353864e-01 1.597210e+00
1756 5.430242e-01 1.629761e+00
1757 5.428678e-01 1.582581e+00
1758 5.634533e-01 1.579631e+00
1759 5.709026e-01 1.581559e+00
1760 5.265165e-01 1.662580e+00
1761 5.267209e-01 1.652572e+00
1762 5.140889e-01 1.678305e+00
1763 4.970108e-01 1.678136e+00
1764 4.930550e-01 1.677071e+00
1765 4.955904e-01 1.676325e+00
1766 5.469062e-01 1.667232e+00
1767 5.327484e-01 1.670913e+00
1768 5.311626e-01 1.675735e+00
1769 5.291326e-01 1.677258e+00
1770 4.997870e-01 1.704157e+00
1771 5.058527e-01 1.649534e+00
1772 5.106698e-01 1.650217e+00
1773 5.065550e-01 1.631890e+00
1774 5.202052e-01 1.640384e+00
1775 5.201306e-01 1.642495e+00
1776 5.162041e-01 1.639680e+00
1777 5.162723e-01 1.638390e+00
1778 4.838388e-01 1.646537e+00
1779 4.839974e-01 1.646550e+00
1780 4.886328e-01 1.629901e+00
1781 4.921304e-01 1.636557e+00
1782 5.482857e-01 1.601819e+00
1783 5.485653e-01 1.601845e+00
1784 5.479505e-01 1.601877e+00
1785 5.456406e-01 1.592631e+00
1786 5.504462e-01 1.569814e+00
1787 5.461467e-01 1.564848e+00
1788 5.485078e-01 1.565208e+00
1789 5.609538e-01 1.577127e+00
1790 5.653783e-01 1.576983e+00
1791 5.776650e-01 1.563063e+00
1792 5.491759e-01 1.556049e+00
1793 5.480679e-01 1.575882e+00
1794 5.278182e-01 1.579193e+00
1795 4.803624e-01 1.528263e+00
1796 4.797108e-01 1.524836e+00
1797 4.684665e-01 1.509017e+00
1798 4.647563e-01 1.517354e+00
1799 4.517119e-01 1.515584e+00
1800 4.669626e-01 1.514407e+00
1801 5.098484e-01 1.572419e+00
1802 5.069681e-01 1.569875e+00
1803 5.045868e-01 1.578574e+00
1804 5.038737e-01 1.577441e+00
1805 4.557238e-01 1.605791e+00
1806 4.566105e-01 1.605152e+00
1807 4.595292e-01 1.605149e+00
1808 4.048572e-01 1.607004e+00
1809 4.238488e-01 1.606095e+00
1810 4.246409e-01 1.607660e+00
1811 4.220585e-01 1.615898e+00
1812 3.982424e-01 1.630058e+00
1813 3.422468e-01 1.707100e+00
1814 3.366704e-01 1.703287e+00
1815 3.001332e-01 1.721704e+00
1816 3.013668e-01 1.732119e+00
1817 3.056171e-01 1.727516e+00
1818 3.062279e-01 1.727344e+00
1819 3.051706e-01 1.725681e+00
1820 3.045425e-01 1.725053e+00
1821 3.122273e-01 1.723228e+00
1822 3.106236e-01 1.733441e+00
1823 3.022837e-01 1.728271e+00
1824 2.993951e-01 1.718391e+00
1825 2.968553e-01 1.715802e+00
1826 3.085612e-01 1.709544e+00
1827 2.992716e-01 1.721704e+00
1828 3.029880e-01 1.721739e+00
1829 3.026888e-01 1.721697e+00
1830 3.542642e-01 1.707542e+00
1831 3.552318e-01 1.708936e+00
1832 3.580856e-01 1.704943e+00
1833 3.349497e-01 1.731550e+00
1834 3.215093e-01 1.727404e+00
1835 3.192086e-01 1.723869e+00
1836 3.155063e-01 1.707334e+00
1837 3.155222e-01 1.706404e+00
1838 3.090568e-01 1.701514e+00
1839 2.945088e-01 1.661577e+00
1840 2.947474e-01 1.662414e+00
1841 3.021139e-01 1.641476e+00
1842 3.191246e-01 1.648783e+00
1843 3.078688e-01 1.650147e+00
1844 3.650666e-01 1.714284e+00
1845 3.659039e-01 1.713563e+00
1846 3.613909e-01 1.710778e+00
1847 3.658234e-01 1.709404e+00
1848 3.645061e-01 1.722563e+00
1849 3.613330e-01 1.721737e+00
1850 3.584246e-01 1.700049e+00
1851 3.594220e-01 1.704567e+00
1852 3.689934e-01 1.711147e+00
1853 3.770345e-01 1.724112e+00
1854 3.863840e-01 1.732135e+00
1855 3.956938e-01 1.731172e+00
1856 3.921057e-01 1.750688e+00
1857 3.919550e-01 1.750832e+00
1858 3.709468e-01 1.751554e+00
1859 4.064679e-01 1.729075e+00
1860 4.165767e-01 1.743131e+00
1861 4.244011e-01 1.750208e+00
1862 4.250602e-01 1.750414e+00
1863 4.357657e-01 1.759161e+00
1864 4.448408e-01 1.766329e+00
1865 4.476695e-01 1.802773e+00
1866 4.445331e-01 1.786124e+00
1867 4.492272e-01 1.764542e+00
1868 4.353781e-01 1.766717e+00
1869 4.308674e-01 1.785126e+00
1870 4.851345e-01 1.775272e+00
1871 4.971021e-01 1.749286e+00
1872 4.972298e-01 1.749225e+00
1873 4.971893e-01 1.749284e+00
1874 5.121911e-01 1.685508e+00
1875 4.827071e-01 1.714660e+00
1876 4.822215e-01 1.715055e+00
1877 4.826989e-01 1.715646e+00
1878 4.775168e-01 1.719585e+00
1879 4.933466e-01 1.724544e+00
1880 5.530165e-01 1.666394e+00
1881 5.444728e-01 1.645377e+00
1882 5.454633e-01 1.609934e+00
1883 5.670319e-01 1.584386e+00
1884 5.667002e-01 1.583600e+00
1885 5.662983e-01 1.584135e+00
1886 5.616883e-01 1.585446e+00
1887 5.040777e-01 1.591186e+00
1888 5.079046e-01 1.588379e+00
1889 5.214425e-01 1.584483e+00
1890 4.899218e-01 1.596483e+00
1891 4.878819e-01 1.600513e+00
1892 4.917697e-01 1.607963e+00
1893 4.925739e-01 1.600996e+00
1894 4.679303e-01 1.595979e+00
1895 4.703682e-01 1.589554e+00
1896 4.625415e-01 1.592813e+00
1897 4.599078e-01 1.594191e+00
1898 4.591828e-01 1.593942e+00
1899 4.703105e-01 1.594955e+00
1900 4.721521e-01 1.599071e+00
1901 4.544616e-01 1.570364e+00
1902 4.534438e-01 1.569655e+00
1903 4.576030e-01 1.570710e+00
1904 4.574717e-01 1.569995e+00
1905 4.351445e-01 1.565266e+00
1906 4.291244e-01 1.524744e+00
1907 4.596127e-01 1.495845e+00
1908 4.713384e-01 1.490305e+00
1909 4.755777e-01 1.494153e+00
1910 4.740785e-01 1.513608e+00
1911 4.738957e-01 1.513752e+00
1912 4.751400e-01 1.461212e+00
1913 4.987573e-01 1.481450e+00
1914 4.878909e-01 1.466150e+00
1915 4.941319e-01 1.461985e+00
1916 4.943924e-01 1.461887e+00
1917 4.685886e-01 1.428843e+00
1918 4.709594e-01 1.420411e+00
1919 4.668765e-01 1.432618e+00
1920 4.620212e-01 1.447848e+00
1921 4.063499e-01 1.457280e+00
1922 3.837511e-01 1.439002e+00
1923 4.480876e-01 1.463081e+00
1924 4.733565e-01 1.463773e+00
1925 4.732954e-01 1.463833e+00
1926 4.728020e-01 1.463507e+00
1927 4.630404e-01 1.462557e+00
1928 4.247957e-01 1.477339e+00
1929 4.265988e-01 1.474990e+00
1930 4.386385e-01 1.481332e+00
1931 4.554071e-01 1.450910e+00
1932 4.527242e-01 1.463631e+00
1933 4.409875e-01 1.467757e+00
1934 4.432161e-01 1.466201e+00
1935 4.370421e-01 1.468013e+00
1936 4.356638e-01 1.467738e+00
1937 4.366605e-01 1.467317e+00
1938 4.345544e-01 1.475044e+00
1939 4.341812e-01 1.468971e+00
1940 4.039108e-01 1.443864e+00
1941 3.911359e-01 1.456766e+00
1942 3.869193e-01 1.394007e+00
1943 3.917400e-01 1.408316e+00
1944 3.638851e-01 1.391319e+00
1945 3.561851e-01 1.397075e+00
1946 3.605060e-01 1.392113e+00
1947 3.605378e-01 1.392956e+00
1948 3.650177e-01 1.395560e+00
1949 3.331861e-01 1.373043e+00
1950 3.303178e-01 1.381833e+00
1951 3.329617e-01 1.372143e+00
1952 3.317658e-01 1.372415e+00
1953 3.268518e-01 1.323693e+00
1954 3.619649e-01 1.277376e+00
1955 3.677847e-01 1.273270e+00
1956 3.434276e-01 1.281849e+00
1957 2.960647e-01 1.295218e+00
1958 2.935603e-01 1.298164e+00
1959 2.995499e-01 1.260835e+00
1960 2.949934e-01 1.266196e+00
1961 3.019089e-01 1.250304e+00
1962 3.055534e-01 1.248468e+00
1963 3.058094e-01 1.247830e+00
1964 3.113818e-01 1.244943e+00
1965 3.123590e-01 1.290408e+00
1966 3.103745e-01 1.291623e+00
1967 3.147755e-01 1.294236e+00
1968 3.001655e-01 1.295726e+00
1969 3.113985e-01 1.288091e+00
1970 2.960914e-01 1.291557e+00
1971 2.911904e-01 1.288605e+00
1972 2.777603e-01 1.290801e+00
1973 2.789675e-01 1.294328e+00
1974 2.125655e-01 1.284105e+00
1975 2.127193e-01 1.281224e+00
1976 2.250497e-01 1.273977e+00
1977 2.459666e-01 1.291119e+00
1978 2.473724e-01 1.280109e+00
1979 2.227802e-01 1.289465e+00
1980 2.179927e-01 1.284646e+00
1981 1.896316e-01 1.293313e+00
1982 1.904473e-01 1.298671e+00
1983 1.906174e-01 1.298763e+00
1984 1.970520e-01 1.300428e+00
1985 1.853740e-01 1.301665e+00
1986 1.815014e-01 1.275182e+00
1987 1.835448e-01 1.277622e+00
1988 1.777939e-01 1.284799e+00
1989 1.686604e-01 1.290086e+00
1990 1.755172e-01 1.282923e+00
1991 1.832578e-01 1.287719e+00
1992 1.984572e-01 1.293304e+00
1993 1.977237e-01 1.301431e+00
1994 1.853094e-01 1.296131e+00
1995 2.119321e-01 1.257554e+00
1996 2.117313e-01 1.256790e+00
1997 2.303158e-01 1.263621e+00
1998 2.287107e-01 1.282055e+00
1999 2.162151e-01 1.270294e+00
2000 1.905485e-01 1.286647e+00
2001 2.319086e-01 1.275166e+00
2002 2.170754e-01 1.265341e+00
2003 2.490458e-01 1.358571e+00
2004 2.502075e-01 1.359011e+00
2005 2.671494e-01 1.360191e+00
2006 2.496621e-01 1.356275e+00
2007 2.474583e-01 1.384249e+00
2008 2.475883e-01 1.384889e+00
2009 2.492059e-01 1.409783e+00
2010 2.785109e-01 1.418239e+00
2011 3.023550e-01 1.431077e+00
2012 3.019522e-01 1.438303e+00
2013 2.926086e-01 1.431019e+00
2014 2.523255e-01 1.420984e+00
2015 2.534148e-01 1.420334e+00
2016 2.823534e-01 1.418410e+00
2017 3.138998e-01 1.400897e+00
2018 3.026528e-01 1.410045e+00
2019 3.065364e-01 1.408210e+00
2020 3.216634e-01 1.418100e+00
2021 3.351290e-01 1.429291e+00
2022 3.343333e-01 1.446604e+00
2023 3.423339e-01 1.434637e+00
2024 3.439489e-01 1.441321e+00
2025 2.935837e-01 1.476548e+00
2026 2.941869e-01 1.473188e+00
2027 2.813144e-01 1.463994e+00
2028 2.646020e-01 1.414611e+00
2029 2.811119e-01 1.393788e+00
2030 3.018528e-01 1.390815e+00
2031 2.999236e-01 1.392072e+00
2032 2.914775e-01 1.383151e+00
2033 2.592327e-01 1.403370e+00
2034 2.256231e-01 1.415348e+00
2035 2.655682e-01 1.423119e+00
2036 3.227443e-01 1.405981e+00
2037 3.227452e-01 1.405981e+00
2038 3.228095e-01 1.406992e+00
2039 3.452316e-01 1.374510e+00
2040 3.422619e-01 1.415861e+00
2041 3.585259e-01 1.404821e+00
2042 3.542760e-01 1.442137e+00
2043 3.540421e-01 1.442573e+00
2044 3.647949e-01 1.440848e+00
2045 3.576734e-01 1.452628e+00
2046 3.610138e-01 1.445062e+00
2047 3.613291e-01 1.444162e+00
2048 3.388965e-01 1.444427e+00
2049 3.324420e-01 1.446418e+00
2050 3.355019e-01 1.435595e+00
2051 3.496620e-01 1.432852e+00
2052 3.497280e-01 1.433009e+00
2053 3.325062e-01 1.416812e+00
2054 3.378586e-01 1.440456e+00
2055 3.098501e-01 1.440382e+00
2056 3.195249e-01 1.420602e+00
2057 2.528357e-01 1.421481e+00
2058 2.475180e-01 1.424931e+00
2059 2.525458e-01 1.447523e+00
2060 2.409664e-01 1.429992e+00
2061 2.408702e-01 1.430009e+00
2062 2.336454e-01 1.431270e+00
2063 2.288205e-01 1.416056e+00
2064 2.380594e-01 1.415155e+00
2065 2.344590e-01 1.443263e+00
2066 2.324827e-01 1.443206e+00
2067 2.466189e-01 1.442678e+00
2068 2.406808e-01 1.436569e+00
2069 2.407874e-01 1.438139e+00
2070 2.422415e-01 1.455444e+00
2071 2.723492e-01 1.433126e+00
2072 2.703435e-01 1.427834e+00
2073 2.523292e-01 1.495755e+00
2074 2.535518e-01 1.490612e+00
2075 2.652842e-01 1.454620e+00
2076 2.634928e-01 1.455329e+00
2077 2.728284e-01 1.417822e+00
2078 2.503967e-01 1.437338e+00
2079 2.459015e-01 1.442140e+00
2080 2.483392e-01 1.444874e+00
2081 2.469686e-01 1.439140e+00
2082 2.986608e-01 1.471871e+00
2083 2.338500e-01 1.528334e+00
2084 2.313267e-01 1.536114e+00
2085 2.285541e-01 1.544957e+00
2086 2.139442e-01 1.498785e+00
2087 2.181243e-01 1.499222e+00
2088 2.598246e-01 1.469029e+00
2089 3.091754e-01 1.454029e+00
2090 2.499770e-01 1.553435e+00
2091 2.432733e-01 1.580696e+00
2092 2.400534e-01 1.579412e+00
2093 2.233099e-01 1.548423e+00
2094 1.842248e-01 1.615369e+00
2095 1.843200e-01 1.615497e+00
2096 1.894104e-01 1.620322e+00
2097 1.822976e-01 1.629250e+00
2098 1.654977e-01 1.627501e+00
2099 1.487682e-01 1.630482e+00
2100 1.472681e-01 1.630694e+00
2101 1.371354e-01 1.635350e+00
2102 1.967097e-01 1.669017e+00
2103 1.943056e-01 1.666832e+00
2104 2.727663e-01 1.596668e+00
2105 2.929505e-01 1.568859e+00
2106 3.063886e-01 1.542745e+00
2107 3.018211e-01 1.538232e+00
2108 3.001380e-01 1.536572e+00
2109 3.003593e-01 1.537177e+00
2110 2.999131e-01 1.534906e+00
2111 3.244775e-01 1.530660e+00
2112 3.241451e-01 1.545102e+00
2113 3.303112e-01 1.529416e+00
2114 3.288300e-01 1.532808e+00
2115 3.379483e-01 1.525086e+00
2116 3.214868e-01 1.537034e+00
2117 3.374549e-01 1.543119e+00
2118 3.463430e-01 1.535967e+00
2119 3.449843e-01 1.535697e+00
2120 3.230661e-01 1.542581e+00
2121 3.196833e-01 1.538991e+00
2122 3.194758e-01 1.538033e+00
2123 3.439774e-01 1.549461e+00
2124 3.436200e-01 1.550017e+00
2125 3.069102e-01 1.545784e+00
2126 3.006023e-01 1.557424e+00
2127 2.970822e-01 1.556586e+00
2128 3.093991e-01 1.558093e+00
2129 3.018862e-01 1.537049e+00
2130 2.986271e-01 1.550326e+00
2131 2.927253e-01 1.546125e+00
2132 2.948984e-01 1.549211e+00
2133 2.948967e-01 1.548790e+00
2134 2.732846e-01 1.571867e+00
2135 2.744594e-01 1.569174e+00
2136 2.810241e-01 1.570404e+00
2137 2.810173e-01 1.570184e+00
2138 2.860893e-01 1.562649e+00
2139 2.882488e-01 1.553709e+00
2140 2.837714e-01 1.545122e+00
2141 2.819987e-01 1.547516e+00
2142 2.948157e-01 1.553563e+00
2143 2.828166e-01 1.547187e+00
2144 2.459287e-01 1.489953e+00
2145 2.496233e-01 1.484181e+00
2146 2.369329e-01 1.515690e+00
2147 2.464314e-01 1.532129e+00
2148 2.482667e-01 1.538375e+00
2149 2.542664e-01 1.534678e+00
2150 2.506796e-01 1.537909e+00
2151 2.505272e-01 1.538443e+00
2152 2.504619e-01 1.538266e+00
2153 2.339785e-01 1.547514e+00
2154 1.840717e-01 1.557801e+00
2155 2.120452e-01 1.544535e+00
2156 2.275997e-01 1.531925e+00
2157 2.353913e-01 1.530848e+00
2158 2.550482e-01 1.568151e+00
2159 2.562737e-01 1.563367e+00
2160 2.622801e-01 1.531869e+00
2161 2.697167e-01 1.541531e+00
2162 2.682824e-01 1.525142e+00
2163 2.747284e-01 1.494026e+00
2164 2.791685e-01 1.497721e+00
2165 2.779066e-01 1.503061e+00
2166 2.892033e-01 1.507660e+00
2167 3.147563e-01 1.503678e+00
2168 3.141521e-01 1.503725e+00
2169 3.129841e-01 1.503350e+00
2170 3.236996e-01 1.518354e+00
2171 3.230397e-01 1.514402e+00
2172 3.347441e-01 1.517416e+00
2173 3.218150e-01 1.534314e+00
2174 3.105011e-01 1.546427e+00
2175 3.152311e-01 1.541575e+00
2176 3.057454e-01 1.541287e+00
2177 3.011438e-01 1.534973e+00
2178 3.025031e-01 1.533886e+00
2179 2.783081e-01 1.527312e+00
2180 2.916545e-01 1.512659e+00
2181 2.916935e-01 1.512232e+00
2182 2.875130e-01 1.506791e+00
2183 2.888771e-01 1.504854e+00
2184 2.840579e-01 1.504078e+00
2185 2.986320e-01 1.509938e+00
2186 3.406938e-01 1.511049e+00
2187 3.543852e-01 1.517667e+00
2188 3.543413e-01 1.517767e+00
2189 3.552324e-01 1.509570e+00
2190 3.546199e-01 1.509387e+00
2191 3.594581e-01 1.525488e+00
2192 3.294666e-01 1.482831e+00
2193 3.150655e-01 1.542493e+00
2194 3.157723e-01 1.544065e+00
2195 3.151031e-01 1.544141e+00
2196 2.996522e-01 1.550695e+00
2197 3.248086e-01 1.553459e+00
2198 3.718937e-01 1.573554e+00
2199 3.444984e-01 1.563526e+00
2200 3.432548e-01 1.564729e+00
2201 3.568716e-01 1.599265e+00
2202 3.570359e-01 1.597201e+00
2203 3.646850e-01 1.607200e+00
2204 3.832998e-01 1.583177e+00
2205 3.294057e-01 1.559096e+00
2206 3.255827e-01 1.563429e+00
2207 3.201802e-01 1.557051e+00
2208 3.038016e-01 1.561612e+00
2209 3.196221e-01 1.535475e+00
2210 3.191081e-01 1.538509e+00
2211 3.548007e-01 1.498487e+00
2212 3.684893e-01 1.490870e+00
2213 3.190193e-01 1.507266e+00
2214 3.120298e-01 1.452505e+00
2215 2.982128e-01 1.456453e+00
2216 2.984554e-01 1.467504e+00
2217 2.992466e-01 1.471548e+00
2218 3.031855e-01 1.493206e+00
2219 2.984193e-01 1.493420e+00
2220 2.846803e-01 1.499955e+00
2221 2.660879e-01 1.505169e+00
2222 2.281110e-01 1.550085e+00
2223 2.337781e-01 1.548030e+00
2224 2.139968e-01 1.590543e+00
2225 2.085465e-01 1.588563e+00
2226 2.499167e-01 1.560690e+00
2227 2.530011e-01 1.582956e+00
2228 2.865896e-01 1.559254e+00
2229 3.349974e-01 1.546234e+00
2230 3.402012e-01 1.548291e+00
2231 3.365771e-01 1.547189e+00
2232 3.334986e-01 1.548821e+00
2233 3.338058e-01 1.549224e+00
2234 3.151465e-01 1.547759e+00
2235 3.173197e-01 1.550309e+00
2236 2.897131e-01 1.540330e+00
2237 2.992028e-01 1.528101e+00
2238 3.186308e-01 1.529729e+00
2239 3.140339e-01 1.535113e+00
2240 3.243752e-01 1.542380e+00
2241 3.265225e-01 1.542584e+00
2242 3.266321e-01 1.530618e+00
2243 3.189999e-01 1.517145e+00
2244 3.031253e-01 1.521940e+00
2245 3.398519e-01 1.526670e+00
2246 3.429014e-01 1.542235e+00
2247 3.432612e-01 1.540669e+00
2248 3.033835e-01 1.533663e+00
2249 3.050286e-01 1.528574e+00
2250 3.050025e-01 1.528346e+00
2251 3.096799e-01 1.541581e+00
2252 3.016133e-01 1.541076e+00
2253 3.039399e-01 1.536428e+00
2254 2.969976e-01 1.572243e+00
2255 2.980002e-01 1.568539e+00
2256 2.747932e-01 1.579849e+00
2257 2.475475e-01 1.554241e+00
2258 2.501027e-01 1.553131e+00
2259 2.645103e-01 1.542674e+00
2260 2.448968e-01 1.634726e+00
2261 2.341056e-01 1.628267e+00
2262 2.049296e-01 1.611020e+00
2263 1.998148e-01 1.641687e+00
2264 2.142055e-01 1.645853e+00
2265 2.181700e-01 1.642717e+00
2266 1.823546e-01 1.664379e+00
2267 1.655874e-01 1.665771e+00
2268 1.665802e-01 1.650268e+00
2269 1.690389e-01 1.651246e+00
2270 1.733521e-01 1.655366e+00
2271 1.950885e-01 1.674013e+00
2272 1.451422e-01 1.644734e+00
2273 1.252803e-01 1.685591e+00
2274 1.004951e-01 1.667489e+00
2275 6.854404e-02 1.655413e+00
2276 2.851063e-02 1.637644e+00
2277 1.099558e-02 1.700215e+00
2278 5.150846e-03 1.702739e+00
2279 1.393865e-02 1.688814e+00
2280 -2.782972e-02 1.644266e+00
