0 3.423122e+00 2.278846e+00
1 3.439241e+00 2.277228e+00
2 3.440326e+00 2.278156e+00
3 3.481464e+00 2.328142e+00
4 3.464308e+00 2.307609e+00
5 3.453694e+00 2.310154e+00
6 3.419449e+00 2.311140e+00
7 3.414381e+00 2.326265e+00
8 3.387065e+00 2.330227e+00
9 3.466936e+00 2.325128e+00
10 3.456281e+00 2.289227e+00
11 3.437170e+00 2.290338e+00
12 3.436162e+00 2.302600e+00
13 3.432436e+00 2.302748e+00
14 3.433192e+00 2.310907e+00
15 3.429022e+00 2.304387e+00
16 3.426682e+00 2.313640e+00
17 3.436950e+00 2.325644e+00
18 3.421935e+00 2.344065e+00
19 3.419163e+00 2.350882e+00
20 3.420193e+00 2.353565e+00
21 3.420552e+00 2.353990e+00
22 3.391699e+00 2.336638e+00
23 3.405787e+00 2.334720e+00
24 3.405866e+00 2.326248e+00
25 3.400235e+00 2.313197e+00
26 3.376666e+00 2.301927e+00
27 3.390203e+00 2.301539e+00
28 3.391258e+00 2.307857e+00
29 3.397171e+00 2.321263e+00
30 3.456727e+00 2.330196e+00
31 3.467127e+00 2.340104e+00
32 3.481606e+00 2.326805e+00
33 3.434324e+00 2.303186e+00
34 3.453054e+00 2.327116e+00
35 3.460741e+00 2.324438e+00
36 3.501126e+00 2.301271e+00
37 3.511809e+00 2.300725e+00
38 3.508374e+00 2.317260e+00
39 3.511488e+00 2.316582e+00
40 3.536335e+00 2.323808e+00
41 3.496188e+00 2.276366e+00
42 3.498156e+00 2.276611e+00
43 3.489781e+00 2.265843e+00
44 3.501578e+00 2.288167e+00
45 3.501493e+00 2.288467e+00
46 3.500583e+00 2.287476e+00
47 3.501206e+00 2.286088e+00
48 3.498453e+00 2.314564e+00
49 3.492136e+00 2.310962e+00
50 3.496036e+00 2.309548e+00
51 3.494874e+00 2.325529e+00
52 3.520763e+00 2.347768e+00
53 3.520374e+00 2.345664e+00
54 3.524336e+00 2.343345e+00
55 3.521841e+00 2.346044e+00
56 3.564937e+00 2.357057e+00
57 3.565073e+00 2.357727e+00
58 3.619732e+00 2.314821e+00
59 3.587994e+00 2.339670e+00
60 3.587268e+00 2.333661e+00
61 3.550876e+00 2.243308e+00
62 3.528012e+00 2.261015e+00
63 3.528269e+00 2.260857e+00
64 3.528013e+00 2.288157e+00
65 3.525949e+00 2.276105e+00
66 3.482548e+00 2.305888e+00
67 3.481423e+00 2.294739e+00
68 3.492761e+00 2.296789e+00
69 3.420474e+00 2.282207e+00
70 3.418840e+00 2.278961e+00
71 3.417598e+00 2.267944e+00
72 3.422017e+00 2.268736e+00
73 3.452877e+00 2.252335e+00
74 3.462348e+00 2.321712e+00
75 3.455448e+00 2.253620e+00
76 3.454519e+00 2.252744e+00
77 3.455871e+00 2.252699e+00
78 3.455787e+00 2.254646e+00
79 3.471022e+00 2.239488e+00
80 3.456415e+00 2.220454e+00
81 3.457694e+00 2.218615e+00
82 3.462756e+00 2.217809e+00
83 3.454742e+00 2.212363e+00
84 3.460587e+00 2.213230e+00
85 3.424139e+00 2.217243e+00
86 3.395380e+00 2.219755e+00
87 3.394411e+00 2.191179e+00
88 3.417329e+00 2.144447e+00
89 3.489199e+00 2.179343e+00
90 3.457945e+00 2.142449e+00
91 3.462549e+00 2.147647e+00
92 3.462736e+00 2.147793e+00
93 3.448089e+00 2.117200e+00
94 3.455710e+00 2.115083e+00
95 3.457082e+00 2.119113e+00
96 3.472988e+00 2.119451e+00
97 3.430215e+00 2.091618e+00
98 3.430617e+00 2.092510e+00
99 3.427662e+00 2.096302e+00
100 3.427095e+00 2.096623e+00
101 3.410225e+00 2.105285e+00
102 3.398983e+00 2.093173e+00
103 3.416118e+00 2.105836e+00
104 3.407385e+00 2.106899e+00
105 3.413606e+00 2.159080e+00
106 3.396225e+00 2.148191e+00
107 3.400715e+00 2.124344e+00
108 3.382750e+00 2.141689e+00
109 3.422567e+00 2.136109e+00
110 3.428907e+00 2.174227e+00
111 3.397058e+00 2.168972e+00
112 3.335542e+00 2.188859e+00
113 3.339866e+00 2.182940e+00
114 3.358929e+00 2.185912e+00
115 3.367742e+00 2.176181e+00
116 3.337686e+00 2.169713e+00
117 3.357772e+00 2.174873e+00
118 3.356042e+00 2.172868e+00
119 3.360833e+00 2.173705e+00
120 3.327672e+00 2.220199e+00
121 3.337883e+00 2.205644e+00
122 3.356161e+00 2.211027e+00
123 3.363324e+00 2.215033e+00
124 3.334395e+00 2.243237e+00
125 3.351219e+00 2.274477e+00
126 3.347652e+00 2.275142e+00
127 3.335304e+00 2.235089e+00
128 3.336613e+00 2.235719e+00
129 3.333718e+00 2.224828e+00
130 3.344634e+00 2.224417e+00
131 3.337082e+00 2.228546e+00
132 3.282168e+00 2.255738e+00
133 3.258682e+00 2.258820e+00
134 3.274476e+00 2.248500e+00
135 3.347816e+00 2.230780e+00
136 3.424205e+00 2.187975e+00
137 3.422286e+00 2.186267e+00
138 3.445396e+00 2.185939e+00
139 3.418674e+00 2.188930e+00
140 3.402381e+00 2.182418e+00
141 3.396318e+00 2.161239e+00
142 3.384887e+00 2.161570e+00
143 3.391631e+00 2.192595e+00
144 3.382323e+00 2.203098e+00
145 3.381878e+00 2.203640e+00
146 3.382244e+00 2.207282e+00
147 3.375837e+00 2.213690e+00
148 3.377768e+00 2.208962e+00
149 3.378043e+00 2.209146e+00
150 3.358028e+00 2.191179e+00
151 3.358568e+00 2.190798e+00
152 3.367924e+00 2.191106e+00
153 3.370972e+00 2.192433e+00
154 3.357177e+00 2.207610e+00
155 3.379083e+00 2.213772e+00
156 3.380834e+00 2.215199e+00
157 3.355906e+00 2.174184e+00
158 3.353853e+00 2.169489e+00
159 3.326713e+00 2.157972e+00
160 3.326308e+00 2.162343e+00
161 3.312824e+00 2.163432e+00
162 3.310212e+00 2.168886e+00
163 3.321071e+00 2.148450e+00
164 3.314225e+00 2.134641e+00
165 3.314504e+00 2.132304e+00
166 3.304373e+00 2.147239e+00
167 3.378771e+00 2.096837e+00
168 3.375463e+00 2.060377e+00
169 3.376140e+00 2.059639e+00
170 3.393691e+00 1.996440e+00
171 3.392204e+00 1.999825e+00
172 3.403103e+00 2.005340e+00
173 3.408813e+00 2.008507e+00
174 3.414528e+00 2.038895e+00
175 3.421177e+00 2.039873e+00
176 3.423477e+00 2.053418e+00
177 3.409432e+00 2.039076e+00
178 3.411784e+00 2.043799e+00
179 3.414267e+00 2.038007e+00
180 3.436795e+00 2.052549e+00
181 3.426128e+00 2.066910e+00
182 3.457533e+00 2.063694e+00
183 3.457355e+00 2.069264e+00
184 3.461762e+00 2.063817e+00
185 3.446542e+00 2.079852e+00
186 3.448561e+00 2.072724e+00
187 3.452550e+00 2.072639e+00
188 3.466082e+00 2.070310e+00
189 3.462813e+00 2.067432e+00
190 3.466218e+00 2.055501e+00
191 3.457362e+00 2.071027e+00
192 3.458320e+00 2.070004e+00
193 3.494381e+00 2.068372e+00
194 3.477767e+00 2.055080e+00
195 3.464429e+00 2.050984e+00
196 3.461251e+00 2.040403e+00
197 3.450935e+00 2.018927e+00
198 3.440300e+00 2.028572e+00
199 3.440695e+00 2.026812e+00
200 3.456155e+00 2.009727e+00
201 3.458114e+00 2.007023e+00
202 3.460281e+00 2.001767e+00
203 3.472022e+00 1.989711e+00
204 3.453736e+00 2.033745e+00
205 3.474558e+00 2.041354e+00
206 3.464149e+00 2.063340e+00
207 3.470575e+00 2.033077e+00
208 3.470337e+00 2.031360e+00
209 3.461788e+00 2.070461e+00
210 3.462768e+00 2.070316e+00
211 3.474071e+00 2.097685e+00
212 3.463547e+00 2.102550e+00
213 3.446452e+00 2.049303e+00
214 3.445043e+00 2.088499e+00
215 3.446832e+00 2.086417e+00
216 3.406760e+00 2.101720e+00
217 3.411556e+00 2.101337e+00
218 3.395905e+00 2.083501e+00
219 3.374013e+00 2.076541e+00
220 3.357818e+00 2.068973e+00
221 3.358445e+00 2.070476e+00
222 3.360760e+00 2.073949e+00
223 3.373034e+00 2.144421e+00
224 3.368247e+00 2.144323e+00
225 3.457910e+00 2.120896e+00
226 3.452070e+00 2.120871e+00
227 3.443938e+00 2.109245e+00
228 3.452518e+00 2.095932e+00
229 3.455364e+00 2.105424e+00
230 3.456638e+00 2.103405e+00
231 3.441032e+00 2.099917e+00
232 3.440140e+00 2.096770e+00
233 3.450354e+00 2.101724e+00
234 3.444177e+00 2.084155e+00
235 3.440203e+00 2.085207e+00
236 3.503980e+00 2.131844e+00
237 3.495964e+00 2.132091e+00
238 3.488710e+00 2.145969e+00
239 3.421753e+00 2.161137e+00
240 3.378881e+00 2.179844e+00
241 3.340621e+00 2.183593e+00
242 3.326930e+00 2.155280e+00
243 3.330093e+00 2.154467e+00
244 3.325337e+00 2.126055e+00
245 3.323865e+00 2.124481e+00
246 3.326452e+00 2.117630e+00
247 3.315337e+00 2.137499e+00
248 3.321160e+00 2.119234e+00
249 3.319624e+00 2.120074e+00
250 3.319780e+00 2.110390e+00
251 3.311130e+00 2.095953e+00
252 3.280804e+00 2.096128e+00
253 3.288811e+00 2.146345e+00
254 3.288830e+00 2.150140e+00
255 3.286899e+00 2.148476e+00
256 3.289550e+00 2.160152e+00
257 3.306924e+00 2.166470e+00
258 3.292846e+00 2.186909e+00
259 3.278863e+00 2.176311e+00
260 3.254167e+00 2.208156e+00
261 3.250652e+00 2.208235e+00
262 3.271434e+00 2.199246e+00
263 3.272679e+00 2.208975e+00
264 3.271853e+00 2.216357e+00
265 3.211496e+00 2.207427e+00
266 3.197577e+00 2.212366e+00
267 3.234777e+00 2.196842e+00
268 3.249658e+00 2.185008e+00
269 3.247709e+00 2.194043e+00
270 3.224360e+00 2.198897e+00
271 3.230504e+00 2.177535e+00
272 3.239442e+00 2.176102e+00
273 3.231427e+00 2.206060e+00
274 3.238025e+00 2.198449e+00
275 3.224018e+00 2.201365e+00
276 3.240189e+00 2.196510e+00
277 3.276609e+00 2.172169e+00
278 3.288940e+00 2.173855e+00
279 3.282124e+00 2.206871e+00
280 3.282850e+00 2.201464e+00
281 3.263460e+00 2.213364e+00
282 3.269425e+00 2.289784e+00
283 3.268414e+00 2.288720e+00
284 3.267610e+00 2.286931e+00
285 3.251883e+00 2.287568e+00
286 3.261855e+00 2.278749e+00
287 3.263296e+00 2.274261e+00
288 3.271178e+00 2.261458e+00
289 3.259396e+00 2.269829e+00
290 3.297236e+00 2.251710e+00
291 3.298285e+00 2.245251e+00
292 3.316533e+00 2.210163e+00
293 3.305411e+00 2.191229e+00
294 3.290414e+00 2.184788e+00
295 3.250203e+00 2.214243e+00
296 3.250155e+00 2.214205e+00
297 3.250164e+00 2.211953e+00
298 3.254502e+00 2.241702e+00
299 3.266602e+00 2.217400e+00
300 3.272662e+00 2.250253e+00
301 3.269128e+00 2.241524e+00
302 3.302586e+00 2.242418e+00
303 3.318098e+00 2.260258e+00
304 3.297446e+00 2.255512e+00
305 3.293377e+00 2.263664e+00
306 3.291052e+00 2.263367e+00
307 3.271946e+00 2.253848e+00
308 3.271869e+00 2.253570e+00
309 3.223461e+00 2.256090e+00
310 3.217815e+00 2.242389e+00
311 3.220128e+00 2.234407e+00
312 3.208183e+00 2.231473e+00
313 3.210030e+00 2.233887e+00
314 3.205267e+00 2.240940e+00
315 3.204042e+00 2.248753e+00
316 3.229039e+00 2.237829e+00
317 3.235236e+00 2.248183e+00
318 3.234268e+00 2.246394e+00
319 3.249861e+00 2.245725e+00
320 3.237788e+00 2.237467e+00
321 3.228811e+00 2.252355e+00
322 3.202624e+00 2.257573e+00
323 3.202643e+00 2.258695e+00
324 3.209051e+00 2.230551e+00
325 3.218940e+00 2.210392e+00
326 3.224405e+00 2.199527e+00
327 3.222428e+00 2.198228e+00
328 3.172114e+00 2.207100e+00
329 3.179788e+00 2.225316e+00
330 3.178325e+00 2.226039e+00
331 3.163661e+00 2.210144e+00
332 3.150737e+00 2.221315e+00
333 3.151017e+00 2.221260e+00
334 3.163337e+00 2.194896e+00
335 3.157681e+00 2.190041e+00
336 3.145475e+00 2.182469e+00
337 3.078772e+00 2.097726e+00
338 3.097611e+00 2.127210e+00
339 3.076017e+00 2.115778e+00
340 3.079025e+00 2.114357e+00
341 3.077285e+00 2.104772e+00
342 3.074614e+00 2.101001e+00
343 3.093023e+00 2.112850e+00
344 3.084088e+00 2.118589e+00
345 3.075702e+00 2.093399e+00
346 3.066192e+00 2.076115e+00
347 3.062259e+00 2.077520e+00
348 3.064511e+00 2.066339e+00
349 3.032340e+00 2.056228e+00
350 3.031537e+00 2.051364e+00
351 3.021255e+00 2.046199e+00
352 3.082747e+00 2.026135e+00
353 3.077554e+00 2.028467e+00
354 3.078906e+00 2.026861e+00
355 3.082002e+00 2.021059e+00
356 3.069002e+00 2.012039e+00
357 3.065168e+00 2.015599e+00
358 3.067826e+00 2.003569e+00
359 3.076309e+00 2.024983e+00
360 3.076864e+00 2.036696e+00
361 3.075743e+00 2.028158e+00
362 3.086746e+00 2.025307e+00
363 3.077795e+00 2.027253e+00
364 3.063622e+00 2.036197e+00
365 3.064541e+00 2.045988e+00
366 3.064353e+00 2.055700e+00
367 3.048177e+00 2.057150e+00
368 3.066261e+00 2.035910e+00
369 3.088365e+00 2.020313e+00
370 3.089495e+00 2.022944e+00
371 3.080929e+00 2.032045e+00
372 3.087780e+00 2.029166e+00
373 3.084211e+00 2.007567e+00
374 3.083429e+00 2.004010e+00
375 3.077272e+00 2.004951e+00
376 3.102530e+00 1.974827e+00
377 3.100885e+00 1.884962e+00
378 3.032088e+00 1.844998e+00
379 3.026125e+00 1.815320e+00
380 3.016123e+00 1.812951e+00
381 3.019811e+00 1.815118e+00
382 3.012606e+00 1.807555e+00
383 2.974673e+00 1.783269e+00
384 2.967001e+00 1.756268e+00
385 2.971091e+00 1.715050e+00
386 2.971486e+00 1.715801e+00
387 2.929445e+00 1.780290e+00
388 2.911104e+00 1.768717e+00
389 2.897581e+00 1.758542e+00
390 2.862303e+00 1.755026e+00
391 2.810748e+00 1.765501e+00
392 2.814938e+00 1.767487e+00
393 2.792231e+00 1.756540e+00
394 2.795100e+00 1.750542e+00
395 2.802996e+00 1.742035e+00
396 2.805247e+00 1.757841e+00
397 2.802439e+00 1.756698e+00
398 2.820792e+00 1.802125e+00
399 2.821785e+00 1.796673e+00
400 2.808631e+00 1.789895e+00
401 2.808560e+00 1.789407e+00
402 2.805535e+00 1.789180e+00
403 2.814213e+00 1.775912e+00
404 2.812213e+00 1.772273e+00
405 2.825014e+00 1.780935e+00
406 2.825749e+00 1.777718e+00
407 2.779377e+00 1.770236e+00
408 2.780974e+00 1.767342e+00
409 2.763853e+00 1.765188e+00
410 2.765567e+00 1.764096e+00
411 2.742693e+00 1.787243e+00
412 2.739063e+00 1.783857e+00
413 2.738663e+00 1.783661e+00
414 2.732696e+00 1.775140e+00
415 2.644355e+00 1.768973e+00
416 2.622868e+00 1.793539e+00
417 2.593580e+00 1.807833e+00
418 2.592107e+00 1.809172e+00
419 2.596242e+00 1.815714e+00
420 2.582119e+00 1.820694e+00
421 2.556806e+00 1.839773e+00
422 2.547066e+00 1.851342e+00
423 2.553304e+00 1.847513e+00
424 2.549043e+00 1.858574e+00
425 2.548879e+00 1.859437e+00
426 2.556303e+00 1.853699e+00
427 2.617265e+00 1.817272e+00
428 2.627877e+00 1.829084e+00
429 2.623756e+00 1.835164e+00
430 2.619405e+00 1.838654e+00
431 2.634696e+00 1.860975e+00
432 2.641573e+00 1.856745e+00
433 2.640622e+00 1.857796e+00
434 2.639891e+00 1.858131e+00
435 2.634497e+00 1.856716e+00
436 2.641201e+00 1.881821e+00
437 2.643805e+00 1.876174e+00
438 2.636483e+00 1.924810e+00
439 2.619428e+00 1.922048e+00
440 2.618856e+00 1.975274e+00
441 2.683490e+00 1.976701e+00
442 2.690658e+00 1.967617e+00
443 2.676967e+00 1.955534e+00
444 2.682999e+00 1.961611e+00
445 2.662820e+00 1.930755e+00
446 2.670210e+00 1.956952e+00
447 2.670272e+00 1.957338e+00
448 2.668495e+00 1.946801e+00
449 2.667283e+00 1.950874e+00
450 2.664318e+00 1.953807e+00
451 2.705044e+00 1.949510e+00
452 2.719171e+00 1.924441e+00
453 2.714756e+00 1.929224e+00
454 2.700701e+00 1.932559e+00
455 2.706708e+00 1.901912e+00
456 2.707447e+00 1.903293e+00
457 2.718103e+00 1.913798e+00
458 2.728081e+00 1.914440e+00
459 2.593830e+00 1.869737e+00
460 2.563768e+00 1.873305e+00
461 2.608146e+00 1.847186e+00
462 2.642654e+00 1.871367e+00
463 2.656519e+00 1.875010e+00
464 2.656125e+00 1.841389e+00
465 2.654293e+00 1.840347e+00
466 2.653196e+00 1.829552e+00
467 2.650535e+00 1.828149e+00
468 2.625037e+00 1.823974e+00
469 2.616006e+00 1.827299e+00
470 2.614761e+00 1.786945e+00
471 2.617858e+00 1.791814e+00
472 2.628046e+00 1.777638e+00
473 2.605259e+00 1.795286e+00
474 2.607201e+00 1.800912e+00
475 2.665216e+00 1.814505e+00
476 2.658596e+00 1.805299e+00
477 2.652854e+00 1.802571e+00
478 2.651254e+00 1.801992e+00
479 2.648444e+00 1.812524e+00
480 2.647172e+00 1.801460e+00
481 2.663354e+00 1.806613e+00
482 2.666504e+00 1.814247e+00
483 2.678621e+00 1.801724e+00
484 2.677863e+00 1.805626e+00
485 2.705432e+00 1.829584e+00
486 2.677737e+00 1.823485e+00
487 2.728609e+00 1.794451e+00
488 2.720428e+00 1.782781e+00
489 2.720335e+00 1.782646e+00
490 2.720700e+00 1.790921e+00
491 2.727941e+00 1.813334e+00
492 2.722313e+00 1.807595e+00
493 2.714721e+00 1.813326e+00
494 2.726520e+00 1.795290e+00
495 2.735787e+00 1.795696e+00
496 2.731919e+00 1.791570e+00
497 2.733491e+00 1.784741e+00
498 2.740731e+00 1.788290e+00
499 2.743580e+00 1.775094e+00
500 2.739307e+00 1.775098e+00
501 2.734307e+00 1.775005e+00
502 2.740013e+00 1.762582e+00
503 2.733122e+00 1.764888e+00
504 2.738556e+00 1.775599e+00
505 2.756126e+00 1.728818e+00
506 2.753698e+00 1.721071e+00
507 2.742102e+00 1.737937e+00
508 2.736493e+00 1.744654e+00
509 2.757938e+00 1.761743e+00
510 2.759452e+00 1.754521e+00
511 2.749746e+00 1.757973e+00
512 2.747535e+00 1.756548e+00
513 2.743731e+00 1.758251e+00
514 2.741875e+00 1.758301e+00
515 2.726717e+00 1.755145e+00
516 2.719783e+00 1.767998e+00
517 2.722517e+00 1.746626e+00
518 2.723207e+00 1.746034e+00
519 2.735342e+00 1.718416e+00
520 2.733040e+00 1.712952e+00
521 2.720214e+00 1.710170e+00
522 2.699273e+00 1.713390e+00
523 2.693906e+00 1.709602e+00
524 2.706093e+00 1.721819e+00
525 2.712145e+00 1.708554e+00
526 2.707115e+00 1.706637e+00
527 2.695715e+00 1.716265e+00
528 2.730124e+00 1.716903e+00
529 2.718065e+00 1.721995e+00
530 2.716040e+00 1.720803e+00
531 2.722017e+00 1.726516e+00
532 2.728014e+00 1.737585e+00
533 2.729969e+00 1.742293e+00
534 2.724175e+00 1.755518e+00
535 2.750545e+00 1.744508e+00
536 2.776028e+00 1.726375e+00
537 2.778843e+00 1.741899e+00
538 2.784255e+00 1.729635e+00
539 2.769891e+00 1.755114e+00
540 2.769661e+00 1.755669e+00
541 2.827802e+00 1.691289e+00
542 2.837648e+00 1.691403e+00
543 2.832669e+00 1.698838e+00
544 2.863296e+00 1.723721e+00
545 2.863514e+00 1.722512e+00
546 2.847712e+00 1.740793e+00
547 2.854590e+00 1.730664e+00
548 2.897385e+00 1.698877e+00
549 2.920491e+00 1.644220e+00
550 2.916450e+00 1.630985e+00
551 2.923335e+00 1.627884e+00
552 2.918269e+00 1.625648e+00
553 2.911701e+00 1.619878e+00
554 2.912325e+00 1.621849e+00
555 2.932994e+00 1.604822e+00
556 2.936930e+00 1.612996e+00
557 2.923314e+00 1.615507e+00
558 2.928873e+00 1.611691e+00
559 2.933245e+00 1.618965e+00
560 2.924862e+00 1.598988e+00
561 2.917376e+00 1.583551e+00
562 2.920243e+00 1.529697e+00
563 2.915271e+00 1.537947e+00
564 2.915259e+00 1.539570e+00
565 2.906196e+00 1.613624e+00
566 2.890077e+00 1.588022e+00
567 2.893702e+00 1.592078e+00
568 2.885731e+00 1.601900e+00
569 2.879410e+00 1.584989e+00
570 2.849700e+00 1.565098e+00
571 2.877005e+00 1.581142e+00
572 2.940587e+00 1.591682e+00
573 2.940178e+00 1.586237e+00
574 2.965665e+00 1.528035e+00
575 2.965260e+00 1.527850e+00
576 2.961382e+00 1.539967e+00
577 2.964864e+00 1.507006e+00
578 2.965078e+00 1.509023e+00
579 2.933769e+00 1.467069e+00
580 2.938351e+00 1.464945e+00
581 2.945380e+00 1.470480e+00
582 2.906941e+00 1.455337e+00
583 2.906669e+00 1.513316e+00
584 2.871926e+00 1.485602e+00
585 2.870523e+00 1.497862e+00
586 2.861981e+00 1.493266e+00
587 2.866853e+00 1.492636e+00
588 2.841703e+00 1.538121e+00
589 2.831610e+00 1.536655e+00
590 2.839982e+00 1.526096e+00
591 2.878758e+00 1.547729e+00
592 2.864609e+00 1.536783e+00
593 2.867867e+00 1.568731e+00
594 2.865147e+00 1.567822e+00
595 2.877455e+00 1.554348e+00
596 2.883968e+00 1.548448e+00
597 2.868565e+00 1.644313e+00
598 2.811092e+00 1.633866e+00
599 2.818003e+00 1.655074e+00
600 2.812916e+00 1.664972e+00
601 2.814624e+00 1.660199e+00
602 2.835617e+00 1.639524e+00
603 2.826981e+00 1.641396e+00
604 2.821784e+00 1.655695e+00
605 2.817965e+00 1.651512e+00
606 2.839804e+00 1.655844e+00
607 2.845906e+00 1.649809e+00
608 2.846614e+00 1.659955e+00
609 2.841538e+00 1.661699e+00
610 2.849145e+00 1.675419e+00
611 2.850490e+00 1.665156e+00
612 2.845488e+00 1.701728e+00
613 2.846711e+00 1.705060e+00
614 2.851429e+00 1.721591e+00
615 2.863442e+00 1.729550e+00
616 2.924480e+00 1.754990e+00
617 2.957852e+00 1.747331e+00
618 2.956746e+00 1.731481e+00
619 2.960656e+00 1.735011e+00
620 2.946571e+00 1.743618e+00
621 2.958406e+00 1.732004e+00
622 2.952836e+00 1.730439e+00
623 2.956957e+00 1.731285e+00
624 2.958395e+00 1.710191e+00
625 2.940319e+00 1.704843e+00
626 2.940648e+00 1.698393e+00
627 2.959572e+00 1.699007e+00
628 2.940492e+00 1.673679e+00
629 2.945736e+00 1.670275e+00
630 2.944811e+00 1.628517e+00
631 2.967296e+00 1.608942e+00
632 3.006124e+00 1.627566e+00
633 2.967319e+00 1.668610e+00
634 2.962577e+00 1.640983e+00
635 2.979127e+00 1.610273e+00
636 2.978605e+00 1.611594e+00
637 2.897002e+00 1.627028e+00
638 2.891840e+00 1.622184e+00
639 2.890565e+00 1.618176e+00
640 2.899784e+00 1.634051e+00
641 2.879669e+00 1.633623e+00
642 2.878392e+00 1.635334e+00
643 2.852857e+00 1.694664e+00
644 2.858991e+00 1.676862e+00
645 2.860992e+00 1.674292e+00
646 2.850194e+00 1.668045e+00
647 2.851507e+00 1.671141e+00
648 2.850842e+00 1.673775e+00
649 2.853421e+00 1.675643e+00
650 2.852511e+00 1.677058e+00
651 2.852339e+00 1.659534e+00
652 2.852275e+00 1.658183e+00
653 2.847653e+00 1.682778e+00
654 2.845834e+00 1.685945e+00
655 2.843292e+00 1.680465e+00
656 2.834078e+00 1.682417e+00
657 2.839319e+00 1.691607e+00
658 2.794170e+00 1.643858e+00
659 2.784752e+00 1.676282e+00
660 2.786402e+00 1.672975e+00
661 2.783369e+00 1.656438e+00
662 2.753379e+00 1.668046e+00
663 2.752383e+00 1.662379e+00
664 2.748050e+00 1.656942e+00
665 2.737795e+00 1.665363e+00
666 2.763169e+00 1.682187e+00
667 2.781864e+00 1.680505e+00
668 2.795724e+00 1.666698e+00
669 2.793202e+00 1.668142e+00
670 2.808483e+00 1.661031e+00
671 2.827335e+00 1.648219e+00
672 2.829437e+00 1.644700e+00
673 2.834403e+00 1.603462e+00
674 2.848352e+00 1.573562e+00
675 2.860119e+00 1.601169e+00
676 2.862377e+00 1.596924e+00
677 2.868471e+00 1.592386e+00
678 2.875752e+00 1.597986e+00
679 2.918115e+00 1.590755e+00
680 2.921855e+00 1.596697e+00
681 2.924040e+00 1.597879e+00
682 2.900661e+00 1.620697e+00
683 2.899811e+00 1.619997e+00
684 2.858912e+00 1.601593e+00
685 2.846203e+00 1.571741e+00
686 2.849012e+00 1.576813e+00
687 2.825672e+00 1.615135e+00
688 2.839242e+00 1.586381e+00
689 2.759737e+00 1.640117e+00
690 2.759068e+00 1.629839e+00
691 2.760802e+00 1.634999e+00
692 2.768659e+00 1.629137e+00
693 2.780886e+00 1.632185e+00
694 2.776188e+00 1.634051e+00
695 2.748906e+00 1.641757e+00
696 2.748054e+00 1.642318e+00
697 2.747694e+00 1.654854e+00
698 2.751166e+00 1.633718e+00
699 2.746768e+00 1.635760e+00
700 2.760081e+00 1.643704e+00
701 2.754831e+00 1.649416e+00
702 2.772286e+00 1.673680e+00
703 2.774058e+00 1.663788e+00
704 2.798132e+00 1.686349e+00
705 2.803100e+00 1.686221e+00
706 2.784202e+00 1.690888e+00
707 2.791261e+00 1.684029e+00
708 2.787995e+00 1.672835e+00
709 2.789599e+00 1.678788e+00
710 2.794099e+00 1.687382e+00
711 2.817828e+00 1.735867e+00
712 2.815265e+00 1.711346e+00
713 2.809416e+00 1.704203e+00
714 2.811366e+00 1.718058e+00
715 2.843324e+00 1.732982e+00
716 2.843483e+00 1.730986e+00
717 2.856210e+00 1.716661e+00
718 2.881416e+00 1.757129e+00
719 2.884736e+00 1.759057e+00
720 2.880117e+00 1.761168e+00
721 2.886631e+00 1.786723e+00
722 2.907118e+00 1.802620e+00
723 2.910841e+00 1.802581e+00
724 2.909787e+00 1.804761e+00
725 2.911867e+00 1.807039e+00
726 2.927390e+00 1.798328e+00
727 2.926259e+00 1.778629e+00
728 2.956906e+00 1.730518e+00
729 2.966033e+00 1.756465e+00
730 2.885860e+00 1.718316e+00
731 2.886279e+00 1.717211e+00
732 2.908620e+00 1.732178e+00
733 2.907913e+00 1.730586e+00
734 2.910268e+00 1.730858e+00
735 2.908834e+00 1.736409e+00
736 2.930554e+00 1.710793e+00
737 2.962257e+00 1.676778e+00
738 2.962064e+00 1.679175e+00
739 2.939283e+00 1.679029e+00
740 2.938825e+00 1.675291e+00
741 2.948097e+00 1.678078e+00
742 2.993666e+00 1.667197e+00
743 2.966104e+00 1.642263e+00
744 2.980929e+00 1.666464e+00
745 2.974927e+00 1.668863e+00
746 2.981841e+00 1.667506e+00
747 2.978425e+00 1.644577e+00
748 2.992439e+00 1.563745e+00
749 2.992172e+00 1.566549e+00
750 2.974085e+00 1.576931e+00
751 2.990496e+00 1.600316e+00
752 2.966836e+00 1.616835e+00
753 2.960160e+00 1.631265e+00
754 2.959138e+00 1.630919e+00
755 2.973533e+00 1.626885e+00
756 2.970889e+00 1.626547e+00
757 2.939018e+00 1.588080e+00
758 2.931530e+00 1.609922e+00
759 2.938458e+00 1.613394e+00
760 2.930195e+00 1.609719e+00
761 2.947702e+00 1.609393e+00
762 2.936543e+00 1.554159e+00
763 2.936396e+00 1.554002e+00
764 2.946940e+00 1.582649e+00
765 2.955652e+00 1.599269e+00
766 2.961985e+00 1.570118e+00
767 2.959267e+00 1.568360e+00
768 2.962048e+00 1.567982e+00
769 2.960159e+00 1.579598e+00
770 2.973412e+00 1.535154e+00
771 2.991354e+00 1.543660e+00
772 2.991010e+00 1.545890e+00
773 2.968070e+00 1.529716e+00
774 2.958648e+00 1.533616e+00
775 2.957903e+00 1.540861e+00
776 2.969266e+00 1.528064e+00
777 2.977498e+00 1.519599e+00
778 3.004073e+00 1.506514e+00
779 3.003458e+00 1.558890e+00
780 3.011409e+00 1.544417e+00
781 3.025581e+00 1.557374e+00
782 3.036756e+00 1.569674e+00
783 2.991612e+00 1.554963e+00
784 2.975260e+00 1.549238e+00
785 2.964439e+00 1.535102e+00
786 2.960785e+00 1.541257e+00
787 2.947752e+00 1.470259e+00
788 2.954063e+00 1.479230e+00
789 2.954898e+00 1.495253e+00
790 2.927135e+00 1.511711e+00
791 2.948049e+00 1.509835e+00
792 2.944444e+00 1.504841e+00
793 2.957537e+00 1.499748e+00
794 2.934009e+00 1.486552e+00
795 2.933931e+00 1.512113e+00
796 2.947666e+00 1.528890e+00
797 2.945262e+00 1.533017e+00
798 2.915749e+00 1.548434e+00
799 2.916585e+00 1.538418e+00
800 2.935387e+00 1.492545e+00
801 2.946425e+00 1.468299e+00
802 2.983338e+00 1.460110e+00
803 3.015437e+00 1.466785e+00
804 3.018675e+00 1.471986e+00
805 3.022538e+00 1.437460e+00
806 2.978845e+00 1.391435e+00
807 2.954567e+00 1.379830e+00
808 2.962753e+00 1.376479e+00
809 3.010345e+00 1.453022e+00
810 2.971129e+00 1.457029e+00
811 2.969952e+00 1.457137e+00
812 2.955142e+00 1.476107e+00
813 2.959691e+00 1.463370e+00
814 2.974269e+00 1.456306e+00
815 2.979412e+00 1.454024e+00
816 3.019470e+00 1.424577e+00
817 3.040233e+00 1.414022e+00
818 3.068749e+00 1.415094e+00
819 3.100049e+00 1.411847e+00
820 3.098552e+00 1.410464e+00
821 3.092738e+00 1.407199e+00
822 3.107368e+00 1.392774e+00
823 3.081074e+00 1.396429e+00
824 3.107181e+00 1.426155e+00
825 3.168169e+00 1.433051e+00
826 3.120855e+00 1.408892e+00
827 3.139818e+00 1.419648e+00
828 3.138363e+00 1.411066e+00
829 3.146718e+00 1.396597e+00
830 3.166923e+00 1.410906e+00
831 3.182020e+00 1.378870e+00
832 3.175707e+00 1.320897e+00
833 3.142593e+00 1.301732e+00
834 3.285307e+00 1.300175e+00
835 3.303321e+00 1.306066e+00
836 3.301660e+00 1.310501e+00
837 3.305693e+00 1.344693e+00
838 3.314662e+00 1.358797e+00
839 3.335313e+00 1.360212e+00
840 3.340368e+00 1.349290e+00
841 3.333855e+00 1.335828e+00
842 3.342226e+00 1.345042e+00
843 3.343159e+00 1.340128e+00
844 3.342817e+00 1.339045e+00
845 3.292420e+00 1.350793e+00
846 3.286096e+00 1.353523e+00
847 3.285480e+00 1.346202e+00
848 3.256073e+00 1.374378e+00
849 3.242937e+00 1.364709e+00
850 3.232851e+00 1.362789e+00
851 3.222168e+00 1.372090e+00
852 3.246253e+00 1.321057e+00
853 3.228143e+00 1.328291e+00
854 3.230302e+00 1.244164e+00
855 3.224270e+00 1.219290e+00
856 3.225213e+00 1.217667e+00
857 3.209215e+00 1.233029e+00
858 3.203944e+00 1.240471e+00
859 3.257986e+00 1.264336e+00
860 3.255867e+00 1.263099e+00
861 3.256515e+00 1.285757e+00
862 3.275574e+00 1.265019e+00
863 3.301894e+00 1.258173e+00
864 3.330479e+00 1.256825e+00
865 3.341207e+00 1.273656e+00
866 3.338931e+00 1.267837e+00
867 3.345401e+00 1.269253e+00
868 3.344512e+00 1.268603e+00
869 3.338194e+00 1.217860e+00
870 3.341284e+00 1.218201e+00
871 3.360893e+00 1.206383e+00
872 3.362045e+00 1.210331e+00
873 3.302330e+00 1.200065e+00
874 3.310042e+00 1.165169e+00
875 3.302039e+00 1.159702e+00
876 3.326949e+00 1.172122e+00
877 3.329514e+00 1.168636e+00
878 3.367540e+00 1.210650e+00
879 3.336382e+00 1.201365e+00
880 3.358781e+00 1.161358e+00
881 3.385340e+00 1.156393e+00
882 3.352706e+00 1.107915e+00
883 3.350229e+00 1.102783e+00
884 3.366576e+00 1.131381e+00
885 3.391379e+00 1.168402e+00
886 3.389572e+00 1.168832e+00
887 3.394930e+00 1.167009e+00
888 3.372416e+00 1.191640e+00
889 3.406681e+00 1.199659e+00
890 3.424373e+00 1.273321e+00
891 3.391594e+00 1.299440e+00
892 3.387537e+00 1.314538e+00
893 3.406446e+00 1.318918e+00
894 3.405023e+00 1.316839e+00
895 3.418627e+00 1.322575e+00
896 3.426184e+00 1.307994e+00
897 3.513356e+00 1.245549e+00
898 3.548164e+00 1.219787e+00
899 3.530765e+00 1.228567e+00
900 3.534455e+00 1.229468e+00
901 3.531768e+00 1.226906e+00
902 3.524797e+00 1.223092e+00
903 3.510488e+00 1.221450e+00
904 3.513040e+00 1.232989e+00
905 3.474071e+00 1.273454e+00
906 3.463396e+00 1.294857e+00
907 3.459961e+00 1.299939e+00
908 3.456635e+00 1.267858e+00
909 3.426860e+00 1.277234e+00
910 3.408014e+00 1.285248e+00
911 3.405038e+00 1.264677e+00
912 3.405366e+00 1.266811e+00
913 3.398800e+00 1.263463e+00
914 3.376569e+00 1.258821e+00
915 3.405586e+00 1.288236e+00
916 3.419361e+00 1.266204e+00
917 3.414522e+00 1.280033e+00
918 3.447027e+00 1.259970e+00
919 3.444598e+00 1.239316e+00
920 3.415958e+00 1.246864e+00
921 3.439186e+00 1.202144e+00
922 3.441977e+00 1.196687e+00
923 3.436170e+00 1.197755e+00
924 3.431486e+00 1.190179e+00
925 3.431571e+00 1.189911e+00
926 3.408353e+00 1.197558e+00
927 3.407357e+00 1.197884e+00
928 3.419785e+00 1.162940e+00
929 3.419324e+00 1.163103e+00
930 3.415842e+00 1.180206e+00
931 3.413849e+00 1.165976e+00
932 3.433273e+00 1.181663e+00
933 3.431920e+00 1.179073e+00
934 3.432025e+00 1.178985e+00
935 3.429660e+00 1.188706e+00
936 3.429751e+00 1.188470e+00
937 3.425073e+00 1.187987e+00
938 3.422435e+00 1.189610e+00
939 3.422108e+00 1.189636e+00
940 3.415950e+00 1.191908e+00
941 3.419209e+00 1.186638e+00
942 3.443945e+00 1.191475e+00
943 3.435893e+00 1.216454e+00
944 3.439339e+00 1.220421e+00
945 3.443282e+00 1.214304e+00
946 3.443039e+00 1.214171e+00
947 3.461539e+00 1.246064e+00
948 3.454183e+00 1.274288e+00
949 3.452923e+00 1.273246e+00
950 3.474387e+00 1.259013e+00
951 3.447949e+00 1.304069e+00
952 3.440765e+00 1.305536e+00
953 3.432811e+00 1.299522e+00
954 3.444632e+00 1.310406e+00
955 3.451741e+00 1.319871e+00
956 3.416898e+00 1.385152e+00
957 3.416509e+00 1.379417e+00
958 3.421729e+00 1.351761e+00
959 3.449419e+00 1.322825e+00
960 3.419173e+00 1.335540e+00
961 3.389176e+00 1.338939e+00
962 3.384664e+00 1.353564e+00
963 3.383901e+00 1.356599e+00
964 3.353734e+00 1.372326e+00
965 3.360037e+00 1.377978e+00
966 3.368594e+00 1.394493e+00
967 3.354652e+00 1.396722e+00
968 3.335517e+00 1.403500e+00
969 3.337229e+00 1.418673e+00
970 3.332016e+00 1.417081e+00
971 3.347419e+00 1.401665e+00
972 3.350428e+00 1.406706e+00
973 3.342560e+00 1.443771e+00
974 3.321835e+00 1.448770e+00
975 3.333086e+00 1.453562e+00
976 3.320995e+00 1.455862e+00
977 3.380436e+00 1.445633e+00
978 3.353807e+00 1.425641e+00
979 3.339454e+00 1.458099e+00
980 3.360086e+00 1.459885e+00
981 3.361265e+00 1.461158e+00
982 3.363888e+00 1.452508e+00
983 3.351947e+00 1.457037e+00
984 3.364478e+00 1.485971e+00
985 3.364254e+00 1.485288e+00
986 3.248392e+00 1.499907e+00
987 3.250142e+00 1.503455e+00
988 3.222135e+00 1.491639e+00
989 3.211186e+00 1.498494e+00
990 3.207626e+00 1.500501e+00
991 3.207757e+00 1.499485e+00
992 3.220755e+00 1.501401e+00
993 3.224689e+00 1.459995e+00
994 3.223671e+00 1.460379e+00
995 3.223432e+00 1.460786e+00
996 3.208342e+00 1.448883e+00
997 3.218947e+00 1.444547e+00
998 3.217226e+00 1.442711e+00
999 3.218236e+00 1.442251e+00
1000 3.260252e+00 1.443891e+00
1001 3.252926e+00 1.455682e+00
1002 3.245876e+00 1.463655e+00
1003 3.242147e+00 1.469094e+00
1004 3.254247e+00 1.469056e+00
1005 3.231248e+00 1.447873e+00
1006 3.266048e+00 1.441625e+00
1007 3.266251e+00 1.441596e+00
1008 3.222064e+00 1.457146e+00
1009 3.236844e+00 1.466941e+00
1010 3.242913e+00 1.476824e+00
1011 3.241841e+00 1.478784e+00
1012 3.240044e+00 1.478269e+00
1013 3.233168e+00 1.464944e+00
1014 3.232481e+00 1.465624e+00
1015 3.244483e+00 1.473488e+00
1016 3.271494e+00 1.444634e+00
1017 3.269853e+00 1.442905e+00
1018 3.273119e+00 1.450387e+00
1019 3.275235e+00 1.449585e+00
1020 3.272539e+00 1.453177e+00
1021 3.270182e+00 1.445744e+00
1022 3.257012e+00 1.464864e+00
1023 3.264301e+00 1.420528e+00
1024 3.265335e+00 1.400379e+00
1025 3.241019e+00 1.422260e+00
1026 3.241011e+00 1.421835e+00
1027 3.241171e+00 1.446381e+00
1028 3.180258e+00 1.479280e+00
1029 3.178711e+00 1.479970e+00
1030 3.137206e+00 1.496981e+00
1031 3.138092e+00 1.498805e+00
1032 3.159574e+00 1.492186e+00
1033 3.160016e+00 1.492274e+00
1034 3.165567e+00 1.508952e+00
1035 3.118190e+00 1.487077e+00
1036 3.099483e+00 1.501863e+00
1037 3.092352e+00 1.512364e+00
1038 3.034966e+00 1.479617e+00
1039 3.036755e+00 1.470145e+00
1040 3.055967e+00 1.430395e+00
1041 3.049698e+00 1.423261e+00
1042 3.055946e+00 1.440364e+00
1043 3.039622e+00 1.427795e+00
1044 3.028847e+00 1.367091e+00
1045 3.024978e+00 1.367830e+00
1046 3.059640e+00 1.374658e+00
1047 3.064928e+00 1.368465e+00
1048 3.056673e+00 1.366257e+00
1049 3.062256e+00 1.367696e+00
1050 3.071030e+00 1.372068e+00
1051 3.068891e+00 1.373189e+00
1052 3.065612e+00 1.360090e+00
1053 3.074523e+00 1.363970e+00
1054 3.091214e+00 1.360063e+00
1055 3.084608e+00 1.361905e+00
1056 3.093773e+00 1.367039e+00
1057 3.093732e+00 1.367296e+00
1058 3.091896e+00 1.367095e+00
1059 3.097583e+00 1.371644e+00
1060 3.127658e+00 1.418625e+00
1061 3.148827e+00 1.418576e+00
1062 3.152417e+00 1.419517e+00
1063 3.151669e+00 1.416589e+00
1064 3.150994e+00 1.393372e+00
1065 3.168752e+00 1.389136e+00
1066 3.169372e+00 1.388567e+00
1067 3.174392e+00 1.394622e+00
1068 3.173234e+00 1.394011e+00
1069 3.179041e+00 1.393795e+00
1070 3.170791e+00 1.397187e+00
1071 3.173049e+00 1.394744e+00
1072 3.123794e+00 1.447221e+00
1073 3.151553e+00 1.444537e+00
1074 3.180502e+00 1.415534e+00
1075 3.244065e+00 1.314803e+00
1076 3.244603e+00 1.316389e+00
1077 3.260490e+00 1.327347e+00
1078 3.267989e+00 1.336663e+00
1079 3.265880e+00 1.341994e+00
1080 3.265846e+00 1.341990e+00
1081 3.267195e+00 1.341247e+00
1082 3.259728e+00 1.341868e+00
1083 3.251639e+00 1.346550e+00
1084 3.251269e+00 1.353355e+00
1085 3.263124e+00 1.354348e+00
1086 3.253951e+00 1.351177e+00
1087 3.235008e+00 1.390198e+00
1088 3.230153e+00 1.414593e+00
1089 3.255316e+00 1.414053e+00
1090 3.246236e+00 1.430509e+00
1091 3.221362e+00 1.437005e+00
1092 3.221236e+00 1.437895e+00
1093 3.229074e+00 1.456832e+00
1094 3.224743e+00 1.449230e+00
1095 3.212932e+00 1.443883e+00
1096 3.203747e+00 1.443346e+00
1097 3.196585e+00 1.440041e+00
1098 3.197024e+00 1.438807e+00
1099 3.203408e+00 1.435539e+00
1100 3.200251e+00 1.470191e+00
1101 3.200104e+00 1.468297e+00
1102 3.169108e+00 1.494764e+00
1103 3.168853e+00 1.494889e+00
1104 3.149933e+00 1.479612e+00
1105 3.137093e+00 1.493222e+00
1106 3.137027e+00 1.492096e+00
1107 3.185059e+00 1.474023e+00
1108 3.201240e+00 1.518794e+00
1109 3.200794e+00 1.518182e+00
1110 3.187383e+00 1.402245e+00
1111 3.183508e+00 1.396186e+00
1112 3.197222e+00 1.451407e+00
1113 3.214303e+00 1.456823e+00
1114 3.196740e+00 1.463487e+00
1115 3.200130e+00 1.463621e+00
1116 3.247806e+00 1.475770e+00
1117 3.254908e+00 1.465164e+00
1118 3.259661e+00 1.464888e+00
1119 3.334849e+00 1.501349e+00
1120 3.329560e+00 1.508831e+00
1121 3.328333e+00 1.495852e+00
1122 3.327085e+00 1.503903e+00
1123 3.313421e+00 1.520426e+00
1124 3.313227e+00 1.525865e+00
1125 3.347436e+00 1.525189e+00
1126 3.348480e+00 1.526037e+00
1127 3.352379e+00 1.531074e+00
1128 3.383151e+00 1.520386e+00
1129 3.370549e+00 1.503005e+00
1130 3.371912e+00 1.510177e+00
1131 3.335531e+00 1.456646e+00
1132 3.333584e+00 1.455275e+00
1133 3.334072e+00 1.497943e+00
1134 3.342639e+00 1.480977e+00
1135 3.342916e+00 1.480101e+00
1136 3.343412e+00 1.476881e+00
1137 3.349363e+00 1.477132e+00
1138 3.353911e+00 1.478824e+00
1139 3.364415e+00 1.503991e+00
1140 3.328315e+00 1.500686e+00
1141 3.342461e+00 1.526564e+00
1142 3.337568e+00 1.532216e+00
1143 3.336165e+00 1.505415e+00
1144 3.358290e+00 1.538220e+00
1145 3.356034e+00 1.530506e+00
1146 3.393162e+00 1.547224e+00
1147 3.391155e+00 1.556786e+00
1148 3.382125e+00 1.550694e+00
1149 3.376969e+00 1.545142e+00
1150 3.368196e+00 1.512183e+00
1151 3.371811e+00 1.514778e+00
1152 3.371908e+00 1.514827e+00
1153 3.358355e+00 1.507494e+00
1154 3.322554e+00 1.520376e+00
1155 3.317776e+00 1.513582e+00
1156 3.322050e+00 1.493118e+00
1157 3.318892e+00 1.494726e+00
1158 3.315549e+00 1.446972e+00
1159 3.315119e+00 1.457387e+00
1160 3.308416e+00 1.457223e+00
1161 3.323815e+00 1.504821e+00
1162 3.339896e+00 1.455816e+00
1163 3.342642e+00 1.436474e+00
1164 3.337843e+00 1.443533e+00
1165 3.343970e+00 1.427862e+00
1166 3.345632e+00 1.415909e+00
1167 3.366130e+00 1.433450e+00
1168 3.369515e+00 1.434682e+00
1169 3.366788e+00 1.434942e+00
1170 3.353850e+00 1.440676e+00
1171 3.344408e+00 1.431942e+00
1172 3.346895e+00 1.423916e+00
1173 3.339842e+00 1.440804e+00
1174 3.338974e+00 1.443949e+00
1175 3.341017e+00 1.448431e+00
1176 3.309682e+00 1.527652e+00
1177 3.305903e+00 1.524259e+00
1178 3.304699e+00 1.530774e+00
1179 3.281402e+00 1.586442e+00
1180 3.279540e+00 1.596086e+00
1181 3.274738e+00 1.597385e+00
1182 3.285364e+00 1.590227e+00
1183 3.287897e+00 1.628312e+00
1184 3.267179e+00 1.641149e+00
1185 3.307088e+00 1.649536e+00
1186 3.295527e+00 1.622395e+00
1187 3.294859e+00 1.622394e+00
1188 3.295958e+00 1.623079e+00
1189 3.294595e+00 1.637423e+00
1190 3.294690e+00 1.637083e+00
1191 3.293552e+00 1.637467e+00
1192 3.298080e+00 1.617263e+00
1193 3.281863e+00 1.618843e+00
1194 3.270628e+00 1.623220e+00
1195 3.256641e+00 1.621126e+00
1196 3.250583e+00 1.629890e+00
1197 3.193472e+00 1.515705e+00
1198 3.194352e+00 1.520446e+00
1199 3.210743e+00 1.546683e+00
1200 3.220169e+00 1.550764e+00
1201 3.216190e+00 1.553132e+00
1202 3.207422e+00 1.527860e+00
1203 3.202247e+00 1.505212e+00
1204 3.237786e+00 1.512613e+00
1205 3.233863e+00 1.543005e+00
1206 3.235147e+00 1.541552e+00
1207 3.251032e+00 1.515980e+00
1208 3.225946e+00 1.499643e+00
1209 3.228703e+00 1.504552e+00
1210 3.219366e+00 1.462444e+00
1211 3.201456e+00 1.484236e+00
1212 3.208771e+00 1.473247e+00
1213 3.209411e+00 1.472807e+00
1214 3.225377e+00 1.473874e+00
1215 3.225754e+00 1.471261e+00
1216 3.234679e+00 1.475268e+00
1217 3.234779e+00 1.474818e+00
1218 3.215248e+00 1.463530e+00
1219 3.218382e+00 1.469172e+00
1220 3.215466e+00 1.466942e+00
1221 3.215473e+00 1.466951e+00
1222 3.221739e+00 1.461824e+00
1223 3.220782e+00 1.461428e+00
1224 3.222416e+00 1.469528e+00
1225 3.219906e+00 1.472201e+00
1226 3.215306e+00 1.482578e+00
1227 3.214144e+00 1.485812e+00
1228 3.218547e+00 1.502571e+00
1229 3.212740e+00 1.488980e+00
1230 3.208152e+00 1.468057e+00
1231 3.190610e+00 1.465307e+00
1232 3.188964e+00 1.464535e+00
1233 3.186759e+00 1.469591e+00
1234 3.209689e+00 1.470228e+00
1235 3.209016e+00 1.473064e+00
1236 3.206498e+00 1.479083e+00
1237 3.243740e+00 1.466124e+00
1238 3.245982e+00 1.469973e+00
1239 3.230208e+00 1.470858e+00
1240 3.225406e+00 1.462308e+00
1241 3.244788e+00 1.437309e+00
1242 3.259140e+00 1.428785e+00
1243 3.250108e+00 1.441116e+00
1244 3.251905e+00 1.468853e+00
1245 3.252776e+00 1.464200e+00
1246 3.219766e+00 1.490297e+00
1247 3.190372e+00 1.433161e+00
1248 3.148267e+00 1.483364e+00
1249 3.144175e+00 1.460802e+00
1250 3.135912e+00 1.429284e+00
1251 3.175158e+00 1.444930e+00
1252 3.183238e+00 1.431881e+00
1253 3.186289e+00 1.428488e+00
1254 3.193615e+00 1.409422e+00
1255 3.142037e+00 1.392285e+00
1256 3.148290e+00 1.391095e+00
1257 3.152835e+00 1.387954e+00
1258 3.164845e+00 1.416902e+00
1259 3.163992e+00 1.437053e+00
1260 3.163856e+00 1.441018e+00
1261 3.170350e+00 1.446895e+00
1262 3.171928e+00 1.451056e+00
1263 3.186755e+00 1.446080e+00
1264 3.171674e+00 1.449126e+00
1265 3.172973e+00 1.425941e+00
1266 3.173691e+00 1.429155e+00
1267 3.172082e+00 1.427062e+00
1268 3.180952e+00 1.414501e+00
1269 3.178008e+00 1.417281e+00
1270 3.187751e+00 1.411951e+00
1271 3.188602e+00 1.407408e+00
1272 3.230093e+00 1.406637e+00
1273 3.265776e+00 1.402881e+00
1274 3.265369e+00 1.368393e+00
1275 3.257006e+00 1.362285e+00
1276 3.251005e+00 1.341100e+00
1277 3.261687e+00 1.349906e+00
1278 3.245041e+00 1.381253e+00
1279 3.263983e+00 1.398038e+00
1280 3.261662e+00 1.402440e+00
1281 3.302232e+00 1.518720e+00
1282 3.312411e+00 1.527532e+00
1283 3.334508e+00 1.526303e+00
1284 3.325546e+00 1.525492e+00
1285 3.326595e+00 1.524399e+00
1286 3.317960e+00 1.524075e+00
1287 3.283749e+00 1.515563e+00
1288 3.291296e+00 1.521840e+00
1289 3.305667e+00 1.539742e+00
1290 3.370842e+00 1.520869e+00
1291 3.379909e+00 1.528267e+00
1292 3.379770e+00 1.527589e+00
1293 3.386939e+00 1.506356e+00
1294 3.395910e+00 1.510204e+00
1295 3.397277e+00 1.509922e+00
1296 3.408287e+00 1.511155e+00
1297 3.408919e+00 1.500756e+00
1298 3.376236e+00 1.499471e+00
1299 3.395848e+00 1.499475e+00
1300 3.398508e+00 1.513251e+00
1301 3.394398e+00 1.515738e+00
1302 3.375547e+00 1.492454e+00
1303 3.371850e+00 1.495441e+00
1304 3.374234e+00 1.497521e+00
1305 3.353730e+00 1.475979e+00
1306 3.358504e+00 1.479391e+00
1307 3.359180e+00 1.475583e+00
1308 3.408126e+00 1.503306e+00
1309 3.399433e+00 1.512284e+00
1310 3.400614e+00 1.516044e+00
1311 3.404379e+00 1.532536e+00
1312 3.416175e+00 1.537711e+00
1313 3.395733e+00 1.531578e+00
1314 3.403802e+00 1.535283e+00
1315 3.392550e+00 1.452445e+00
1316 3.450930e+00 1.434218e+00
1317 3.463883e+00 1.446678e+00
1318 3.463217e+00 1.447157e+00
1319 3.463360e+00 1.447323e+00
1320 3.553065e+00 1.463289e+00
1321 3.553232e+00 1.464678e+00
1322 3.522871e+00 1.470970e+00
1323 3.522127e+00 1.475685e+00
1324 3.529847e+00 1.493626e+00
1325 3.516857e+00 1.494893e+00
1326 3.514635e+00 1.493999e+00
1327 3.516645e+00 1.484708e+00
1328 3.504264e+00 1.514916e+00
1329 3.502143e+00 1.516131e+00
1330 3.503276e+00 1.541316e+00
1331 3.505709e+00 1.543585e+00
1332 3.555987e+00 1.503779e+00
1333 3.544028e+00 1.492230e+00
1334 3.548785e+00 1.493197e+00
1335 3.521261e+00 1.492640e+00
1336 3.531234e+00 1.512734e+00
1337 3.532464e+00 1.510770e+00
1338 3.541839e+00 1.476954e+00
1339 3.549182e+00 1.484521e+00
1340 3.548340e+00 1.485306e+00
1341 3.571934e+00 1.482589e+00
1342 3.594942e+00 1.479787e+00
1343 3.615772e+00 1.484785e+00
1344 3.579987e+00 1.536772e+00
1345 3.595055e+00 1.517744e+00
1346 3.600710e+00 1.520022e+00
1347 3.607275e+00 1.469918e+00
1348 3.587513e+00 1.408007e+00
1349 3.591084e+00 1.410776e+00
1350 3.611316e+00 1.394375e+00
1351 3.617187e+00 1.394611e+00
1352 3.646301e+00 1.414458e+00
1353 3.643934e+00 1.393306e+00
1354 3.641978e+00 1.392316e+00
1355 3.642927e+00 1.395050e+00
1356 3.642823e+00 1.395367e+00
1357 3.638880e+00 1.397135e+00
1358 3.631979e+00 1.413934e+00
1359 3.631773e+00 1.414102e+00
1360 3.672744e+00 1.416281e+00
1361 3.678942e+00 1.399906e+00
1362 3.698360e+00 1.413054e+00
1363 3.699009e+00 1.422694e+00
1364 3.702882e+00 1.422091e+00
1365 3.671682e+00 1.425565e+00
1366 3.666263e+00 1.419765e+00
1367 3.654707e+00 1.422419e+00
1368 3.655159e+00 1.363798e+00
1369 3.683044e+00 1.380680e+00
1370 3.690920e+00 1.341054e+00
1371 3.695604e+00 1.339110e+00
1372 3.682138e+00 1.327923e+00
1373 3.712756e+00 1.332589e+00
1374 3.723359e+00 1.326734e+00
1375 3.772244e+00 1.259952e+00
1376 3.709841e+00 1.276699e+00
1377 3.712330e+00 1.276367e+00
1378 3.784145e+00 1.292869e+00
1379 3.778488e+00 1.298196e+00
1380 3.770085e+00 1.302421e+00
1381 3.810515e+00 1.352193e+00
1382 3.843519e+00 1.388819e+00
1383 3.819924e+00 1.344759e+00
1384 3.773373e+00 1.318013e+00
1385 3.774249e+00 1.321088e+00
1386 3.771072e+00 1.322477e+00
1387 3.773968e+00 1.321328e+00
1388 3.769598e+00 1.306281e+00
1389 3.769468e+00 1.306696e+00
1390 3.770266e+00 1.308603e+00
1391 3.772490e+00 1.307915e+00
1392 3.767837e+00 1.320446e+00
1393 3.780156e+00 1.332745e+00
1394 3.773598e+00 1.337188e+00
1395 3.776468e+00 1.351560e+00
1396 3.777696e+00 1.358441e+00
1397 3.793175e+00 1.305605e+00
1398 3.787312e+00 1.280438e+00
1399 3.784588e+00 1.242020e+00
1400 3.798319e+00 1.224185e+00
1401 3.809319e+00 1.222444e+00
1402 3.778180e+00 1.208247e+00
1403 3.775542e+00 1.246326e+00
1404 3.778341e+00 1.242225e+00
1405 3.778408e+00 1.243810e+00
1406 3.778002e+00 1.243748e+00
1407 3.776839e+00 1.242668e+00
1408 3.766033e+00 1.266630e+00
1409 3.766905e+00 1.263811e+00
1410 3.782069e+00 1.251212e+00
1411 3.792042e+00 1.239670e+00
1412 3.797760e+00 1.241124e+00
1413 3.808989e+00 1.236021e+00
1414 3.817428e+00 1.239433e+00
1415 3.791055e+00 1.223997e+00
1416 3.792939e+00 1.220359e+00
1417 3.797353e+00 1.221404e+00
1418 3.820668e+00 1.232142e+00
1419 3.857596e+00 1.240995e+00
1420 3.858019e+00 1.245930e+00
1421 3.858163e+00 1.246878e+00
1422 3.850861e+00 1.253690e+00
1423 3.840844e+00 1.258933e+00
1424 3.846247e+00 1.269459e+00
1425 3.861741e+00 1.277091e+00
1426 3.874977e+00 1.243230e+00
1427 3.885202e+00 1.239701e+00
1428 3.881988e+00 1.250037e+00
1429 3.860332e+00 1.275916e+00
1430 3.855928e+00 1.277525e+00
1431 3.872758e+00 1.288789e+00
1432 3.874010e+00 1.316662e+00
1433 3.874293e+00 1.317395e+00
1434 3.895840e+00 1.300363e+00
1435 3.940645e+00 1.261104e+00
1436 3.923437e+00 1.255793e+00
1437 3.923048e+00 1.258155e+00
1438 3.923391e+00 1.253612e+00
1439 3.923979e+00 1.244076e+00
1440 3.924949e+00 1.241821e+00
1441 3.924778e+00 1.233932e+00
1442 3.935482e+00 1.278848e+00
1443 3.969978e+00 1.306518e+00
1444 3.974272e+00 1.309125e+00
1445 3.965589e+00 1.320147e+00
1446 3.955140e+00 1.302378e+00
1447 3.936086e+00 1.310535e+00
1448 3.922008e+00 1.293959e+00
1449 3.898526e+00 1.291583e+00
1450 3.931936e+00 1.350867e+00
1451 3.927667e+00 1.348323e+00
1452 3.891778e+00 1.384682e+00
1453 3.892205e+00 1.386617e+00
1454 3.892245e+00 1.285793e+00
1455 3.889408e+00 1.287102e+00
1456 3.895757e+00 1.275042e+00
1457 3.891497e+00 1.274867e+00
1458 3.906624e+00 1.286086e+00
1459 3.918739e+00 1.286270e+00
1460 3.915700e+00 1.299349e+00
1461 3.916771e+00 1.298566e+00
1462 3.913795e+00 1.320898e+00
1463 3.929401e+00 1.324587e+00
1464 3.988268e+00 1.306750e+00
1465 3.979871e+00 1.272843e+00
1466 3.970744e+00 1.257759e+00
1467 3.950695e+00 1.250989e+00
1468 3.972292e+00 1.276518e+00
1469 4.001601e+00 1.310735e+00
1470 3.977682e+00 1.306685e+00
1471 3.984389e+00 1.314918e+00
1472 3.931739e+00 1.343775e+00
1473 3.922546e+00 1.339100e+00
1474 3.908090e+00 1.406878e+00
1475 3.865918e+00 1.458818e+00
1476 3.848962e+00 1.475177e+00
1477 3.834714e+00 1.473477e+00
1478 3.824753e+00 1.472505e+00
1479 3.820965e+00 1.451776e+00
1480 3.845354e+00 1.448052e+00
1481 3.857842e+00 1.469872e+00
1482 3.858990e+00 1.471434e+00
1483 3.858794e+00 1.471314e+00
1484 3.865744e+00 1.468331e+00
1485 3.864782e+00 1.460364e+00
1486 3.862684e+00 1.461842e+00
1487 3.855914e+00 1.466810e+00
1488 3.853996e+00 1.467390e+00
1489 3.849641e+00 1.476087e+00
1490 3.840571e+00 1.487846e+00
1491 3.837606e+00 1.486728e+00
1492 3.794780e+00 1.501826e+00
1493 3.802915e+00 1.554640e+00
1494 3.776275e+00 1.540431e+00
1495 3.772845e+00 1.540329e+00
1496 3.781376e+00 1.545900e+00
1497 3.781144e+00 1.559282e+00
1498 3.783347e+00 1.561626e+00
1499 3.774620e+00 1.566099e+00
1500 3.786561e+00 1.539948e+00
1501 3.822562e+00 1.529626e+00
1502 3.815855e+00 1.539127e+00
1503 3.804788e+00 1.557864e+00
1504 3.809342e+00 1.558915e+00
1505 3.787288e+00 1.584092e+00
1506 3.785770e+00 1.587883e+00
1507 3.785249e+00 1.604347e+00
1508 3.813311e+00 1.575447e+00
1509 3.835757e+00 1.582653e+00
1510 3.826426e+00 1.580592e+00
1511 3.817140e+00 1.577326e+00
1512 3.835188e+00 1.554373e+00
1513 3.831039e+00 1.562134e+00
1514 3.807159e+00 1.568673e+00
1515 3.747906e+00 1.549769e+00
1516 3.762464e+00 1.551902e+00
1517 3.744593e+00 1.544638e+00
1518 3.733743e+00 1.542534e+00
1519 3.740713e+00 1.538853e+00
1520 3.762004e+00 1.596533e+00
1521 3.753635e+00 1.589846e+00
1522 3.753556e+00 1.590181e+00
1523 3.739181e+00 1.586743e+00
1524 3.745708e+00 1.622683e+00
1525 3.729517e+00 1.593104e+00
1526 3.722404e+00 1.588988e+00
1527 3.724512e+00 1.582748e+00
1528 3.744556e+00 1.563053e+00
1529 3.753820e+00 1.561878e+00
1530 3.735495e+00 1.599258e+00
1531 3.739664e+00 1.589052e+00
1532 3.737423e+00 1.586347e+00
1533 3.752687e+00 1.582250e+00
1534 3.739443e+00 1.599611e+00
1535 3.743686e+00 1.603424e+00
1536 3.779845e+00 1.629178e+00
1537 3.780131e+00 1.628224e+00
1538 3.793424e+00 1.621676e+00
1539 3.802931e+00 1.629606e+00
1540 3.807910e+00 1.618007e+00
1541 3.769996e+00 1.566619e+00
1542 3.776096e+00 1.567548e+00
1543 3.772368e+00 1.542061e+00
1544 3.704698e+00 1.534185e+00
1545 3.709031e+00 1.533593e+00
1546 3.756524e+00 1.581697e+00
1547 3.746203e+00 1.602635e+00
1548 3.749183e+00 1.618291e+00
1549 3.766979e+00 1.610139e+00
1550 3.754708e+00 1.610066e+00
1551 3.739255e+00 1.622050e+00
1552 3.734815e+00 1.626889e+00
1553 3.749846e+00 1.628335e+00
1554 3.783549e+00 1.597249e+00
1555 3.788994e+00 1.598188e+00
1556 3.777577e+00 1.598142e+00
1557 3.777977e+00 1.581713e+00
1558 3.764441e+00 1.582544e+00
1559 3.765683e+00 1.577578e+00
1560 3.769424e+00 1.575614e+00
1561 3.760720e+00 1.577980e+00
1562 3.759613e+00 1.569817e+00
1563 3.762340e+00 1.572871e+00
1564 3.766478e+00 1.565189e+00
1565 3.765228e+00 1.560669e+00
1566 3.734397e+00 1.563946e+00
1567 3.735936e+00 1.571136e+00
1568 3.756191e+00 1.561643e+00
1569 3.743191e+00 1.539082e+00
1570 3.770115e+00 1.527002e+00
1571 3.722455e+00 1.543840e+00
1572 3.726356e+00 1.547231e+00
1573 3.740221e+00 1.535428e+00
1574 3.743216e+00 1.534190e+00
1575 3.753039e+00 1.535946e+00
1576 3.759493e+00 1.526053e+00
1577 3.766732e+00 1.510437e+00
1578 3.757147e+00 1.505219e+00
1579 3.760493e+00 1.516197e+00
1580 3.772849e+00 1.519072e+00
1581 3.787057e+00 1.502247e+00
1582 3.803798e+00 1.544835e+00
1583 3.826092e+00 1.524924e+00
1584 3.857845e+00 1.515302e+00
1585 3.848146e+00 1.520323e+00
1586 3.847096e+00 1.570395e+00
1587 3.858334e+00 1.564990e+00
1588 3.870873e+00 1.577493e+00
1589 3.881559e+00 1.586252e+00
1590 3.896095e+00 1.573335e+00
1591 3.884259e+00 1.597775e+00
1592 3.884702e+00 1.596018e+00
1593 3.893482e+00 1.584810e+00
1594 3.895707e+00 1.598157e+00
1595 3.900188e+00 1.603940e+00
1596 3.875964e+00 1.635718e+00
1597 3.833603e+00 1.611302e+00
1598 3.923749e+00 1.580327e+00
1599 3.922249e+00 1.583456e+00
1600 3.918389e+00 1.589253e+00
1601 3.912385e+00 1.580447e+00
1602 3.909411e+00 1.592699e+00
1603 3.915633e+00 1.545205e+00
1604 3.918247e+00 1.544909e+00
1605 3.917612e+00 1.567889e+00
1606 3.886003e+00 1.589042e+00
1607 3.888692e+00 1.581274e+00
1608 3.900243e+00 1.581972e+00
1609 3.885236e+00 1.570821e+00
1610 3.876876e+00 1.549872e+00
1611 3.875421e+00 1.561565e+00
1612 3.868960e+00 1.556505e+00
1613 3.870343e+00 1.548615e+00
1614 3.857322e+00 1.542233e+00
1615 3.855544e+00 1.580605e+00
1616 3.849313e+00 1.596451e+00
1617 3.853821e+00 1.586700e+00
1618 3.854005e+00 1.585110e+00
1619 3.862611e+00 1.575671e+00
1620 3.851645e+00 1.561284e+00
1621 3.848539e+00 1.556745e+00
1622 3.771530e+00 1.624723e+00
1623 3.796422e+00 1.614662e+00
1624 3.797471e+00 1.601274e+00
1625 3.788599e+00 1.607533e+00
1626 3.788181e+00 1.630362e+00
1627 3.778734e+00 1.637132e+00
1628 3.778658e+00 1.613266e+00
1629 3.761416e+00 1.610758e+00
1630 3.777090e+00 1.604751e+00
1631 3.775102e+00 1.608726e+00
1632 3.750813e+00 1.609927e+00
1633 3.748663e+00 1.613423e+00
1634 3.737557e+00 1.627606e+00
1635 3.735785e+00 1.626019e+00
1636 3.739395e+00 1.617676e+00
1637 3.733990e+00 1.619346e+00
1638 3.677613e+00 1.615200e+00
1639 3.681234e+00 1.583707e+00
1640 3.679250e+00 1.584747e+00
1641 3.665468e+00 1.534557e+00
1642 3.689970e+00 1.548445e+00
1643 3.693543e+00 1.548105e+00
1644 3.666462e+00 1.518731e+00
1645 3.643522e+00 1.542477e+00
1646 3.600572e+00 1.526973e+00
1647 3.575452e+00 1.517182e+00
1648 3.581152e+00 1.526185e+00
1649 3.570800e+00 1.530557e+00
1650 3.550592e+00 1.543179e+00
1651 3.550119e+00 1.543818e+00
1652 3.542487e+00 1.556137e+00
1653 3.547323e+00 1.556612e+00
1654 3.543489e+00 1.555547e+00
1655 3.551993e+00 1.529743e+00
1656 3.558132e+00 1.525292e+00
1657 3.566545e+00 1.530501e+00
1658 3.565870e+00 1.540305e+00
1659 3.599655e+00 1.536066e+00
1660 3.603356e+00 1.544972e+00
1661 3.628107e+00 1.545431e+00
1662 3.627813e+00 1.545193e+00
1663 3.635196e+00 1.530846e+00
1664 3.696181e+00 1.520985e+00
1665 3.628880e+00 1.538807e+00
1666 3.628650e+00 1.538982e+00
1667 3.637827e+00 1.518648e+00
1668 3.636471e+00 1.521220e+00
1669 3.640488e+00 1.519867e+00
1670 3.634743e+00 1.533817e+00
1671 3.637434e+00 1.535187e+00
1672 3.639038e+00 1.533449e+00
1673 3.643748e+00 1.532724e+00
1674 3.641873e+00 1.527890e+00
1675 3.645738e+00 1.528773e+00
1676 3.612576e+00 1.509762e+00
1677 3.612499e+00 1.509419e+00
1678 3.659106e+00 1.530256e+00
1679 3.656875e+00 1.527714e+00
1680 3.659253e+00 1.522387e+00
1681 3.671491e+00 1.540468e+00
1682 3.667169e+00 1.543490e+00
1683 3.674362e+00 1.557734e+00
1684 3.668192e+00 1.559628e+00
1685 3.689717e+00 1.625255e+00
1686 3.694499e+00 1.625021e+00
1687 3.696334e+00 1.623248e+00
1688 3.693133e+00 1.630007e+00
1689 3.688021e+00 1.625091e+00
1690 3.669170e+00 1.644426e+00
1691 3.653875e+00 1.649126e+00
1692 3.662587e+00 1.619943e+00
1693 3.656629e+00 1.657078e+00
1694 3.657634e+00 1.703274e+00
1695 3.667526e+00 1.694724e+00
1696 3.682248e+00 1.729149e+00
1697 3.664910e+00 1.735640e+00
1698 3.656846e+00 1.756148e+00
1699 3.678985e+00 1.762614e+00
1700 3.680373e+00 1.762019e+00
1701 3.688570e+00 1.697802e+00
1702 3.712552e+00 1.719131e+00
1703 3.703461e+00 1.710305e+00
1704 3.761221e+00 1.683515e+00
1705 3.763743e+00 1.671978e+00
1706 3.761991e+00 1.671213e+00
1707 3.720860e+00 1.690469e+00
1708 3.726454e+00 1.697363e+00
1709 3.717403e+00 1.689687e+00
1710 3.659495e+00 1.734939e+00
1711 3.670796e+00 1.735660e+00
1712 3.669447e+00 1.733577e+00
1713 3.670152e+00 1.734414e+00
1714 3.703255e+00 1.750012e+00
1715 3.738924e+00 1.770136e+00
1716 3.736923e+00 1.754874e+00
1717 3.732570e+00 1.754406e+00
1718 3.740314e+00 1.743206e+00
1719 3.739791e+00 1.743642e+00
1720 3.738273e+00 1.715292e+00
1721 3.734721e+00 1.711395e+00
1722 3.721653e+00 1.736869e+00
1723 3.740811e+00 1.750809e+00
1724 3.742789e+00 1.770760e+00
1725 3.763905e+00 1.742952e+00
1726 3.765746e+00 1.732096e+00
1727 3.780135e+00 1.734501e+00
1728 3.786863e+00 1.730819e+00
1729 3.798189e+00 1.749701e+00
1730 3.788410e+00 1.739539e+00
1731 3.778510e+00 1.733385e+00
1732 3.767288e+00 1.742355e+00
1733 3.708302e+00 1.721210e+00
1734 3.715059e+00 1.721420e+00
1735 3.674123e+00 1.681799e+00
1736 3.673361e+00 1.680611e+00
1737 3.637158e+00 1.715768e+00
1738 3.646061e+00 1.711194e+00
1739 3.684811e+00 1.651539e+00
1740 3.700566e+00 1.639728e+00
1741 3.706494e+00 1.668219e+00
1742 3.712637e+00 1.617009e+00
1743 3.713510e+00 1.617073e+00
1744 3.742030e+00 1.581971e+00
1745 3.740072e+00 1.569711e+00
1746 3.762878e+00 1.564211e+00
1747 3.726555e+00 1.503285e+00
1748 3.730637e+00 1.509282e+00
1749 3.731172e+00 1.493526e+00
1750 3.724028e+00 1.503344e+00
1751 3.720515e+00 1.503531e+00
1752 3.713379e+00 1.554592e+00
1753 3.743144e+00 1.583951e+00
1754 3.737537e+00 1.576582e+00
1755 3.736734e+00 1.577282e+00
1756 3.698576e+00 1.574803e+00
1757 3.699129e+00 1.601534e+00
1758 3.668961e+00 1.611188e+00
1759 3.659147e+00 1.612705e+00
1760 3.661989e+00 1.630550e+00
1761 3.663001e+00 1.630296e+00
1762 3.663268e+00 1.626198e+00
1763 3.654743e+00 1.633555e+00
1764 3.648696e+00 1.622319e+00
1765 3.662408e+00 1.602298e+00
1766 3.623598e+00 1.569523e+00
1767 3.589144e+00 1.591284e+00
1768 3.570402e+00 1.593445e+00
1769 3.450018e+00 1.636616e+00
1770 3.431315e+00 1.641067e+00
1771 3.435282e+00 1.654117e+00
1772 3.427164e+00 1.681294e+00
1773 3.430181e+00 1.678886e+00
1774 3.440803e+00 1.714321e+00
1775 3.465693e+00 1.747721e+00
1776 3.439320e+00 1.778643e+00
1777 3.420937e+00 1.769999e+00
1778 3.421075e+00 1.770738e+00
1779 3.414313e+00 1.769519e+00
1780 3.421092e+00 1.768301e+00
1781 3.418508e+00 1.766390e+00
1782 3.430678e+00 1.699134e+00
1783 3.431398e+00 1.702495e+00
1784 3.425244e+00 1.704437e+00
1785 3.434249e+00 1.723595e+00
1786 3.436883e+00 1.725193e+00
1787 3.424783e+00 1.701613e+00
1788 3.441272e+00 1.707522e+00
1789 3.462081e+00 1.700282e+00
1790 3.465099e+00 1.693220e+00
1791 3.455503e+00 1.673914e+00
1792 3.453920e+00 1.673910e+00
1793 3.459330e+00 1.670196e+00
1794 3.445207e+00 1.671586e+00
1795 3.444615e+00 1.673036e+00
1796 3.452622e+00 1.678706e+00
1797 3.434239e+00 1.656268e+00
1798 3.454918e+00 1.681538e+00
1799 3.438831e+00 1.680405e+00
1800 3.437577e+00 1.681723e+00
1801 3.456586e+00 1.675967e+00
1802 3.483770e+00 1.658016e+00
1803 3.435302e+00 1.641516e+00
1804 3.436799e+00 1.638929e+00
1805 3.430832e+00 1.652006e+00
1806 3.419449e+00 1.645753e+00
1807 3.418829e+00 1.639747e+00
1808 3.471549e+00 1.686082e+00
1809 3.516923e+00 1.697380e+00
1810 3.517105e+00 1.697893e+00
1811 3.503861e+00 1.660543e+00
1812 3.504446e+00 1.660295e+00
1813 3.484675e+00 1.706837e+00
1814 3.472817e+00 1.699772e+00
1815 3.451016e+00 1.665479e+00
1816 3.440055e+00 1.662750e+00
1817 3.456088e+00 1.653641e+00
1818 3.445921e+00 1.684831e+00
1819 3.449735e+00 1.696779e+00
1820 3.574074e+00 1.729628e+00
1821 3.572085e+00 1.726415e+00
1822 3.576920e+00 1.723720e+00
1823 3.579392e+00 1.724263e+00
1824 3.630063e+00 1.658903e+00
1825 3.623164e+00 1.675266e+00
1826 3.616275e+00 1.657737e+00
1827 3.614634e+00 1.652660e+00
1828 3.613041e+00 1.634149e+00
1829 3.616968e+00 1.644246e+00
1830 3.600134e+00 1.622367e+00
1831 3.639726e+00 1.609975e+00
1832 3.638544e+00 1.631475e+00
1833 3.641932e+00 1.649770e+00
1834 3.646809e+00 1.639592e+00
1835 3.666964e+00 1.660142e+00
1836 3.647928e+00 1.659784e+00
1837 3.649294e+00 1.657945e+00
1838 3.662053e+00 1.656743e+00
1839 3.664560e+00 1.629331e+00
1840 3.632557e+00 1.621627e+00
1841 3.643312e+00 1.606179e+00
1842 3.640795e+00 1.611962e+00
1843 3.640459e+00 1.615916e+00
1844 3.653043e+00 1.592173e+00
1845 3.642091e+00 1.577616e+00
1846 3.642255e+00 1.577153e+00
1847 3.636126e+00 1.580505e+00
1848 3.674259e+00 1.594130e+00
1849 3.674110e+00 1.593744e+00
1850 3.676187e+00 1.580180e+00
1851 3.670996e+00 1.600130e+00
1852 3.707057e+00 1.590183e+00
1853 3.711661e+00 1.576816e+00
1854 3.713500e+00 1.568442e+00
1855 3.766623e+00 1.538307e+00
1856 3.758981e+00 1.511257e+00
1857 3.732066e+00 1.507357e+00
1858 3.699148e+00 1.540620e+00
1859 3.706825e+00 1.549464e+00
1860 3.725624e+00 1.551988e+00
1861 3.726799e+00 1.552347e+00
1862 3.711349e+00 1.547202e+00
1863 3.720315e+00 1.529390e+00
1864 3.718708e+00 1.524350e+00
1865 3.718611e+00 1.541382e+00
1866 3.718137e+00 1.540619e+00
1867 3.718119e+00 1.540554e+00
1868 3.707526e+00 1.541074e+00
1869 3.713773e+00 1.548688e+00
1870 3.711264e+00 1.556672e+00
1871 3.730385e+00 1.562208e+00
1872 3.729862e+00 1.573456e+00
1873 3.737558e+00 1.571021e+00
1874 3.738517e+00 1.574248e+00
1875 3.725778e+00 1.606229e+00
1876 3.739398e+00 1.656067e+00
1877 3.754459e+00 1.658338e+00
1878 3.746672e+00 1.636516e+00
1879 3.744981e+00 1.643593e+00
1880 3.736432e+00 1.639615e+00
1881 3.700706e+00 1.628789e+00
1882 3.729239e+00 1.630760e+00
1883 3.730711e+00 1.628063e+00
1884 3.705737e+00 1.640514e+00
1885 3.709429e+00 1.658849e+00
1886 3.715176e+00 1.663558e+00
1887 3.732226e+00 1.652804e+00
1888 3.729538e+00 1.649800e+00
1889 3.744885e+00 1.638413e+00
1890 3.766167e+00 1.618468e+00
1891 3.717712e+00 1.623764e+00
1892 3.717316e+00 1.623267e+00
1893 3.711289e+00 1.630692e+00
1894 3.710148e+00 1.631234e+00
1895 3.726207e+00 1.642900e+00
1896 3.727983e+00 1.636434e+00
1897 3.716592e+00 1.666026e+00
1898 3.733785e+00 1.675958e+00
1899 3.735309e+00 1.682845e+00
1900 3.758886e+00 1.707453e+00
1901 3.764132e+00 1.706839e+00
1902 3.768205e+00 1.707591e+00
1903 3.763502e+00 1.705635e+00
1904 3.796614e+00 1.724608e+00
1905 3.784706e+00 1.692638e+00
1906 3.830515e+00 1.707456e+00
1907 3.862327e+00 1.718731e+00
1908 3.837118e+00 1.730976e+00
1909 3.842262e+00 1.729529e+00
1910 3.839591e+00 1.725935e+00
1911 3.840503e+00 1.727868e+00
1912 3.840275e+00 1.721671e+00
1913 3.868296e+00 1.707550e+00
1914 3.875434e+00 1.705609e+00
1915 3.917056e+00 1.701381e+00
1916 3.915907e+00 1.707582e+00
1917 3.930430e+00 1.738584e+00
1918 3.933447e+00 1.768698e+00
1919 3.926934e+00 1.784767e+00
1920 3.919467e+00 1.785604e+00
1921 3.930601e+00 1.794150e+00
1922 3.863073e+00 1.846720e+00
1923 3.866319e+00 1.852143e+00
1924 3.862622e+00 1.844331e+00
1925 3.856881e+00 1.847479e+00
1926 3.903162e+00 1.854296e+00
1927 3.897985e+00 1.840519e+00
1928 3.891985e+00 1.850848e+00
1929 3.892009e+00 1.829275e+00
1930 3.864549e+00 1.829931e+00
1931 3.822134e+00 1.814925e+00
1932 3.838583e+00 1.823349e+00
1933 3.837253e+00 1.823974e+00
1934 3.834142e+00 1.826176e+00
1935 3.867626e+00 1.856103e+00
1936 3.868463e+00 1.863521e+00
1937 3.877129e+00 1.885140e+00
1938 3.878990e+00 1.895988e+00
1939 3.877286e+00 1.924767e+00
1940 3.880020e+00 1.922521e+00
1941 3.876223e+00 1.901325e+00
1942 3.876037e+00 1.901671e+00
1943 3.870288e+00 1.911435e+00
1944 3.864531e+00 1.905967e+00
1945 3.860564e+00 1.902271e+00
1946 3.854962e+00 1.888757e+00
1947 3.856024e+00 1.890665e+00
1948 3.872059e+00 1.874437e+00
1949 3.865113e+00 1.868016e+00
1950 3.861814e+00 1.872384e+00
1951 3.873654e+00 1.862102e+00
1952 3.873232e+00 1.860317e+00
1953 3.869761e+00 1.857086e+00
1954 3.848552e+00 1.804296e+00
1955 3.848157e+00 1.803105e+00
1956 3.858914e+00 1.801972e+00
1957 3.843962e+00 1.804706e+00
1958 3.842487e+00 1.804507e+00
1959 3.843881e+00 1.794651e+00
1960 3.845476e+00 1.831980e+00
1961 3.891270e+00 1.866661e+00
1962 3.898319e+00 1.859083e+00
1963 3.896177e+00 1.851508e+00
1964 3.896966e+00 1.847260e+00
1965 3.911391e+00 1.870737e+00
1966 3.902085e+00 1.844643e+00
1967 3.915182e+00 1.877028e+00
1968 3.917836e+00 1.870426e+00
1969 3.959536e+00 1.863216e+00
1970 3.979767e+00 1.889031e+00
1971 3.999258e+00 1.873676e+00
1972 3.975524e+00 1.865179e+00
1973 3.974297e+00 1.870945e+00
1974 3.979082e+00 1.873502e+00
1975 3.978611e+00 1.857213e+00
1976 3.986520e+00 1.870041e+00
1977 4.025135e+00 1.863445e+00
1978 4.014022e+00 1.883769e+00
1979 4.012319e+00 1.896870e+00
1980 4.004788e+00 1.883353e+00
1981 3.989207e+00 1.870811e+00
1982 4.007163e+00 1.867985e+00
1983 4.027459e+00 1.845986e+00
1984 4.054014e+00 1.847253e+00
1985 4.014472e+00 1.846187e+00
1986 4.026702e+00 1.856718e+00
1987 3.945017e+00 1.866304e+00
1988 3.953413e+00 1.845650e+00
1989 3.953192e+00 1.840995e+00
1990 3.956711e+00 1.842986e+00
1991 3.955692e+00 1.844899e+00
1992 3.956243e+00 1.848296e+00
1993 3.929315e+00 1.869390e+00
1994 3.934709e+00 1.846827e+00
1995 3.966328e+00 1.863374e+00
1996 3.975681e+00 1.879252e+00
1997 3.977890e+00 1.880546e+00
1998 3.986987e+00 1.863485e+00
1999 4.001429e+00 1.871039e+00
2000 3.993920e+00 1.869150e+00
2001 4.022371e+00 1.844186e+00
2002 4.002192e+00 1.858321e+00
2003 4.030368e+00 1.864816e+00
2004 4.028695e+00 1.859947e+00
2005 4.001442e+00 1.866239e+00
2006 3.996092e+00 1.863903e+00
2007 4.033657e+00 1.812350e+00
2008 4.046311e+00 1.815670e+00
2009 4.046126e+00 1.815962e+00
2010 4.046122e+00 1.816559e+00
2011 4.079261e+00 1.844815e+00
2012 4.152901e+00 1.865291e+00
2013 4.153487e+00 1.865722e+00
2014 4.143588e+00 1.854163e+00
2015 4.156147e+00 1.903766e+00
2016 4.192778e+00 1.937916e+00
2017 4.181418e+00 1.944379e+00
2018 4.217727e+00 1.885102e+00
2019 4.235319e+00 1.843611e+00
2020 4.234635e+00 1.840798e+00
2021 4.235586e+00 1.804899e+00
2022 4.224199e+00 1.795738e+00
2023 4.233541e+00 1.794639e+00
2024 4.228148e+00 1.783120e+00
2025 4.225610e+00 1.763972e+00
2026 4.225728e+00 1.761080e+00
2027 4.239340e+00 1.769612e+00
2028 4.237629e+00 1.768617e+00
2029 4.241379e+00 1.778618e+00
2030 4.245622e+00 1.790351e+00
2031 4.245135e+00 1.796188e+00
2032 4.243770e+00 1.785461e+00
2033 4.246594e+00 1.799852e+00
2034 4.253476e+00 1.806688e+00
2035 4.265697e+00 1.809251e+00
2036 4.267743e+00 1.808142e+00
2037 4.251094e+00 1.826256e+00
2038 4.249536e+00 1.822709e+00
2039 4.217046e+00 1.828726e+00
2040 4.208628e+00 1.810511e+00
2041 4.218484e+00 1.766920e+00
2042 4.206816e+00 1.767986e+00
2043 4.233249e+00 1.822185e+00
2044 4.214207e+00 1.843205e+00
2045 4.248785e+00 1.822944e+00
2046 4.260792e+00 1.809360e+00
2047 4.280189e+00 1.820603e+00
2048 4.299543e+00 1.817781e+00
2049 4.305053e+00 1.812781e+00
2050 4.305017e+00 1.812832e+00
2051 4.310974e+00 1.827625e+00
2052 4.309238e+00 1.825005e+00
2053 4.314235e+00 1.819291e+00
2054 4.318459e+00 1.786665e+00
2055 4.337485e+00 1.793019e+00
2056 4.364406e+00 1.767194e+00
2057 4.370542e+00 1.773027e+00
2058 4.373045e+00 1.731946e+00
2059 4.384823e+00 1.734113e+00
2060 4.404213e+00 1.734922e+00
2061 4.401087e+00 1.727615e+00
2062 4.401434e+00 1.716981e+00
2063 4.426771e+00 1.724494e+00
2064 4.415432e+00 1.723417e+00
2065 4.474171e+00 1.770608e+00
2066 4.462192e+00 1.762993e+00
2067 4.501136e+00 1.736996e+00
2068 4.489325e+00 1.744222e+00
2069 4.518689e+00 1.755149e+00
2070 4.492448e+00 1.670869e+00
2071 4.496397e+00 1.670891e+00
2072 4.491079e+00 1.669253e+00
2073 4.500121e+00 1.671618e+00
2074 4.500118e+00 1.671620e+00
2075 4.491436e+00 1.666941e+00
2076 4.490843e+00 1.668098e+00
2077 4.514827e+00 1.663488e+00
2078 4.514024e+00 1.664189e+00
2079 4.511484e+00 1.661484e+00
2080 4.543783e+00 1.668903e+00
2081 4.558687e+00 1.626576e+00
2082 4.561792e+00 1.633955e+00
2083 4.562683e+00 1.632139e+00
2084 4.528929e+00 1.649194e+00
2085 4.545816e+00 1.656625e+00
2086 4.539675e+00 1.684467e+00
2087 4.551568e+00 1.671146e+00
2088 4.537496e+00 1.687033e+00
2089 4.489957e+00 1.664471e+00
2090 4.502175e+00 1.669511e+00
2091 4.502208e+00 1.669551e+00
2092 4.411454e+00 1.684920e+00
2093 4.392259e+00 1.724628e+00
2094 4.388068e+00 1.729130e+00
2095 4.383337e+00 1.732061e+00
2096 4.382986e+00 1.732751e+00
2097 4.407828e+00 1.776657e+00
2098 4.429225e+00 1.792923e+00
2099 4.447450e+00 1.794161e+00
2100 4.445194e+00 1.794848e+00
2101 4.410040e+00 1.802203e+00
2102 4.403712e+00 1.792048e+00
2103 4.403830e+00 1.791874e+00
2104 4.403265e+00 1.790552e+00
2105 4.397168e+00 1.768153e+00
2106 4.395915e+00 1.763782e+00
2107 4.395761e+00 1.764743e+00
2108 4.394647e+00 1.764837e+00
2109 4.396945e+00 1.742394e+00
2110 4.385939e+00 1.735490e+00
2111 4.389018e+00 1.734768e+00
2112 4.412335e+00 1.713414e+00
2113 4.416843e+00 1.756785e+00
2114 4.427258e+00 1.753290e+00
2115 4.420086e+00 1.756408e+00
2116 4.420854e+00 1.767758e+00
2117 4.422992e+00 1.768240e+00
2118 4.415041e+00 1.771848e+00
2119 4.406735e+00 1.787630e+00
2120 4.392267e+00 1.771619e+00
2121 4.387947e+00 1.775005e+00
2122 4.385637e+00 1.795421e+00
2123 4.404864e+00 1.791099e+00
2124 4.412142e+00 1.760712e+00
2125 4.413329e+00 1.760951e+00
2126 4.404019e+00 1.769167e+00
2127 4.448318e+00 1.842830e+00
2128 4.438198e+00 1.834108e+00
2129 4.407857e+00 1.858566e+00
2130 4.408438e+00 1.859044e+00
2131 4.410586e+00 1.858201e+00
2132 4.428068e+00 1.892283e+00
2133 4.411766e+00 1.882137e+00
2134 4.440248e+00 1.887185e+00
2135 4.467614e+00 1.908027e+00
2136 4.431553e+00 1.905329e+00
2137 4.424272e+00 1.875071e+00
2138 4.331716e+00 1.889923e+00
2139 4.307851e+00 1.882858e+00
2140 4.310448e+00 1.885482e+00
2141 4.317872e+00 1.893243e+00
2142 4.318017e+00 1.895573e+00
2143 4.285583e+00 1.913430e+00
2144 4.294580e+00 1.918612e+00
2145 4.279043e+00 1.931727e+00
2146 4.273496e+00 1.930985e+00
2147 4.269139e+00 1.951797e+00
2148 4.267595e+00 1.949821e+00
2149 4.232366e+00 1.966513e+00
2150 4.253482e+00 1.932113e+00
2151 4.249513e+00 1.908864e+00
2152 4.286477e+00 1.916523e+00
2153 4.299250e+00 1.880106e+00
2154 4.289735e+00 1.870691e+00
2155 4.327812e+00 1.857617e+00
2156 4.326435e+00 1.857944e+00
2157 4.326732e+00 1.856278e+00
2158 4.293798e+00 1.861591e+00
2159 4.290842e+00 1.871352e+00
2160 4.292544e+00 1.868589e+00
2161 4.292259e+00 1.869761e+00
2162 4.268237e+00 1.859857e+00
2163 4.264186e+00 1.850227e+00
2164 4.260454e+00 1.848436e+00
2165 4.268416e+00 1.841285e+00
2166 4.201564e+00 1.798559e+00
2167 4.197790e+00 1.798104e+00
2168 4.204697e+00 1.789007e+00
2169 4.218507e+00 1.789826e+00
2170 4.217328e+00 1.776525e+00
2171 4.211395e+00 1.755364e+00
2172 4.210369e+00 1.758887e+00
2173 4.223126e+00 1.788943e+00
2174 4.170256e+00 1.809718e+00
2175 4.189780e+00 1.817354e+00
2176 4.179094e+00 1.856399e+00
2177 4.191447e+00 1.849248e+00
2178 4.171082e+00 1.838088e+00
2179 4.129355e+00 1.853510e+00
2180 4.102978e+00 1.818759e+00
2181 4.092121e+00 1.823467e+00
2182 4.070452e+00 1.824639e+00
2183 4.074293e+00 1.810666e+00
2184 4.074435e+00 1.810610e+00
2185 4.072893e+00 1.794348e+00
2186 4.047981e+00 1.781062e+00
2187 4.047006e+00 1.788821e+00
2188 4.071439e+00 1.775446e+00
2189 4.062371e+00 1.759841e+00
2190 4.051805e+00 1.699956e+00
2191 4.049025e+00 1.697242e+00
2192 4.037435e+00 1.670110e+00
2193 4.036629e+00 1.675753e+00
2194 4.029280e+00 1.673680e+00
2195 4.160031e+00 1.711189e+00
2196 4.160251e+00 1.705584e+00
2197 4.166737e+00 1.703963e+00
2198 4.164089e+00 1.701770e+00
2199 4.139948e+00 1.665511e+00
2200 4.143109e+00 1.708393e+00
2201 4.133625e+00 1.706217e+00
2202 4.146325e+00 1.712453e+00
2203 4.146361e+00 1.712474e+00
2204 4.180571e+00 1.756564e+00
2205 4.171336e+00 1.748948e+00
2206 4.180355e+00 1.734860e+00
2207 4.168083e+00 1.742036e+00
2208 4.158352e+00 1.734915e+00
2209 4.106074e+00 1.766616e+00
2210 4.092182e+00 1.791947e+00
2211 4.078112e+00 1.812543e+00
2212 4.145016e+00 1.857648e+00
2213 4.124869e+00 1.849081e+00
2214 4.150017e+00 1.853051e+00
2215 4.183545e+00 1.861314e+00
2216 4.184138e+00 1.862391e+00
2217 4.200987e+00 1.854116e+00
2218 4.182453e+00 1.843678e+00
2219 4.190409e+00 1.841184e+00
2220 4.222155e+00 1.826984e+00
2221 4.217790e+00 1.839395e+00
2222 4.234740e+00 1.835091e+00
2223 4.234166e+00 1.834314e+00
2224 4.221243e+00 1.829990e+00
2225 4.220801e+00 1.831070e+00
2226 4.221660e+00 1.832000e+00
2227 4.217548e+00 1.863405e+00
2228 4.194762e+00 1.867505e+00
2229 4.192402e+00 1.867512e+00
2230 4.193599e+00 1.873705e+00
2231 4.193563e+00 1.873757e+00
2232 4.193019e+00 1.873989e+00
2233 4.184223e+00 1.879145e+00
2234 4.154310e+00 1.865100e+00
2235 4.158464e+00 1.886954e+00
2236 4.157569e+00 1.886977e+00
2237 4.197817e+00 1.915013e+00
2238 4.222061e+00 1.933096e+00
2239 4.220644e+00 1.933107e+00
2240 4.246751e+00 1.963798e+00
2241 4.249741e+00 1.971146e+00
2242 4.233779e+00 1.971119e+00
2243 4.187043e+00 1.955916e+00
2244 4.185916e+00 1.958622e+00
2245 4.170212e+00 1.905553e+00
2246 4.175152e+00 1.957120e+00
2247 4.165335e+00 1.995218e+00
2248 4.163435e+00 1.992816e+00
2249 4.162970e+00 2.020484e+00
2250 4.171050e+00 2.031344e+00
2251 4.175062e+00 2.042004e+00
2252 4.172467e+00 2.047188e+00
2253 4.161428e+00 2.054028e+00
2254 4.154419e+00 2.062821e+00
2255 4.152186e+00 2.055981e+00
2256 4.150400e+00 2.075553e+00
2257 4.152316e+00 2.071004e+00
2258 4.145903e+00 2.070338e+00
2259 4.171899e+00 2.068826e+00
2260 4.176186e+00 2.062666e+00
2261 4.167255e+00 2.067596e+00
2262 4.203903e+00 2.085678e+00
2263 4.194433e+00 2.095732e+00
2264 4.194437e+00 2.095872e+00
2265 4.189186e+00 2.099058e+00
2266 4.191171e+00 2.098997e+00
2267 4.186261e+00 2.104103e+00
2268 4.186042e+00 2.103761e+00
2269 4.204396e+00 2.118326e+00
2270 4.165157e+00 2.086555e+00
2271 4.181916e+00 2.091370e+00
2272 4.191004e+00 2.086917e+00
2273 4.188331e+00 2.099655e+00
2274 4.153563e+00 2.078578e+00
2275 4.155900e+00 2.068317e+00
2276 4.172335e+00 2.067027e+00
2277 4.161022e+00 2.073692e+00
2278 4.162316e+00 2.072072e+00
2279 4.150415e+00 2.070704e+00
2280 4.146806e+00 2.081668e+00
2281 4.128083e+00 2.147068e+00
2282 4.128696e+00 2.147998e+00
2283 4.141348e+00 2.145481e+00
2284 4.159374e+00 2.134173e+00
2285 4.153482e+00 2.120747e+00
2286 4.152384e+00 2.191429e+00
2287 4.151956e+00 2.192822e+00
2288 4.155078e+00 2.194227e+00
2289 4.156716e+00 2.179628e+00
2290 4.149522e+00 2.187078e+00
2291 4.147862e+00 2.189198e+00
2292 4.138411e+00 2.195454e+00
2293 4.126599e+00 2.226831e+00
2294 4.127047e+00 2.240482e+00
2295 4.104349e+00 2.256246e+00
2296 4.092956e+00 2.253287e+00
2297 4.080811e+00 2.238944e+00
2298 4.084660e+00 2.267895e+00
2299 4.092741e+00 2.293282e+00
2300 4.081540e+00 2.292641e+00
2301 4.113003e+00 2.247133e+00
2302 4.049977e+00 2.277789e+00
2303 4.066291e+00 2.279452e+00
2304 4.098998e+00 2.276949e+00
2305 4.098883e+00 2.275767e+00
2306 4.083835e+00 2.297998e+00
2307 4.093296e+00 2.367096e+00
2308 4.086336e+00 2.389254e+00
2309 4.081163e+00 2.390003e+00
2310 4.055626e+00 2.373174e+00
2311 4.083659e+00 2.352093e+00
2312 4.080779e+00 2.380512e+00
2313 4.080806e+00 2.380566e+00
2314 4.058303e+00 2.394727e+00
2315 4.072237e+00 2.380932e+00
2316 4.064626e+00 2.355392e+00
2317 4.095844e+00 2.332491e+00
2318 4.097036e+00 2.379406e+00
2319 4.098865e+00 2.371162e+00
2320 4.099224e+00 2.370612e+00
2321 4.108005e+00 2.381210e+00
2322 4.072589e+00 2.387477e+00
2323 4.038908e+00 2.398425e+00
2324 4.004668e+00 2.458421e+00
2325 4.015503e+00 2.464916e+00
2326 3.990077e+00 2.488885e+00
2327 3.998595e+00 2.514609e+00
2328 3.988264e+00 2.511180e+00
2329 3.949707e+00 2.511428e+00
2330 3.960378e+00 2.507650e+00
2331 3.960870e+00 2.498312e+00
2332 3.967852e+00 2.478046e+00
2333 3.905508e+00 2.476157e+00
2334 3.895387e+00 2.474512e+00
2335 3.893081e+00 2.477463e+00
2336 3.864278e+00 2.411140e+00
2337 3.879278e+00 2.421466e+00
2338 3.863295e+00 2.418140e+00
2339 3.888345e+00 2.423709e+00
2340 3.881495e+00 2.443310e+00
2341 3.876292e+00 2.430675e+00
2342 3.854389e+00 2.451275e+00
2343 3.858074e+00 2.454734e+00
2344 3.854234e+00 2.496411e+00
2345 3.842301e+00 2.481417e+00
2346 3.832443e+00 2.485473e+00
2347 3.832489e+00 2.485759e+00
2348 3.825330e+00 2.495476e+00
2349 3.817033e+00 2.540258e+00
2350 3.807887e+00 2.538325e+00
2351 3.816223e+00 2.565434e+00
2352 3.813171e+00 2.563513e+00
2353 3.770041e+00 2.560575e+00
2354 3.758451e+00 2.556157e+00
2355 3.759721e+00 2.555727e+00
2356 3.767348e+00 2.554152e+00
2357 3.837430e+00 2.526450e+00
2358 3.852743e+00 2.536407e+00
2359 3.853614e+00 2.536569e+00
2360 3.850580e+00 2.538460e+00
2361 3.882084e+00 2.517671e+00
2362 3.879043e+00 2.516798e+00
2363 3.877754e+00 2.512706e+00
2364 3.877985e+00 2.500190e+00
2365 3.877295e+00 2.489340e+00
2366 3.881994e+00 2.518425e+00
2367 3.891980e+00 2.517405e+00
2368 3.888523e+00 2.523293e+00
2369 3.891057e+00 2.531038e+00
2370 3.891873e+00 2.530485e+00
2371 3.899061e+00 2.537618e+00
2372 3.886141e+00 2.531283e+00
2373 3.894400e+00 2.526146e+00
2374 3.903946e+00 2.520929e+00
2375 3.908616e+00 2.519716e+00
2376 3.904561e+00 2.537406e+00
2377 3.891005e+00 2.549118e+00
2378 3.889474e+00 2.548597e+00
2379 3.886472e+00 2.551174e+00
2380 3.915632e+00 2.501591e+00
2381 3.943725e+00 2.522137e+00
2382 3.888669e+00 2.524690e+00
2383 3.886648e+00 2.525885e+00
2384 3.889305e+00 2.529749e+00
2385 3.922260e+00 2.523344e+00
2386 3.922121e+00 2.523382e+00
2387 3.923357e+00 2.523554e+00
2388 3.844295e+00 2.480974e+00
2389 3.838909e+00 2.481388e+00
2390 3.834306e+00 2.477389e+00
2391 3.824422e+00 2.487602e+00
2392 3.838262e+00 2.482698e+00
2393 3.837587e+00 2.476912e+00
2394 3.832301e+00 2.486687e+00
2395 3.833746e+00 2.469448e+00
2396 3.837656e+00 2.463939e+00
2397 3.830241e+00 2.468489e+00
2398 3.831481e+00 2.467786e+00
2399 3.879656e+00 2.484204e+00
2400 3.909921e+00 2.495267e+00
2401 3.923561e+00 2.522456e+00
2402 3.868125e+00 2.538076e+00
2403 3.869959e+00 2.545457e+00
2404 3.876178e+00 2.548431e+00
2405 3.824910e+00 2.599227e+00
2406 3.806338e+00 2.604844e+00
2407 3.834407e+00 2.621251e+00
2408 3.816130e+00 2.621324e+00
2409 3.806488e+00 2.611307e+00
2410 3.809107e+00 2.615209e+00
2411 3.804890e+00 2.618806e+00
2412 3.800987e+00 2.621029e+00
2413 3.748185e+00 2.602101e+00
2414 3.741435e+00 2.601119e+00
2415 3.720705e+00 2.602957e+00
2416 3.721150e+00 2.604468e+00
2417 3.720451e+00 2.632907e+00
2418 3.718873e+00 2.633364e+00
2419 3.707960e+00 2.633449e+00
2420 3.675826e+00 2.670633e+00
2421 3.696842e+00 2.740663e+00
2422 3.693628e+00 2.731354e+00
2423 3.710140e+00 2.709245e+00
2424 3.709343e+00 2.706107e+00
2425 3.686704e+00 2.705821e+00
2426 3.811377e+00 2.655217e+00
2427 3.770547e+00 2.662273e+00
2428 3.776405e+00 2.659287e+00
2429 3.740769e+00 2.641969e+00
2430 3.773763e+00 2.648559e+00
2431 3.743131e+00 2.659866e+00
2432 3.744611e+00 2.658344e+00
2433 3.744407e+00 2.657308e+00
2434 3.754080e+00 2.651368e+00
2435 3.756738e+00 2.652979e+00
2436 3.751037e+00 2.673234e+00
2437 3.751923e+00 2.677910e+00
2438 3.755760e+00 2.657161e+00
2439 3.760163e+00 2.661304e+00
2440 3.759897e+00 2.661451e+00
2441 3.764451e+00 2.659817e+00
2442 3.750870e+00 2.705323e+00
2443 3.751131e+00 2.668283e+00
2444 3.758523e+00 2.656609e+00
2445 3.777180e+00 2.633667e+00
2446 3.795405e+00 2.653011e+00
2447 3.794851e+00 2.654558e+00
2448 3.790458e+00 2.655725e+00
2449 3.793872e+00 2.660030e+00
2450 3.872682e+00 2.606565e+00
2451 3.872082e+00 2.612101e+00
2452 3.867352e+00 2.593747e+00
2453 3.867973e+00 2.594148e+00
2454 3.870261e+00 2.558855e+00
2455 3.862810e+00 2.562616e+00
2456 3.860144e+00 2.575641e+00
2457 3.849090e+00 2.588319e+00
2458 3.856210e+00 2.589669e+00
2459 3.872789e+00 2.606036e+00
2460 3.870062e+00 2.606237e+00
2461 3.863318e+00 2.588412e+00
2462 3.867824e+00 2.634578e+00
2463 3.828772e+00 2.628864e+00
2464 3.897257e+00 2.659828e+00
2465 3.854591e+00 2.627534e+00
2466 3.846148e+00 2.628845e+00
2467 3.851689e+00 2.636628e+00
2468 3.845347e+00 2.628051e+00
2469 3.840321e+00 2.645821e+00
2470 3.818414e+00 2.640959e+00
2471 3.842912e+00 2.635524e+00
2472 3.830620e+00 2.661107e+00
2473 3.828500e+00 2.663948e+00
2474 3.800025e+00 2.669266e+00
2475 3.771325e+00 2.649431e+00
2476 3.772846e+00 2.632860e+00
2477 3.731993e+00 2.597140e+00
2478 3.731194e+00 2.607662e+00
2479 3.722330e+00 2.609805e+00
2480 3.731212e+00 2.624413e+00
2481 3.736267e+00 2.628048e+00
2482 3.742590e+00 2.632933e+00
2483 3.828364e+00 2.596008e+00
2484 3.828226e+00 2.595537e+00
2485 3.819366e+00 2.588465e+00
2486 3.814531e+00 2.607612e+00
2487 3.828553e+00 2.578841e+00
2488 3.832105e+00 2.567738e+00
2489 3.824565e+00 2.603850e+00
2490 3.832160e+00 2.630366e+00
2491 3.894053e+00 2.628878e+00
2492 3.890387e+00 2.646071e+00
2493 3.891150e+00 2.647224e+00
2494 3.894789e+00 2.644681e+00
2495 3.917107e+00 2.671218e+00
2496 3.923610e+00 2.639688e+00
2497 3.900468e+00 2.647201e+00
2498 3.901356e+00 2.645203e+00
2499 3.907322e+00 2.662771e+00
2500 3.933763e+00 2.679801e+00
2501 3.939272e+00 2.697921e+00
2502 3.939160e+00 2.697379e+00
2503 3.931128e+00 2.708097e+00
2504 3.946417e+00 2.697546e+00
2505 3.940592e+00 2.691502e+00
2506 3.934894e+00 2.678752e+00
2507 3.956627e+00 2.676045e+00
2508 3.942674e+00 2.678310e+00
2509 3.920236e+00 2.690661e+00
2510 3.924895e+00 2.687274e+00
2511 3.920968e+00 2.691113e+00
2512 3.926579e+00 2.679028e+00
2513 3.935125e+00 2.692025e+00
2514 3.929982e+00 2.695303e+00
2515 3.929800e+00 2.692966e+00
2516 3.932003e+00 2.691193e+00
2517 3.933348e+00 2.688822e+00
2518 3.910895e+00 2.690708e+00
2519 3.911638e+00 2.697137e+00
2520 3.912019e+00 2.656889e+00
2521 3.905746e+00 2.657029e+00
2522 3.913789e+00 2.680241e+00
2523 3.925774e+00 2.656121e+00
2524 3.948233e+00 2.676426e+00
2525 3.960040e+00 2.675947e+00
2526 3.981629e+00 2.636788e+00
2527 3.985479e+00 2.632838e+00
2528 4.000977e+00 2.616827e+00
2529 4.000176e+00 2.591200e+00
2530 3.996028e+00 2.600232e+00
2531 3.984005e+00 2.604828e+00
2532 3.993532e+00 2.605230e+00
2533 3.965443e+00 2.582216e+00
2534 3.959618e+00 2.583723e+00
2535 3.957450e+00 2.580166e+00
2536 3.957598e+00 2.580703e+00
2537 3.959014e+00 2.579627e+00
2538 3.958978e+00 2.571307e+00
2539 3.937554e+00 2.572126e+00
2540 3.943064e+00 2.559973e+00
2541 3.941419e+00 2.547159e+00
2542 3.960953e+00 2.531197e+00
2543 3.954657e+00 2.519697e+00
2544 3.955391e+00 2.520878e+00
2545 3.964553e+00 2.525146e+00
2546 3.949418e+00 2.513657e+00
2547 3.945740e+00 2.503949e+00
2548 3.944144e+00 2.511490e+00
2549 3.957911e+00 2.500839e+00
2550 3.959206e+00 2.503212e+00
2551 3.959245e+00 2.504096e+00
2552 3.986727e+00 2.507531e+00
2553 3.990146e+00 2.526318e+00
2554 3.988397e+00 2.532621e+00
2555 3.956468e+00 2.529765e+00
2556 3.962012e+00 2.527084e+00
2557 3.970342e+00 2.517071e+00
2558 3.976884e+00 2.533473e+00
2559 3.974169e+00 2.532712e+00
2560 3.981743e+00 2.533109e+00
2561 4.002787e+00 2.549149e+00
2562 3.985355e+00 2.541036e+00
2563 3.989668e+00 2.529191e+00
2564 3.965605e+00 2.564093e+00
2565 3.974395e+00 2.513050e+00
2566 4.021221e+00 2.529234e+00
2567 4.036940e+00 2.528268e+00
2568 4.041714e+00 2.498999e+00
2569 4.025940e+00 2.503546e+00
2570 4.027598e+00 2.501334e+00
2571 4.056928e+00 2.524394e+00
2572 4.054309e+00 2.526169e+00
2573 4.076438e+00 2.521156e+00
2574 4.082449e+00 2.522587e+00
2575 4.098100e+00 2.467258e+00
2576 4.086235e+00 2.477715e+00
2577 4.081319e+00 2.464345e+00
2578 4.059313e+00 2.462369e+00
2579 4.062571e+00 2.462543e+00
2580 4.052460e+00 2.453767e+00
2581 4.051925e+00 2.453068e+00
2582 4.066091e+00 2.445788e+00
2583 4.089002e+00 2.450502e+00
2584 4.090978e+00 2.453918e+00
2585 4.079366e+00 2.444851e+00
2586 4.109937e+00 2.449201e+00
2587 4.140987e+00 2.478890e+00
2588 4.166858e+00 2.500491e+00
2589 4.158911e+00 2.540351e+00
2590 4.158837e+00 2.537232e+00
2591 4.168062e+00 2.534503e+00
2592 4.193197e+00 2.539098e+00
2593 4.207491e+00 2.480948e+00
2594 4.209034e+00 2.482150e+00
2595 4.200040e+00 2.485114e+00
2596 4.218516e+00 2.486033e+00
2597 4.214750e+00 2.489933e+00
2598 4.214994e+00 2.491341e+00
2599 4.214964e+00 2.491350e+00
2600 4.218848e+00 2.493325e+00
2601 4.219339e+00 2.492682e+00
2602 4.216342e+00 2.496884e+00
2603 4.215062e+00 2.521166e+00
2604 4.243571e+00 2.531556e+00
2605 4.266903e+00 2.507435e+00
2606 4.251493e+00 2.514427e+00
2607 4.258221e+00 2.509810e+00
2608 4.253645e+00 2.505369e+00
2609 4.248368e+00 2.499088e+00
2610 4.269081e+00 2.480766e+00
2611 4.266152e+00 2.411235e+00
2612 4.295909e+00 2.372340e+00
2613 4.280055e+00 2.363873e+00
2614 4.243298e+00 2.364589e+00
2615 4.243933e+00 2.362720e+00
2616 4.244860e+00 2.362577e+00
2617 4.247681e+00 2.361311e+00
2618 4.248225e+00 2.361624e+00
2619 4.278073e+00 2.373860e+00
2620 4.342836e+00 2.410958e+00
2621 4.353126e+00 2.422023e+00
2622 4.350233e+00 2.428283e+00
2623 4.386808e+00 2.400314e+00
2624 4.371903e+00 2.396201e+00
2625 4.331049e+00 2.402643e+00
2626 4.269863e+00 2.444614e+00
2627 4.254447e+00 2.439179e+00
2628 4.230809e+00 2.443194e+00
2629 4.224532e+00 2.442845e+00
2630 4.213858e+00 2.427646e+00
2631 4.213924e+00 2.426597e+00
2632 4.218575e+00 2.433405e+00
2633 4.226467e+00 2.480734e+00
2634 4.227701e+00 2.478242e+00
2635 4.231906e+00 2.494733e+00
2636 4.225781e+00 2.495017e+00
2637 4.270195e+00 2.547510e+00
2638 4.283228e+00 2.551556e+00
2639 4.310088e+00 2.549795e+00
2640 4.303929e+00 2.538118e+00
2641 4.308340e+00 2.544373e+00
2642 4.293616e+00 2.545403e+00
2643 4.290604e+00 2.533910e+00
2644 4.329563e+00 2.525595e+00
2645 4.383547e+00 2.525909e+00
2646 4.342257e+00 2.539226e+00
2647 4.339364e+00 2.539794e+00
2648 4.340030e+00 2.553666e+00
2649 4.353606e+00 2.560824e+00
2650 4.346713e+00 2.559771e+00
2651 4.342450e+00 2.557207e+00
2652 4.349563e+00 2.563067e+00
2653 4.338258e+00 2.575172e+00
2654 4.274566e+00 2.578438e+00
2655 4.262917e+00 2.587098e+00
2656 4.263932e+00 2.582234e+00
2657 4.258845e+00 2.622679e+00
2658 4.302833e+00 2.668778e+00
2659 4.271978e+00 2.709632e+00
2660 4.270842e+00 2.706819e+00
2661 4.303260e+00 2.716865e+00
2662 4.303588e+00 2.710925e+00
2663 4.311443e+00 2.711946e+00
2664 4.285268e+00 2.700528e+00
2665 4.292215e+00 2.691824e+00
2666 4.262713e+00 2.714489e+00
2667 4.238091e+00 2.687133e+00
2668 4.231565e+00 2.712067e+00
2669 4.231697e+00 2.716244e+00
2670 4.201812e+00 2.701838e+00
2671 4.203179e+00 2.747134e+00
2672 4.237094e+00 2.742193e+00
2673 4.233867e+00 2.776889e+00
2674 4.232468e+00 2.776883e+00
2675 4.222822e+00 2.766432e+00
2676 4.277130e+00 2.734765e+00
2677 4.225501e+00 2.746753e+00
2678 4.286649e+00 2.771344e+00
2679 4.283782e+00 2.769176e+00
2680 4.285137e+00 2.765965e+00
2681 4.293492e+00 2.795887e+00
2682 4.294383e+00 2.797623e+00
2683 4.289132e+00 2.797683e+00
2684 4.270364e+00 2.816601e+00
2685 4.353628e+00 2.832514e+00
2686 4.345190e+00 2.828088e+00
2687 4.347838e+00 2.848009e+00
2688 4.334401e+00 2.800378e+00
2689 4.347699e+00 2.798315e+00
2690 4.329360e+00 2.781349e+00
2691 4.309597e+00 2.793067e+00
2692 4.313403e+00 2.805202e+00
2693 4.340547e+00 2.840017e+00
2694 4.338357e+00 2.830337e+00
2695 4.342726e+00 2.819555e+00
2696 4.340112e+00 2.819172e+00
2697 4.345338e+00 2.820395e+00
2698 4.345270e+00 2.820807e+00
2699 4.305097e+00 2.832100e+00
2700 4.367021e+00 2.862072e+00
2701 4.351801e+00 2.853285e+00
2702 4.329570e+00 2.854359e+00
2703 4.328001e+00 2.849537e+00
2704 4.338547e+00 2.834515e+00
2705 4.355017e+00 2.869777e+00
2706 4.373052e+00 2.885197e+00
2707 4.358849e+00 2.880120e+00
2708 4.364663e+00 2.877253e+00
2709 4.322206e+00 2.898041e+00
2710 4.275742e+00 2.907670e+00
2711 4.272366e+00 2.904695e+00
2712 4.273285e+00 2.903806e+00
2713 4.269441e+00 2.855412e+00
2714 4.258993e+00 2.875637e+00
2715 4.273819e+00 2.890478e+00
2716 4.265627e+00 2.916235e+00
2717 4.261078e+00 2.917665e+00
2718 4.285957e+00 2.868992e+00
2719 4.273846e+00 2.853066e+00
2720 4.272405e+00 2.855069e+00
2721 4.260164e+00 2.845215e+00
2722 4.259106e+00 2.844003e+00
2723 4.276228e+00 2.877697e+00
2724 4.269884e+00 2.876003e+00
2725 4.279182e+00 2.878823e+00
2726 4.276745e+00 2.863602e+00
2727 4.259798e+00 2.864916e+00
2728 4.253228e+00 2.878062e+00
2729 4.267967e+00 2.890739e+00
2730 4.236060e+00 2.875796e+00
2731 4.259848e+00 2.869663e+00
2732 4.280090e+00 2.863219e+00
2733 4.281639e+00 2.859475e+00
2734 4.247783e+00 2.873156e+00
2735 4.263097e+00 2.883129e+00
2736 4.297150e+00 2.870720e+00
2737 4.308969e+00 2.864111e+00
2738 4.297425e+00 2.872190e+00
2739 4.292634e+00 2.872162e+00
2740 4.297947e+00 2.871956e+00
2741 4.306614e+00 2.893312e+00
2742 4.306894e+00 2.893448e+00
2743 4.323432e+00 2.940219e+00
2744 4.314114e+00 2.939951e+00
2745 4.301684e+00 2.936934e+00
2746 4.297982e+00 2.930938e+00
2747 4.296394e+00 2.930563e+00
2748 4.307342e+00 2.940357e+00
2749 4.307989e+00 2.933720e+00
2750 4.329601e+00 2.915681e+00
2751 4.329334e+00 2.915874e+00
2752 4.328503e+00 2.916276e+00
2753 4.355633e+00 2.960827e+00
2754 4.286458e+00 3.050138e+00
