0 1.852419e-01 1.399663e+00
1 1.941133e-01 1.375861e+00
2 1.919475e-01 1.380308e+00
3 1.901926e-01 1.376901e+00
4 1.726437e-01 1.388418e+00
5 1.670882e-01 1.392617e+00
6 1.827511e-01 1.383515e+00
7 1.824632e-01 1.384307e+00
8 2.076508e-01 1.396678e+00
9 2.131222e-01 1.398866e+00
10 2.022506e-01 1.373245e+00
11 1.912072e-01 1.367297e+00
12 1.982830e-01 1.354688e+00
13 1.856419e-01 1.377426e+00
14 1.361486e-01 1.354050e+00
15 1.353921e-01 1.339383e+00
16 1.418795e-01 1.317543e+00
17 1.763603e-01 1.380304e+00
18 1.729248e-01 1.376614e+00
19 1.988095e-01 1.368054e+00
20 1.980799e-01 1.375874e+00
21 2.007991e-01 1.370826e+00
22 1.980905e-01 1.371430e+00
23 2.047997e-01 1.361960e+00
24 2.048518e-01 1.361951e+00
25 2.110307e-01 1.354453e+00
26 2.095722e-01 1.334301e+00
27 2.234259e-01 1.343664e+00
28 2.248470e-01 1.341667e+00
29 2.343206e-01 1.342860e+00
30 2.299176e-01 1.324489e+00
31 2.279509e-01 1.329681e+00
32 2.140617e-01 1.335622e+00
33 2.138581e-01 1.333898e+00
34 1.360330e-01 1.329502e+00
35 1.428147e-01 1.312396e+00
36 1.268299e-01 1.289865e+00
37 1.273150e-01 1.277252e+00
38 1.775902e-01 1.272788e+00
39 1.995078e-01 1.250031e+00
40 1.924567e-01 1.248340e+00
41 1.923266e-01 1.237925e+00
42 1.402873e-01 1.228411e+00
43 1.479222e-01 1.232114e+00
44 1.462321e-01 1.217368e+00
45 1.454893e-01 1.218070e+00
46 1.473278e-01 1.192381e+00
47 1.631431e-01 1.159408e+00
48 1.714614e-01 1.162456e+00
49 2.040173e-01 1.093037e+00
50 2.151056e-01 1.112591e+00
51 2.832538e-01 1.139901e+00
52 2.981565e-01 1.151977e+00
53 2.950980e-01 1.153222e+00
54 3.185934e-01 1.132223e+00
55 3.087792e-01 1.121893e+00
56 3.323692e-01 1.130897e+00
57 3.318555e-01 1.118290e+00
58 3.271969e-01 1.119444e+00
59 3.315739e-01 1.111451e+00
60 3.604235e-01 1.084146e+00
61 3.595677e-01 1.077709e+00
62 3.604929e-01 1.096981e+00
63 3.592745e-01 1.104303e+00
64 3.699814e-01 1.114943e+00
65 3.918466e-01 1.115261e+00
66 3.948865e-01 1.117101e+00
67 3.956679e-01 1.118907e+00
68 3.986168e-01 1.117916e+00
69 3.947178e-01 1.133125e+00
70 3.922064e-01 1.131549e+00
71 4.150056e-01 1.115200e+00
72 3.490002e-01 1.109535e+00
73 3.609556e-01 1.133984e+00
74 3.150594e-01 1.101905e+00
75 2.704556e-01 1.072621e+00
76 2.789442e-01 1.077817e+00
77 2.794720e-01 1.082716e+00
78 2.863548e-01 1.055843e+00
79 2.843244e-01 1.039562e+00
80 2.887070e-01 1.043456e+00
81 2.959719e-01 1.042447e+00
82 2.790383e-01 1.077730e+00
83 2.804747e-01 1.080808e+00
84 2.563871e-01 1.145337e+00
85 2.377698e-01 1.141328e+00
86 2.550375e-01 1.145497e+00
87 2.534134e-01 1.145683e+00
88 2.531577e-01 1.146572e+00
89 2.641399e-01 1.159671e+00
90 2.525439e-01 1.152459e+00
91 2.668214e-01 1.172766e+00
92 2.689821e-01 1.118736e+00
93 2.699520e-01 1.120397e+00
94 2.808209e-01 1.096403e+00
95 2.767993e-01 1.087959e+00
96 3.226735e-01 1.077984e+00
97 3.115517e-01 1.046196e+00
98 3.147885e-01 1.054613e+00
99 3.562001e-01 1.137704e+00
100 3.474545e-01 1.128582e+00
101 3.532954e-01 1.148070e+00
102 3.345035e-01 1.119767e+00
103 3.322863e-01 1.118713e+00
104 3.112155e-01 1.117809e+00
105 2.788151e-01 1.144618e+00
106 2.798172e-01 1.172927e+00
107 2.484549e-01 1.158501e+00
108 2.513128e-01 1.146526e+00
109 2.522603e-01 1.140596e+00
110 2.574984e-01 1.138649e+00
111 2.534841e-01 1.135989e+00
112 2.282895e-01 1.171874e+00
113 2.320755e-01 1.182914e+00
114 2.364285e-01 1.176756e+00
115 2.104542e-01 1.219585e+00
116 2.105309e-01 1.219639e+00
117 2.139937e-01 1.219487e+00
118 1.823031e-01 1.261099e+00
119 1.481513e-01 1.243924e+00
120 1.267977e-01 1.277389e+00
121 1.265074e-01 1.284915e+00
122 1.298984e-01 1.304208e+00
123 9.949800e-02 1.326416e+00
124 9.524157e-02 1.318649e+00
125 9.585264e-02 1.330419e+00
126 9.243564e-02 1.324474e+00
127 9.888005e-02 1.329870e+00
128 9.820701e-02 1.346186e+00
129 7.695780e-02 1.304771e+00
130 9.237693e-02 1.375449e+00
131 8.507092e-02 1.373116e+00
132 6.810615e-02 1.372188e+00
133 3.379523e-02 1.382920e+00
134 9.566700e-02 1.386363e+00
135 1.273137e-01 1.318868e+00
136 1.478765e-01 1.319413e+00
137 1.730004e-01 1.317463e+00
138 1.726931e-01 1.317878e+00
139 1.801680e-01 1.316574e+00
140 1.768908e-01 1.354721e+00
141 1.782665e-01 1.372484e+00
142 1.807935e-01 1.365239e+00
143 1.575196e-01 1.382974e+00
144 1.384405e-01 1.393497e+00
145 1.375475e-01 1.406861e+00
146 1.378754e-01 1.406165e+00
147 1.300027e-01 1.412004e+00
148 1.382311e-01 1.416662e+00
149 1.601992e-01 1.420937e+00
150 2.353692e-01 1.408067e+00
151 2.215800e-01 1.379412e+00
152 2.187847e-01 1.359836e+00
153 2.243469e-01 1.363574e+00
154 2.670299e-01 1.387965e+00
155 2.680246e-01 1.390332e+00
156 2.682376e-01 1.388152e+00
157 2.363195e-01 1.369917e+00
158 2.477660e-01 1.390345e+00
159 2.559825e-01 1.402184e+00
160 2.937576e-01 1.405866e+00
161 3.177066e-01 1.411378e+00
162 3.218503e-01 1.411060e+00
163 3.381997e-01 1.402761e+00
164 3.304151e-01 1.368856e+00
165 3.269824e-01 1.369436e+00
166 3.341381e-01 1.372660e+00
167 3.297140e-01 1.369498e+00
168 3.182420e-01 1.391346e+00
169 3.186781e-01 1.391960e+00
170 2.941061e-01 1.380525e+00
171 2.880401e-01 1.388608e+00
172 2.790565e-01 1.397524e+00
173 2.750028e-01 1.397607e+00
174 2.751257e-01 1.397623e+00
175 2.831664e-01 1.374050e+00
176 2.887668e-01 1.397263e+00
177 2.919953e-01 1.343958e+00
178 3.275779e-01 1.327259e+00
179 3.231347e-01 1.319137e+00
180 3.282490e-01 1.329278e+00
181 3.549644e-01 1.339235e+00
182 3.464954e-01 1.333963e+00
183 3.363337e-01 1.330760e+00
184 3.615769e-01 1.291874e+00
185 3.611371e-01 1.291622e+00
186 3.952483e-01 1.257682e+00
187 3.875976e-01 1.254351e+00
188 3.943450e-01 1.263558e+00
189 3.986917e-01 1.262211e+00
190 3.988773e-01 1.230669e+00
191 3.986538e-01 1.231183e+00
192 4.305578e-01 1.236058e+00
193 4.375964e-01 1.221727e+00
194 4.457766e-01 1.248636e+00
195 4.352192e-01 1.248406e+00
196 4.351729e-01 1.244911e+00
197 4.385325e-01 1.251790e+00
198 4.455271e-01 1.236298e+00
199 4.413722e-01 1.240695e+00
200 4.413377e-01 1.240380e+00
201 4.693505e-01 1.222202e+00
202 4.787543e-01 1.199827e+00
203 4.886747e-01 1.208592e+00
204 4.643643e-01 1.201867e+00
205 4.546498e-01 1.192555e+00
206 4.542289e-01 1.193245e+00
207 4.647029e-01 1.237177e+00
208 4.748768e-01 1.235951e+00
209 4.777202e-01 1.234497e+00
210 4.940087e-01 1.239423e+00
211 4.934886e-01 1.232670e+00
212 5.000419e-01 1.212889e+00
213 5.088409e-01 1.177121e+00
214 4.795968e-01 1.171315e+00
215 4.514267e-01 1.163266e+00
216 4.625623e-01 1.178702e+00
217 4.869310e-01 1.174644e+00
218 4.908053e-01 1.172205e+00
219 4.471743e-01 1.192588e+00
220 4.474706e-01 1.192997e+00
221 4.508438e-01 1.191272e+00
222 4.526360e-01 1.191739e+00
223 4.529947e-01 1.193605e+00
224 4.537207e-01 1.194258e+00
225 4.576245e-01 1.193590e+00
226 4.680035e-01 1.201595e+00
227 4.906430e-01 1.205802e+00
228 5.073950e-01 1.166150e+00
229 5.089662e-01 1.169446e+00
230 5.102959e-01 1.169612e+00
231 5.142068e-01 1.164969e+00
232 5.174937e-01 1.136286e+00
233 5.134908e-01 1.131088e+00
234 5.369768e-01 1.131868e+00
235 5.858534e-01 1.150483e+00
236 5.858648e-01 1.150495e+00
237 5.848904e-01 1.148657e+00
238 5.913651e-01 1.141262e+00
239 5.935708e-01 1.142515e+00
240 5.983578e-01 1.109199e+00
241 5.920228e-01 1.088022e+00
242 6.248854e-01 1.092204e+00
243 5.893774e-01 1.077818e+00
244 5.735140e-01 1.104695e+00
245 5.732319e-01 1.104464e+00
246 6.096300e-01 1.133266e+00
247 6.033590e-01 1.132925e+00
248 6.026154e-01 1.131326e+00
249 5.845515e-01 1.133290e+00
250 5.846817e-01 1.133266e+00
251 5.948956e-01 1.154029e+00
252 6.107053e-01 1.123660e+00
253 6.118141e-01 1.120762e+00
254 6.103446e-01 1.138872e+00
255 6.625552e-01 1.153554e+00
256 6.594833e-01 1.137842e+00
257 6.490675e-01 1.136098e+00
258 6.378295e-01 1.142852e+00
259 6.674596e-01 1.145538e+00
260 6.638015e-01 1.148719e+00
261 6.515844e-01 1.206566e+00
262 6.453653e-01 1.194899e+00
263 6.569755e-01 1.199704e+00
264 6.690996e-01 1.187068e+00
265 6.904869e-01 1.166856e+00
266 7.003726e-01 1.171297e+00
267 7.037013e-01 1.175928e+00
268 7.606217e-01 1.206793e+00
269 7.605727e-01 1.203316e+00
270 7.482317e-01 1.193783e+00
271 7.355008e-01 1.195255e+00
272 7.548043e-01 1.207698e+00
273 7.583131e-01 1.209952e+00
274 7.566642e-01 1.187924e+00
275 7.628433e-01 1.175061e+00
276 7.760737e-01 1.138593e+00
277 7.855676e-01 1.158533e+00
278 7.954143e-01 1.180317e+00
279 7.986513e-01 1.177750e+00
280 7.977505e-01 1.146584e+00
281 7.999590e-01 1.151345e+00
282 7.891172e-01 1.156663e+00
283 7.747193e-01 1.144944e+00
284 7.715205e-01 1.124282e+00
285 7.720298e-01 1.123131e+00
286 7.838561e-01 1.113458e+00
287 7.880112e-01 1.127866e+00
288 7.873622e-01 1.127067e+00
289 7.998338e-01 1.133607e+00
290 7.957754e-01 1.133316e+00
291 7.973915e-01 1.139113e+00
292 8.149585e-01 1.142790e+00
293 8.160920e-01 1.148884e+00
294 8.154029e-01 1.145110e+00
295 8.151687e-01 1.145139e+00
296 8.185915e-01 1.167486e+00
297 8.177220e-01 1.173915e+00
298 8.201940e-01 1.178054e+00
299 8.174375e-01 1.176778e+00
300 8.208404e-01 1.165033e+00
301 8.176074e-01 1.180523e+00
302 8.199311e-01 1.196012e+00
303 8.293528e-01 1.190175e+00
304 8.319269e-01 1.183783e+00
305 8.298002e-01 1.176263e+00
306 8.279444e-01 1.177115e+00
307 8.090163e-01 1.175573e+00
308 8.230464e-01 1.152655e+00
309 8.133966e-01 1.184059e+00
310 8.736846e-01 1.193809e+00
311 9.098393e-01 1.234648e+00
312 9.475703e-01 1.214508e+00
313 9.539582e-01 1.221850e+00
314 9.368031e-01 1.207145e+00
315 9.377105e-01 1.207743e+00
316 9.515777e-01 1.196665e+00
317 8.879624e-01 1.199708e+00
318 8.636080e-01 1.192672e+00
319 8.632890e-01 1.193584e+00
320 8.680265e-01 1.197738e+00
321 8.605412e-01 1.198805e+00
322 8.617377e-01 1.197486e+00
323 8.565996e-01 1.210494e+00
324 8.312741e-01 1.212843e+00
325 8.085009e-01 1.187105e+00
326 8.139831e-01 1.187988e+00
327 8.021679e-01 1.174235e+00
328 8.180943e-01 1.154894e+00
329 8.418789e-01 1.136200e+00
330 8.459055e-01 1.148139e+00
331 8.506386e-01 1.147389e+00
332 8.493483e-01 1.154721e+00
333 8.247173e-01 1.137566e+00
334 8.500776e-01 1.153323e+00
335 8.356348e-01 1.169436e+00
336 8.351358e-01 1.170187e+00
337 8.332011e-01 1.168273e+00
338 8.332369e-01 1.168553e+00
339 8.354902e-01 1.159955e+00
340 8.478997e-01 1.142706e+00
341 8.519740e-01 1.142951e+00
342 8.275151e-01 1.163654e+00
343 8.271365e-01 1.165649e+00
344 8.248730e-01 1.177723e+00
345 8.346522e-01 1.150507e+00
346 8.169153e-01 1.158262e+00
347 8.981580e-01 1.142523e+00
348 8.992195e-01 1.143646e+00
349 8.949259e-01 1.147598e+00
350 9.114544e-01 1.167895e+00
351 9.108448e-01 1.169560e+00
352 9.471830e-01 1.190504e+00
353 9.481365e-01 1.187167e+00
354 9.471366e-01 1.181559e+00
355 1.007137e+00 1.163288e+00
356 1.016033e+00 1.161009e+00
357 9.992436e-01 1.200125e+00
358 9.899221e-01 1.196048e+00
359 1.008977e+00 1.157904e+00
360 1.021834e+00 1.158032e+00
361 1.021743e+00 1.150364e+00
362 9.895560e-01 1.139876e+00
363 1.002062e+00 1.143995e+00
364 9.711527e-01 1.142519e+00
365 9.630347e-01 1.121412e+00
366 9.495034e-01 1.120098e+00
367 9.360096e-01 1.102451e+00
368 9.661368e-01 1.112403e+00
369 9.579483e-01 1.114865e+00
370 9.620870e-01 1.113996e+00
371 9.737964e-01 1.118931e+00
372 9.662046e-01 1.118989e+00
373 9.693680e-01 1.118380e+00
374 9.988189e-01 1.075406e+00
375 1.001732e+00 1.071998e+00
376 1.012478e+00 1.058379e+00
377 1.006988e+00 1.047738e+00
378 1.007563e+00 1.066124e+00
379 1.015668e+00 1.096354e+00
380 9.868718e-01 1.095881e+00
381 1.016349e+00 1.087091e+00
382 1.007205e+00 1.120077e+00
383 1.026204e+00 1.118509e+00
384 1.026060e+00 1.114435e+00
385 1.013493e+00 1.113596e+00
386 1.029711e+00 1.115314e+00
387 1.033946e+00 1.112638e+00
388 1.027594e+00 1.061083e+00
389 1.021487e+00 1.047731e+00
390 1.035144e+00 1.038791e+00
391 1.051948e+00 1.050811e+00
392 1.049670e+00 1.045824e+00
393 1.016279e+00 1.039590e+00
394 1.017918e+00 1.040412e+00
395 1.014317e+00 1.059499e+00
396 1.046269e+00 1.076512e+00
397 1.036589e+00 1.107234e+00
398 1.035598e+00 1.109317e+00
399 1.037256e+00 1.108432e+00
400 1.082928e+00 1.080416e+00
401 1.077065e+00 1.070408e+00
402 1.080401e+00 1.112244e+00
403 1.069937e+00 1.129078e+00
404 1.041320e+00 1.156015e+00
405 1.046607e+00 1.157762e+00
406 1.034480e+00 1.168798e+00
407 1.040068e+00 1.169836e+00
408 1.039500e+00 1.170321e+00
409 1.040732e+00 1.172073e+00
410 1.060023e+00 1.167180e+00
411 1.039412e+00 1.214712e+00
412 1.041900e+00 1.216595e+00
413 1.045089e+00 1.197929e+00
414 1.061325e+00 1.193577e+00
415 1.043216e+00 1.177179e+00
416 1.033381e+00 1.193156e+00
417 1.036841e+00 1.192739e+00
418 1.013865e+00 1.181035e+00
419 9.790090e-01 1.164274e+00
420 1.001503e+00 1.156569e+00
421 9.838039e-01 1.153724e+00
422 9.872999e-01 1.151644e+00
423 9.654460e-01 1.145973e+00
424 9.167425e-01 1.117287e+00
425 9.036496e-01 1.100471e+00
426 8.544260e-01 1.178712e+00
427 9.151643e-01 1.170932e+00
428 9.166110e-01 1.171717e+00
429 9.245298e-01 1.187840e+00
430 9.200840e-01 1.185327e+00
431 8.905668e-01 1.176046e+00
432 8.864069e-01 1.177730e+00
433 8.900214e-01 1.184730e+00
434 8.887866e-01 1.180896e+00
435 8.975310e-01 1.161354e+00
436 9.119226e-01 1.158457e+00
437 9.166126e-01 1.174372e+00
438 9.170999e-01 1.178243e+00
439 9.882088e-01 1.136095e+00
440 9.798851e-01 1.176155e+00
441 9.688975e-01 1.131301e+00
442 9.573765e-01 1.136920e+00
443 9.511777e-01 1.137318e+00
444 9.953719e-01 1.153096e+00
445 1.010137e+00 1.147139e+00
446 1.006347e+00 1.153109e+00
447 1.075111e+00 1.103864e+00
448 1.091426e+00 1.142294e+00
449 1.111896e+00 1.165514e+00
450 1.111164e+00 1.165365e+00
451 1.082795e+00 1.120674e+00
452 1.068532e+00 1.063392e+00
453 1.080872e+00 1.062403e+00
454 1.078286e+00 1.052934e+00
455 1.078062e+00 1.041383e+00
456 1.078628e+00 1.042179e+00
457 9.775129e-01 1.055603e+00
458 9.888513e-01 1.066989e+00
459 9.850907e-01 1.064778e+00
460 9.867642e-01 1.080396e+00
461 9.828837e-01 1.074017e+00
462 9.773045e-01 1.064628e+00
463 9.942730e-01 1.082112e+00
464 9.979294e-01 1.076094e+00
465 1.022141e+00 1.116249e+00
466 1.019255e+00 1.112870e+00
467 1.018367e+00 1.100890e+00
468 1.018819e+00 1.099915e+00
469 9.828210e-01 1.082589e+00
470 1.061540e+00 1.058671e+00
471 1.055097e+00 1.112286e+00
472 1.067475e+00 1.095862e+00
473 1.066419e+00 1.101605e+00
474 1.078588e+00 1.105005e+00
475 1.084123e+00 1.106178e+00
476 1.084227e+00 1.105445e+00
477 1.082032e+00 1.093268e+00
478 1.087051e+00 1.094400e+00
479 1.106603e+00 1.127970e+00
480 1.182802e+00 1.120559e+00
481 1.173074e+00 1.124971e+00
482 1.212564e+00 1.128945e+00
483 1.214855e+00 1.136776e+00
484 1.195135e+00 1.152667e+00
485 1.199025e+00 1.140011e+00
486 1.220489e+00 1.119565e+00
487 1.210030e+00 1.113100e+00
488 1.214457e+00 1.111126e+00
489 1.246188e+00 1.091443e+00
490 1.250101e+00 1.097858e+00
491 1.278400e+00 1.154762e+00
492 1.277853e+00 1.158106e+00
493 1.254920e+00 1.163326e+00
494 1.224368e+00 1.163798e+00
495 1.229429e+00 1.153219e+00
496 1.225756e+00 1.155079e+00
497 1.229423e+00 1.161659e+00
498 1.231277e+00 1.118509e+00
499 1.209696e+00 1.121967e+00
500 1.257643e+00 1.125286e+00
501 1.263416e+00 1.116472e+00
502 1.264053e+00 1.113741e+00
503 1.262257e+00 1.116914e+00
504 1.265134e+00 1.105340e+00
505 1.268998e+00 1.101598e+00
506 1.267608e+00 1.100273e+00
507 1.292502e+00 1.100981e+00
508 1.268456e+00 1.105170e+00
509 1.261192e+00 1.104126e+00
510 1.252337e+00 1.107953e+00
511 1.256145e+00 1.096338e+00
512 1.233236e+00 1.131734e+00
513 1.238614e+00 1.134079e+00
514 1.279834e+00 1.156469e+00
515 1.281723e+00 1.119324e+00
516 1.284337e+00 1.127790e+00
517 1.284657e+00 1.122435e+00
518 1.285291e+00 1.122242e+00
519 1.288922e+00 1.135072e+00
520 1.296933e+00 1.156128e+00
521 1.336749e+00 1.179064e+00
522 1.340997e+00 1.183492e+00
523 1.331402e+00 1.266014e+00
524 1.271837e+00 1.226939e+00
525 1.269694e+00 1.218228e+00
526 1.273232e+00 1.220666e+00
527 1.289411e+00 1.211221e+00
528 1.288104e+00 1.215276e+00
529 1.240933e+00 1.247414e+00
530 1.241014e+00 1.270621e+00
531 1.243141e+00 1.268537e+00
532 1.245183e+00 1.265520e+00
533 1.256862e+00 1.252689e+00
534 1.260868e+00 1.275787e+00
535 1.295851e+00 1.266902e+00
536 1.313941e+00 1.251588e+00
537 1.282556e+00 1.247759e+00
538 1.276233e+00 1.247322e+00
539 1.287355e+00 1.258924e+00
540 1.322512e+00 1.242326e+00
541 1.374330e+00 1.251956e+00
542 1.370135e+00 1.256253e+00
543 1.378968e+00 1.252890e+00
544 1.316460e+00 1.224554e+00
545 1.315409e+00 1.225174e+00
546 1.318625e+00 1.222075e+00
547 1.351545e+00 1.185468e+00
548 1.387240e+00 1.189324e+00
549 1.373849e+00 1.190526e+00
550 1.379557e+00 1.194653e+00
551 1.378544e+00 1.204520e+00
552 1.378867e+00 1.194862e+00
553 1.377165e+00 1.195914e+00
554 1.388859e+00 1.185826e+00
555 1.390514e+00 1.183066e+00
556 1.393499e+00 1.185237e+00
557 1.393492e+00 1.185477e+00
558 1.388827e+00 1.193120e+00
559 1.359951e+00 1.159898e+00
560 1.360738e+00 1.194659e+00
561 1.358437e+00 1.198113e+00
562 1.400793e+00 1.226784e+00
563 1.401990e+00 1.225453e+00
564 1.403011e+00 1.221248e+00
565 1.397897e+00 1.220674e+00
566 1.403320e+00 1.213019e+00
567 1.415001e+00 1.213284e+00
568 1.433192e+00 1.217129e+00
569 1.419873e+00 1.236520e+00
570 1.431761e+00 1.233957e+00
571 1.433034e+00 1.233562e+00
572 1.415542e+00 1.234972e+00
573 1.404088e+00 1.221110e+00
574 1.409177e+00 1.221942e+00
575 1.406987e+00 1.223196e+00
576 1.405712e+00 1.217030e+00
577 1.405843e+00 1.211249e+00
578 1.439349e+00 1.236776e+00
579 1.440774e+00 1.231251e+00
580 1.412387e+00 1.241298e+00
581 1.367880e+00 1.281599e+00
582 1.372195e+00 1.284485e+00
583 1.339560e+00 1.293248e+00
584 1.374637e+00 1.324907e+00
585 1.411640e+00 1.280503e+00
586 1.449384e+00 1.276871e+00
587 1.445735e+00 1.274222e+00
588 1.423271e+00 1.294708e+00
589 1.425196e+00 1.301934e+00
590 1.443778e+00 1.300074e+00
591 1.456501e+00 1.345814e+00
592 1.464046e+00 1.340984e+00
593 1.398354e+00 1.321645e+00
594 1.363004e+00 1.290053e+00
595 1.362900e+00 1.290530e+00
596 1.362050e+00 1.288937e+00
597 1.370317e+00 1.260163e+00
598 1.370165e+00 1.260234e+00
599 1.407097e+00 1.242664e+00
600 1.394950e+00 1.249568e+00
601 1.399547e+00 1.250145e+00
602 1.400414e+00 1.239132e+00
603 1.400383e+00 1.240708e+00
604 1.398260e+00 1.245657e+00
605 1.402621e+00 1.250860e+00
606 1.424441e+00 1.259719e+00
607 1.431269e+00 1.256421e+00
608 1.438616e+00 1.249325e+00
609 1.449080e+00 1.280815e+00
610 1.437912e+00 1.262428e+00
611 1.435871e+00 1.262787e+00
612 1.439738e+00 1.268362e+00
613 1.459605e+00 1.251311e+00
614 1.419390e+00 1.243757e+00
615 1.419722e+00 1.260962e+00
616 1.420091e+00 1.259541e+00
617 1.402323e+00 1.264988e+00
618 1.384037e+00 1.279377e+00
619 1.378286e+00 1.277158e+00
620 1.382057e+00 1.279001e+00
621 1.382749e+00 1.261863e+00
622 1.392602e+00 1.259335e+00
623 1.408373e+00 1.287074e+00
624 1.409502e+00 1.290860e+00
625 1.403355e+00 1.210234e+00
626 1.395298e+00 1.244531e+00
627 1.407470e+00 1.243144e+00
628 1.430411e+00 1.270280e+00
629 1.431051e+00 1.271897e+00
630 1.430156e+00 1.299750e+00
631 1.429081e+00 1.296454e+00
632 1.462754e+00 1.301932e+00
633 1.450992e+00 1.314862e+00
634 1.486775e+00 1.330515e+00
635 1.475567e+00 1.298895e+00
636 1.481298e+00 1.295608e+00
637 1.460195e+00 1.276468e+00
638 1.460261e+00 1.276484e+00
639 1.436689e+00 1.277484e+00
640 1.435084e+00 1.271480e+00
641 1.476795e+00 1.248295e+00
642 1.475040e+00 1.246847e+00
643 1.475509e+00 1.238895e+00
644 1.463799e+00 1.244246e+00
645 1.480202e+00 1.238867e+00
646 1.479130e+00 1.244315e+00
647 1.503029e+00 1.219933e+00
648 1.510527e+00 1.215264e+00
649 1.534173e+00 1.221229e+00
650 1.528358e+00 1.221091e+00
651 1.528551e+00 1.219520e+00
652 1.519842e+00 1.220217e+00
653 1.521259e+00 1.223938e+00
654 1.535292e+00 1.209562e+00
655 1.550097e+00 1.203325e+00
656 1.585995e+00 1.199263e+00
657 1.602041e+00 1.219482e+00
658 1.604138e+00 1.210160e+00
659 1.607824e+00 1.216640e+00
660 1.605076e+00 1.221331e+00
661 1.604849e+00 1.222059e+00
662 1.604511e+00 1.220642e+00
663 1.604996e+00 1.220280e+00
664 1.580000e+00 1.251412e+00
665 1.579391e+00 1.256456e+00
666 1.559332e+00 1.249973e+00
667 1.558324e+00 1.235202e+00
668 1.598339e+00 1.204036e+00
669 1.593918e+00 1.198205e+00
670 1.596198e+00 1.199110e+00
671 1.616562e+00 1.221628e+00
672 1.618234e+00 1.236779e+00
673 1.612183e+00 1.233112e+00
674 1.603094e+00 1.251280e+00
675 1.606482e+00 1.247697e+00
676 1.635259e+00 1.251454e+00
677 1.640639e+00 1.212166e+00
678 1.645816e+00 1.234759e+00
679 1.607971e+00 1.205025e+00
680 1.608640e+00 1.205451e+00
681 1.589029e+00 1.250077e+00
682 1.586893e+00 1.252495e+00
683 1.526838e+00 1.307333e+00
684 1.494140e+00 1.304929e+00
685 1.498980e+00 1.330843e+00
686 1.504628e+00 1.309124e+00
687 1.502985e+00 1.307531e+00
688 1.546309e+00 1.292791e+00
689 1.551427e+00 1.294787e+00
690 1.550513e+00 1.297532e+00
691 1.552829e+00 1.297553e+00
692 1.564977e+00 1.282913e+00
693 1.542226e+00 1.238812e+00
694 1.550261e+00 1.248019e+00
695 1.553109e+00 1.250154e+00
696 1.545848e+00 1.254817e+00
697 1.552478e+00 1.235067e+00
698 1.560039e+00 1.157924e+00
699 1.570045e+00 1.122411e+00
700 1.581400e+00 1.118730e+00
701 1.579125e+00 1.111297e+00
702 1.525284e+00 1.021628e+00
703 1.528866e+00 1.012706e+00
704 1.553145e+00 9.887661e-01
705 1.563442e+00 9.945624e-01
706 1.569202e+00 9.924130e-01
707 1.569548e+00 9.927274e-01
708 1.595579e+00 1.047541e+00
709 1.597347e+00 1.040732e+00
710 1.636682e+00 1.094481e+00
711 1.636797e+00 1.096558e+00
712 1.635138e+00 1.096408e+00
713 1.640365e+00 1.099652e+00
714 1.654631e+00 1.131595e+00
715 1.675172e+00 1.120322e+00
716 1.674047e+00 1.110747e+00
717 1.591340e+00 1.107837e+00
718 1.591107e+00 1.110644e+00
719 1.594563e+00 1.112835e+00
720 1.601114e+00 1.099333e+00
721 1.593331e+00 1.080592e+00
722 1.612234e+00 1.092735e+00
723 1.566910e+00 1.110938e+00
724 1.570888e+00 1.110045e+00
725 1.583599e+00 1.105534e+00
726 1.619029e+00 1.074389e+00
727 1.613963e+00 1.073907e+00
728 1.630987e+00 1.061154e+00
729 1.628337e+00 1.058359e+00
730 1.628463e+00 1.055991e+00
731 1.594225e+00 1.020041e+00
732 1.599718e+00 1.027422e+00
733 1.608833e+00 1.012354e+00
734 1.638866e+00 1.008701e+00
735 1.616794e+00 9.879177e-01
736 1.617925e+00 9.666522e-01
737 1.607653e+00 9.702400e-01
738 1.609827e+00 9.708558e-01
739 1.614435e+00 9.662059e-01
740 1.704005e+00 9.707891e-01
741 1.713384e+00 9.651565e-01
742 1.715380e+00 9.661428e-01
743 1.745195e+00 9.274508e-01
744 1.735784e+00 9.558831e-01
745 1.737129e+00 9.506745e-01
746 1.764183e+00 9.614717e-01
747 1.774975e+00 9.355961e-01
748 1.785282e+00 9.127084e-01
749 1.771647e+00 9.155768e-01
750 1.763418e+00 9.096047e-01
751 1.757869e+00 9.507650e-01
752 1.759312e+00 9.179046e-01
753 1.761337e+00 9.262957e-01
754 1.758723e+00 9.386875e-01
755 1.654548e+00 1.134558e+00
756 1.660889e+00 1.134247e+00
757 1.680533e+00 1.171432e+00
758 1.679482e+00 1.168878e+00
759 1.690050e+00 1.151251e+00
760 1.687870e+00 1.114630e+00
761 1.681879e+00 1.106787e+00
762 1.754278e+00 1.076280e+00
763 1.760545e+00 1.077482e+00
764 1.755453e+00 1.080100e+00
765 1.749557e+00 1.075883e+00
766 1.765672e+00 1.092920e+00
767 1.769715e+00 1.117364e+00
768 1.770216e+00 1.121744e+00
769 1.782639e+00 1.129673e+00
770 1.764220e+00 1.120813e+00
771 1.775728e+00 1.082673e+00
772 1.791400e+00 1.084531e+00
773 1.827177e+00 1.085988e+00
774 1.827151e+00 1.085970e+00
775 1.829535e+00 1.078900e+00
776 1.832182e+00 1.080799e+00
777 1.832310e+00 1.097339e+00
778 1.843519e+00 1.096659e+00
779 1.858697e+00 1.128221e+00
780 1.865457e+00 1.138783e+00
781 1.864641e+00 1.140289e+00
782 1.821699e+00 1.174896e+00
783 1.812562e+00 1.097126e+00
784 1.847240e+00 1.097706e+00
785 1.849427e+00 1.100061e+00
786 1.862175e+00 1.094499e+00
787 1.862155e+00 1.087425e+00
788 1.866512e+00 1.089735e+00
789 1.863419e+00 1.090579e+00
790 1.865994e+00 1.105650e+00
791 1.863843e+00 1.107448e+00
792 1.866066e+00 1.096630e+00
793 1.871371e+00 1.090781e+00
794 1.876427e+00 1.103366e+00
795 1.873295e+00 1.092235e+00
796 1.868642e+00 1.099182e+00
797 1.879858e+00 1.144972e+00
798 1.895470e+00 1.127758e+00
799 1.894145e+00 1.127401e+00
800 1.883549e+00 1.107539e+00
801 1.884584e+00 1.130101e+00
802 1.908494e+00 1.133145e+00
803 1.900052e+00 1.164262e+00
804 1.907098e+00 1.162294e+00
805 1.904559e+00 1.159782e+00
806 1.892773e+00 1.134255e+00
807 1.910043e+00 1.130942e+00
808 1.911892e+00 1.130251e+00
809 1.901760e+00 1.097754e+00
810 1.946633e+00 1.130400e+00
811 1.959692e+00 1.113828e+00
812 1.959693e+00 1.106231e+00
813 1.915934e+00 1.131025e+00
814 1.914214e+00 1.138170e+00
815 1.912029e+00 1.138445e+00
816 1.917977e+00 1.125908e+00
817 1.940076e+00 1.086367e+00
818 1.929399e+00 1.104249e+00
819 1.916992e+00 1.093005e+00
820 1.918042e+00 1.093710e+00
821 1.925885e+00 1.072488e+00
822 1.981359e+00 1.058120e+00
823 1.910961e+00 1.058368e+00
824 1.917265e+00 1.013348e+00
825 1.907253e+00 1.008635e+00
826 1.906698e+00 1.026828e+00
827 1.899651e+00 1.029277e+00
828 1.943442e+00 1.065517e+00
829 1.960729e+00 1.064717e+00
830 1.918478e+00 1.067581e+00
831 1.915080e+00 1.059014e+00
832 1.896866e+00 1.056993e+00
833 1.887633e+00 1.042959e+00
834 1.891205e+00 1.038927e+00
835 1.893390e+00 1.073089e+00
836 1.893637e+00 1.072831e+00
837 1.926784e+00 1.072838e+00
838 1.900333e+00 1.059335e+00
839 1.900303e+00 1.059504e+00
840 1.896590e+00 1.064334e+00
841 1.920790e+00 1.074752e+00
842 1.929869e+00 1.086293e+00
843 1.917092e+00 1.055562e+00
844 1.907022e+00 1.077623e+00
845 1.903361e+00 1.063357e+00
846 1.966883e+00 1.069749e+00
847 1.979960e+00 1.072788e+00
848 1.977652e+00 1.069652e+00
849 1.976458e+00 1.070295e+00
850 1.946701e+00 1.057122e+00
851 1.938661e+00 1.056190e+00
852 1.975327e+00 1.004926e+00
853 1.975761e+00 1.010732e+00
854 1.975818e+00 1.012014e+00
855 1.976289e+00 1.012443e+00
856 1.899498e+00 9.624434e-01
857 1.897490e+00 9.577050e-01
858 1.896344e+00 9.595299e-01
859 1.889937e+00 9.583670e-01
860 1.896087e+00 9.459553e-01
861 1.912698e+00 9.487099e-01
862 1.935674e+00 9.454579e-01
863 1.973616e+00 1.012810e+00
864 1.949927e+00 1.003307e+00
865 1.936455e+00 9.972633e-01
866 1.937909e+00 1.030624e+00
867 1.958930e+00 1.025193e+00
868 1.952558e+00 1.027741e+00
869 1.950599e+00 1.038157e+00
870 1.968964e+00 1.044129e+00
871 1.963987e+00 1.046586e+00
872 1.955255e+00 1.022790e+00
873 1.949337e+00 1.024878e+00
874 1.949920e+00 1.049114e+00
875 1.954545e+00 1.050575e+00
876 1.952866e+00 1.043485e+00
877 1.946330e+00 1.036592e+00
878 1.931451e+00 1.012454e+00
879 1.930451e+00 9.939751e-01
880 1.874657e+00 9.873209e-01
881 1.915042e+00 8.850012e-01
882 1.905834e+00 9.125302e-01
883 1.912073e+00 8.969323e-01
884 1.903353e+00 8.953321e-01
885 1.935004e+00 9.366675e-01
886 1.918360e+00 9.186175e-01
887 1.913136e+00 9.034721e-01
888 1.910598e+00 8.799313e-01
889 1.878129e+00 8.919897e-01
890 1.883475e+00 8.914425e-01
891 1.882198e+00 8.927385e-01
892 1.895420e+00 8.918927e-01
893 1.899557e+00 8.944298e-01
894 1.877351e+00 9.102941e-01
895 1.876971e+00 9.114554e-01
896 1.850712e+00 9.136383e-01
897 1.853063e+00 9.116256e-01
898 1.881882e+00 8.848479e-01
899 1.879098e+00 8.860965e-01
900 1.875949e+00 8.854353e-01
901 1.877708e+00 8.855016e-01
902 1.888649e+00 8.705698e-01
903 1.899515e+00 8.630995e-01
904 1.900294e+00 8.553078e-01
905 1.910511e+00 8.492655e-01
906 1.914978e+00 8.457842e-01
907 1.909156e+00 8.392129e-01
908 1.902640e+00 8.376376e-01
909 1.910487e+00 8.429875e-01
910 1.912814e+00 8.489793e-01
911 1.907004e+00 8.608756e-01
912 1.902102e+00 8.370152e-01
913 1.948149e+00 8.466128e-01
914 1.973975e+00 8.178229e-01
915 1.976629e+00 8.172417e-01
916 1.932774e+00 8.498882e-01
917 1.948909e+00 8.392390e-01
918 1.919468e+00 8.422071e-01
919 1.910343e+00 8.618076e-01
920 1.910928e+00 8.618972e-01
921 1.910883e+00 8.629778e-01
922 1.938224e+00 9.243774e-01
923 1.926069e+00 9.277485e-01
924 1.905754e+00 1.031031e+00
925 1.916708e+00 1.005886e+00
926 1.901345e+00 9.992335e-01
927 1.907366e+00 9.959327e-01
928 1.894049e+00 9.735530e-01
929 1.882419e+00 9.522959e-01
930 1.878275e+00 9.750946e-01
931 1.885962e+00 9.166977e-01
932 1.893649e+00 9.188497e-01
933 1.899862e+00 9.109015e-01
934 1.897421e+00 9.124708e-01
935 1.898559e+00 9.214640e-01
936 1.877279e+00 8.836496e-01
937 1.828524e+00 8.781640e-01
938 1.843465e+00 9.118668e-01
939 1.836578e+00 9.123520e-01
940 1.842712e+00 9.136615e-01
941 1.874495e+00 8.473918e-01
942 1.880398e+00 8.810667e-01
943 1.870874e+00 8.478767e-01
944 1.870621e+00 8.469962e-01
945 1.881188e+00 8.289338e-01
946 1.874361e+00 8.270315e-01
947 1.900840e+00 8.717089e-01
948 1.900592e+00 8.658681e-01
949 1.900044e+00 8.528015e-01
950 1.917784e+00 7.939422e-01
951 1.937354e+00 8.031586e-01
952 1.924602e+00 7.926572e-01
953 1.932800e+00 7.838927e-01
954 1.932839e+00 7.826143e-01
955 1.919371e+00 7.859290e-01
956 1.916840e+00 7.852632e-01
957 1.939604e+00 8.108719e-01
958 1.991482e+00 7.776109e-01
959 1.988374e+00 7.851488e-01
960 1.992480e+00 7.948311e-01
961 1.994769e+00 7.889850e-01
962 1.997935e+00 7.927746e-01
963 2.002170e+00 7.909546e-01
964 2.009874e+00 7.885568e-01
965 2.008400e+00 7.871170e-01
966 2.020182e+00 7.555165e-01
967 2.001853e+00 7.600404e-01
968 2.002638e+00 7.594530e-01
969 1.996659e+00 7.577473e-01
970 1.991158e+00 7.724662e-01
971 1.988784e+00 7.825288e-01
972 1.989230e+00 7.844013e-01
973 1.990644e+00 7.827257e-01
974 1.995353e+00 7.844054e-01
975 2.023802e+00 8.000969e-01
976 2.018385e+00 8.296060e-01
977 2.013053e+00 8.297604e-01
978 2.019171e+00 8.359526e-01
979 2.045136e+00 8.686224e-01
980 2.049127e+00 8.704986e-01
981 2.088461e+00 8.001133e-01
982 2.087247e+00 8.049392e-01
983 2.086741e+00 8.040799e-01
984 2.096884e+00 8.241575e-01
985 2.095900e+00 7.646665e-01
986 2.143328e+00 7.508634e-01
987 2.133278e+00 7.262664e-01
988 2.134555e+00 7.266522e-01
989 2.165048e+00 7.118717e-01
990 2.163276e+00 7.091137e-01
991 2.162472e+00 7.097053e-01
992 2.162896e+00 7.103476e-01
993 2.181299e+00 7.095291e-01
994 2.195081e+00 7.139309e-01
995 2.187140e+00 6.841436e-01
996 2.184235e+00 6.801126e-01
997 2.166439e+00 6.850315e-01
998 2.173107e+00 6.844706e-01
999 2.183843e+00 6.804267e-01
1000 2.166867e+00 6.283855e-01
1001 2.169565e+00 6.291524e-01
1002 2.147609e+00 6.947111e-01
1003 2.176489e+00 6.633427e-01
1004 2.176742e+00 6.698563e-01
1005 2.144604e+00 6.902492e-01
1006 2.153138e+00 6.868243e-01
1007 2.158786e+00 7.099378e-01
1008 2.165542e+00 7.093990e-01
1009 2.166920e+00 7.085600e-01
1010 2.166301e+00 7.044577e-01
1011 2.162715e+00 7.208842e-01
1012 2.159693e+00 7.199156e-01
1013 2.143603e+00 6.937278e-01
1014 2.143572e+00 6.930137e-01
1015 2.140338e+00 6.991598e-01
1016 2.124518e+00 7.068136e-01
1017 2.122910e+00 6.993054e-01
1018 2.121687e+00 7.010157e-01
1019 2.121365e+00 6.997187e-01
1020 2.204211e+00 7.080381e-01
1021 2.245507e+00 6.981072e-01
1022 2.250131e+00 7.261353e-01
1023 2.255205e+00 7.368721e-01
1024 2.255470e+00 7.400100e-01
1025 2.280791e+00 7.235904e-01
1026 2.280596e+00 7.237157e-01
1027 2.288121e+00 7.190662e-01
1028 2.284447e+00 7.187506e-01
1029 2.281713e+00 7.227633e-01
1030 2.289334e+00 7.564103e-01
1031 2.281177e+00 7.788894e-01
1032 2.273822e+00 7.648294e-01
1033 2.211267e+00 7.228684e-01
1034 2.216264e+00 7.241476e-01
1035 2.288175e+00 7.329303e-01
1036 2.293946e+00 7.362790e-01
1037 2.317151e+00 7.031761e-01
1038 2.306598e+00 6.948806e-01
1039 2.310834e+00 6.950308e-01
1040 2.316423e+00 6.767231e-01
1041 2.316731e+00 6.765749e-01
1042 2.323479e+00 6.640843e-01
1043 2.347298e+00 6.587879e-01
1044 2.337212e+00 6.144601e-01
1045 2.332609e+00 6.077476e-01
1046 2.325811e+00 6.036387e-01
1047 2.333438e+00 5.987951e-01
1048 2.334449e+00 5.967094e-01
1049 2.340323e+00 5.893750e-01
1050 2.361321e+00 5.791272e-01
1051 2.359437e+00 5.872781e-01
1052 2.346315e+00 6.019196e-01
1053 2.369650e+00 6.107353e-01
1054 2.375303e+00 6.026422e-01
1055 2.365781e+00 6.079591e-01
1056 2.285706e+00 6.474911e-01
1057 2.279896e+00 6.307744e-01
1058 2.268596e+00 6.208113e-01
1059 2.271762e+00 6.177131e-01
1060 2.266172e+00 5.893237e-01
1061 2.267572e+00 5.873865e-01
1062 2.273600e+00 5.648465e-01
1063 2.267784e+00 5.338378e-01
1064 2.234128e+00 5.015045e-01
1065 2.224725e+00 5.235705e-01
1066 2.205511e+00 5.267098e-01
1067 2.127276e+00 5.247519e-01
1068 2.118757e+00 5.347023e-01
1069 2.133768e+00 5.384626e-01
1070 2.137743e+00 5.393896e-01
1071 2.132000e+00 5.515938e-01
1072 2.138729e+00 5.518920e-01
1073 2.139991e+00 5.510753e-01
1074 2.094519e+00 5.188956e-01
1075 2.098326e+00 5.242226e-01
1076 2.091446e+00 5.288429e-01
1077 2.096379e+00 5.291685e-01
1078 2.095885e+00 5.243333e-01
1079 2.095876e+00 5.243866e-01
1080 2.091773e+00 5.234657e-01
1081 2.061122e+00 4.831083e-01
1082 2.053415e+00 4.842024e-01
1083 2.025616e+00 4.830402e-01
1084 2.021976e+00 4.609141e-01
1085 2.019609e+00 4.607472e-01
1086 2.017905e+00 4.606991e-01
1087 2.014250e+00 4.585427e-01
1088 2.035249e+00 4.769450e-01
1089 2.023325e+00 4.591317e-01
1090 2.022830e+00 4.591697e-01
1091 2.037357e+00 4.831545e-01
1092 2.036845e+00 4.842485e-01
1093 2.038077e+00 4.850567e-01
1094 2.043176e+00 4.855653e-01
1095 2.037001e+00 4.901316e-01
1096 2.007424e+00 4.456146e-01
1097 2.043569e+00 4.862526e-01
1098 2.044779e+00 4.875205e-01
1099 1.936160e+00 6.422144e-01
1100 1.891300e+00 6.371828e-01
1101 1.925563e+00 6.064543e-01
1102 1.920686e+00 6.067996e-01
1103 1.923782e+00 6.073913e-01
1104 1.886764e+00 6.299041e-01
1105 1.830316e+00 6.026093e-01
1106 1.827483e+00 6.038901e-01
1107 1.828346e+00 6.182368e-01
1108 1.870334e+00 6.099406e-01
1109 1.873436e+00 6.043262e-01
1110 1.867220e+00 5.929941e-01
1111 1.892209e+00 5.798439e-01
1112 1.891166e+00 5.766360e-01
1113 1.884389e+00 5.863554e-01
1114 1.884519e+00 5.867311e-01
1115 1.896945e+00 6.380620e-01
1116 1.880307e+00 6.010060e-01
1117 1.881158e+00 5.948623e-01
1118 1.892542e+00 5.989664e-01
1119 1.907450e+00 6.025780e-01
1120 1.898430e+00 6.136477e-01
1121 1.901287e+00 6.217710e-01
1122 1.903171e+00 6.212260e-01
1123 1.847620e+00 6.102280e-01
1124 1.839364e+00 6.066865e-01
1125 1.898425e+00 6.032331e-01
1126 1.879351e+00 6.181720e-01
1127 1.872572e+00 6.286409e-01
1128 1.870220e+00 6.278881e-01
1129 1.869095e+00 6.306697e-01
1130 1.874071e+00 6.231596e-01
1131 1.866634e+00 6.313108e-01
1132 1.877253e+00 6.526434e-01
1133 1.882828e+00 6.572578e-01
1134 1.882941e+00 6.564463e-01
1135 1.871665e+00 6.739447e-01
1136 1.869980e+00 6.639216e-01
1137 1.877386e+00 6.673636e-01
1138 1.880691e+00 6.425621e-01
1139 1.889019e+00 6.553862e-01
1140 1.882820e+00 6.365950e-01
1141 1.871531e+00 6.387401e-01
1142 1.878708e+00 6.105182e-01
1143 1.895776e+00 5.889011e-01
1144 1.915444e+00 5.699937e-01
1145 1.905226e+00 5.559225e-01
1146 1.879995e+00 5.450620e-01
1147 1.858150e+00 5.168977e-01
1148 1.842766e+00 5.540268e-01
1149 1.822200e+00 5.785170e-01
1150 1.809918e+00 5.637794e-01
1151 1.783252e+00 5.690460e-01
1152 1.735305e+00 5.904426e-01
1153 1.744809e+00 5.930267e-01
1154 1.749850e+00 5.924429e-01
1155 1.752415e+00 5.963788e-01
1156 1.721010e+00 6.023795e-01
1157 1.718700e+00 5.540950e-01
1158 1.756560e+00 5.833601e-01
1159 1.754561e+00 5.864119e-01
1160 1.732130e+00 6.249543e-01
1161 1.735755e+00 6.349182e-01
1162 1.742671e+00 5.658633e-01
1163 1.746533e+00 5.648205e-01
1164 1.749379e+00 5.539378e-01
1165 1.732776e+00 5.862001e-01
1166 1.733009e+00 5.844208e-01
1167 1.715873e+00 6.073654e-01
1168 1.716961e+00 6.140113e-01
1169 1.702659e+00 6.476074e-01
1170 1.720933e+00 6.724599e-01
1171 1.711059e+00 6.401222e-01
1172 1.704237e+00 6.383961e-01
1173 1.709158e+00 6.454448e-01
1174 1.727340e+00 6.433621e-01
1175 1.726470e+00 6.388682e-01
1176 1.736513e+00 5.989592e-01
1177 1.730458e+00 5.962045e-01
1178 1.705030e+00 6.027943e-01
1179 1.699469e+00 6.097536e-01
1180 1.732524e+00 5.910227e-01
1181 1.747835e+00 5.956539e-01
1182 1.730774e+00 6.268919e-01
1183 1.723934e+00 6.226437e-01
1184 1.704885e+00 6.059249e-01
1185 1.702739e+00 6.005735e-01
1186 1.702581e+00 5.684336e-01
1187 1.709123e+00 5.738894e-01
1188 1.697508e+00 5.596187e-01
1189 1.687548e+00 5.555943e-01
1190 1.683849e+00 5.419564e-01
1191 1.683871e+00 5.422334e-01
1192 1.700424e+00 5.682385e-01
1193 1.700475e+00 5.695213e-01
1194 1.667861e+00 5.466797e-01
1195 1.687257e+00 5.646515e-01
1196 1.687049e+00 5.646246e-01
1197 1.681786e+00 5.769531e-01
1198 1.687880e+00 6.082424e-01
1199 1.701138e+00 5.939617e-01
1200 1.698481e+00 5.868235e-01
1201 1.666267e+00 5.742238e-01
1202 1.655129e+00 5.740010e-01
1203 1.660684e+00 5.806160e-01
1204 1.706204e+00 5.878520e-01
1205 1.718198e+00 5.658696e-01
1206 1.716987e+00 5.661095e-01
1207 1.730179e+00 5.891961e-01
1208 1.729412e+00 5.923371e-01
1209 1.700984e+00 5.779884e-01
1210 1.686225e+00 5.754519e-01
1211 1.668830e+00 5.943101e-01
1212 1.712451e+00 6.078064e-01
1213 1.712171e+00 6.107088e-01
1214 1.761473e+00 6.195431e-01
1215 1.774608e+00 6.251404e-01
1216 1.780850e+00 6.627902e-01
1217 1.786388e+00 6.671438e-01
1218 1.818742e+00 6.871817e-01
1219 1.819457e+00 6.874825e-01
1220 1.817400e+00 6.905647e-01
1221 1.788230e+00 6.434236e-01
1222 1.790291e+00 6.451044e-01
1223 1.753187e+00 6.696993e-01
1224 1.747379e+00 6.742529e-01
1225 1.731705e+00 7.285288e-01
1226 1.771384e+00 7.511318e-01
1227 1.769372e+00 7.168328e-01
1228 1.761224e+00 7.257671e-01
1229 1.760072e+00 7.250990e-01
1230 1.758500e+00 7.146047e-01
1231 1.741936e+00 7.178953e-01
1232 1.738991e+00 7.165881e-01
1233 1.744797e+00 7.581450e-01
1234 1.740782e+00 7.300136e-01
1235 1.758025e+00 7.347809e-01
1236 1.754348e+00 7.352135e-01
1237 1.751956e+00 7.450950e-01
1238 1.757075e+00 7.409745e-01
1239 1.748291e+00 7.413765e-01
1240 1.745574e+00 7.395959e-01
1241 1.754042e+00 7.394122e-01
1242 1.764580e+00 7.053991e-01
1243 1.749669e+00 6.980570e-01
1244 1.749706e+00 6.962107e-01
1245 1.751121e+00 6.913885e-01
1246 1.743166e+00 6.840753e-01
1247 1.740655e+00 6.743345e-01
1248 1.752841e+00 6.671522e-01
1249 1.744733e+00 6.469859e-01
1250 1.753708e+00 6.607427e-01
1251 1.753269e+00 6.644852e-01
1252 1.770739e+00 6.295295e-01
1253 1.758794e+00 6.298278e-01
1254 1.759355e+00 6.253043e-01
1255 1.749601e+00 6.237365e-01
1256 1.767788e+00 6.207987e-01
1257 1.780337e+00 6.273417e-01
1258 1.780340e+00 6.272240e-01
1259 1.821499e+00 6.740832e-01
1260 1.812981e+00 6.707105e-01
1261 1.833038e+00 7.040390e-01
1262 1.846203e+00 7.082079e-01
1263 1.856340e+00 6.834824e-01
1264 1.843436e+00 7.007799e-01
1265 1.845322e+00 7.006763e-01
1266 1.809504e+00 7.054442e-01
1267 1.807317e+00 7.070704e-01
1268 1.781962e+00 7.120576e-01
1269 1.775159e+00 7.114496e-01
1270 1.762401e+00 6.940284e-01
1271 1.756251e+00 6.939309e-01
1272 1.756954e+00 6.826690e-01
1273 1.747305e+00 6.681551e-01
1274 1.746367e+00 6.678100e-01
1275 1.718338e+00 6.893491e-01
1276 1.725821e+00 6.945477e-01
1277 1.718476e+00 6.788676e-01
1278 1.709572e+00 6.893127e-01
1279 1.772997e+00 6.565579e-01
1280 1.779246e+00 6.862845e-01
1281 1.735934e+00 6.953138e-01
1282 1.725607e+00 7.053473e-01
1283 1.733156e+00 6.602757e-01
1284 1.744439e+00 6.497720e-01
1285 1.746134e+00 6.709069e-01
1286 1.754816e+00 6.868280e-01
1287 1.700156e+00 6.637662e-01
1288 1.735582e+00 6.662546e-01
1289 1.756710e+00 6.632331e-01
1290 1.759469e+00 6.619153e-01
1291 1.768788e+00 6.417579e-01
1292 1.770446e+00 6.455622e-01
1293 1.769742e+00 6.445345e-01
1294 1.765673e+00 6.408565e-01
1295 1.768319e+00 6.503666e-01
1296 1.768149e+00 6.509451e-01
1297 1.769079e+00 6.516099e-01
1298 1.769750e+00 6.580361e-01
1299 1.772157e+00 6.570676e-01
1300 1.771985e+00 6.570881e-01
1301 1.757075e+00 6.999996e-01
1302 1.720624e+00 7.042384e-01
1303 1.714876e+00 6.969526e-01
1304 1.708670e+00 7.005339e-01
1305 1.711268e+00 6.698839e-01
1306 1.693248e+00 6.747706e-01
1307 1.690362e+00 6.655134e-01
1308 1.693201e+00 6.637352e-01
1309 1.660341e+00 6.874113e-01
1310 1.642463e+00 6.813767e-01
1311 1.618548e+00 7.042682e-01
1312 1.617211e+00 7.070532e-01
1313 1.610046e+00 7.044651e-01
1314 1.590894e+00 6.895636e-01
1315 1.600367e+00 6.830421e-01
1316 1.583793e+00 6.429764e-01
1317 1.521102e+00 6.365176e-01
1318 1.473418e+00 6.297941e-01
1319 1.501425e+00 6.367331e-01
1320 1.496393e+00 6.306626e-01
1321 1.502700e+00 6.332553e-01
1322 1.570442e+00 6.086018e-01
1323 1.556722e+00 6.047088e-01
1324 1.559955e+00 6.062768e-01
1325 1.504889e+00 5.982626e-01
1326 1.500387e+00 6.099564e-01
1327 1.500114e+00 6.101004e-01
1328 1.495367e+00 6.262471e-01
1329 1.514822e+00 6.207890e-01
1330 1.497839e+00 6.098517e-01
1331 1.497474e+00 5.963662e-01
1332 1.543449e+00 5.576667e-01
1333 1.561662e+00 5.744015e-01
1334 1.557650e+00 5.845839e-01
1335 1.545395e+00 5.962192e-01
1336 1.544566e+00 5.880276e-01
1337 1.575944e+00 5.991320e-01
1338 1.576305e+00 5.988659e-01
1339 1.585700e+00 5.959549e-01
1340 1.594643e+00 5.723859e-01
1341 1.593447e+00 5.762629e-01
1342 1.553065e+00 6.031165e-01
1343 1.567313e+00 5.990676e-01
1344 1.581939e+00 6.134712e-01
1345 1.584850e+00 6.098485e-01
1346 1.578907e+00 6.069687e-01
1347 1.598331e+00 6.014345e-01
1348 1.605937e+00 5.925495e-01
1349 1.602102e+00 5.950953e-01
1350 1.599527e+00 5.765875e-01
1351 1.588104e+00 5.754589e-01
1352 1.597366e+00 5.846300e-01
1353 1.586691e+00 6.019417e-01
1354 1.582486e+00 5.955211e-01
1355 1.556313e+00 5.808110e-01
1356 1.558264e+00 5.798839e-01
1357 1.542782e+00 5.578385e-01
1358 1.531411e+00 5.597953e-01
1359 1.531495e+00 5.562370e-01
1360 1.538051e+00 5.592115e-01
1361 1.550356e+00 5.557777e-01
1362 1.557972e+00 5.422963e-01
1363 1.588834e+00 5.615816e-01
1364 1.595451e+00 5.693150e-01
1365 1.597571e+00 5.760985e-01
1366 1.592540e+00 5.864561e-01
1367 1.603983e+00 5.593809e-01
1368 1.592077e+00 5.416639e-01
1369 1.604239e+00 5.700388e-01
1370 1.587350e+00 5.514384e-01
1371 1.579156e+00 5.445974e-01
1372 1.573395e+00 5.470352e-01
1373 1.573631e+00 5.555629e-01
1374 1.575296e+00 5.658478e-01
1375 1.665840e+00 5.296925e-01
1376 1.626651e+00 5.261282e-01
1377 1.647033e+00 5.292451e-01
1378 1.645810e+00 5.287729e-01
1379 1.648068e+00 5.347878e-01
1380 1.650734e+00 5.246092e-01
1381 1.648864e+00 5.216666e-01
1382 1.617525e+00 5.003772e-01
1383 1.611598e+00 5.077023e-01
1384 1.614108e+00 5.170887e-01
1385 1.612971e+00 5.253325e-01
1386 1.616224e+00 5.330527e-01
1387 1.616212e+00 5.336524e-01
1388 1.610498e+00 4.968114e-01
1389 1.616391e+00 5.038902e-01
1390 1.619070e+00 5.133154e-01
1391 1.618763e+00 5.138612e-01
1392 1.612184e+00 5.112063e-01
1393 1.606933e+00 5.092536e-01
1394 1.604057e+00 4.933268e-01
1395 1.601149e+00 4.928676e-01
1396 1.603548e+00 4.993889e-01
1397 1.607054e+00 4.978878e-01
1398 1.600670e+00 5.139229e-01
1399 1.580787e+00 5.045719e-01
1400 1.542780e+00 5.416026e-01
1401 1.531016e+00 5.532112e-01
1402 1.520011e+00 5.400302e-01
1403 1.522441e+00 5.329077e-01
1404 1.559240e+00 5.311804e-01
1405 1.506525e+00 5.042963e-01
1406 1.514147e+00 4.647785e-01
1407 1.506809e+00 4.671221e-01
1408 1.523726e+00 4.573956e-01
1409 1.521756e+00 4.546067e-01
1410 1.507243e+00 4.812009e-01
1411 1.509831e+00 4.820902e-01
1412 1.511315e+00 4.861647e-01
1413 1.520769e+00 5.103698e-01
1414 1.520185e+00 5.123034e-01
1415 1.512705e+00 4.538677e-01
1416 1.511683e+00 4.485818e-01
1417 1.506073e+00 4.465033e-01
1418 1.517077e+00 4.387670e-01
1419 1.515305e+00 4.311684e-01
1420 1.508905e+00 4.440701e-01
1421 1.491459e+00 4.709634e-01
1422 1.513548e+00 4.486209e-01
1423 1.501380e+00 4.182466e-01
1424 1.481241e+00 3.989452e-01
1425 1.463338e+00 3.845291e-01
1426 1.431448e+00 3.701815e-01
1427 1.431669e+00 3.737375e-01
1428 1.432562e+00 3.915681e-01
1429 1.423337e+00 3.944737e-01
1430 1.423172e+00 3.979057e-01
1431 1.428641e+00 3.946594e-01
1432 1.431705e+00 3.961105e-01
1433 1.417765e+00 4.418958e-01
1434 1.418063e+00 4.484618e-01
1435 1.425133e+00 4.850877e-01
1436 1.469444e+00 4.788158e-01
1437 1.469528e+00 4.817255e-01
1438 1.482774e+00 4.796979e-01
1439 1.493014e+00 4.917908e-01
1440 1.503589e+00 4.975209e-01
1441 1.503459e+00 4.950337e-01
1442 1.502831e+00 4.965870e-01
1443 1.481388e+00 4.766784e-01
1444 1.505886e+00 4.695926e-01
1445 1.527461e+00 4.177691e-01
1446 1.537726e+00 4.238157e-01
1447 1.543022e+00 4.159217e-01
1448 1.532021e+00 4.219270e-01
1449 1.532833e+00 4.227627e-01
1450 1.531004e+00 4.192111e-01
1451 1.535626e+00 4.187067e-01
1452 1.526691e+00 4.289437e-01
1453 1.529159e+00 4.338306e-01
1454 1.537440e+00 4.268927e-01
1455 1.512768e+00 4.142152e-01
1456 1.540946e+00 3.959860e-01
1457 1.548296e+00 3.928149e-01
1458 1.536600e+00 3.911081e-01
1459 1.522815e+00 3.731819e-01
1460 1.484770e+00 3.331546e-01
1461 1.443253e+00 3.354883e-01
1462 1.459979e+00 3.681491e-01
1463 1.462791e+00 3.713175e-01
1464 1.465349e+00 3.683826e-01
1465 1.468104e+00 3.805279e-01
1466 1.459488e+00 3.816278e-01
1467 1.459342e+00 3.823788e-01
1468 1.465312e+00 4.038346e-01
1469 1.464922e+00 4.073110e-01
1470 1.464412e+00 4.001632e-01
1471 1.466327e+00 4.018642e-01
1472 1.488792e+00 4.210315e-01
1473 1.456418e+00 4.446392e-01
1474 1.463040e+00 4.456409e-01
1475 1.461555e+00 4.479218e-01
1476 1.466539e+00 4.594490e-01
1477 1.470328e+00 4.821589e-01
1478 1.470229e+00 5.099031e-01
1479 1.460044e+00 5.120636e-01
1480 1.475690e+00 5.253086e-01
1481 1.462386e+00 5.316912e-01
1482 1.458672e+00 5.361242e-01
1483 1.460435e+00 5.487620e-01
1484 1.457355e+00 5.509417e-01
1485 1.456767e+00 5.499443e-01
1486 1.456536e+00 5.479283e-01
1487 1.457462e+00 5.480260e-01
1488 1.460939e+00 5.493749e-01
1489 1.461429e+00 5.502110e-01
1490 1.472261e+00 5.642862e-01
1491 1.473791e+00 5.729808e-01
1492 1.475652e+00 5.737431e-01
1493 1.457663e+00 5.718381e-01
1494 1.458553e+00 5.739592e-01
1495 1.469450e+00 5.914978e-01
1496 1.522561e+00 6.163351e-01
1497 1.514288e+00 6.240344e-01
1498 1.497529e+00 5.429692e-01
1499 1.490198e+00 5.413480e-01
1500 1.497373e+00 5.446275e-01
1501 1.481465e+00 5.599327e-01
1502 1.485185e+00 5.669015e-01
1503 1.486425e+00 5.686255e-01
1504 1.494675e+00 5.292807e-01
1505 1.499633e+00 5.116033e-01
1506 1.502997e+00 4.680042e-01
1507 1.535157e+00 4.692756e-01
1508 1.529097e+00 4.674065e-01
1509 1.529335e+00 4.713849e-01
1510 1.523459e+00 4.809499e-01
1511 1.511975e+00 4.612632e-01
1512 1.514256e+00 4.610478e-01
1513 1.532745e+00 4.525487e-01
1514 1.529928e+00 4.515328e-01
1515 1.524097e+00 4.710409e-01
1516 1.521573e+00 4.818821e-01
1517 1.520806e+00 4.704864e-01
1518 1.521680e+00 4.766174e-01
1519 1.515280e+00 4.696747e-01
1520 1.522917e+00 4.753850e-01
1521 1.525270e+00 4.692274e-01
1522 1.528257e+00 4.784091e-01
1523 1.518434e+00 4.697569e-01
1524 1.520867e+00 4.706082e-01
1525 1.528527e+00 4.743169e-01
1526 1.537723e+00 4.646234e-01
1527 1.532315e+00 4.663789e-01
1528 1.523661e+00 4.529329e-01
1529 1.523362e+00 4.523396e-01
1530 1.505318e+00 4.498173e-01
1531 1.501470e+00 4.577541e-01
1532 1.530273e+00 4.635705e-01
1533 1.556381e+00 4.567988e-01
1534 1.569166e+00 4.529778e-01
1535 1.571405e+00 4.546901e-01
1536 1.588102e+00 4.601548e-01
1537 1.587888e+00 4.604303e-01
1538 1.554914e+00 4.550630e-01
1539 1.557041e+00 4.544194e-01
1540 1.577824e+00 4.162581e-01
1541 1.576767e+00 4.209840e-01
1542 1.575098e+00 4.197186e-01
1543 1.594208e+00 3.743122e-01
1544 1.595741e+00 3.838696e-01
1545 1.604217e+00 3.775360e-01
1546 1.572781e+00 3.613391e-01
1547 1.568046e+00 3.614437e-01
1548 1.579537e+00 3.236716e-01
1549 1.573715e+00 3.553614e-01
1550 1.578950e+00 3.578043e-01
1551 1.581145e+00 3.637462e-01
1552 1.622331e+00 4.054734e-01
1553 1.621092e+00 4.047745e-01
1554 1.617672e+00 3.894285e-01
1555 1.626455e+00 3.881869e-01
1556 1.621610e+00 3.836681e-01
1557 1.613960e+00 3.899705e-01
1558 1.621871e+00 3.779051e-01
1559 1.634271e+00 3.871583e-01
1560 1.706323e+00 3.837379e-01
1561 1.682319e+00 3.838515e-01
1562 1.682907e+00 3.803453e-01
1563 1.671297e+00 3.563166e-01
1564 1.665488e+00 3.601324e-01
1565 1.670386e+00 3.827533e-01
1566 1.676563e+00 3.822284e-01
1567 1.674148e+00 3.800682e-01
1568 1.694342e+00 3.552706e-01
1569 1.696337e+00 3.785013e-01
1570 1.699644e+00 3.884998e-01
1571 1.657267e+00 3.751450e-01
1572 1.657701e+00 3.689263e-01
1573 1.659484e+00 3.705853e-01
1574 1.653722e+00 3.243123e-01
1575 1.669632e+00 2.975361e-01
1576 1.674210e+00 2.920823e-01
1577 1.664933e+00 2.988328e-01
1578 1.661216e+00 2.836539e-01
1579 1.646424e+00 2.675620e-01
1580 1.615460e+00 2.622678e-01
1581 1.546569e+00 3.024754e-01
1582 1.540741e+00 2.985683e-01
1583 1.536705e+00 2.999890e-01
1584 1.537963e+00 3.032211e-01
1585 1.570447e+00 3.023281e-01
1586 1.563583e+00 3.292657e-01
1587 1.550350e+00 3.232235e-01
1588 1.554795e+00 3.496866e-01
1589 1.553080e+00 3.822398e-01
1590 1.542744e+00 3.754669e-01
1591 1.542991e+00 3.812562e-01
1592 1.548455e+00 3.628749e-01
1593 1.548867e+00 3.626195e-01
1594 1.554617e+00 3.644360e-01
1595 1.548204e+00 3.646608e-01
1596 1.516298e+00 4.057266e-01
1597 1.501773e+00 3.959480e-01
1598 1.501048e+00 3.983739e-01
1599 1.537415e+00 4.096105e-01
1600 1.545683e+00 4.261927e-01
1601 1.550198e+00 4.264968e-01
1602 1.555036e+00 4.260067e-01
1603 1.556689e+00 4.248545e-01
1604 1.573737e+00 4.355184e-01
1605 1.580078e+00 4.240796e-01
1606 1.584682e+00 4.058388e-01
1607 1.580524e+00 3.880360e-01
1608 1.612161e+00 3.555414e-01
1609 1.607663e+00 3.528891e-01
1610 1.606833e+00 3.491609e-01
1611 1.605981e+00 3.534540e-01
1612 1.694294e+00 3.628160e-01
1613 1.696737e+00 3.641684e-01
1614 1.699650e+00 3.559705e-01
1615 1.704458e+00 3.639711e-01
1616 1.682583e+00 3.646169e-01
1617 1.694453e+00 3.888672e-01
1618 1.676775e+00 3.652453e-01
1619 1.660160e+00 3.543045e-01
1620 1.726766e+00 3.435742e-01
1621 1.739170e+00 3.557759e-01
1622 1.709747e+00 3.410301e-01
1623 1.704759e+00 3.342423e-01
1624 1.691789e+00 3.451321e-01
1625 1.703980e+00 3.471712e-01
1626 1.715305e+00 3.915959e-01
1627 1.718476e+00 3.898913e-01
1628 1.728388e+00 4.022041e-01
1629 1.711909e+00 4.067368e-01
1630 1.720061e+00 4.246804e-01
1631 1.696727e+00 3.841757e-01
1632 1.695242e+00 3.907050e-01
1633 1.694542e+00 3.899634e-01
1634 1.705179e+00 3.956466e-01
1635 1.705741e+00 3.947856e-01
1636 1.710553e+00 3.911054e-01
1637 1.730431e+00 4.000386e-01
1638 1.718587e+00 4.038380e-01
1639 1.720455e+00 4.252120e-01
1640 1.719107e+00 4.248728e-01
1641 1.721587e+00 4.313964e-01
1642 1.708742e+00 4.277696e-01
1643 1.706306e+00 4.320136e-01
1644 1.708501e+00 4.346104e-01
1645 1.711474e+00 4.252591e-01
1646 1.699892e+00 4.102331e-01
1647 1.689679e+00 4.123247e-01
1648 1.697935e+00 3.806072e-01
1649 1.703798e+00 3.788341e-01
1650 1.695906e+00 3.817234e-01
1651 1.694489e+00 3.860312e-01
1652 1.741780e+00 4.092741e-01
1653 1.728831e+00 4.129205e-01
1654 1.716906e+00 4.098804e-01
1655 1.695437e+00 3.894592e-01
1656 1.706011e+00 4.063676e-01
1657 1.688810e+00 3.824510e-01
1658 1.688250e+00 3.840360e-01
1659 1.724977e+00 3.909311e-01
1660 1.709157e+00 3.683078e-01
1661 1.756049e+00 3.703152e-01
1662 1.748154e+00 3.632658e-01
1663 1.789388e+00 3.886956e-01
1664 1.789296e+00 3.888816e-01
1665 1.785114e+00 3.846668e-01
1666 1.779962e+00 3.805479e-01
1667 1.790926e+00 3.915331e-01
1668 1.791247e+00 3.921504e-01
1669 1.608349e+00 3.647705e-01
1670 1.580087e+00 3.748167e-01
1671 1.591998e+00 3.747397e-01
1672 1.649804e+00 3.906929e-01
1673 1.624508e+00 4.441605e-01
1674 1.623865e+00 4.449901e-01
1675 1.625637e+00 4.269170e-01
1676 1.625097e+00 4.230059e-01
1677 1.624735e+00 4.158525e-01
1678 1.593904e+00 4.102984e-01
1679 1.580459e+00 4.216829e-01
1680 1.603274e+00 4.284734e-01
1681 1.623226e+00 4.679235e-01
1682 1.609402e+00 4.970727e-01
1683 1.609375e+00 4.971231e-01
1684 1.609257e+00 4.971191e-01
1685 1.595036e+00 5.145547e-01
1686 1.612904e+00 5.331974e-01
1687 1.613248e+00 5.334886e-01
1688 1.612827e+00 5.347547e-01
1689 1.614994e+00 5.392263e-01
1690 1.613712e+00 5.371362e-01
1691 1.609393e+00 5.183416e-01
1692 1.616606e+00 5.279323e-01
1693 1.592522e+00 5.346875e-01
1694 1.616760e+00 5.150437e-01
1695 1.619431e+00 5.143640e-01
1696 1.625841e+00 5.173631e-01
1697 1.598690e+00 5.053183e-01
1698 1.609792e+00 4.748174e-01
1699 1.626097e+00 4.653111e-01
1700 1.608877e+00 4.439848e-01
1701 1.595095e+00 4.165977e-01
1702 1.593879e+00 4.230907e-01
1703 1.585598e+00 4.107098e-01
1704 1.584931e+00 4.120749e-01
1705 1.542968e+00 4.277806e-01
1706 1.542473e+00 3.735830e-01
1707 1.533368e+00 3.539711e-01
1708 1.531242e+00 3.543510e-01
1709 1.623346e+00 3.670116e-01
1710 1.626145e+00 3.691647e-01
1711 1.583477e+00 2.816734e-01
1712 1.582730e+00 2.825281e-01
1713 1.582495e+00 2.832072e-01
1714 1.585450e+00 2.949101e-01
1715 1.583780e+00 3.002431e-01
1716 1.605811e+00 2.994142e-01
1717 1.605526e+00 2.995551e-01
1718 1.605332e+00 2.989356e-01
1719 1.612962e+00 3.046338e-01
1720 1.613369e+00 3.018283e-01
1721 1.611429e+00 2.868734e-01
1722 1.607678e+00 3.098131e-01
1723 1.607914e+00 3.095023e-01
1724 1.607155e+00 3.155113e-01
1725 1.590437e+00 3.204283e-01
1726 1.586307e+00 3.198002e-01
1727 1.629161e+00 2.912333e-01
1728 1.634016e+00 2.909504e-01
1729 1.635111e+00 2.722691e-01
1730 1.603270e+00 2.836181e-01
1731 1.600538e+00 2.835842e-01
1732 1.601945e+00 2.806994e-01
1733 1.601950e+00 2.806541e-01
1734 1.603715e+00 2.853168e-01
1735 1.600584e+00 2.870040e-01
1736 1.603177e+00 2.920422e-01
1737 1.596127e+00 2.780041e-01
1738 1.595946e+00 2.809841e-01
1739 1.549094e+00 2.530005e-01
1740 1.589080e+00 2.625674e-01
1741 1.589162e+00 2.639417e-01
1742 1.587105e+00 2.720181e-01
1743 1.592899e+00 2.662825e-01
1744 1.611849e+00 2.910137e-01
1745 1.613688e+00 3.056246e-01
1746 1.633486e+00 2.905482e-01
1747 1.625318e+00 2.784642e-01
1748 1.642161e+00 3.208868e-01
1749 1.645405e+00 3.169458e-01
1750 1.636070e+00 3.212396e-01
1751 1.645493e+00 3.838002e-01
1752 1.637054e+00 3.813706e-01
1753 1.620707e+00 3.766869e-01
1754 1.602000e+00 3.885163e-01
1755 1.590452e+00 3.345897e-01
1756 1.584132e+00 3.510505e-01
1757 1.585506e+00 3.171224e-01
1758 1.579810e+00 3.213071e-01
1759 1.555659e+00 2.262500e-01
1760 1.547471e+00 2.249036e-01
1761 1.554416e+00 2.487716e-01
1762 1.546918e+00 2.478476e-01
1763 1.546769e+00 2.495278e-01
1764 1.529379e+00 2.711706e-01
1765 1.561562e+00 2.796109e-01
1766 1.558482e+00 2.828128e-01
1767 1.570417e+00 2.567806e-01
1768 1.566772e+00 2.538793e-01
1769 1.566232e+00 2.558082e-01
1770 1.591946e+00 2.751315e-01
1771 1.610067e+00 2.658418e-01
1772 1.576692e+00 2.746165e-01
1773 1.575016e+00 2.814627e-01
1774 1.541706e+00 2.729584e-01
1775 1.530540e+00 2.623295e-01
1776 1.522797e+00 2.621036e-01
1777 1.498692e+00 2.894787e-01
1778 1.525609e+00 2.254449e-01
1779 1.527221e+00 2.125480e-01
1780 1.533905e+00 2.188743e-01
1781 1.544307e+00 1.964781e-01
1782 1.529738e+00 1.796958e-01
1783 1.521929e+00 1.692191e-01
1784 1.535999e+00 1.752686e-01
1785 1.511248e+00 1.509739e-01
1786 1.488110e+00 1.544688e-01
1787 1.478411e+00 1.455052e-01
1788 1.474354e+00 1.324685e-01
1789 1.482630e+00 1.436123e-01
1790 1.520557e+00 2.159568e-01
1791 1.520882e+00 2.081791e-01
1792 1.512434e+00 1.992611e-01
1793 1.518551e+00 1.810725e-01
1794 1.531732e+00 2.050915e-01
1795 1.548159e+00 1.925367e-01
1796 1.540197e+00 1.878481e-01
1797 1.543571e+00 2.165830e-01
1798 1.517676e+00 2.319811e-01
1799 1.476023e+00 1.392785e-01
1800 1.475774e+00 1.393742e-01
1801 1.467194e+00 1.396375e-01
1802 1.468500e+00 1.417921e-01
1803 1.503516e+00 1.003830e-01
1804 1.510012e+00 5.248039e-02
1805 1.509641e+00 5.278745e-02
1806 1.505505e+00 5.698699e-02
1807 1.505859e+00 5.859916e-02
1808 1.526107e+00 4.942673e-02
1809 1.529422e+00 4.856100e-02
1810 1.533429e+00 5.171437e-02
1811 1.532334e+00 5.794114e-02
1812 1.539267e+00 5.195585e-02
1813 1.542821e+00 5.292556e-02
1814 1.534406e+00 6.203725e-02
1815 1.546679e+00 9.149698e-02
1816 1.561325e+00 9.058828e-02
1817 1.549501e+00 7.954810e-02
1818 1.556682e+00 8.893175e-02
1819 1.566011e+00 7.218052e-02
1820 1.568568e+00 6.451321e-02
1821 1.563820e+00 6.009619e-02
1822 1.614872e+00 3.274040e-02
1823 1.605471e+00 -1.369166e-02
