0 7.616973e-01 1.000359e+00
1 7.577291e-01 9.921006e-01
2 7.592729e-01 9.861288e-01
3 7.409347e-01 1.006758e+00
4 7.254747e-01 1.001743e+00
5 7.228536e-01 9.960232e-01
6 7.391146e-01 9.945267e-01
7 7.351150e-01 1.011169e+00
8 7.366687e-01 1.012329e+00
9 7.393852e-01 1.036769e+00
10 7.399943e-01 1.037159e+00
11 7.460015e-01 1.025731e+00
12 7.459757e-01 1.024631e+00
13 7.028781e-01 9.896205e-01
14 6.904201e-01 9.796761e-01
15 6.959199e-01 9.751087e-01
16 7.380612e-01 9.958315e-01
17 7.359799e-01 9.962206e-01
18 7.383703e-01 9.886756e-01
19 7.400986e-01 9.765870e-01
20 7.387192e-01 9.751725e-01
21 7.765472e-01 9.700980e-01
22 7.765321e-01 9.700537e-01
23 7.698601e-01 9.895614e-01
24 7.802122e-01 9.822161e-01
25 7.716620e-01 9.776019e-01
26 7.516481e-01 9.785488e-01
27 7.467190e-01 9.874317e-01
28 7.590688e-01 1.020782e+00
29 7.741465e-01 1.011288e+00
30 7.755208e-01 1.012554e+00
31 7.582636e-01 1.027021e+00
32 7.653622e-01 1.024481e+00
33 7.644745e-01 1.024838e+00
34 7.653560e-01 1.031378e+00
35 7.648279e-01 1.031487e+00
36 7.708468e-01 1.052645e+00
37 7.717636e-01 1.050883e+00
38 7.706722e-01 1.049628e+00
39 7.751362e-01 1.039127e+00
40 7.911690e-01 1.023382e+00
41 7.922137e-01 1.014903e+00
42 7.909009e-01 9.985306e-01
43 7.835242e-01 1.005967e+00
44 7.825807e-01 1.006053e+00
45 8.116206e-01 1.008783e+00
46 8.065156e-01 1.012681e+00
47 8.237913e-01 1.012130e+00
48 7.874220e-01 1.071625e+00
49 7.626017e-01 1.067819e+00
50 7.614321e-01 1.093168e+00
51 7.695813e-01 1.060012e+00
52 7.760746e-01 1.060463e+00
53 7.728017e-01 1.067809e+00
54 7.213186e-01 1.073657e+00
55 7.376529e-01 1.091093e+00
56 7.207212e-01 1.113122e+00
57 7.196188e-01 1.114824e+00
58 7.139171e-01 1.116353e+00
59 7.128514e-01 1.115617e+00
60 7.077801e-01 1.128370e+00
61 7.162275e-01 1.115526e+00
62 7.554546e-01 1.152890e+00
63 7.581077e-01 1.137585e+00
64 7.704788e-01 1.153571e+00
65 7.935641e-01 1.165005e+00
66 8.078677e-01 1.181631e+00
67 7.915463e-01 1.217880e+00
68 8.071835e-01 1.206866e+00
69 8.187624e-01 1.196768e+00
70 7.923602e-01 1.229466e+00
71 7.912719e-01 1.225834e+00
72 7.949642e-01 1.236662e+00
73 7.893462e-01 1.224315e+00
74 7.780153e-01 1.212009e+00
75 7.677678e-01 1.235432e+00
76 7.794266e-01 1.195037e+00
77 7.665515e-01 1.200332e+00
78 7.654314e-01 1.221408e+00
79 7.998022e-01 1.217558e+00
80 7.996312e-01 1.205086e+00
81 8.429949e-01 1.216412e+00
82 8.673255e-01 1.247916e+00
83 8.722057e-01 1.239676e+00
84 8.701236e-01 1.248308e+00
85 9.019984e-01 1.241727e+00
86 9.301480e-01 1.234693e+00
87 8.808171e-01 1.216751e+00
88 9.088787e-01 1.223391e+00
89 9.046718e-01 1.225748e+00
90 8.963026e-01 1.230392e+00
91 9.037810e-01 1.259071e+00
92 8.911183e-01 1.250892e+00
93 8.655951e-01 1.276553e+00
94 8.668360e-01 1.278155e+00
95 8.654576e-01 1.257368e+00
96 8.906410e-01 1.253712e+00
97 8.865368e-01 1.242862e+00
98 8.840929e-01 1.243697e+00
99 8.852131e-01 1.241971e+00
100 9.117407e-01 1.243347e+00
101 9.105432e-01 1.250471e+00
102 9.077680e-01 1.230399e+00
103 8.784019e-01 1.254385e+00
104 8.841613e-01 1.258685e+00
105 8.828443e-01 1.258142e+00
106 8.835696e-01 1.259554e+00
107 8.869730e-01 1.249577e+00
108 8.853420e-01 1.245696e+00
109 9.004932e-01 1.249655e+00
110 9.102712e-01 1.238072e+00
111 9.082823e-01 1.230102e+00
112 9.514537e-01 1.211558e+00
113 9.397321e-01 1.239420e+00
114 9.359053e-01 1.243632e+00
115 9.599071e-01 1.273931e+00
116 9.724006e-01 1.309712e+00
117 9.733301e-01 1.314555e+00
118 9.620358e-01 1.311672e+00
119 9.901007e-01 1.292940e+00
120 9.987469e-01 1.305113e+00
121 1.016483e+00 1.292938e+00
122 1.022279e+00 1.297387e+00
123 1.020390e+00 1.309075e+00
124 1.014757e+00 1.311558e+00
125 1.010972e+00 1.322614e+00
126 1.010358e+00 1.323124e+00
127 1.027957e+00 1.361597e+00
128 1.042953e+00 1.385822e+00
129 1.033022e+00 1.391362e+00
130 1.032056e+00 1.390917e+00
131 1.032221e+00 1.390924e+00
132 1.027320e+00 1.387030e+00
133 1.030654e+00 1.385667e+00
134 1.027238e+00 1.386622e+00
135 1.027328e+00 1.386241e+00
136 1.062763e+00 1.386312e+00
137 1.086100e+00 1.427424e+00
138 1.101073e+00 1.437506e+00
139 1.120269e+00 1.449794e+00
140 1.119477e+00 1.451927e+00
141 1.129105e+00 1.454874e+00
142 1.181168e+00 1.473296e+00
143 1.189991e+00 1.478896e+00
144 1.176802e+00 1.462011e+00
145 1.192263e+00 1.459184e+00
146 1.161917e+00 1.418662e+00
147 1.160056e+00 1.420436e+00
148 1.168069e+00 1.415940e+00
149 1.150560e+00 1.418645e+00
150 1.195495e+00 1.416392e+00
151 1.259913e+00 1.368256e+00
152 1.273943e+00 1.385786e+00
153 1.229122e+00 1.413032e+00
154 1.231263e+00 1.418861e+00
155 1.237468e+00 1.415968e+00
156 1.261036e+00 1.392757e+00
157 1.265666e+00 1.396341e+00
158 1.265979e+00 1.351498e+00
159 1.263999e+00 1.351479e+00
160 1.281691e+00 1.390455e+00
161 1.292700e+00 1.398211e+00
162 1.284303e+00 1.388726e+00
163 1.278649e+00 1.378096e+00
164 1.221045e+00 1.373645e+00
165 1.202911e+00 1.364029e+00
166 1.194688e+00 1.368555e+00
167 1.207638e+00 1.389984e+00
168 1.216829e+00 1.388563e+00
169 1.226660e+00 1.416331e+00
170 1.226382e+00 1.420784e+00
171 1.196626e+00 1.429119e+00
172 1.196610e+00 1.429118e+00
173 1.197418e+00 1.429371e+00
174 1.191897e+00 1.430780e+00
175 1.264546e+00 1.441404e+00
176 1.258732e+00 1.437579e+00
177 1.259668e+00 1.435428e+00
178 1.283975e+00 1.419170e+00
179 1.264379e+00 1.400875e+00
180 1.267896e+00 1.418035e+00
181 1.267139e+00 1.417331e+00
182 1.258037e+00 1.409059e+00
183 1.247805e+00 1.396455e+00
184 1.247898e+00 1.396540e+00
185 1.261745e+00 1.394851e+00
186 1.258549e+00 1.440059e+00
187 1.258545e+00 1.440063e+00
188 1.257351e+00 1.443653e+00
189 1.229080e+00 1.472601e+00
190 1.228674e+00 1.472489e+00
191 1.226603e+00 1.469285e+00
192 1.221704e+00 1.511360e+00
193 1.221668e+00 1.512106e+00
194 1.242176e+00 1.513052e+00
195 1.231898e+00 1.486229e+00
196 1.225039e+00 1.484647e+00
197 1.231301e+00 1.494655e+00
198 1.232326e+00 1.494270e+00
199 1.231417e+00 1.498215e+00
200 1.183514e+00 1.583679e+00
201 1.182353e+00 1.586746e+00
202 1.182012e+00 1.577061e+00
203 1.169897e+00 1.591545e+00
204 1.136836e+00 1.492565e+00
205 1.135487e+00 1.492067e+00
206 1.134203e+00 1.494616e+00
207 1.133199e+00 1.493824e+00
208 1.112516e+00 1.482221e+00
209 1.128730e+00 1.471364e+00
210 1.140392e+00 1.460993e+00
211 1.136059e+00 1.458468e+00
212 1.160386e+00 1.415863e+00
213 1.144919e+00 1.398338e+00
214 1.094870e+00 1.330680e+00
215 1.100272e+00 1.326931e+00
216 1.071262e+00 1.321891e+00
217 1.071311e+00 1.322095e+00
218 1.082517e+00 1.319075e+00
219 1.090945e+00 1.343495e+00
220 1.088262e+00 1.345701e+00
221 1.086516e+00 1.345782e+00
222 1.079086e+00 1.347501e+00
223 1.044339e+00 1.348235e+00
224 1.028885e+00 1.331045e+00
225 9.868753e-01 1.413773e+00
226 1.000399e+00 1.416079e+00
227 9.993243e-01 1.425835e+00
228 1.026330e+00 1.426509e+00
229 1.014149e+00 1.407860e+00
230 1.010222e+00 1.414980e+00
231 1.013105e+00 1.405846e+00
232 1.010853e+00 1.407734e+00
233 9.852072e-01 1.425694e+00
234 9.983292e-01 1.441270e+00
235 1.062885e+00 1.367370e+00
236 1.066815e+00 1.363932e+00
237 1.072913e+00 1.349056e+00
238 1.068771e+00 1.345803e+00
239 1.016116e+00 1.319666e+00
240 1.045094e+00 1.282961e+00
241 1.063014e+00 1.269945e+00
242 1.082833e+00 1.272605e+00
243 1.083726e+00 1.273326e+00
244 1.139644e+00 1.324145e+00
245 1.137661e+00 1.324452e+00
246 1.158167e+00 1.311205e+00
247 1.151004e+00 1.304992e+00
248 1.173077e+00 1.316462e+00
249 1.171924e+00 1.313843e+00
250 1.147349e+00 1.321003e+00
251 1.163916e+00 1.297021e+00
252 1.163907e+00 1.297037e+00
253 1.160878e+00 1.295537e+00
254 1.163599e+00 1.289777e+00
255 1.162545e+00 1.292260e+00
256 1.180471e+00 1.287433e+00
257 1.188042e+00 1.291782e+00
258 1.217345e+00 1.294155e+00
259 1.210835e+00 1.291978e+00
260 1.200849e+00 1.290574e+00
261 1.226889e+00 1.296193e+00
262 1.191010e+00 1.246815e+00
263 1.193804e+00 1.243307e+00
264 1.192889e+00 1.243096e+00
265 1.237719e+00 1.300144e+00
266 1.261687e+00 1.321116e+00
267 1.252937e+00 1.353234e+00
268 1.293160e+00 1.363148e+00
269 1.305155e+00 1.344063e+00
270 1.297185e+00 1.359840e+00
271 1.299034e+00 1.359755e+00
272 1.293699e+00 1.333850e+00
273 1.289870e+00 1.329414e+00
274 1.273911e+00 1.320687e+00
275 1.282636e+00 1.311767e+00
276 1.310972e+00 1.299416e+00
277 1.320754e+00 1.320291e+00
278 1.313059e+00 1.282287e+00
279 1.310555e+00 1.279791e+00
280 1.343385e+00 1.258063e+00
281 1.338158e+00 1.254816e+00
282 1.364838e+00 1.282707e+00
283 1.364029e+00 1.282760e+00
284 1.362355e+00 1.309737e+00
285 1.340613e+00 1.286710e+00
286 1.370859e+00 1.285484e+00
287 1.356576e+00 1.252444e+00
288 1.361485e+00 1.257468e+00
289 1.348994e+00 1.268262e+00
290 1.300816e+00 1.263676e+00
291 1.299008e+00 1.263696e+00
292 1.320441e+00 1.262953e+00
293 1.319017e+00 1.263010e+00
294 1.319527e+00 1.257532e+00
295 1.332102e+00 1.258532e+00
296 1.280749e+00 1.250839e+00
297 1.278834e+00 1.234728e+00
298 1.279016e+00 1.237241e+00
299 1.298754e+00 1.264600e+00
300 1.273913e+00 1.229769e+00
301 1.273938e+00 1.227304e+00
302 1.294018e+00 1.256307e+00
303 1.301396e+00 1.287574e+00
304 1.299533e+00 1.289319e+00
305 1.313917e+00 1.287089e+00
306 1.325356e+00 1.288664e+00
307 1.286102e+00 1.324015e+00
308 1.292954e+00 1.300818e+00
309 1.294224e+00 1.329337e+00
310 1.295197e+00 1.329670e+00
311 1.293293e+00 1.319592e+00
312 1.294859e+00 1.319763e+00
313 1.261984e+00 1.280938e+00
314 1.237418e+00 1.280767e+00
315 1.243771e+00 1.281519e+00
316 1.253085e+00 1.280671e+00
317 1.304289e+00 1.284658e+00
318 1.316688e+00 1.304469e+00
319 1.305741e+00 1.302207e+00
320 1.308949e+00 1.315628e+00
321 1.321421e+00 1.327646e+00
322 1.331794e+00 1.303580e+00
323 1.387027e+00 1.292413e+00
324 1.398302e+00 1.282870e+00
325 1.414212e+00 1.280325e+00
326 1.383575e+00 1.253547e+00
327 1.370947e+00 1.271842e+00
328 1.410330e+00 1.275542e+00
329 1.435324e+00 1.262980e+00
330 1.438107e+00 1.263609e+00
331 1.436976e+00 1.268088e+00
332 1.424376e+00 1.261596e+00
333 1.423099e+00 1.264999e+00
334 1.422867e+00 1.267223e+00
335 1.443658e+00 1.275543e+00
336 1.448060e+00 1.278115e+00
337 1.451526e+00 1.274982e+00
338 1.438521e+00 1.260148e+00
339 1.442837e+00 1.271606e+00
340 1.442783e+00 1.274236e+00
341 1.443786e+00 1.282260e+00
342 1.453252e+00 1.279093e+00
343 1.461121e+00 1.271139e+00
344 1.468685e+00 1.267861e+00
345 1.479368e+00 1.312826e+00
346 1.477155e+00 1.313896e+00
347 1.435691e+00 1.373389e+00
348 1.458794e+00 1.361660e+00
349 1.462094e+00 1.363714e+00
350 1.461855e+00 1.366217e+00
351 1.416559e+00 1.381879e+00
352 1.413240e+00 1.367952e+00
353 1.389209e+00 1.381173e+00
354 1.374524e+00 1.352224e+00
355 1.378633e+00 1.354457e+00
356 1.378821e+00 1.332957e+00
357 1.398253e+00 1.316914e+00
358 1.398133e+00 1.308406e+00
359 1.405331e+00 1.298712e+00
360 1.395437e+00 1.307756e+00
361 1.385175e+00 1.327627e+00
362 1.383551e+00 1.332478e+00
363 1.354394e+00 1.395198e+00
364 1.367840e+00 1.404825e+00
365 1.363567e+00 1.386125e+00
366 1.337053e+00 1.398546e+00
367 1.330986e+00 1.426399e+00
368 1.324319e+00 1.428335e+00
369 1.330100e+00 1.380979e+00
370 1.294378e+00 1.403671e+00
371 1.280575e+00 1.416090e+00
372 1.224717e+00 1.400836e+00
373 1.211239e+00 1.382342e+00
374 1.215782e+00 1.389841e+00
375 1.215788e+00 1.389729e+00
376 1.195814e+00 1.365884e+00
377 1.196064e+00 1.361643e+00
378 1.159312e+00 1.352763e+00
379 1.161779e+00 1.351929e+00
380 1.160933e+00 1.353810e+00
381 1.162527e+00 1.356817e+00
382 1.163979e+00 1.370944e+00
383 1.163432e+00 1.379627e+00
384 1.174238e+00 1.381961e+00
385 1.181227e+00 1.388267e+00
386 1.170556e+00 1.404330e+00
387 1.183637e+00 1.370959e+00
388 1.188907e+00 1.370261e+00
389 1.204889e+00 1.385596e+00
390 1.209643e+00 1.389320e+00
391 1.243739e+00 1.405395e+00
392 1.244074e+00 1.395032e+00
393 1.258145e+00 1.383302e+00
394 1.220803e+00 1.317397e+00
395 1.211196e+00 1.376125e+00
396 1.209536e+00 1.387192e+00
397 1.205873e+00 1.378297e+00
398 1.186739e+00 1.404454e+00
399 1.186544e+00 1.417731e+00
400 1.190981e+00 1.421613e+00
401 1.303114e+00 1.479065e+00
402 1.315248e+00 1.498736e+00
403 1.313806e+00 1.503936e+00
404 1.286624e+00 1.508724e+00
405 1.306916e+00 1.518029e+00
406 1.315631e+00 1.522782e+00
407 1.261096e+00 1.521047e+00
408 1.259619e+00 1.506194e+00
409 1.241020e+00 1.513424e+00
410 1.247783e+00 1.509582e+00
411 1.235623e+00 1.493241e+00
412 1.226095e+00 1.474926e+00
413 1.222963e+00 1.463988e+00
414 1.212174e+00 1.467560e+00
415 1.215244e+00 1.464032e+00
416 1.215537e+00 1.466081e+00
417 1.213497e+00 1.466508e+00
418 1.217587e+00 1.453860e+00
419 1.225421e+00 1.443088e+00
420 1.231755e+00 1.431549e+00
421 1.229093e+00 1.463533e+00
422 1.235198e+00 1.465637e+00
423 1.241327e+00 1.464602e+00
424 1.237834e+00 1.472162e+00
425 1.237692e+00 1.471616e+00
426 1.232674e+00 1.474593e+00
427 1.209825e+00 1.469543e+00
428 1.175786e+00 1.470128e+00
429 1.176961e+00 1.428141e+00
430 1.176945e+00 1.428299e+00
431 1.183482e+00 1.423524e+00
432 1.181820e+00 1.423097e+00
433 1.189329e+00 1.429277e+00
434 1.204173e+00 1.420116e+00
435 1.203106e+00 1.420170e+00
436 1.177505e+00 1.408573e+00
437 1.143235e+00 1.412840e+00
438 1.148128e+00 1.407195e+00
439 1.145356e+00 1.396633e+00
440 1.147499e+00 1.394434e+00
441 1.154935e+00 1.396193e+00
442 1.156101e+00 1.396619e+00
443 1.147067e+00 1.381587e+00
444 1.132846e+00 1.383022e+00
445 1.130136e+00 1.376362e+00
446 1.126802e+00 1.377033e+00
447 1.124978e+00 1.385402e+00
448 1.168782e+00 1.378450e+00
449 1.221683e+00 1.419575e+00
450 1.221417e+00 1.423499e+00
451 1.218170e+00 1.411576e+00
452 1.217925e+00 1.410924e+00
453 1.221410e+00 1.413943e+00
454 1.198771e+00 1.378511e+00
455 1.203189e+00 1.381626e+00
456 1.204207e+00 1.380418e+00
457 1.215674e+00 1.383314e+00
458 1.214853e+00 1.383137e+00
459 1.215016e+00 1.383113e+00
460 1.211434e+00 1.388735e+00
461 1.212597e+00 1.385700e+00
462 1.228138e+00 1.332609e+00
463 1.233562e+00 1.329731e+00
464 1.253336e+00 1.369314e+00
465 1.299819e+00 1.422096e+00
466 1.295784e+00 1.421853e+00
467 1.333764e+00 1.424535e+00
468 1.319533e+00 1.428093e+00
469 1.321685e+00 1.426995e+00
470 1.328858e+00 1.419678e+00
471 1.327439e+00 1.415869e+00
472 1.327073e+00 1.416045e+00
473 1.351381e+00 1.431868e+00
474 1.399290e+00 1.439832e+00
475 1.401212e+00 1.438313e+00
476 1.413628e+00 1.460810e+00
477 1.409442e+00 1.465846e+00
478 1.464718e+00 1.463342e+00
479 1.505097e+00 1.463299e+00
480 1.506453e+00 1.460584e+00
481 1.506162e+00 1.467258e+00
482 1.513714e+00 1.463618e+00
483 1.520875e+00 1.466288e+00
484 1.454238e+00 1.415174e+00
485 1.414383e+00 1.437003e+00
486 1.418303e+00 1.477280e+00
487 1.457433e+00 1.458266e+00
488 1.455423e+00 1.457292e+00
489 1.417379e+00 1.440900e+00
490 1.418204e+00 1.441124e+00
491 1.411675e+00 1.445726e+00
492 1.402460e+00 1.436396e+00
493 1.426665e+00 1.422372e+00
494 1.443434e+00 1.425284e+00
495 1.450354e+00 1.469888e+00
496 1.459114e+00 1.439281e+00
497 1.447944e+00 1.399604e+00
498 1.387006e+00 1.395866e+00
499 1.393806e+00 1.381293e+00
500 1.384323e+00 1.379275e+00
501 1.374129e+00 1.392309e+00
502 1.371451e+00 1.398571e+00
503 1.379188e+00 1.399217e+00
504 1.371123e+00 1.403841e+00
505 1.357629e+00 1.435075e+00
506 1.357878e+00 1.434958e+00
507 1.353714e+00 1.436109e+00
508 1.345557e+00 1.469419e+00
509 1.351698e+00 1.475989e+00
510 1.353315e+00 1.476981e+00
511 1.333377e+00 1.475031e+00
512 1.328661e+00 1.466228e+00
513 1.330178e+00 1.471121e+00
514 1.350758e+00 1.470156e+00
515 1.347207e+00 1.475559e+00
516 1.372555e+00 1.477602e+00
517 1.390429e+00 1.458989e+00
518 1.405093e+00 1.470697e+00
519 1.401083e+00 1.469903e+00
520 1.402096e+00 1.470525e+00
521 1.404871e+00 1.469228e+00
522 1.404747e+00 1.469191e+00
523 1.414018e+00 1.496648e+00
524 1.414248e+00 1.492738e+00
525 1.407562e+00 1.499414e+00
526 1.427360e+00 1.478415e+00
527 1.419342e+00 1.471024e+00
528 1.431066e+00 1.479874e+00
529 1.430671e+00 1.490080e+00
530 1.422631e+00 1.515283e+00
531 1.359965e+00 1.494378e+00
532 1.367695e+00 1.473538e+00
533 1.368400e+00 1.458373e+00
534 1.378537e+00 1.471845e+00
535 1.388696e+00 1.521695e+00
536 1.388389e+00 1.521114e+00
537 1.389311e+00 1.528268e+00
538 1.377145e+00 1.521305e+00
539 1.376288e+00 1.521382e+00
540 1.381712e+00 1.520931e+00
541 1.381741e+00 1.520362e+00
542 1.363478e+00 1.494625e+00
543 1.370737e+00 1.510650e+00
544 1.361130e+00 1.510459e+00
545 1.364767e+00 1.510139e+00
546 1.380896e+00 1.495066e+00
547 1.374909e+00 1.488445e+00
548 1.378895e+00 1.475746e+00
549 1.378002e+00 1.477123e+00
550 1.377788e+00 1.476787e+00
551 1.328814e+00 1.496249e+00
552 1.339368e+00 1.458424e+00
553 1.286541e+00 1.453912e+00
554 1.319441e+00 1.465791e+00
555 1.319234e+00 1.524630e+00
556 1.319126e+00 1.524923e+00
557 1.324168e+00 1.525395e+00
558 1.317770e+00 1.517222e+00
559 1.318276e+00 1.510462e+00
560 1.297254e+00 1.493487e+00
561 1.324082e+00 1.481415e+00
562 1.323645e+00 1.481494e+00
563 1.316651e+00 1.482202e+00
564 1.333984e+00 1.492353e+00
565 1.302260e+00 1.489310e+00
566 1.302356e+00 1.493126e+00
567 1.309236e+00 1.484576e+00
568 1.309233e+00 1.484601e+00
569 1.319824e+00 1.489826e+00
570 1.238228e+00 1.515172e+00
571 1.242676e+00 1.522385e+00
572 1.239473e+00 1.510844e+00
573 1.258224e+00 1.423642e+00
574 1.271593e+00 1.439344e+00
575 1.267890e+00 1.470014e+00
576 1.248045e+00 1.490162e+00
577 1.225444e+00 1.511036e+00
578 1.226392e+00 1.493710e+00
579 1.225193e+00 1.486990e+00
580 1.200542e+00 1.481132e+00
581 1.194784e+00 1.486479e+00
582 1.188751e+00 1.481596e+00
583 1.191719e+00 1.468969e+00
584 1.177345e+00 1.484733e+00
585 1.162356e+00 1.489775e+00
586 1.171268e+00 1.492249e+00
587 1.185563e+00 1.504243e+00
588 1.185731e+00 1.503898e+00
589 1.185852e+00 1.500891e+00
590 1.194172e+00 1.496746e+00
591 1.181405e+00 1.511530e+00
592 1.180680e+00 1.507100e+00
593 1.173837e+00 1.490931e+00
594 1.072558e+00 1.520806e+00
595 1.073698e+00 1.509270e+00
596 1.071812e+00 1.512071e+00
597 1.080599e+00 1.513875e+00
598 1.085009e+00 1.501297e+00
599 1.083947e+00 1.475276e+00
600 1.094461e+00 1.499639e+00
601 1.094967e+00 1.499456e+00
602 1.110626e+00 1.477232e+00
603 1.115398e+00 1.477551e+00
604 1.139924e+00 1.506525e+00
605 1.145782e+00 1.529301e+00
606 1.079621e+00 1.520496e+00
607 1.078556e+00 1.525400e+00
608 1.068426e+00 1.512105e+00
609 1.107188e+00 1.540315e+00
610 1.104098e+00 1.554436e+00
611 1.101464e+00 1.554751e+00
612 1.103777e+00 1.555020e+00
613 1.212765e+00 1.528336e+00
614 1.198006e+00 1.524784e+00
615 1.195882e+00 1.519609e+00
616 1.184677e+00 1.513282e+00
617 1.194949e+00 1.505863e+00
618 1.195090e+00 1.504281e+00
619 1.154941e+00 1.529124e+00
620 1.190481e+00 1.512793e+00
621 1.178863e+00 1.519538e+00
622 1.176106e+00 1.515951e+00
623 1.168650e+00 1.508573e+00
624 1.179619e+00 1.520802e+00
625 1.178871e+00 1.520212e+00
626 1.173838e+00 1.524710e+00
627 1.231677e+00 1.478484e+00
628 1.228509e+00 1.481475e+00
629 1.228119e+00 1.481200e+00
630 1.233042e+00 1.480910e+00
631 1.231672e+00 1.481309e+00
632 1.231760e+00 1.485447e+00
633 1.233538e+00 1.492006e+00
634 1.218243e+00 1.510724e+00
635 1.179054e+00 1.527028e+00
636 1.170410e+00 1.531596e+00
637 1.154860e+00 1.538756e+00
638 1.114906e+00 1.533657e+00
639 1.106717e+00 1.531246e+00
640 1.093642e+00 1.533245e+00
641 1.093554e+00 1.535621e+00
642 1.072562e+00 1.519348e+00
643 1.051584e+00 1.524319e+00
644 1.063039e+00 1.525154e+00
645 1.036991e+00 1.530031e+00
646 1.026591e+00 1.507592e+00
647 1.064652e+00 1.470499e+00
648 1.052808e+00 1.487450e+00
649 1.036388e+00 1.476841e+00
650 1.039105e+00 1.470622e+00
651 1.024745e+00 1.467879e+00
652 1.003167e+00 1.435044e+00
653 1.005578e+00 1.404468e+00
654 9.920061e-01 1.411116e+00
655 1.001374e+00 1.407088e+00
656 1.001366e+00 1.407094e+00
657 9.462045e-01 1.404245e+00
658 9.478155e-01 1.418579e+00
659 8.939120e-01 1.441160e+00
660 8.596595e-01 1.354871e+00
661 8.362486e-01 1.353979e+00
662 8.365910e-01 1.353574e+00
663 8.519933e-01 1.364763e+00
664 8.486666e-01 1.382939e+00
665 8.606137e-01 1.396671e+00
666 8.576230e-01 1.395824e+00
667 8.539679e-01 1.395373e+00
668 8.068070e-01 1.357083e+00
669 8.055503e-01 1.357820e+00
670 8.065294e-01 1.358253e+00
671 8.164521e-01 1.358498e+00
672 7.866226e-01 1.349862e+00
673 7.877430e-01 1.350436e+00
674 7.760786e-01 1.340716e+00
675 7.764343e-01 1.323945e+00
676 7.758648e-01 1.326697e+00
677 8.482329e-01 1.303541e+00
678 9.059364e-01 1.286115e+00
679 8.937226e-01 1.278539e+00
680 9.589962e-01 1.283779e+00
681 9.492247e-01 1.278979e+00
682 9.572327e-01 1.276392e+00
683 9.448058e-01 1.276114e+00
684 9.737490e-01 1.276105e+00
685 9.743005e-01 1.274938e+00
686 9.766346e-01 1.280678e+00
687 9.914731e-01 1.251178e+00
688 9.985641e-01 1.235299e+00
689 9.995961e-01 1.227277e+00
690 1.006264e+00 1.241985e+00
691 1.015611e+00 1.243366e+00
692 9.250541e-01 1.154324e+00
693 9.147026e-01 1.159742e+00
694 8.721667e-01 1.156402e+00
695 8.562122e-01 1.188563e+00
696 8.550040e-01 1.188254e+00
697 8.702420e-01 1.152932e+00
698 8.728189e-01 1.150077e+00
699 8.950268e-01 1.156794e+00
700 8.861431e-01 1.168276e+00
701 8.919303e-01 1.174789e+00
702 9.012076e-01 1.176120e+00
703 8.972687e-01 1.185655e+00
704 8.991554e-01 1.186255e+00
705 9.112289e-01 1.171681e+00
706 8.731401e-01 1.188447e+00
707 8.793070e-01 1.191527e+00
708 8.911020e-01 1.177277e+00
709 8.825824e-01 1.171384e+00
710 8.828762e-01 1.174240e+00
711 8.533364e-01 1.097716e+00
712 8.694476e-01 1.088059e+00
713 8.693516e-01 1.103400e+00
714 8.761376e-01 1.111762e+00
715 8.837787e-01 1.133239e+00
716 8.843079e-01 1.127707e+00
717 8.840393e-01 1.127838e+00
718 8.991389e-01 1.126067e+00
719 9.142006e-01 1.146841e+00
720 9.061289e-01 1.144738e+00
721 9.046577e-01 1.145535e+00
722 9.041785e-01 1.162401e+00
723 8.896879e-01 1.156865e+00
724 8.919355e-01 1.138652e+00
725 9.006120e-01 1.139021e+00
726 8.963496e-01 1.139338e+00
727 8.789440e-01 1.131807e+00
728 8.566919e-01 1.149823e+00
729 8.514657e-01 1.170043e+00
730 8.927435e-01 1.134950e+00
731 9.042372e-01 1.105802e+00
732 9.044242e-01 1.105636e+00
733 9.059860e-01 1.143390e+00
734 9.077281e-01 1.145952e+00
735 9.083870e-01 1.146839e+00
736 9.407054e-01 1.132123e+00
737 9.474134e-01 1.152417e+00
738 9.574054e-01 1.184641e+00
739 9.729869e-01 1.202039e+00
740 9.657735e-01 1.199549e+00
741 9.631983e-01 1.199630e+00
742 9.717047e-01 1.193201e+00
743 1.003873e+00 1.209380e+00
744 1.020304e+00 1.239242e+00
745 1.013975e+00 1.229017e+00
746 1.015686e+00 1.227700e+00
747 1.013401e+00 1.218839e+00
748 1.011404e+00 1.216269e+00
749 1.049937e+00 1.226362e+00
750 1.057045e+00 1.230839e+00
751 1.050705e+00 1.228708e+00
752 1.053771e+00 1.227227e+00
753 1.053441e+00 1.227279e+00
754 1.066145e+00 1.255455e+00
755 1.045394e+00 1.183619e+00
756 1.032406e+00 1.174449e+00
757 1.032542e+00 1.173509e+00
758 1.011814e+00 1.181806e+00
759 1.009704e+00 1.180819e+00
760 1.009968e+00 1.182317e+00
761 1.013655e+00 1.181576e+00
762 1.008685e+00 1.166074e+00
763 1.013012e+00 1.171396e+00
764 1.039426e+00 1.239370e+00
765 1.052600e+00 1.240506e+00
766 1.050160e+00 1.243846e+00
767 1.051056e+00 1.239839e+00
768 1.042254e+00 1.249023e+00
769 1.019198e+00 1.259810e+00
770 1.038721e+00 1.264410e+00
771 1.039833e+00 1.275457e+00
772 1.035823e+00 1.256995e+00
773 1.022421e+00 1.244235e+00
774 1.012085e+00 1.237067e+00
775 1.010881e+00 1.244013e+00
776 1.010057e+00 1.237186e+00
777 1.036655e+00 1.236197e+00
778 1.048084e+00 1.210108e+00
779 1.049190e+00 1.210510e+00
780 1.034153e+00 1.206126e+00
781 1.057363e+00 1.116971e+00
782 1.056822e+00 1.117537e+00
783 1.068688e+00 1.132212e+00
784 1.073200e+00 1.139306e+00
785 1.017103e+00 1.131839e+00
786 1.016734e+00 1.131747e+00
787 1.012142e+00 1.127703e+00
788 1.010031e+00 1.130525e+00
789 1.010132e+00 1.130977e+00
790 1.074191e+00 1.143192e+00
791 1.079950e+00 1.150584e+00
792 1.074204e+00 1.145274e+00
793 1.070297e+00 1.186759e+00
794 1.037564e+00 1.155593e+00
795 1.024994e+00 1.111341e+00
796 9.749155e-01 1.115078e+00
797 9.516339e-01 1.113341e+00
798 9.696999e-01 1.124472e+00
799 9.717142e-01 1.123235e+00
800 9.574629e-01 1.121940e+00
801 9.530806e-01 1.127792e+00
802 9.436796e-01 1.153475e+00
803 9.455691e-01 1.155216e+00
804 9.448860e-01 1.161556e+00
805 9.535299e-01 1.166241e+00
806 9.497004e-01 1.179119e+00
807 9.440183e-01 1.184615e+00
808 9.399870e-01 1.176473e+00
809 9.389547e-01 1.177647e+00
810 9.233523e-01 1.186837e+00
811 9.344211e-01 1.191409e+00
812 9.401926e-01 1.201299e+00
813 9.419319e-01 1.193999e+00
814 9.497262e-01 1.184097e+00
815 9.374335e-01 1.187651e+00
816 9.376198e-01 1.187777e+00
817 9.299598e-01 1.184832e+00
818 9.741099e-01 1.222566e+00
819 9.864775e-01 1.213640e+00
820 9.888094e-01 1.219676e+00
821 1.000719e+00 1.241841e+00
822 1.091218e+00 1.302687e+00
823 1.102967e+00 1.323971e+00
824 1.105076e+00 1.315939e+00
825 1.062554e+00 1.314815e+00
826 1.115054e+00 1.367989e+00
827 1.103481e+00 1.365024e+00
828 1.115077e+00 1.358478e+00
829 1.118319e+00 1.359116e+00
830 1.127730e+00 1.373432e+00
831 1.122095e+00 1.352286e+00
832 1.117718e+00 1.353370e+00
833 1.159793e+00 1.453193e+00
834 1.165947e+00 1.459261e+00
835 1.170707e+00 1.461762e+00
836 1.208690e+00 1.450356e+00
837 1.196906e+00 1.442207e+00
838 1.144370e+00 1.424399e+00
839 1.150399e+00 1.430208e+00
840 1.155412e+00 1.377109e+00
841 1.156133e+00 1.376024e+00
842 1.162082e+00 1.388967e+00
843 1.055489e+00 1.357443e+00
844 1.059103e+00 1.350841e+00
845 1.054325e+00 1.341211e+00
846 1.011295e+00 1.314890e+00
847 9.956954e-01 1.295044e+00
848 9.929090e-01 1.297517e+00
849 1.024855e+00 1.316091e+00
850 1.021975e+00 1.315511e+00
851 1.040042e+00 1.295375e+00
852 9.895086e-01 1.267455e+00
853 9.824966e-01 1.269988e+00
854 9.851093e-01 1.270728e+00
855 1.002564e+00 1.248213e+00
856 1.003751e+00 1.275217e+00
857 1.006408e+00 1.276446e+00
858 1.011095e+00 1.277690e+00
859 9.911434e-01 1.308519e+00
860 9.833822e-01 1.308318e+00
861 9.844102e-01 1.300591e+00
862 9.818529e-01 1.297862e+00
863 9.818642e-01 1.297880e+00
864 9.813470e-01 1.297870e+00
865 9.830243e-01 1.291197e+00
866 1.011766e+00 1.313087e+00
867 1.004165e+00 1.337657e+00
868 1.024995e+00 1.315158e+00
869 1.022488e+00 1.339104e+00
870 1.023006e+00 1.339258e+00
871 1.013649e+00 1.362390e+00
872 1.013934e+00 1.364412e+00
873 1.009907e+00 1.338422e+00
874 1.027203e+00 1.323836e+00
875 1.026316e+00 1.318887e+00
876 1.017088e+00 1.315179e+00
877 1.006638e+00 1.318872e+00
878 1.000130e+00 1.286479e+00
879 1.010515e+00 1.281106e+00
880 1.018973e+00 1.265817e+00
881 1.007378e+00 1.271419e+00
882 1.029611e+00 1.299266e+00
883 1.052578e+00 1.297153e+00
884 1.091148e+00 1.279760e+00
885 1.087481e+00 1.273237e+00
886 9.866387e-01 1.256732e+00
887 9.866359e-01 1.267910e+00
888 9.606050e-01 1.192098e+00
889 9.630425e-01 1.184536e+00
890 9.726624e-01 1.183357e+00
891 1.000231e+00 1.185189e+00
892 9.850332e-01 1.205052e+00
893 9.877479e-01 1.183528e+00
894 1.029239e+00 1.205611e+00
895 1.027239e+00 1.203239e+00
896 9.860700e-01 1.171010e+00
897 9.897438e-01 1.174174e+00
898 9.579668e-01 1.214398e+00
899 9.473132e-01 1.216427e+00
900 9.477707e-01 1.218754e+00
901 9.405667e-01 1.216753e+00
902 8.917122e-01 1.270918e+00
903 7.928002e-01 1.314896e+00
904 8.008732e-01 1.297823e+00
905 8.345790e-01 1.310857e+00
906 8.581892e-01 1.348859e+00
907 8.818251e-01 1.324337e+00
908 8.648521e-01 1.334442e+00
909 8.446272e-01 1.337163e+00
910 8.459765e-01 1.335469e+00
911 8.390328e-01 1.386853e+00
912 8.482742e-01 1.386635e+00
913 8.380453e-01 1.401776e+00
914 8.462474e-01 1.411126e+00
915 8.256396e-01 1.390167e+00
916 8.041910e-01 1.390013e+00
917 7.697414e-01 1.407288e+00
918 7.682901e-01 1.409981e+00
919 7.796582e-01 1.410189e+00
920 7.793342e-01 1.413243e+00
921 7.697528e-01 1.401083e+00
922 7.773342e-01 1.402710e+00
923 7.757200e-01 1.403356e+00
924 8.331578e-01 1.453957e+00
925 8.512080e-01 1.464458e+00
926 8.579950e-01 1.466322e+00
927 8.563447e-01 1.459734e+00
928 8.605700e-01 1.465190e+00
929 8.792961e-01 1.454861e+00
930 8.786193e-01 1.437806e+00
931 8.760095e-01 1.434783e+00
932 8.741359e-01 1.437745e+00
933 8.735905e-01 1.437808e+00
934 9.746172e-01 1.465386e+00
935 9.260429e-01 1.450109e+00
936 9.263788e-01 1.450420e+00
937 8.884623e-01 1.472630e+00
938 8.831829e-01 1.493371e+00
939 8.824753e-01 1.505791e+00
940 8.947593e-01 1.510315e+00
941 9.249865e-01 1.474365e+00
942 9.173064e-01 1.462304e+00
943 9.126421e-01 1.467361e+00
944 9.209629e-01 1.471106e+00
945 9.325912e-01 1.453552e+00
946 9.799669e-01 1.426726e+00
947 9.949762e-01 1.429745e+00
948 9.732884e-01 1.426937e+00
949 9.515945e-01 1.406874e+00
950 9.419557e-01 1.404364e+00
951 9.256670e-01 1.422025e+00
952 9.348467e-01 1.413161e+00
953 9.146832e-01 1.405827e+00
954 9.118460e-01 1.396076e+00
955 9.078275e-01 1.394716e+00
956 8.998796e-01 1.378442e+00
957 9.028807e-01 1.393144e+00
958 9.034481e-01 1.380195e+00
959 9.100056e-01 1.417355e+00
960 9.277782e-01 1.403293e+00
961 9.270548e-01 1.390732e+00
962 9.123434e-01 1.404974e+00
963 9.033356e-01 1.434959e+00
964 9.357324e-01 1.427102e+00
965 9.364179e-01 1.433837e+00
966 9.368432e-01 1.432971e+00
967 9.342987e-01 1.434341e+00
968 9.510696e-01 1.442042e+00
969 1.001790e+00 1.413786e+00
970 1.001721e+00 1.414058e+00
971 9.990292e-01 1.424300e+00
972 9.897621e-01 1.418410e+00
973 1.014942e+00 1.408065e+00
974 1.010245e+00 1.398532e+00
975 1.028239e+00 1.344099e+00
976 1.033113e+00 1.342885e+00
977 1.029600e+00 1.361363e+00
978 1.028837e+00 1.340632e+00
979 9.818410e-01 1.327114e+00
980 9.560405e-01 1.308855e+00
981 9.651916e-01 1.314213e+00
982 1.029019e+00 1.296100e+00
983 1.016935e+00 1.298572e+00
984 1.038223e+00 1.290610e+00
985 1.028725e+00 1.278382e+00
986 1.049770e+00 1.294081e+00
987 1.021867e+00 1.275294e+00
988 1.023244e+00 1.276764e+00
989 1.035311e+00 1.244619e+00
990 1.045666e+00 1.253524e+00
991 1.041045e+00 1.249673e+00
992 1.040875e+00 1.256612e+00
993 1.047048e+00 1.260559e+00
994 1.042753e+00 1.265017e+00
995 1.043517e+00 1.247129e+00
996 1.041347e+00 1.229842e+00
997 1.044667e+00 1.216940e+00
998 1.046581e+00 1.224639e+00
999 1.065369e+00 1.212043e+00
1000 1.065405e+00 1.211861e+00
1001 1.062519e+00 1.211566e+00
1002 1.063103e+00 1.214597e+00
1003 1.094548e+00 1.201353e+00
1004 1.091678e+00 1.197928e+00
1005 1.095653e+00 1.201519e+00
1006 1.080923e+00 1.206495e+00
1007 1.054365e+00 1.206114e+00
1008 1.052075e+00 1.200551e+00
1009 1.050356e+00 1.195969e+00
1010 1.044994e+00 1.192639e+00
1011 1.050027e+00 1.195717e+00
1012 1.022261e+00 1.231186e+00
1013 1.017915e+00 1.232176e+00
1014 1.017041e+00 1.223863e+00
1015 1.017818e+00 1.221269e+00
1016 1.001720e+00 1.294284e+00
1017 9.591859e-01 1.271838e+00
1018 9.569692e-01 1.274082e+00
1019 9.425562e-01 1.245987e+00
1020 9.655584e-01 1.240392e+00
1021 9.494124e-01 1.235509e+00
1022 9.564030e-01 1.229166e+00
1023 9.415913e-01 1.231015e+00
1024 9.414653e-01 1.225904e+00
1025 9.464694e-01 1.223445e+00
1026 9.468796e-01 1.222832e+00
1027 9.431974e-01 1.180209e+00
1028 9.549601e-01 1.177712e+00
1029 1.002763e+00 1.169519e+00
1030 1.002961e+00 1.183994e+00
1031 9.983797e-01 1.181508e+00
1032 9.769713e-01 1.169688e+00
1033 9.175424e-01 1.168564e+00
1034 9.163568e-01 1.144781e+00
1035 8.892519e-01 1.166967e+00
1036 8.719055e-01 1.134073e+00
1037 8.901170e-01 1.124900e+00
1038 8.961531e-01 1.116012e+00
1039 8.528640e-01 1.129328e+00
1040 8.544355e-01 1.128929e+00
1041 8.079755e-01 1.167881e+00
1042 8.070373e-01 1.174465e+00
1043 8.085842e-01 1.173155e+00
1044 7.777682e-01 1.236887e+00
1045 7.498570e-01 1.293314e+00
1046 7.352422e-01 1.336592e+00
1047 7.799758e-01 1.331742e+00
1048 7.658716e-01 1.369910e+00
1049 7.659807e-01 1.370544e+00
1050 7.298139e-01 1.396741e+00
1051 7.155796e-01 1.391824e+00
1052 6.931840e-01 1.389238e+00
1053 6.872137e-01 1.395358e+00
1054 7.077730e-01 1.444761e+00
1055 6.947838e-01 1.451629e+00
1056 6.941963e-01 1.440663e+00
1057 6.928463e-01 1.442179e+00
1058 7.148500e-01 1.478571e+00
1059 7.151172e-01 1.479848e+00
1060 7.109244e-01 1.469150e+00
1061 7.061163e-01 1.458866e+00
1062 6.778584e-01 1.451497e+00
1063 6.764439e-01 1.450101e+00
1064 6.755079e-01 1.452635e+00
1065 6.736026e-01 1.458667e+00
1066 7.137788e-01 1.441992e+00
1067 7.237209e-01 1.441327e+00
1068 7.141357e-01 1.435426e+00
1069 7.018244e-01 1.462866e+00
1070 6.944193e-01 1.449845e+00
1071 6.768241e-01 1.432783e+00
1072 7.211666e-01 1.448838e+00
1073 7.265228e-01 1.421677e+00
1074 7.293748e-01 1.417245e+00
1075 7.076843e-01 1.422983e+00
1076 7.101701e-01 1.424188e+00
1077 6.442416e-01 1.417798e+00
1078 6.381902e-01 1.417072e+00
1079 6.388849e-01 1.414863e+00
1080 6.179396e-01 1.426828e+00
1081 6.157793e-01 1.426034e+00
1082 6.154685e-01 1.423757e+00
1083 6.138113e-01 1.420129e+00
1084 6.094283e-01 1.405424e+00
1085 6.095432e-01 1.405334e+00
1086 6.110877e-01 1.412636e+00
1087 6.117062e-01 1.413015e+00
1088 6.013452e-01 1.416469e+00
1089 5.914691e-01 1.404715e+00
1090 5.666082e-01 1.411747e+00
1091 5.522756e-01 1.407301e+00
1092 5.878703e-01 1.374982e+00
1093 5.458876e-01 1.415109e+00
1094 5.338887e-01 1.411359e+00
1095 5.880260e-01 1.399001e+00
1096 5.992371e-01 1.384834e+00
1097 5.956924e-01 1.385507e+00
1098 5.903268e-01 1.391383e+00
1099 5.616784e-01 1.420474e+00
1100 5.442745e-01 1.416459e+00
1101 5.448301e-01 1.419905e+00
1102 5.386506e-01 1.420324e+00
1103 5.627222e-01 1.465022e+00
1104 5.843668e-01 1.453511e+00
1105 5.716404e-01 1.455558e+00
1106 5.828538e-01 1.482620e+00
1107 5.848107e-01 1.478631e+00
1108 5.801371e-01 1.474162e+00
1109 5.901822e-01 1.446096e+00
1110 6.004837e-01 1.451566e+00
1111 5.923118e-01 1.456366e+00
1112 5.763081e-01 1.401998e+00
1113 5.803021e-01 1.390866e+00
1114 5.803557e-01 1.390230e+00
1115 5.605434e-01 1.390761e+00
1116 5.966745e-01 1.375807e+00
1117 6.003634e-01 1.377547e+00
1118 6.027083e-01 1.384850e+00
1119 5.852058e-01 1.384353e+00
1120 6.058622e-01 1.412506e+00
1121 5.868957e-01 1.461312e+00
1122 5.600953e-01 1.496860e+00
1123 5.621720e-01 1.489819e+00
1124 5.845696e-01 1.490240e+00
1125 5.937302e-01 1.476841e+00
1126 6.126623e-01 1.492927e+00
1127 6.088543e-01 1.487833e+00
1128 7.002135e-01 1.480377e+00
1129 7.106241e-01 1.480789e+00
1130 6.954809e-01 1.493252e+00
1131 7.024415e-01 1.488622e+00
1132 7.321280e-01 1.489381e+00
1133 7.053034e-01 1.518690e+00
1134 7.052696e-01 1.499915e+00
1135 7.505463e-01 1.463449e+00
1136 7.498673e-01 1.463251e+00
1137 7.474090e-01 1.461339e+00
1138 7.574403e-01 1.456656e+00
1139 7.983998e-01 1.454417e+00
1140 8.137818e-01 1.461269e+00
1141 8.102074e-01 1.430580e+00
1142 8.223097e-01 1.450608e+00
1143 8.319731e-01 1.444951e+00
1144 8.352064e-01 1.440773e+00
1145 8.404832e-01 1.433523e+00
1146 8.589535e-01 1.497797e+00
1147 8.626758e-01 1.496625e+00
1148 8.233814e-01 1.546705e+00
1149 8.332609e-01 1.559395e+00
1150 8.245836e-01 1.550608e+00
1151 7.920286e-01 1.503105e+00
1152 7.855913e-01 1.488973e+00
1153 7.793546e-01 1.436542e+00
1154 7.851449e-01 1.436219e+00
1155 7.778954e-01 1.446334e+00
1156 7.792467e-01 1.415362e+00
1157 7.870055e-01 1.428211e+00
1158 7.881847e-01 1.444811e+00
1159 7.644190e-01 1.447757e+00
1160 7.621592e-01 1.450501e+00
1161 7.781339e-01 1.426202e+00
1162 7.736508e-01 1.401986e+00
1163 7.613090e-01 1.422480e+00
1164 7.650035e-01 1.427065e+00
1165 7.637642e-01 1.430232e+00
1166 7.765087e-01 1.439684e+00
1167 8.004169e-01 1.424139e+00
1168 7.811828e-01 1.417592e+00
1169 7.410419e-01 1.438106e+00
1170 7.382041e-01 1.437387e+00
1171 7.308695e-01 1.417707e+00
1172 7.121721e-01 1.420496e+00
1173 7.103088e-01 1.404573e+00
1174 7.085485e-01 1.406652e+00
1175 7.334024e-01 1.414677e+00
1176 7.315391e-01 1.418098e+00
1177 7.575270e-01 1.392250e+00
1178 7.510626e-01 1.299123e+00
1179 7.509684e-01 1.299330e+00
1180 7.502919e-01 1.305426e+00
1181 7.660378e-01 1.274449e+00
1182 7.587413e-01 1.246775e+00
1183 7.556140e-01 1.258928e+00
1184 7.673528e-01 1.283601e+00
1185 7.705205e-01 1.247241e+00
1186 7.702469e-01 1.249884e+00
1187 7.709153e-01 1.244644e+00
1188 7.731762e-01 1.246565e+00
1189 8.408836e-01 1.230730e+00
1190 8.415701e-01 1.231478e+00
1191 8.783412e-01 1.207938e+00
1192 8.795292e-01 1.206064e+00
1193 8.788619e-01 1.205305e+00
1194 8.799175e-01 1.257515e+00
1195 8.769564e-01 1.245207e+00
1196 8.515562e-01 1.283535e+00
1197 8.538740e-01 1.240569e+00
1198 8.603105e-01 1.240729e+00
1199 8.471774e-01 1.228373e+00
1200 8.768487e-01 1.243817e+00
1201 8.927456e-01 1.262779e+00
1202 8.891815e-01 1.248562e+00
1203 8.717401e-01 1.272438e+00
1204 8.818090e-01 1.274595e+00
1205 8.448476e-01 1.273842e+00
1206 8.458106e-01 1.271624e+00
1207 8.468914e-01 1.308555e+00
1208 8.563330e-01 1.266576e+00
1209 8.503868e-01 1.325554e+00
1210 8.615839e-01 1.323466e+00
1211 8.637162e-01 1.333550e+00
1212 8.712631e-01 1.324125e+00
1213 8.679422e-01 1.310491e+00
1214 8.736620e-01 1.315425e+00
1215 8.761529e-01 1.315554e+00
1216 8.948812e-01 1.321936e+00
1217 8.921263e-01 1.298558e+00
1218 8.655823e-01 1.345052e+00
1219 9.056842e-01 1.315143e+00
1220 8.793832e-01 1.303824e+00
1221 8.848992e-01 1.300642e+00
1222 8.411452e-01 1.307740e+00
1223 8.454221e-01 1.314281e+00
1224 8.837672e-01 1.325359e+00
1225 8.930142e-01 1.285121e+00
1226 9.293648e-01 1.308575e+00
1227 9.194236e-01 1.305300e+00
1228 9.393698e-01 1.315052e+00
1229 9.516040e-01 1.327888e+00
1230 9.493469e-01 1.326865e+00
1231 9.564291e-01 1.321795e+00
1232 9.658147e-01 1.311218e+00
1233 1.009340e+00 1.309498e+00
1234 1.055396e+00 1.307741e+00
1235 1.055258e+00 1.308115e+00
1236 1.054613e+00 1.308434e+00
1237 1.045740e+00 1.299323e+00
1238 1.039523e+00 1.292663e+00
1239 1.050001e+00 1.281028e+00
1240 1.049952e+00 1.275103e+00
1241 1.054866e+00 1.181615e+00
1242 1.053683e+00 1.180528e+00
1243 1.072312e+00 1.168941e+00
1244 1.077578e+00 1.175350e+00
1245 1.087526e+00 1.174254e+00
1246 1.103462e+00 1.165543e+00
1247 1.097451e+00 1.162689e+00
1248 1.103511e+00 1.202133e+00
1249 1.102050e+00 1.200461e+00
1250 1.091119e+00 1.214898e+00
1251 1.095871e+00 1.229536e+00
1252 1.068001e+00 1.187774e+00
1253 1.060706e+00 1.188729e+00
1254 1.060985e+00 1.188661e+00
1255 1.036875e+00 1.169207e+00
1256 1.039886e+00 1.172875e+00
1257 1.038912e+00 1.168381e+00
1258 1.039515e+00 1.168079e+00
1259 1.040010e+00 1.202049e+00
1260 1.081705e+00 1.187277e+00
1261 1.076272e+00 1.195556e+00
1262 1.073479e+00 1.191714e+00
1263 1.043390e+00 1.183221e+00
1264 1.040935e+00 1.180141e+00
1265 1.036327e+00 1.176205e+00
1266 1.035407e+00 1.174612e+00
1267 1.026519e+00 1.200091e+00
1268 1.023381e+00 1.200239e+00
1269 9.889772e-01 1.215683e+00
1270 9.547049e-01 1.207781e+00
1271 9.508367e-01 1.185458e+00
1272 9.500897e-01 1.185275e+00
1273 9.558938e-01 1.176096e+00
1274 9.583589e-01 1.175275e+00
1275 9.814847e-01 1.142560e+00
1276 9.886088e-01 1.154818e+00
1277 9.731963e-01 1.188286e+00
1278 9.817694e-01 1.176363e+00
1279 9.742457e-01 1.177572e+00
1280 9.478998e-01 1.151573e+00
1281 9.172363e-01 1.123356e+00
1282 8.935061e-01 1.123012e+00
1283 8.901803e-01 1.126323e+00
1284 8.872021e-01 1.075993e+00
1285 8.938664e-01 1.070067e+00
1286 9.208977e-01 1.085331e+00
1287 9.042561e-01 1.092481e+00
1288 9.051871e-01 1.091720e+00
1289 8.890553e-01 1.104919e+00
1290 8.889700e-01 1.104900e+00
1291 8.885116e-01 1.084751e+00
1292 8.939409e-01 1.086887e+00
1293 9.085284e-01 1.074268e+00
1294 9.271337e-01 1.130086e+00
1295 9.381132e-01 1.127000e+00
1296 9.360644e-01 1.117109e+00
1297 9.326499e-01 1.115146e+00
1298 9.628094e-01 1.079658e+00
1299 9.674963e-01 1.098154e+00
1300 9.692992e-01 1.099562e+00
1301 9.746936e-01 1.104500e+00
1302 9.763742e-01 1.097810e+00
1303 9.902846e-01 1.070983e+00
1304 9.733625e-01 1.078085e+00
1305 9.625353e-01 1.086220e+00
1306 9.164812e-01 1.095791e+00
1307 9.106115e-01 1.097914e+00
1308 8.868843e-01 1.102089e+00
1309 9.102655e-01 1.116697e+00
1310 9.094255e-01 1.111203e+00
1311 9.153584e-01 1.075035e+00
1312 9.328060e-01 1.063299e+00
1313 9.291151e-01 1.056315e+00
1314 9.310253e-01 1.065060e+00
1315 9.329652e-01 1.072063e+00
1316 9.565855e-01 1.071986e+00
1317 9.306940e-01 1.094603e+00
1318 9.309437e-01 1.094948e+00
1319 9.132970e-01 1.095813e+00
1320 9.321077e-01 1.090281e+00
1321 9.425526e-01 1.097334e+00
1322 9.259302e-01 1.079493e+00
1323 9.201327e-01 1.081344e+00
1324 9.042920e-01 1.073966e+00
1325 9.072868e-01 1.076727e+00
1326 9.090542e-01 1.074235e+00
1327 9.137632e-01 1.078086e+00
1328 9.161965e-01 1.074478e+00
1329 9.148700e-01 1.079120e+00
1330 9.261435e-01 1.074977e+00
1331 9.299778e-01 1.074988e+00
1332 8.918756e-01 1.153970e+00
1333 8.944482e-01 1.156265e+00
1334 8.798852e-01 1.181617e+00
1335 8.707922e-01 1.188028e+00
1336 8.808633e-01 1.196969e+00
1337 8.638840e-01 1.181369e+00
1338 8.693898e-01 1.174301e+00
1339 8.802464e-01 1.186288e+00
1340 8.949526e-01 1.127625e+00
1341 8.963189e-01 1.120101e+00
1342 9.037939e-01 1.144793e+00
1343 9.208787e-01 1.171083e+00
1344 8.904623e-01 1.180950e+00
1345 8.822886e-01 1.174620e+00
1346 8.630165e-01 1.124286e+00
1347 8.588437e-01 1.117275e+00
1348 8.582535e-01 1.114965e+00
1349 8.583851e-01 1.095078e+00
1350 8.377640e-01 1.081963e+00
1351 8.012610e-01 1.096055e+00
1352 7.932746e-01 1.099653e+00
1353 7.839092e-01 1.102440e+00
1354 7.866774e-01 1.100687e+00
1355 7.842305e-01 1.102679e+00
1356 7.758055e-01 1.101683e+00
1357 7.866610e-01 1.079408e+00
1358 7.924465e-01 1.005729e+00
1359 7.921171e-01 1.003095e+00
1360 7.900663e-01 1.006552e+00
1361 8.106592e-01 1.009589e+00
1362 8.129239e-01 1.012085e+00
1363 8.143984e-01 1.011878e+00
1364 8.150158e-01 1.006566e+00
1365 8.117729e-01 9.923820e-01
1366 8.170833e-01 1.010219e+00
1367 8.224189e-01 1.017339e+00
1368 8.137472e-01 1.040949e+00
1369 8.379601e-01 1.069459e+00
1370 8.409031e-01 1.074022e+00
1371 8.229293e-01 1.050656e+00
1372 8.357959e-01 1.050143e+00
1373 8.279228e-01 1.035609e+00
1374 8.278314e-01 1.034853e+00
1375 8.276364e-01 1.040013e+00
1376 8.073838e-01 1.026961e+00
1377 8.076636e-01 1.041778e+00
1378 8.021453e-01 1.034917e+00
1379 8.013824e-01 1.053102e+00
1380 8.014850e-01 1.051696e+00
1381 8.139719e-01 1.052071e+00
1382 7.999218e-01 1.055178e+00
1383 8.037031e-01 1.059767e+00
1384 7.950477e-01 1.044545e+00
1385 7.945132e-01 1.042256e+00
1386 7.936003e-01 1.043149e+00
1387 7.921257e-01 1.041384e+00
1388 8.344515e-01 1.017755e+00
1389 8.449797e-01 1.018601e+00
1390 8.423594e-01 9.963681e-01
1391 8.431470e-01 9.458577e-01
1392 8.346007e-01 9.506877e-01
1393 8.314500e-01 9.731544e-01
1394 8.205291e-01 9.831876e-01
1395 8.204538e-01 9.852417e-01
1396 8.197705e-01 9.880654e-01
1397 8.543293e-01 9.697918e-01
1398 8.576795e-01 9.780933e-01
1399 8.571104e-01 9.698738e-01
1400 8.518158e-01 9.387911e-01
1401 8.496238e-01 9.396507e-01
1402 8.497924e-01 9.408316e-01
1403 8.490897e-01 9.405584e-01
1404 8.463343e-01 9.470703e-01
1405 8.491157e-01 9.311676e-01
1406 8.507940e-01 9.204198e-01
1407 8.573291e-01 9.609822e-01
1408 8.950616e-01 9.898050e-01
1409 8.982541e-01 9.879990e-01
1410 8.960469e-01 9.959285e-01
1411 8.848074e-01 9.834023e-01
1412 8.787595e-01 9.866799e-01
1413 8.587402e-01 9.974527e-01
1414 8.586746e-01 9.982787e-01
1415 8.557486e-01 1.016988e+00
1416 8.401023e-01 1.076998e+00
1417 8.389854e-01 1.096179e+00
1418 8.424566e-01 1.093632e+00
1419 8.535575e-01 1.091703e+00
1420 8.681424e-01 1.099466e+00
1421 8.932410e-01 1.098375e+00
1422 8.369988e-01 1.093306e+00
1423 8.517423e-01 1.094188e+00
1424 8.758693e-01 1.060364e+00
1425 8.694543e-01 1.068637e+00
1426 8.464580e-01 1.068202e+00
1427 7.865951e-01 1.073914e+00
1428 7.866743e-01 1.073763e+00
1429 7.797214e-01 1.069280e+00
1430 7.785360e-01 1.058489e+00
1431 7.547837e-01 1.043018e+00
1432 7.559265e-01 1.058377e+00
1433 7.396394e-01 1.057578e+00
1434 7.102111e-01 1.078280e+00
1435 7.102347e-01 1.078294e+00
1436 7.143846e-01 1.057815e+00
1437 7.254465e-01 1.059127e+00
1438 7.250390e-01 1.060870e+00
1439 7.151286e-01 1.056791e+00
1440 7.166906e-01 1.056164e+00
1441 7.201389e-01 1.060142e+00
1442 7.165100e-01 1.055940e+00
1443 7.155791e-01 1.056310e+00
1444 6.848835e-01 1.098314e+00
1445 6.986845e-01 9.819092e-01
1446 7.276292e-01 9.668503e-01
1447 7.288894e-01 9.926116e-01
1448 7.112193e-01 9.905358e-01
1449 7.079699e-01 9.931030e-01
1450 7.191173e-01 9.949474e-01
1451 7.248834e-01 9.728419e-01
1452 7.274293e-01 9.781471e-01
1453 7.160036e-01 9.603899e-01
1454 7.132095e-01 9.615859e-01
1455 7.181978e-01 9.725179e-01
1456 7.184261e-01 9.706709e-01
1457 7.199683e-01 9.865819e-01
1458 6.995680e-01 9.808923e-01
1459 7.129695e-01 9.561973e-01
1460 7.100024e-01 9.545908e-01
1461 7.170017e-01 9.160553e-01
1462 7.244923e-01 9.211016e-01
1463 7.246426e-01 9.209407e-01
1464 7.187965e-01 9.383702e-01
1465 7.150643e-01 9.196109e-01
1466 7.003709e-01 9.238361e-01
1467 7.011875e-01 9.243856e-01
1468 7.029266e-01 9.236910e-01
1469 7.013234e-01 9.213370e-01
1470 6.741270e-01 9.353592e-01
1471 6.811188e-01 9.504170e-01
1472 6.876353e-01 9.755857e-01
1473 6.854074e-01 9.743398e-01
1474 7.104923e-01 9.626673e-01
1475 7.095458e-01 9.632175e-01
1476 7.365259e-01 9.358064e-01
1477 7.555051e-01 8.786113e-01
1478 8.142414e-01 9.392476e-01
1479 8.137362e-01 9.414164e-01
1480 7.777811e-01 8.220928e-01
1481 7.751144e-01 8.253407e-01
1482 7.939353e-01 8.313401e-01
1483 7.926666e-01 8.382858e-01
1484 7.948283e-01 8.400731e-01
1485 8.616372e-01 8.641919e-01
1486 8.623353e-01 8.694370e-01
1487 8.695282e-01 8.691435e-01
1488 8.988541e-01 8.085817e-01
1489 8.613442e-01 7.776159e-01
1490 8.535241e-01 7.825783e-01
1491 8.562382e-01 7.900652e-01
1492 8.445923e-01 8.013716e-01
1493 8.154951e-01 8.322189e-01
1494 8.155704e-01 8.301882e-01
1495 8.146305e-01 8.119694e-01
1496 7.924877e-01 7.923231e-01
1497 7.976631e-01 7.922868e-01
1498 7.988191e-01 7.854825e-01
1499 7.933999e-01 7.875872e-01
1500 7.960801e-01 7.775145e-01
1501 8.512928e-01 7.656090e-01
1502 8.491706e-01 7.653278e-01
1503 8.440474e-01 7.286099e-01
1504 8.240390e-01 7.388968e-01
1505 8.179528e-01 7.558618e-01
1506 8.124889e-01 7.575992e-01
1507 8.127377e-01 7.453477e-01
1508 7.836628e-01 7.466839e-01
1509 7.851527e-01 7.467005e-01
1510 8.079715e-01 7.003482e-01
1511 8.170044e-01 6.919136e-01
1512 8.363112e-01 7.121735e-01
1513 8.218843e-01 6.994992e-01
1514 8.201741e-01 7.033318e-01
1515 8.427382e-01 6.583874e-01
1516 8.138039e-01 6.503044e-01
1517 8.140190e-01 6.507652e-01
1518 8.220630e-01 6.595494e-01
1519 7.950241e-01 6.181066e-01
1520 7.644706e-01 6.173113e-01
1521 7.642320e-01 6.360996e-01
1522 7.640144e-01 6.234547e-01
1523 7.627883e-01 6.190650e-01
1524 7.589001e-01 6.256850e-01
1525 8.441651e-01 5.960299e-01
1526 8.659635e-01 6.076979e-01
1527 9.412200e-01 5.482348e-01
1528 9.414385e-01 5.483172e-01
1529 9.467977e-01 5.761665e-01
1530 9.504495e-01 5.675851e-01
1531 9.486745e-01 5.679434e-01
1532 9.541732e-01 5.682594e-01
1533 9.636260e-01 5.898549e-01
1534 9.585390e-01 6.039293e-01
1535 9.602400e-01 6.065142e-01
1536 9.674108e-01 6.053655e-01
1537 9.705423e-01 6.139906e-01
1538 8.433655e-01 6.206810e-01
1539 8.398629e-01 6.113357e-01
1540 7.884151e-01 5.367802e-01
1541 7.569761e-01 5.201142e-01
1542 7.661302e-01 5.206757e-01
1543 7.317135e-01 5.618270e-01
1544 7.752251e-01 5.786381e-01
1545 7.694878e-01 5.858522e-01
1546 7.727080e-01 5.754743e-01
1547 7.673585e-01 5.641154e-01
1548 7.668830e-01 5.695276e-01
1549 7.765517e-01 5.722847e-01
1550 7.796235e-01 5.984412e-01
1551 7.731020e-01 5.951283e-01
1552 7.793344e-01 5.665440e-01
1553 7.786452e-01 5.660931e-01
1554 8.085813e-01 5.783402e-01
1555 7.993419e-01 5.821906e-01
1556 7.953751e-01 5.401764e-01
1557 7.992949e-01 5.373689e-01
1558 7.998437e-01 5.394482e-01
1559 7.986451e-01 5.449812e-01
1560 8.020233e-01 5.404558e-01
1561 8.141355e-01 5.233914e-01
1562 8.170081e-01 4.796809e-01
1563 8.337065e-01 4.412548e-01
1564 8.239084e-01 4.498119e-01
1565 8.086325e-01 4.210137e-01
1566 8.046395e-01 4.252465e-01
1567 8.042421e-01 4.251152e-01
1568 8.144355e-01 4.141697e-01
1569 8.095619e-01 4.030139e-01
1570 8.092857e-01 4.027673e-01
1571 8.021519e-01 4.093285e-01
1572 8.022556e-01 4.082438e-01
1573 7.998092e-01 4.005980e-01
1574 8.015611e-01 3.883430e-01
1575 8.021758e-01 3.868290e-01
1576 8.050940e-01 3.874746e-01
1577 8.031192e-01 3.939198e-01
1578 8.177092e-01 3.825716e-01
1579 8.701771e-01 3.341582e-01
1580 8.699421e-01 3.044910e-01
1581 8.761454e-01 3.033512e-01
1582 9.224219e-01 3.207791e-01
1583 9.211104e-01 3.288496e-01
1584 9.326740e-01 3.257423e-01
1585 9.151284e-01 3.190619e-01
1586 9.359178e-01 3.339680e-01
1587 9.000163e-01 3.666303e-01
1588 9.257724e-01 4.186062e-01
1589 9.264472e-01 4.168367e-01
1590 9.270231e-01 4.255153e-01
1591 9.321173e-01 4.329938e-01
1592 9.804715e-01 4.314655e-01
1593 1.000865e+00 4.019072e-01
1594 9.948875e-01 4.021529e-01
1595 9.947208e-01 4.022027e-01
1596 9.853778e-01 3.998333e-01
1597 9.851307e-01 4.001486e-01
1598 1.006083e+00 3.838067e-01
1599 1.016400e+00 4.093858e-01
1600 1.013681e+00 3.952032e-01
1601 1.012403e+00 3.890895e-01
1602 1.027503e+00 4.122222e-01
1603 1.033143e+00 4.112418e-01
1604 1.032760e+00 4.113339e-01
1605 1.059851e+00 4.117691e-01
1606 1.047131e+00 4.065680e-01
1607 1.053495e+00 4.248899e-01
1608 1.031309e+00 4.363409e-01
1609 1.009932e+00 3.865673e-01
1610 9.720880e-01 3.848801e-01
1611 9.690922e-01 3.867848e-01
1612 9.783814e-01 3.865452e-01
1613 9.878090e-01 4.008685e-01
1614 9.685641e-01 4.101814e-01
1615 9.664188e-01 4.081496e-01
1616 9.685869e-01 3.792501e-01
1617 9.662789e-01 3.756071e-01
1618 9.640865e-01 3.760423e-01
1619 9.637942e-01 3.752912e-01
1620 9.681204e-01 3.742589e-01
1621 9.805488e-01 3.775661e-01
1622 9.526865e-01 3.538410e-01
1623 9.501366e-01 3.638434e-01
1624 9.550787e-01 3.613239e-01
1625 9.741077e-01 3.204491e-01
1626 9.750297e-01 3.093366e-01
1627 1.017501e+00 3.036503e-01
1628 1.026396e+00 2.939693e-01
1629 9.861202e-01 3.220843e-01
1630 9.860745e-01 3.220464e-01
1631 9.877719e-01 3.203080e-01
1632 9.917047e-01 3.197104e-01
1633 1.003506e+00 3.163861e-01
1634 1.015197e+00 3.143509e-01
1635 1.041793e+00 3.107147e-01
1636 1.053106e+00 3.221885e-01
1637 1.047490e+00 3.347956e-01
1638 1.045931e+00 3.244918e-01
1639 1.044821e+00 2.730825e-01
1640 1.045263e+00 2.752626e-01
1641 1.042732e+00 2.737976e-01
1642 1.029993e+00 2.925389e-01
1643 1.005738e+00 2.728722e-01
1644 1.005571e+00 2.727446e-01
1645 9.682152e-01 2.783399e-01
1646 9.657959e-01 2.776247e-01
1647 9.660186e-01 2.845408e-01
1648 9.601239e-01 2.367410e-01
1649 9.556240e-01 2.449033e-01
1650 9.528425e-01 2.445202e-01
1651 9.582641e-01 2.510722e-01
1652 9.569519e-01 2.237861e-01
1653 9.554914e-01 2.219556e-01
1654 9.558995e-01 2.196684e-01
1655 9.475545e-01 2.184758e-01
1656 9.403292e-01 2.209688e-01
1657 8.785017e-01 2.562190e-01
1658 8.547587e-01 2.306749e-01
1659 8.663850e-01 2.462266e-01
1660 8.664799e-01 2.416440e-01
1661 8.682269e-01 2.442538e-01
1662 8.928899e-01 2.480699e-01
1663 8.202422e-01 2.499006e-01
1664 8.113552e-01 2.554582e-01
1665 8.115692e-01 2.701089e-01
1666 8.038154e-01 2.733323e-01
1667 8.415994e-01 2.348111e-01
1668 8.252224e-01 2.129425e-01
1669 8.227089e-01 2.082251e-01
1670 8.226743e-01 2.083442e-01
1671 8.181474e-01 2.055193e-01
1672 8.283269e-01 2.110468e-01
1673 8.236070e-01 2.149055e-01
1674 8.147491e-01 2.153003e-01
1675 8.289550e-01 1.948878e-01
1676 8.466772e-01 2.078183e-01
1677 8.070186e-01 1.991977e-01
1678 8.015325e-01 2.079596e-01
1679 8.007764e-01 2.359663e-01
1680 8.222394e-01 1.807849e-01
1681 8.123379e-01 1.803674e-01
1682 7.803696e-01 1.854303e-01
1683 7.884076e-01 1.762240e-01
1684 7.824672e-01 1.803499e-01
1685 7.281982e-01 2.020453e-01
1686 7.392278e-01 2.104055e-01
1687 7.152489e-01 2.109213e-01
1688 7.466374e-01 1.897706e-01
1689 7.574640e-01 1.886337e-01
1690 7.584183e-01 1.900806e-01
1691 7.513686e-01 1.769937e-01
1692 7.575328e-01 1.775217e-01
1693 7.529188e-01 1.888585e-01
1694 8.012151e-01 1.475077e-01
1695 8.115293e-01 1.355789e-01
1696 8.118984e-01 1.351160e-01
1697 8.105170e-01 1.375630e-01
1698 8.060558e-01 1.229405e-01
1699 8.151207e-01 1.197939e-01
1700 7.933104e-01 1.274227e-01
1701 7.806949e-01 1.244997e-01
1702 8.872062e-01 1.318565e-01
1703 8.724118e-01 1.153069e-01
1704 8.588353e-01 9.915711e-02
1705 8.544060e-01 9.507635e-02
1706 8.771778e-01 2.265824e-01
1707 8.536556e-01 2.365528e-01
1708 8.521093e-01 2.363418e-01
1709 8.527834e-01 2.362349e-01
1710 8.775561e-01 2.460214e-01
1711 8.844388e-01 2.589871e-01
1712 8.852598e-01 2.624617e-01
1713 8.424890e-01 2.699385e-01
1714 8.437024e-01 2.649639e-01
1715 8.352908e-01 2.796701e-01
1716 8.361137e-01 2.831768e-01
1717 8.323722e-01 2.854717e-01
1718 8.462258e-01 2.878090e-01
1719 8.268826e-01 2.510922e-01
1720 8.066075e-01 2.350322e-01
1721 8.018060e-01 2.365279e-01
1722 7.943506e-01 2.480713e-01
1723 7.942359e-01 2.545251e-01
1724 7.692872e-01 2.339063e-01
1725 7.625327e-01 2.431315e-01
1726 7.925367e-01 2.249097e-01
1727 7.937610e-01 2.124588e-01
1728 7.996678e-01 2.275562e-01
1729 8.016913e-01 2.219913e-01
1730 8.087862e-01 2.414250e-01
1731 6.903369e-01 3.225535e-01
1732 6.876213e-01 2.917533e-01
1733 6.869959e-01 2.933818e-01
1734 6.687252e-01 2.780192e-01
1735 6.524418e-01 2.170561e-01
1736 6.624249e-01 2.200052e-01
1737 6.722181e-01 2.140459e-01
1738 6.813582e-01 2.174950e-01
1739 6.821379e-01 2.147947e-01
1740 6.824401e-01 2.204001e-01
1741 6.954988e-01 2.235390e-01
1742 7.024775e-01 2.307181e-01
1743 7.033220e-01 2.316886e-01
1744 6.998333e-01 2.308236e-01
1745 7.081028e-01 2.276283e-01
1746 7.130870e-01 2.077659e-01
1747 6.898047e-01 1.956470e-01
1748 7.002539e-01 2.374712e-01
1749 6.988484e-01 2.407279e-01
1750 6.536383e-01 2.501917e-01
1751 6.479284e-01 2.466039e-01
1752 6.407163e-01 2.470111e-01
1753 6.375338e-01 2.470045e-01
1754 6.355484e-01 2.521624e-01
1755 6.686698e-01 2.205148e-01
1756 6.638697e-01 2.170790e-01
1757 6.638871e-01 2.171718e-01
1758 6.637931e-01 1.925140e-01
1759 6.586062e-01 2.091875e-01
1760 6.391415e-01 2.004016e-01
1761 5.950255e-01 2.761389e-01
1762 5.918140e-01 2.799336e-01
1763 5.874312e-01 2.555117e-01
1764 6.254312e-01 2.655069e-01
1765 6.360348e-01 2.699014e-01
1766 6.256370e-01 2.823594e-01
1767 6.713200e-01 2.639267e-01
1768 6.738125e-01 2.353982e-01
1769 6.193270e-01 3.322150e-01
1770 6.340586e-01 3.408804e-01
1771 6.354565e-01 3.392365e-01
1772 6.592532e-01 3.470158e-01
1773 6.591817e-01 3.471022e-01
1774 6.609210e-01 3.569068e-01
1775 6.533733e-01 3.684112e-01
1776 6.726225e-01 3.871757e-01
1777 6.647650e-01 3.932567e-01
1778 6.607572e-01 3.919333e-01
1779 6.423259e-01 3.603639e-01
1780 6.575398e-01 3.389881e-01
1781 6.271940e-01 3.311948e-01
1782 6.083618e-01 3.334528e-01
1783 6.050048e-01 3.370523e-01
1784 6.161452e-01 3.412557e-01
1785 6.363355e-01 3.342515e-01
1786 6.363021e-01 3.261410e-01
1787 6.285043e-01 3.357967e-01
1788 6.283537e-01 3.360442e-01
1789 6.262957e-01 3.591936e-01
1790 6.291478e-01 3.673714e-01
1791 6.160361e-01 3.732304e-01
1792 6.243108e-01 3.678705e-01
1793 6.266736e-01 3.698879e-01
1794 6.088344e-01 3.308276e-01
1795 6.096808e-01 3.676383e-01
1796 6.621301e-01 3.553468e-01
1797 6.528591e-01 3.529127e-01
1798 6.576879e-01 3.445714e-01
1799 6.398301e-01 3.601899e-01
1800 6.268205e-01 3.480027e-01
1801 6.320512e-01 3.421537e-01
1802 6.270707e-01 3.415283e-01
1803 6.295016e-01 3.157592e-01
1804 6.129725e-01 3.173878e-01
1805 6.311533e-01 3.215627e-01
1806 5.977395e-01 2.851398e-01
1807 5.972580e-01 2.707488e-01
1808 5.903013e-01 2.605951e-01
1809 5.808976e-01 2.432736e-01
1810 5.928072e-01 2.444769e-01
1811 5.823790e-01 2.486889e-01
1812 6.143891e-01 2.193929e-01
1813 6.217476e-01 3.321639e-01
1814 6.257423e-01 3.392879e-01
1815 6.143522e-01 3.406385e-01
1816 6.065041e-01 3.388891e-01
1817 5.929450e-01 3.486684e-01
1818 5.863318e-01 3.433430e-01
1819 5.979776e-01 3.534498e-01
1820 6.269706e-01 3.408986e-01
1821 6.118958e-01 3.515380e-01
1822 6.021620e-01 3.315015e-01
1823 6.318181e-01 2.857478e-01
1824 6.292054e-01 2.827880e-01
1825 6.122748e-01 2.736760e-01
1826 6.167195e-01 2.707775e-01
1827 6.224941e-01 2.726701e-01
1828 6.333866e-01 3.058781e-01
1829 5.942960e-01 3.355491e-01
1830 6.023727e-01 3.326873e-01
1831 6.284979e-01 3.196213e-01
1832 6.504278e-01 3.357254e-01
1833 6.505130e-01 3.361394e-01
1834 6.277763e-01 3.332255e-01
1835 6.233168e-01 2.949899e-01
1836 6.200490e-01 2.972181e-01
1837 6.712489e-01 2.690643e-01
1838 6.790936e-01 2.576138e-01
1839 6.799833e-01 2.576059e-01
1840 6.806976e-01 2.577568e-01
1841 6.845225e-01 2.451726e-01
1842 6.672639e-01 2.625589e-01
1843 6.631985e-01 2.631316e-01
1844 6.533127e-01 2.622275e-01
1845 6.441856e-01 2.383350e-01
1846 6.672857e-01 1.977030e-01
1847 6.668413e-01 1.816723e-01
1848 6.440493e-01 2.438560e-01
1849 6.505367e-01 2.541641e-01
1850 6.913929e-01 2.593640e-01
1851 6.932589e-01 2.695044e-01
1852 7.222058e-01 2.623731e-01
1853 7.175762e-01 2.604560e-01
1854 7.247485e-01 2.585900e-01
1855 7.448073e-01 2.538694e-01
1856 7.357522e-01 2.408286e-01
1857 7.268199e-01 2.498966e-01
1858 7.144626e-01 2.438666e-01
1859 7.209716e-01 2.452472e-01
1860 7.254810e-01 2.330914e-01
1861 7.179093e-01 2.147736e-01
1862 7.199580e-01 2.410166e-01
1863 7.032544e-01 2.548933e-01
1864 7.605005e-01 2.147623e-01
1865 7.704147e-01 1.940010e-01
1866 7.709004e-01 2.308744e-01
1867 7.698958e-01 2.537195e-01
1868 7.830103e-01 2.285614e-01
1869 7.876792e-01 2.390849e-01
1870 7.323601e-01 2.801547e-01
1871 7.195514e-01 2.603391e-01
1872 7.086918e-01 2.616155e-01
1873 7.258124e-01 2.711593e-01
1874 6.967224e-01 2.005243e-01
1875 6.943443e-01 2.044417e-01
1876 7.028664e-01 1.677976e-01
1877 7.275395e-01 1.541950e-01
1878 7.196758e-01 1.613186e-01
1879 7.173730e-01 1.597420e-01
1880 7.053467e-01 1.532193e-01
1881 6.820870e-01 1.793679e-01
1882 6.551256e-01 1.789306e-01
1883 6.551183e-01 1.789088e-01
1884 6.444055e-01 1.869197e-01
1885 6.182084e-01 2.180891e-01
1886 6.589868e-01 2.559107e-01
1887 6.549423e-01 2.633934e-01
1888 6.398473e-01 2.535761e-01
1889 6.112179e-01 2.431415e-01
1890 6.062906e-01 1.893829e-01
1891 6.052341e-01 1.963548e-01
1892 6.051862e-01 1.961145e-01
1893 5.711235e-01 1.645644e-01
1894 5.623422e-01 1.705175e-01
1895 5.734556e-01 1.661320e-01
1896 5.710274e-01 1.489590e-01
1897 5.796445e-01 1.568915e-01
1898 5.897221e-01 1.794951e-01
1899 5.881752e-01 1.793148e-01
1900 6.051590e-01 1.790637e-01
1901 6.072009e-01 1.809894e-01
1902 6.094143e-01 1.805100e-01
1903 5.752062e-01 1.464750e-01
1904 5.932520e-01 1.340073e-01
1905 5.891899e-01 1.354459e-01
1906 5.925067e-01 1.036463e-01
1907 5.929593e-01 1.037047e-01
1908 6.009953e-01 1.425101e-01
1909 5.944004e-01 1.399442e-01
1910 5.961800e-01 1.399161e-01
1911 5.820974e-01 1.316122e-01
1912 5.798639e-01 1.370379e-01
1913 5.797222e-01 1.371500e-01
1914 5.228616e-01 1.838161e-01
1915 5.426380e-01 1.899925e-01
1916 5.491142e-01 1.799507e-01
1917 6.235781e-01 1.959235e-01
1918 6.243780e-01 1.882716e-01
1919 6.276996e-01 1.918609e-01
1920 6.266419e-01 1.967209e-01
1921 6.318307e-01 1.987535e-01
1922 7.079403e-01 1.933525e-01
1923 7.053986e-01 1.905176e-01
1924 6.886122e-01 1.890035e-01
1925 6.535311e-01 1.808304e-01
1926 6.556202e-01 1.820354e-01
1927 6.357236e-01 1.030893e-01
1928 6.159131e-01 1.380247e-01
1929 6.208216e-01 1.409395e-01
1930 6.102240e-01 1.147600e-01
1931 6.309466e-01 1.200712e-01
1932 6.203782e-01 4.219225e-02
1933 6.228435e-01 5.014730e-02
1934 6.222896e-01 4.798139e-02
1935 6.482630e-01 5.530728e-03
1936 6.334673e-01 5.743782e-03
1937 6.627602e-01 8.937952e-03
1938 6.553083e-01 3.446005e-02
1939 6.529447e-01 2.526421e-02
1940 6.511479e-01 1.987011e-02
1941 6.575137e-01 1.892152e-02
1942 7.026999e-01 2.654401e-02
1943 7.155097e-01 4.339455e-02
1944 7.039555e-01 5.361993e-02
1945 6.689316e-01 5.138360e-02
1946 6.547615e-01 4.894590e-02
1947 6.670816e-01 5.250902e-02
1948 6.825362e-01 4.849051e-02
1949 6.811412e-01 4.726887e-02
1950 6.787387e-01 4.705944e-02
1951 6.828008e-01 4.826908e-02
1952 6.803124e-01 4.817270e-02
1953 6.683933e-01 5.570123e-02
1954 6.674489e-01 5.250590e-02
1955 6.595049e-01 4.605992e-02
1956 6.219443e-01 6.306562e-02
1957 6.498810e-01 1.138242e-01
1958 6.573236e-01 1.065910e-01
1959 6.407282e-01 6.694637e-02
1960 6.435267e-01 6.141717e-02
1961 6.891788e-01 6.238727e-02
1962 6.891901e-01 6.236402e-02
1963 6.734827e-01 4.980130e-02
1964 6.775305e-01 4.904706e-02
1965 6.771693e-01 4.936737e-02
1966 6.956548e-01 3.027748e-02
1967 6.970922e-01 3.964184e-02
1968 6.727509e-01 1.854150e-02
1969 6.748305e-01 1.801370e-02
1970 6.805791e-01 3.973804e-02
1971 6.791948e-01 1.338265e-02
1972 6.326875e-01 -3.861035e-02
