0 3.414384e+00 4.995635e-01
1 3.453740e+00 5.045331e-01
2 3.435580e+00 4.906757e-01
3 3.450398e+00 5.149681e-01
4 3.428495e+00 5.295983e-01
5 3.408909e+00 5.209798e-01
6 3.400660e+00 5.142839e-01
7 3.397611e+00 5.226673e-01
8 3.419800e+00 5.646412e-01
9 3.430326e+00 5.414344e-01
10 3.429405e+00 5.413261e-01
11 3.457020e+00 5.607466e-01
12 3.456428e+00 5.683513e-01
13 3.456317e+00 5.774457e-01
14 3.480385e+00 5.864874e-01
15 3.460160e+00 5.558556e-01
16 3.459475e+00 5.525894e-01
17 3.447946e+00 5.528214e-01
18 3.442780e+00 5.505895e-01
19 3.405264e+00 5.511613e-01
20 3.378358e+00 5.725759e-01
21 3.321632e+00 5.610975e-01
22 3.329200e+00 5.589415e-01
23 3.308139e+00 5.575705e-01
24 3.307011e+00 5.592490e-01
25 3.304589e+00 5.359207e-01
26 3.263116e+00 5.850762e-01
27 3.306271e+00 5.752211e-01
28 3.276557e+00 5.800314e-01
29 3.285721e+00 5.588844e-01
30 3.281452e+00 5.584750e-01
31 3.289203e+00 6.441115e-01
32 3.302457e+00 6.397494e-01
33 3.285297e+00 6.253296e-01
34 3.283641e+00 6.214627e-01
35 3.288177e+00 6.282895e-01
36 3.286678e+00 6.282408e-01
37 3.258586e+00 6.657790e-01
38 3.264199e+00 5.866835e-01
39 3.251809e+00 6.114259e-01
40 3.272352e+00 6.081784e-01
41 3.195349e+00 5.896967e-01
42 3.208395e+00 5.809434e-01
43 3.205181e+00 5.821377e-01
44 3.217120e+00 5.872233e-01
45 3.219870e+00 5.667394e-01
46 3.220312e+00 5.669134e-01
47 3.221770e+00 5.629721e-01
48 3.211226e+00 5.490709e-01
49 3.216279e+00 5.476365e-01
50 3.175112e+00 5.628972e-01
51 3.173006e+00 5.718088e-01
52 3.154022e+00 5.500051e-01
53 3.177528e+00 5.578025e-01
54 3.191179e+00 5.740277e-01
55 3.196945e+00 5.637272e-01
56 3.202442e+00 5.338846e-01
57 3.205105e+00 5.420091e-01
58 3.206098e+00 5.298398e-01
59 3.202299e+00 5.587793e-01
60 3.198992e+00 5.572206e-01
61 3.192150e+00 5.619388e-01
62 3.192784e+00 5.697080e-01
63 3.181681e+00 5.748701e-01
64 3.185701e+00 5.686448e-01
65 3.187889e+00 5.699049e-01
66 3.183932e+00 5.645512e-01
67 3.214988e+00 5.497237e-01
68 3.187418e+00 5.516900e-01
69 3.190938e+00 5.381774e-01
70 3.189326e+00 5.656943e-01
71 3.190516e+00 5.540979e-01
72 3.192428e+00 5.663578e-01
73 3.201901e+00 5.717964e-01
74 3.203924e+00 5.554621e-01
75 3.205131e+00 5.507075e-01
76 3.221208e+00 6.157798e-01
77 3.238424e+00 6.200374e-01
78 3.239761e+00 6.206062e-01
79 3.208339e+00 6.486306e-01
80 3.220252e+00 6.406843e-01
81 3.222046e+00 6.463117e-01
82 3.223551e+00 6.398325e-01
83 3.220554e+00 6.517728e-01
84 3.208247e+00 6.507651e-01
85 3.208270e+00 6.506729e-01
86 3.205549e+00 6.784443e-01
87 3.202639e+00 7.033300e-01
88 3.202677e+00 7.033145e-01
89 3.210908e+00 6.934998e-01
90 3.204663e+00 6.933020e-01
91 3.189262e+00 6.959132e-01
92 3.180906e+00 7.415258e-01
93 3.178150e+00 6.846823e-01
94 3.188593e+00 7.063015e-01
95 3.187861e+00 7.012253e-01
96 3.160231e+00 7.060262e-01
97 3.128184e+00 7.196120e-01
98 3.133712e+00 7.097678e-01
99 3.123461e+00 6.976321e-01
100 3.130222e+00 6.910396e-01
101 3.136899e+00 6.877534e-01
102 3.143917e+00 6.533793e-01
103 3.122589e+00 6.702579e-01
104 3.122388e+00 6.836592e-01
105 3.122130e+00 7.101437e-01
106 3.077041e+00 7.017740e-01
107 3.064425e+00 7.254370e-01
108 3.072694e+00 7.051218e-01
109 3.091875e+00 7.007637e-01
110 3.092596e+00 6.995669e-01
111 3.095555e+00 6.968271e-01
112 3.096241e+00 6.690911e-01
113 3.121853e+00 7.120360e-01
114 3.129688e+00 7.138646e-01
115 3.123007e+00 7.240295e-01
116 3.133851e+00 7.222329e-01
117 3.125938e+00 7.197513e-01
118 3.110976e+00 7.174031e-01
119 3.112362e+00 7.160512e-01
120 3.097942e+00 7.220576e-01
121 3.123046e+00 7.331367e-01
122 3.131973e+00 7.199035e-01
123 3.108564e+00 6.751516e-01
124 3.109543e+00 6.755337e-01
125 3.077695e+00 6.459331e-01
126 3.077350e+00 6.534941e-01
127 3.071544e+00 6.330562e-01
128 3.079268e+00 5.974963e-01
129 3.143342e+00 5.539743e-01
130 3.146230e+00 5.615267e-01
131 3.119649e+00 5.581869e-01
132 3.154655e+00 5.501003e-01
133 3.166250e+00 5.461895e-01
134 3.162177e+00 5.459979e-01
135 3.141008e+00 5.153144e-01
136 3.181780e+00 5.346535e-01
137 3.187208e+00 5.375176e-01
138 3.252431e+00 5.731243e-01
139 3.260266e+00 5.502253e-01
140 3.262618e+00 5.682971e-01
141 3.267269e+00 5.720998e-01
142 3.268192e+00 5.700568e-01
143 3.247279e+00 5.579019e-01
144 3.247904e+00 5.581626e-01
145 3.244672e+00 5.731453e-01
146 3.295698e+00 5.103472e-01
147 3.297797e+00 5.064120e-01
148 3.335631e+00 4.554584e-01
149 3.363192e+00 4.657962e-01
150 3.357999e+00 4.733372e-01
151 3.351061e+00 4.659546e-01
152 3.357172e+00 4.693265e-01
153 3.358493e+00 4.734681e-01
154 3.422877e+00 4.244404e-01
155 3.430398e+00 4.254409e-01
156 3.486000e+00 4.321602e-01
157 3.487508e+00 4.263209e-01
158 3.463451e+00 4.110191e-01
159 3.480322e+00 4.115918e-01
160 3.482947e+00 4.138600e-01
161 3.459179e+00 4.042079e-01
162 3.482994e+00 4.161804e-01
163 3.491370e+00 4.082653e-01
164 3.479675e+00 3.999336e-01
165 3.486390e+00 3.839326e-01
166 3.487012e+00 3.849128e-01
167 3.487594e+00 3.870749e-01
168 3.492457e+00 3.852627e-01
169 3.490657e+00 3.853113e-01
170 3.516715e+00 4.097007e-01
171 3.459396e+00 3.850112e-01
172 3.451752e+00 3.884374e-01
173 3.389452e+00 4.478220e-01
174 3.386464e+00 4.188279e-01
175 3.390701e+00 4.255718e-01
176 3.375694e+00 4.306256e-01
177 3.376000e+00 4.328527e-01
178 3.387043e+00 4.349949e-01
179 3.389134e+00 4.261666e-01
180 3.393010e+00 3.953596e-01
181 3.390981e+00 3.811568e-01
182 3.350113e+00 3.610263e-01
183 3.356318e+00 3.638883e-01
184 3.281835e+00 3.425202e-01
185 3.261042e+00 3.452639e-01
186 3.263966e+00 3.470890e-01
187 3.294667e+00 3.235897e-01
188 3.249467e+00 3.633959e-01
189 3.250393e+00 3.604844e-01
190 3.251005e+00 3.647921e-01
191 3.269541e+00 3.687541e-01
192 3.237929e+00 3.796997e-01
193 3.241385e+00 3.856614e-01
194 3.241437e+00 3.859915e-01
195 3.238972e+00 3.900684e-01
196 3.240429e+00 3.972435e-01
197 3.261715e+00 4.227163e-01
198 3.260837e+00 4.250025e-01
199 3.260301e+00 4.232291e-01
200 3.264826e+00 4.362447e-01
201 3.262760e+00 4.723579e-01
202 3.257798e+00 4.275667e-01
203 3.270873e+00 4.152554e-01
204 3.266488e+00 4.125700e-01
205 3.340498e+00 3.995858e-01
206 3.328005e+00 4.031340e-01
207 3.256201e+00 4.032833e-01
208 3.253320e+00 3.996776e-01
209 3.278518e+00 3.749695e-01
210 3.277452e+00 3.743409e-01
211 3.273835e+00 3.883893e-01
212 3.270477e+00 3.987294e-01
213 3.266857e+00 3.926544e-01
214 3.279216e+00 3.818977e-01
215 3.285914e+00 4.036137e-01
216 3.277950e+00 4.204145e-01
217 3.336538e+00 4.140452e-01
218 3.353331e+00 3.952991e-01
219 3.351884e+00 3.976529e-01
220 3.352210e+00 3.995111e-01
221 3.372144e+00 4.057714e-01
222 3.373349e+00 4.072088e-01
223 3.380552e+00 4.037977e-01
224 3.381250e+00 4.034142e-01
225 3.374221e+00 4.514638e-01
226 3.386901e+00 4.566026e-01
227 3.379774e+00 4.724906e-01
228 3.385961e+00 4.790728e-01
229 3.378731e+00 4.914282e-01
230 3.387099e+00 4.863579e-01
231 3.389555e+00 4.783631e-01
232 3.389489e+00 4.786736e-01
233 3.395077e+00 4.828076e-01
234 3.398162e+00 4.957713e-01
235 3.396585e+00 4.959531e-01
236 3.401441e+00 4.924479e-01
237 3.389310e+00 4.860678e-01
238 3.403888e+00 4.983229e-01
239 3.404058e+00 4.977303e-01
240 3.420473e+00 5.135704e-01
241 3.411641e+00 5.110476e-01
242 3.412622e+00 5.141058e-01
243 3.462128e+00 5.318331e-01
244 3.458023e+00 5.363112e-01
245 3.470189e+00 5.301368e-01
246 3.427701e+00 5.366108e-01
247 3.403509e+00 5.002754e-01
248 3.422266e+00 4.867150e-01
249 3.464768e+00 4.733766e-01
250 3.461603e+00 4.693353e-01
251 3.458075e+00 4.458803e-01
252 3.452474e+00 4.497182e-01
253 3.471779e+00 4.682774e-01
254 3.449450e+00 4.757377e-01
255 3.449520e+00 4.753203e-01
256 3.431399e+00 4.670114e-01
257 3.421106e+00 4.614139e-01
258 3.426902e+00 4.747167e-01
259 3.428315e+00 4.700822e-01
260 3.444805e+00 4.747044e-01
261 3.473836e+00 4.713022e-01
262 3.509014e+00 5.067673e-01
263 3.458694e+00 5.289856e-01
264 3.529785e+00 5.769921e-01
265 3.543998e+00 5.974184e-01
266 3.545067e+00 5.988463e-01
267 3.543191e+00 6.006224e-01
268 3.536313e+00 5.684106e-01
269 3.536995e+00 5.668402e-01
270 3.528713e+00 5.699742e-01
271 3.542553e+00 5.573037e-01
272 3.546271e+00 5.568873e-01
273 3.505579e+00 5.668665e-01
274 3.509758e+00 5.607098e-01
275 3.508499e+00 5.636939e-01
276 3.520373e+00 5.564325e-01
277 3.585213e+00 5.676715e-01
278 3.600218e+00 5.643866e-01
279 3.614721e+00 5.715731e-01
280 3.615657e+00 5.759513e-01
281 3.587532e+00 6.325228e-01
282 3.622738e+00 6.354627e-01
283 3.620896e+00 6.276750e-01
284 3.627020e+00 6.169971e-01
285 3.609662e+00 6.395028e-01
286 3.615086e+00 6.365559e-01
287 3.622862e+00 6.397164e-01
288 3.622071e+00 6.411779e-01
289 3.592941e+00 6.357039e-01
290 3.596568e+00 6.406909e-01
291 3.585025e+00 6.799409e-01
292 3.606053e+00 6.520950e-01
293 3.586908e+00 6.554385e-01
294 3.584767e+00 6.591114e-01
295 3.566500e+00 6.796692e-01
296 3.529767e+00 6.737756e-01
297 3.493862e+00 6.451494e-01
298 3.493588e+00 6.369056e-01
299 3.500140e+00 6.328579e-01
300 3.500613e+00 6.322978e-01
301 3.512354e+00 6.276758e-01
302 3.506171e+00 6.311421e-01
303 3.512681e+00 6.191378e-01
304 3.563004e+00 6.405221e-01
305 3.534308e+00 6.403006e-01
306 3.521978e+00 6.196528e-01
307 3.528989e+00 6.164947e-01
308 3.535515e+00 5.920523e-01
309 3.529665e+00 5.706283e-01
310 3.527640e+00 5.694496e-01
311 3.528103e+00 5.623040e-01
312 3.524529e+00 5.688618e-01
313 3.497573e+00 5.647494e-01
314 3.504330e+00 5.827256e-01
315 3.503736e+00 5.831487e-01
316 3.509993e+00 5.790194e-01
317 3.494495e+00 5.562478e-01
318 3.494029e+00 5.549606e-01
319 3.478034e+00 5.681950e-01
320 3.474725e+00 5.808215e-01
321 3.505686e+00 6.357758e-01
322 3.497176e+00 6.367881e-01
323 3.498472e+00 6.379667e-01
324 3.458836e+00 5.667852e-01
325 3.459747e+00 5.660482e-01
326 3.452906e+00 5.676831e-01
327 3.465101e+00 5.619542e-01
328 3.463160e+00 5.701665e-01
329 3.462461e+00 5.694004e-01
330 3.433503e+00 5.874589e-01
331 3.447313e+00 5.923967e-01
332 3.447442e+00 5.941744e-01
333 3.448684e+00 5.883436e-01
334 3.474357e+00 6.060157e-01
335 3.479467e+00 5.641063e-01
336 3.471453e+00 5.787458e-01
337 3.474018e+00 5.825091e-01
338 3.516774e+00 6.261899e-01
339 3.517740e+00 6.210451e-01
340 3.523229e+00 6.188397e-01
341 3.524255e+00 6.183653e-01
342 3.505387e+00 6.068011e-01
343 3.502987e+00 6.052649e-01
344 3.479574e+00 6.311711e-01
345 3.475468e+00 6.309769e-01
346 3.472764e+00 6.013854e-01
347 3.478154e+00 5.706554e-01
348 3.479887e+00 6.174436e-01
349 3.468176e+00 6.114173e-01
350 3.467987e+00 6.128773e-01
351 3.466481e+00 6.134091e-01
352 3.467773e+00 6.170802e-01
353 3.467897e+00 6.195900e-01
354 3.470077e+00 6.186944e-01
355 3.480900e+00 6.033160e-01
356 3.497683e+00 6.158290e-01
357 3.513616e+00 6.376432e-01
358 3.476943e+00 6.331382e-01
359 3.489509e+00 6.393574e-01
360 3.499504e+00 6.374910e-01
361 3.491828e+00 6.355305e-01
362 3.478404e+00 6.277267e-01
363 3.538964e+00 6.179441e-01
364 3.538913e+00 6.178499e-01
365 3.547139e+00 6.151406e-01
366 3.546986e+00 6.140784e-01
367 3.581839e+00 6.119000e-01
368 3.581525e+00 6.119210e-01
369 3.582325e+00 6.008801e-01
370 3.544264e+00 6.241463e-01
371 3.542536e+00 6.268111e-01
372 3.543812e+00 6.184065e-01
373 3.545512e+00 6.207440e-01
374 3.546183e+00 6.204519e-01
375 3.556933e+00 6.355739e-01
376 3.554472e+00 6.253821e-01
377 3.567947e+00 6.293663e-01
378 3.555824e+00 6.307924e-01
379 3.555060e+00 6.314182e-01
380 3.519813e+00 5.842822e-01
381 3.515497e+00 5.793706e-01
382 3.515038e+00 5.671039e-01
383 3.518155e+00 5.776703e-01
384 3.519530e+00 5.812383e-01
385 3.517869e+00 5.806749e-01
386 3.542319e+00 5.857070e-01
387 3.558121e+00 5.961365e-01
388 3.563664e+00 5.758828e-01
389 3.554114e+00 5.864591e-01
390 3.538627e+00 5.986944e-01
391 3.533836e+00 5.939856e-01
392 3.519698e+00 6.108357e-01
393 3.521049e+00 6.147949e-01
394 3.522740e+00 6.102621e-01
395 3.523991e+00 6.081730e-01
396 3.535543e+00 6.079991e-01
397 3.535335e+00 6.105291e-01
398 3.535774e+00 6.109566e-01
399 3.534110e+00 6.245382e-01
400 3.540766e+00 6.179833e-01
401 3.565378e+00 6.157061e-01
402 3.632222e+00 6.408604e-01
403 3.624575e+00 6.357469e-01
404 3.669222e+00 5.784131e-01
405 3.672740e+00 5.698086e-01
406 3.682302e+00 6.048481e-01
407 3.698226e+00 6.253168e-01
408 3.683382e+00 6.309245e-01
409 3.677414e+00 6.806881e-01
410 3.678255e+00 6.692611e-01
411 3.648572e+00 8.049381e-01
412 3.628903e+00 8.410759e-01
413 3.640905e+00 8.310522e-01
414 3.631196e+00 8.662525e-01
415 3.611695e+00 8.817834e-01
416 3.614783e+00 8.760234e-01
417 3.585965e+00 8.653232e-01
418 3.602864e+00 8.074380e-01
419 3.584468e+00 8.102336e-01
420 3.586725e+00 8.165444e-01
421 3.568177e+00 8.156017e-01
422 3.569101e+00 8.149608e-01
423 3.581357e+00 7.879503e-01
424 3.626573e+00 7.879609e-01
425 3.622279e+00 7.758249e-01
426 3.628003e+00 7.781757e-01
427 3.634049e+00 7.704918e-01
428 3.633095e+00 7.710208e-01
429 3.625371e+00 7.727001e-01
430 3.618334e+00 8.739707e-01
431 3.615907e+00 8.745462e-01
432 3.607020e+00 8.701738e-01
433 3.603440e+00 8.691996e-01
434 3.610446e+00 8.583965e-01
435 3.622168e+00 8.690530e-01
436 3.625675e+00 8.557077e-01
437 3.630599e+00 8.602674e-01
438 3.632145e+00 8.534365e-01
439 3.651277e+00 8.576858e-01
440 3.657534e+00 8.583638e-01
441 3.655606e+00 8.589154e-01
442 3.663459e+00 8.485570e-01
443 3.670936e+00 8.634595e-01
444 3.656753e+00 8.773953e-01
445 3.656765e+00 8.759976e-01
446 3.661227e+00 8.731997e-01
447 3.665795e+00 8.887243e-01
448 3.665746e+00 8.888399e-01
449 3.667391e+00 8.987846e-01
450 3.676972e+00 8.643402e-01
451 3.679237e+00 8.621770e-01
452 3.673360e+00 8.572737e-01
453 3.671264e+00 8.788937e-01
454 3.677186e+00 8.829011e-01
455 3.685802e+00 8.872100e-01
456 3.685910e+00 8.872097e-01
457 3.685533e+00 8.925316e-01
458 3.675370e+00 9.070379e-01
459 3.667016e+00 9.000097e-01
460 3.688580e+00 9.139592e-01
461 3.705979e+00 9.421021e-01
462 3.732898e+00 9.781950e-01
463 3.719576e+00 9.989592e-01
464 3.726137e+00 9.712503e-01
465 3.728819e+00 9.767960e-01
466 3.740212e+00 9.717975e-01
467 3.713043e+00 9.773767e-01
468 3.712621e+00 9.777081e-01
469 3.745102e+00 9.853746e-01
470 3.741967e+00 1.014550e+00
471 3.798565e+00 9.958536e-01
472 3.802377e+00 1.013821e+00
473 3.810430e+00 1.017755e+00
474 3.805020e+00 1.005794e+00
475 3.807671e+00 1.003577e+00
476 3.801939e+00 1.004552e+00
477 3.803609e+00 1.005274e+00
478 3.778564e+00 1.024905e+00
479 3.778279e+00 1.030468e+00
480 3.783501e+00 1.030934e+00
481 3.786966e+00 1.034839e+00
482 3.750709e+00 1.063000e+00
483 3.756360e+00 1.060529e+00
484 3.731008e+00 1.065928e+00
485 3.735224e+00 1.077068e+00
486 3.736451e+00 1.071979e+00
487 3.767354e+00 1.075095e+00
488 3.809451e+00 1.107904e+00
489 3.802939e+00 1.111343e+00
490 3.801814e+00 1.111301e+00
491 3.796698e+00 1.107964e+00
492 3.808936e+00 1.105545e+00
493 3.854131e+00 1.109501e+00
494 3.865593e+00 1.103973e+00
495 3.858314e+00 1.089801e+00
496 3.855417e+00 1.090201e+00
497 3.856631e+00 1.089279e+00
498 3.853969e+00 1.101926e+00
499 3.855688e+00 1.095642e+00
500 3.868367e+00 1.103774e+00
501 3.858118e+00 1.100198e+00
502 3.858721e+00 1.100964e+00
503 3.859050e+00 1.100347e+00
504 3.844264e+00 1.126855e+00
505 3.863828e+00 1.135171e+00
506 3.865475e+00 1.126284e+00
507 3.869364e+00 1.127099e+00
508 3.871723e+00 1.124585e+00
509 3.870390e+00 1.125273e+00
510 3.863744e+00 1.121820e+00
511 3.870676e+00 1.104942e+00
512 3.876054e+00 1.121737e+00
513 3.880878e+00 1.113429e+00
514 3.879205e+00 1.120339e+00
515 3.882298e+00 1.098175e+00
516 3.884857e+00 1.094721e+00
517 3.892143e+00 1.099224e+00
518 3.891179e+00 1.100179e+00
519 3.891131e+00 1.087799e+00
520 3.895805e+00 1.088122e+00
521 3.876543e+00 1.097769e+00
522 3.865981e+00 1.126726e+00
523 3.871314e+00 1.127016e+00
524 3.873288e+00 1.125623e+00
525 3.879826e+00 1.142199e+00
526 3.879879e+00 1.144300e+00
527 3.870731e+00 1.139719e+00
528 3.876184e+00 1.190017e+00
529 3.869482e+00 1.192899e+00
530 3.866312e+00 1.268049e+00
531 3.864703e+00 1.263112e+00
532 3.842599e+00 1.251480e+00
533 3.869073e+00 1.314893e+00
534 3.867412e+00 1.305172e+00
535 3.881807e+00 1.275566e+00
536 3.877560e+00 1.272578e+00
537 3.873387e+00 1.275867e+00
538 3.849713e+00 1.278653e+00
539 3.855596e+00 1.276017e+00
540 3.851774e+00 1.273137e+00
541 3.851573e+00 1.266478e+00
542 3.855630e+00 1.256825e+00
543 3.858296e+00 1.273332e+00
544 3.876375e+00 1.279924e+00
545 3.874008e+00 1.280961e+00
546 3.874635e+00 1.299826e+00
547 3.897839e+00 1.301109e+00
548 3.895356e+00 1.309501e+00
549 3.882796e+00 1.296066e+00
550 3.905311e+00 1.272844e+00
551 3.860457e+00 1.312882e+00
552 3.867198e+00 1.309206e+00
553 3.876999e+00 1.302044e+00
554 3.877370e+00 1.298762e+00
555 3.886698e+00 1.285486e+00
556 3.915499e+00 1.281988e+00
557 3.927745e+00 1.286887e+00
558 3.934008e+00 1.278627e+00
559 3.945662e+00 1.284477e+00
560 3.922273e+00 1.303643e+00
561 3.923872e+00 1.303592e+00
562 3.908220e+00 1.299953e+00
563 3.884260e+00 1.323420e+00
564 3.881219e+00 1.303143e+00
565 3.881023e+00 1.295297e+00
566 3.878676e+00 1.302558e+00
567 3.889796e+00 1.298487e+00
568 3.894356e+00 1.294741e+00
569 3.895756e+00 1.292316e+00
570 3.894297e+00 1.293544e+00
571 3.897438e+00 1.285958e+00
572 3.912280e+00 1.282497e+00
573 3.913477e+00 1.283236e+00
574 3.910545e+00 1.268063e+00
575 3.902208e+00 1.253647e+00
576 3.922526e+00 1.242626e+00
577 3.921759e+00 1.242778e+00
578 3.928603e+00 1.251091e+00
579 3.980847e+00 1.248866e+00
580 3.991436e+00 1.219330e+00
581 3.991009e+00 1.226179e+00
582 3.993296e+00 1.235254e+00
583 4.011491e+00 1.188870e+00
584 3.992426e+00 1.211218e+00
585 3.997590e+00 1.166266e+00
586 3.997270e+00 1.150771e+00
587 4.008938e+00 1.174052e+00
588 4.050582e+00 1.217519e+00
589 4.057823e+00 1.226566e+00
590 4.039420e+00 1.229784e+00
591 4.043271e+00 1.229105e+00
592 3.997460e+00 1.253904e+00
593 3.999803e+00 1.264686e+00
594 3.998056e+00 1.304053e+00
595 4.008572e+00 1.301117e+00
596 4.008519e+00 1.298969e+00
597 3.995173e+00 1.320892e+00
598 3.992144e+00 1.319217e+00
599 4.023047e+00 1.312727e+00
600 4.014879e+00 1.300100e+00
601 4.023834e+00 1.300249e+00
602 4.031273e+00 1.303559e+00
603 4.032290e+00 1.309368e+00
604 4.032479e+00 1.310330e+00
605 4.025495e+00 1.262242e+00
606 4.040016e+00 1.283009e+00
607 4.055027e+00 1.291688e+00
608 4.060767e+00 1.273729e+00
609 4.115227e+00 1.271196e+00
610 4.119119e+00 1.290386e+00
611 4.110646e+00 1.317215e+00
612 4.129868e+00 1.340603e+00
613 4.129226e+00 1.342108e+00
614 4.133367e+00 1.325504e+00
615 4.123648e+00 1.275807e+00
616 4.122630e+00 1.332178e+00
617 4.094588e+00 1.347751e+00
618 4.096498e+00 1.308904e+00
619 4.089709e+00 1.288456e+00
620 4.105736e+00 1.283011e+00
621 4.105627e+00 1.283362e+00
622 4.122275e+00 1.272155e+00
623 4.135504e+00 1.264298e+00
624 4.132545e+00 1.263379e+00
625 4.118342e+00 1.272879e+00
626 4.111888e+00 1.277597e+00
627 4.119244e+00 1.286332e+00
628 4.096816e+00 1.272919e+00
629 4.067056e+00 1.243518e+00
630 4.061955e+00 1.250054e+00
631 4.049215e+00 1.243720e+00
632 4.054275e+00 1.248120e+00
633 4.031904e+00 1.212837e+00
634 4.038339e+00 1.212882e+00
635 4.036425e+00 1.201960e+00
636 4.008145e+00 1.185994e+00
637 4.002765e+00 1.186923e+00
638 3.864554e+00 1.232173e+00
639 3.864366e+00 1.232298e+00
640 3.865717e+00 1.233352e+00
641 3.877305e+00 1.228388e+00
642 3.865001e+00 1.218656e+00
643 3.852678e+00 1.221300e+00
644 3.834232e+00 1.245404e+00
645 3.814064e+00 1.258057e+00
646 3.810850e+00 1.283498e+00
647 3.856021e+00 1.243721e+00
648 3.861567e+00 1.265010e+00
649 3.900364e+00 1.300277e+00
650 3.930535e+00 1.311769e+00
651 3.916092e+00 1.305676e+00
652 3.923069e+00 1.289702e+00
653 3.932032e+00 1.308372e+00
654 3.877758e+00 1.350318e+00
655 3.876479e+00 1.337823e+00
656 3.864919e+00 1.325970e+00
657 3.931365e+00 1.333783e+00
658 3.914496e+00 1.341501e+00
659 3.944717e+00 1.352245e+00
660 3.910251e+00 1.329236e+00
661 3.891095e+00 1.360703e+00
662 3.881400e+00 1.365851e+00
663 3.884091e+00 1.284172e+00
664 3.880726e+00 1.278030e+00
665 3.881025e+00 1.284356e+00
666 3.884959e+00 1.272737e+00
667 3.928416e+00 1.165562e+00
668 3.928046e+00 1.165741e+00
669 3.930877e+00 1.230042e+00
670 3.951213e+00 1.217239e+00
671 3.957528e+00 1.217877e+00
672 3.941222e+00 1.189459e+00
673 3.936877e+00 1.174325e+00
674 3.957902e+00 1.186889e+00
675 3.963207e+00 1.186836e+00
676 3.941944e+00 1.177242e+00
677 3.945344e+00 1.179163e+00
678 3.944268e+00 1.178032e+00
679 3.933835e+00 1.155311e+00
680 3.947032e+00 1.166853e+00
681 3.946303e+00 1.165542e+00
682 3.985516e+00 1.159001e+00
683 3.974040e+00 1.165749e+00
684 3.975684e+00 1.176647e+00
685 3.989487e+00 1.169492e+00
686 3.990079e+00 1.175397e+00
687 4.014795e+00 1.180852e+00
688 4.014247e+00 1.185018e+00
689 4.014115e+00 1.185144e+00
690 4.022558e+00 1.211320e+00
691 4.016484e+00 1.216529e+00
692 4.012002e+00 1.218842e+00
693 4.031429e+00 1.222657e+00
694 4.033773e+00 1.176047e+00
695 3.927721e+00 1.201070e+00
696 3.916014e+00 1.188343e+00
697 3.912917e+00 1.183768e+00
698 3.905013e+00 1.171755e+00
699 3.937667e+00 1.198074e+00
700 3.943577e+00 1.151191e+00
701 3.965748e+00 1.131430e+00
702 3.956345e+00 1.129276e+00
703 3.953636e+00 1.130132e+00
704 3.963895e+00 1.128569e+00
705 3.976087e+00 1.131707e+00
706 3.985283e+00 1.138789e+00
707 3.960603e+00 1.120590e+00
708 3.995405e+00 1.122076e+00
709 3.974523e+00 1.090428e+00
710 3.831310e+00 1.136204e+00
711 3.845239e+00 1.119384e+00
712 3.849480e+00 1.117327e+00
713 3.826694e+00 1.153810e+00
714 3.824782e+00 1.154041e+00
715 3.812501e+00 1.112539e+00
716 3.808982e+00 1.115539e+00
717 3.816878e+00 1.121671e+00
718 3.801496e+00 1.106115e+00
719 3.819725e+00 1.109842e+00
720 3.820334e+00 1.113723e+00
721 3.810273e+00 1.097328e+00
722 3.813917e+00 1.099116e+00
723 3.811938e+00 1.068382e+00
724 3.813189e+00 1.071860e+00
725 3.827006e+00 1.081120e+00
726 3.852878e+00 1.071277e+00
727 3.850232e+00 1.071181e+00
728 3.877504e+00 1.100556e+00
729 3.865710e+00 1.129075e+00
730 3.872225e+00 1.130658e+00
731 3.874864e+00 1.117632e+00
732 3.879405e+00 1.116836e+00
733 3.879634e+00 1.121673e+00
734 3.897413e+00 1.122844e+00
735 3.873381e+00 1.147074e+00
736 3.872809e+00 1.145671e+00
737 3.899399e+00 1.167592e+00
738 3.903537e+00 1.168829e+00
739 3.886528e+00 1.133704e+00
740 3.881721e+00 1.156231e+00
741 3.880566e+00 1.157087e+00
742 3.837200e+00 1.163152e+00
743 3.809073e+00 1.149028e+00
744 3.809642e+00 1.117829e+00
745 3.821594e+00 1.118774e+00
746 3.839705e+00 1.122629e+00
747 3.840796e+00 1.138879e+00
748 3.859535e+00 1.147079e+00
749 3.886887e+00 1.132813e+00
750 3.908718e+00 1.059057e+00
751 3.900304e+00 1.049139e+00
752 3.939817e+00 1.047926e+00
753 3.948824e+00 1.056663e+00
754 3.943997e+00 1.065759e+00
755 3.943634e+00 1.088534e+00
756 3.985781e+00 1.055648e+00
757 3.996220e+00 1.056124e+00
758 4.007629e+00 1.035309e+00
759 3.993102e+00 9.910096e-01
760 3.979329e+00 1.021273e+00
761 3.976039e+00 1.022914e+00
762 3.960912e+00 1.001906e+00
763 3.961522e+00 1.007766e+00
764 3.959268e+00 9.934452e-01
765 3.947102e+00 9.945606e-01
766 3.954156e+00 9.917503e-01
767 3.961684e+00 9.535337e-01
768 3.909063e+00 1.004885e+00
769 3.910899e+00 1.002928e+00
770 3.910469e+00 9.841558e-01
771 3.919184e+00 9.885181e-01
772 3.929197e+00 9.835677e-01
773 3.947497e+00 9.670212e-01
774 3.918196e+00 9.859844e-01
775 3.916251e+00 9.832130e-01
776 3.942178e+00 1.017091e+00
777 3.926997e+00 1.003862e+00
778 3.903761e+00 9.748853e-01
779 3.922855e+00 9.743400e-01
780 3.911799e+00 9.514166e-01
781 3.906657e+00 9.437795e-01
782 3.899389e+00 9.537197e-01
783 3.916070e+00 8.997574e-01
784 3.913344e+00 8.851703e-01
785 3.913119e+00 8.850684e-01
786 3.916204e+00 8.752300e-01
787 3.879247e+00 8.818742e-01
788 3.890005e+00 8.845541e-01
789 3.892742e+00 8.809206e-01
790 3.886274e+00 8.819742e-01
791 3.883365e+00 9.082322e-01
792 3.902520e+00 8.472690e-01
793 3.884266e+00 8.415533e-01
794 3.874954e+00 8.298143e-01
795 3.917946e+00 8.368210e-01
796 3.917359e+00 8.450047e-01
797 3.899133e+00 8.103276e-01
798 3.896343e+00 8.151007e-01
799 3.874486e+00 8.203163e-01
800 3.864558e+00 8.183783e-01
801 3.861989e+00 8.140983e-01
802 3.861566e+00 8.224483e-01
803 3.871991e+00 8.270255e-01
804 3.873402e+00 8.294733e-01
805 3.866875e+00 8.218473e-01
806 3.866979e+00 8.218098e-01
807 3.869491e+00 8.243296e-01
808 3.859851e+00 8.026108e-01
809 3.860240e+00 7.994503e-01
810 3.865230e+00 8.168810e-01
811 3.866242e+00 8.186758e-01
812 3.864116e+00 8.160505e-01
813 3.846015e+00 8.408874e-01
814 3.855203e+00 8.331524e-01
815 3.886177e+00 8.494288e-01
816 3.868883e+00 8.996625e-01
817 3.874136e+00 9.029634e-01
818 3.877710e+00 8.583582e-01
819 3.849901e+00 8.641267e-01
820 3.811859e+00 8.434827e-01
821 3.854318e+00 8.642889e-01
822 3.847944e+00 8.838563e-01
823 3.832382e+00 8.849042e-01
824 3.826998e+00 8.959647e-01
825 3.807826e+00 9.197368e-01
826 3.820998e+00 9.247633e-01
827 3.828953e+00 9.281239e-01
828 3.849156e+00 8.900976e-01
829 3.843703e+00 8.871560e-01
830 3.829652e+00 9.076294e-01
831 3.818656e+00 8.518707e-01
832 3.825988e+00 8.321591e-01
833 3.835567e+00 8.370626e-01
834 3.849478e+00 8.221654e-01
835 3.814530e+00 7.936913e-01
836 3.843928e+00 7.871370e-01
837 3.857459e+00 7.889514e-01
838 3.896309e+00 8.131554e-01
839 3.915157e+00 8.127199e-01
840 3.915750e+00 8.087294e-01
841 3.914076e+00 7.991871e-01
842 3.937467e+00 8.132300e-01
843 3.929038e+00 8.142811e-01
844 3.944856e+00 8.105135e-01
845 3.946113e+00 8.021463e-01
846 3.963066e+00 7.819771e-01
847 3.913225e+00 7.822135e-01
848 3.916633e+00 7.642351e-01
849 3.923843e+00 7.660085e-01
850 3.928544e+00 7.688143e-01
851 3.933775e+00 7.856924e-01
852 3.938629e+00 7.875713e-01
853 3.912515e+00 7.913040e-01
854 3.911191e+00 7.910886e-01
855 3.907795e+00 7.886192e-01
856 3.905112e+00 7.739088e-01
857 3.887818e+00 7.156873e-01
858 3.861539e+00 7.096298e-01
859 3.881728e+00 7.129203e-01
860 3.864703e+00 7.246681e-01
861 3.864794e+00 7.234003e-01
862 3.864622e+00 7.358273e-01
863 3.855318e+00 7.559712e-01
864 3.830222e+00 7.510597e-01
865 3.839646e+00 7.528662e-01
866 3.824824e+00 7.685900e-01
867 3.849217e+00 7.224438e-01
868 3.849198e+00 7.225065e-01
869 3.824315e+00 7.521020e-01
870 3.823027e+00 7.486487e-01
871 3.821509e+00 7.610483e-01
872 3.813598e+00 7.200728e-01
873 3.813513e+00 7.200735e-01
874 3.842062e+00 7.090575e-01
875 3.841816e+00 7.062493e-01
876 3.849576e+00 7.109153e-01
877 3.840164e+00 7.033958e-01
878 3.832148e+00 6.857891e-01
879 3.824846e+00 6.777993e-01
880 3.859319e+00 6.672998e-01
881 3.858871e+00 6.838124e-01
882 3.856138e+00 6.815415e-01
883 3.856410e+00 6.819079e-01
884 3.860437e+00 6.824355e-01
885 3.853880e+00 6.821962e-01
886 3.856980e+00 6.770457e-01
887 3.875577e+00 6.697192e-01
888 3.892906e+00 6.822192e-01
889 3.968656e+00 6.224218e-01
890 3.967021e+00 6.345102e-01
891 3.973217e+00 6.362845e-01
892 3.962413e+00 6.159107e-01
893 4.012076e+00 5.726906e-01
894 4.011275e+00 5.705435e-01
895 4.010982e+00 5.693088e-01
896 3.989819e+00 5.764016e-01
897 4.008154e+00 6.016627e-01
898 3.993559e+00 5.950396e-01
899 3.993740e+00 5.919669e-01
900 3.987190e+00 5.753222e-01
901 3.983728e+00 5.811876e-01
902 3.983359e+00 5.894440e-01
903 3.985152e+00 5.993873e-01
904 3.997764e+00 6.021917e-01
905 3.995103e+00 6.076689e-01
906 3.995644e+00 6.061060e-01
907 3.985064e+00 5.950640e-01
908 4.000270e+00 5.938716e-01
909 4.023796e+00 5.750645e-01
910 4.053693e+00 5.934221e-01
911 4.057121e+00 5.916679e-01
912 4.056051e+00 6.053753e-01
913 4.024953e+00 5.970446e-01
914 4.026247e+00 5.930829e-01
915 4.046267e+00 6.236555e-01
916 4.044577e+00 6.208138e-01
917 4.043511e+00 6.111697e-01
918 4.039760e+00 6.212305e-01
919 4.018232e+00 6.490015e-01
920 4.016037e+00 6.666899e-01
921 4.016177e+00 6.679882e-01
922 4.020926e+00 6.892506e-01
923 4.010366e+00 6.770237e-01
924 4.012137e+00 7.014441e-01
925 4.007348e+00 7.178443e-01
926 4.012391e+00 7.252716e-01
927 4.010257e+00 7.253354e-01
928 4.005584e+00 6.941292e-01
929 3.990249e+00 7.140238e-01
930 3.996072e+00 7.160835e-01
931 3.986660e+00 7.292399e-01
932 4.012041e+00 7.281750e-01
933 3.985669e+00 7.080280e-01
934 3.990331e+00 7.072752e-01
935 3.991577e+00 7.066720e-01
936 3.995828e+00 7.067889e-01
937 3.995497e+00 7.086305e-01
938 3.960375e+00 7.324787e-01
939 3.964981e+00 7.161405e-01
940 3.897362e+00 7.080583e-01
941 3.896817e+00 7.040058e-01
942 3.896802e+00 7.026745e-01
943 3.891042e+00 7.228917e-01
944 3.904013e+00 7.150423e-01
945 3.862077e+00 7.464027e-01
946 3.836805e+00 7.194057e-01
947 3.832686e+00 7.172234e-01
948 3.833570e+00 6.811482e-01
949 3.814970e+00 6.619948e-01
950 3.736365e+00 6.220679e-01
951 3.741944e+00 6.136460e-01
952 3.741447e+00 6.138322e-01
953 3.742073e+00 6.124249e-01
954 3.726849e+00 6.096130e-01
955 3.739022e+00 5.988349e-01
956 3.770502e+00 6.215776e-01
957 3.781747e+00 6.012926e-01
958 3.781642e+00 6.009135e-01
959 3.817244e+00 6.324642e-01
960 3.821396e+00 6.458904e-01
961 3.814662e+00 6.172292e-01
962 3.815184e+00 6.202142e-01
963 3.812938e+00 6.146085e-01
964 3.758936e+00 6.437334e-01
965 3.752693e+00 6.251748e-01
966 3.753275e+00 6.252937e-01
967 3.756635e+00 6.260856e-01
968 3.721336e+00 6.261532e-01
969 3.727303e+00 6.769385e-01
970 3.727440e+00 6.753343e-01
971 3.740099e+00 6.868903e-01
972 3.763857e+00 6.873694e-01
973 3.765944e+00 6.974513e-01
974 3.772965e+00 7.047124e-01
975 3.792941e+00 6.999616e-01
976 3.792867e+00 7.055710e-01
977 3.806354e+00 7.047739e-01
978 3.803867e+00 6.864354e-01
979 3.782889e+00 6.665893e-01
980 3.785577e+00 6.484350e-01
981 3.780470e+00 6.462554e-01
982 3.780015e+00 6.517632e-01
983 3.779400e+00 6.519326e-01
984 3.780312e+00 6.535163e-01
985 3.740668e+00 6.353329e-01
986 3.736449e+00 6.514275e-01
987 3.766890e+00 6.176132e-01
988 3.762449e+00 6.226391e-01
989 3.768903e+00 6.181796e-01
990 3.792211e+00 6.159213e-01
991 3.810984e+00 5.864474e-01
992 3.811080e+00 5.863645e-01
993 3.810982e+00 5.863332e-01
994 3.806166e+00 5.852907e-01
995 3.762902e+00 5.806083e-01
996 3.812106e+00 4.931736e-01
997 3.835580e+00 5.257536e-01
998 3.841250e+00 5.343341e-01
999 3.842175e+00 5.309147e-01
1000 3.861329e+00 5.360503e-01
1001 3.868098e+00 5.355160e-01
1002 3.893208e+00 5.364197e-01
1003 3.891241e+00 5.438449e-01
1004 3.920665e+00 5.597599e-01
1005 3.914266e+00 5.495699e-01
1006 3.907226e+00 5.448605e-01
1007 3.880204e+00 5.369983e-01
1008 3.873957e+00 5.420585e-01
1009 3.827780e+00 5.823351e-01
1010 3.829849e+00 5.642806e-01
1011 3.840731e+00 5.630787e-01
1012 3.831213e+00 5.789022e-01
1013 3.833742e+00 5.802853e-01
1014 3.824799e+00 5.674882e-01
1015 3.804483e+00 5.737507e-01
1016 3.789377e+00 5.724110e-01
1017 3.783085e+00 5.711625e-01
1018 3.772996e+00 5.746662e-01
1019 3.770287e+00 5.790989e-01
1020 3.772039e+00 5.909132e-01
1021 3.778658e+00 5.763983e-01
1022 3.772936e+00 5.791693e-01
1023 3.779295e+00 5.777849e-01
1024 3.774354e+00 5.554888e-01
1025 3.778310e+00 5.401657e-01
1026 3.785861e+00 5.417977e-01
1027 3.814568e+00 5.333114e-01
1028 3.814399e+00 5.369634e-01
1029 3.815641e+00 5.357788e-01
1030 3.758537e+00 5.694905e-01
1031 3.740896e+00 6.143572e-01
1032 3.770318e+00 6.400522e-01
1033 3.769630e+00 6.373328e-01
1034 3.764092e+00 6.391885e-01
1035 3.730191e+00 6.091121e-01
1036 3.731136e+00 6.058550e-01
1037 3.765632e+00 6.071688e-01
1038 3.770597e+00 5.803089e-01
1039 3.755903e+00 5.934025e-01
1040 3.773714e+00 6.044056e-01
1041 3.797931e+00 6.082113e-01
1042 3.798649e+00 6.087942e-01
1043 3.784700e+00 5.544919e-01
1044 3.796208e+00 5.366072e-01
1045 3.769651e+00 5.610037e-01
1046 3.761689e+00 5.547190e-01
1047 3.758582e+00 5.473812e-01
1048 3.733529e+00 5.441173e-01
1049 3.717233e+00 5.549983e-01
1050 3.734684e+00 5.568782e-01
1051 3.727281e+00 5.454343e-01
1052 3.729012e+00 5.489106e-01
1053 3.728926e+00 5.490469e-01
1054 3.729325e+00 5.449298e-01
1055 3.727698e+00 5.535945e-01
1056 3.722340e+00 5.520033e-01
1057 3.625771e+00 5.044448e-01
1058 3.655752e+00 5.321522e-01
1059 3.601984e+00 5.315976e-01
1060 3.593646e+00 5.106248e-01
1061 3.599165e+00 4.989968e-01
1062 3.597533e+00 5.305969e-01
1063 3.629188e+00 5.539308e-01
1064 3.628749e+00 5.508109e-01
1065 3.589933e+00 5.271135e-01
1066 3.605362e+00 5.196626e-01
1067 3.613410e+00 5.227509e-01
1068 3.639427e+00 5.152551e-01
1069 3.629852e+00 5.125953e-01
1070 3.632950e+00 5.205058e-01
1071 3.661479e+00 5.546833e-01
1072 3.679829e+00 5.342139e-01
1073 3.644392e+00 5.452850e-01
1074 3.639568e+00 5.337028e-01
1075 3.637302e+00 5.385905e-01
1076 3.610079e+00 5.643423e-01
1077 3.623182e+00 5.750271e-01
1078 3.622800e+00 5.692098e-01
1079 3.617271e+00 6.182108e-01
1080 3.622649e+00 6.127995e-01
1081 3.616972e+00 6.212233e-01
1082 3.587554e+00 6.118463e-01
1083 3.640281e+00 6.053342e-01
1084 3.627844e+00 6.069944e-01
1085 3.622627e+00 6.063988e-01
1086 3.622496e+00 5.976690e-01
1087 3.623009e+00 5.938966e-01
1088 3.605211e+00 6.046012e-01
1089 3.619131e+00 6.139019e-01
1090 3.607249e+00 6.098359e-01
1091 3.602300e+00 6.337743e-01
1092 3.616124e+00 6.452285e-01
1093 3.633690e+00 6.060655e-01
1094 3.641458e+00 5.901826e-01
1095 3.643058e+00 5.879236e-01
1096 3.644935e+00 6.048600e-01
1097 3.644482e+00 5.958346e-01
1098 3.624159e+00 6.149280e-01
1099 3.623219e+00 6.145601e-01
1100 3.610215e+00 5.581388e-01
1101 3.611536e+00 5.563241e-01
1102 3.614925e+00 5.579365e-01
1103 3.579878e+00 5.240101e-01
1104 3.577470e+00 5.258494e-01
1105 3.571609e+00 5.476903e-01
1106 3.581854e+00 5.641164e-01
1107 3.588159e+00 5.745283e-01
1108 3.626897e+00 5.437228e-01
1109 3.613071e+00 5.659711e-01
1110 3.613388e+00 5.655078e-01
1111 3.600643e+00 5.689970e-01
1112 3.619170e+00 5.448524e-01
1113 3.627265e+00 5.440855e-01
1114 3.627976e+00 5.426234e-01
1115 3.611757e+00 5.125720e-01
1116 3.612561e+00 5.118954e-01
1117 3.613898e+00 4.888763e-01
1118 3.647673e+00 5.274615e-01
1119 3.596851e+00 4.918992e-01
1120 3.622133e+00 4.967673e-01
1121 3.602089e+00 4.125155e-01
1122 3.601605e+00 4.079178e-01
1123 3.596325e+00 4.067341e-01
1124 3.598870e+00 3.885902e-01
1125 3.598582e+00 3.737085e-01
1126 3.582230e+00 3.762271e-01
1127 3.576356e+00 3.791410e-01
1128 3.565707e+00 3.888860e-01
1129 3.561654e+00 3.917487e-01
1130 3.553558e+00 3.780027e-01
1131 3.524494e+00 3.605592e-01
1132 3.514592e+00 3.660736e-01
1133 3.524867e+00 3.654357e-01
1134 3.505655e+00 3.645808e-01
1135 3.509839e+00 3.608990e-01
1136 3.515911e+00 3.664813e-01
1137 3.515788e+00 3.664987e-01
1138 3.514358e+00 3.709899e-01
1139 3.543355e+00 3.807864e-01
1140 3.535325e+00 3.763112e-01
1141 3.579867e+00 3.116138e-01
1142 3.570168e+00 3.072918e-01
1143 3.575278e+00 2.956254e-01
1144 3.559255e+00 2.939115e-01
1145 3.559039e+00 2.835267e-01
1146 3.567692e+00 2.571830e-01
1147 3.666946e+00 2.563584e-01
1148 3.649291e+00 2.394847e-01
1149 3.659599e+00 2.527744e-01
1150 3.685276e+00 2.415265e-01
1151 3.674663e+00 2.843800e-01
1152 3.656665e+00 2.804460e-01
1153 3.655688e+00 2.831293e-01
1154 3.662756e+00 3.107500e-01
1155 3.649827e+00 3.271000e-01
1156 3.648496e+00 3.135875e-01
1157 3.659564e+00 3.065079e-01
1158 3.657312e+00 3.044994e-01
1159 3.673054e+00 3.390993e-01
1160 3.670053e+00 3.351190e-01
1161 3.666158e+00 3.445145e-01
1162 3.652654e+00 3.251885e-01
1163 3.683116e+00 3.128957e-01
1164 3.673412e+00 2.764611e-01
1165 3.682694e+00 2.738895e-01
1166 3.684725e+00 2.666386e-01
1167 3.648486e+00 2.534058e-01
1168 3.662456e+00 2.665594e-01
1169 3.662052e+00 2.636626e-01
1170 3.656333e+00 2.581624e-01
1171 3.656485e+00 2.583007e-01
1172 3.648458e+00 2.553301e-01
1173 3.646403e+00 2.535572e-01
1174 3.626702e+00 2.966032e-01
1175 3.612441e+00 2.858025e-01
1176 3.612836e+00 2.862652e-01
1177 3.602846e+00 2.972796e-01
1178 3.637698e+00 2.417957e-01
1179 3.639397e+00 2.424725e-01
1180 3.633041e+00 2.393319e-01
1181 3.642251e+00 2.396422e-01
1182 3.657181e+00 2.253707e-01
1183 3.662511e+00 2.506595e-01
1184 3.625536e+00 2.522292e-01
1185 3.633013e+00 2.438171e-01
1186 3.629002e+00 2.451379e-01
1187 3.603524e+00 1.741781e-01
1188 3.596698e+00 1.657106e-01
1189 3.566908e+00 1.194653e-01
1190 3.565219e+00 1.110153e-01
1191 3.545450e+00 1.170921e-01
1192 3.546099e+00 1.135521e-01
1193 3.543304e+00 1.155503e-01
1194 3.503912e+00 1.035532e-01
1195 3.504939e+00 1.008521e-01
1196 3.508308e+00 9.644984e-02
1197 3.489692e+00 1.157719e-01
1198 3.514494e+00 1.220800e-01
1199 3.512478e+00 1.230926e-01
1200 3.511259e+00 1.390596e-01
1201 3.508043e+00 1.596206e-01
1202 3.502095e+00 1.799188e-01
1203 3.536797e+00 1.650037e-01
1204 3.536975e+00 1.590802e-01
1205 3.514869e+00 1.454496e-01
1206 3.496398e+00 1.501070e-01
1207 3.484109e+00 1.559152e-01
1208 3.489330e+00 1.519532e-01
1209 3.489316e+00 1.519140e-01
1210 3.491123e+00 1.540104e-01
1211 3.506332e+00 1.505502e-01
1212 3.510945e+00 1.324385e-01
1213 3.510723e+00 1.290793e-01
1214 3.514356e+00 1.355324e-01
1215 3.513559e+00 1.377991e-01
1216 3.518431e+00 1.449012e-01
1217 3.455547e+00 2.234674e-01
1218 3.464562e+00 2.112830e-01
1219 3.429777e+00 1.878502e-01
1220 3.432292e+00 1.459306e-01
1221 3.431460e+00 1.493258e-01
1222 3.431404e+00 1.492627e-01
1223 3.415456e+00 1.729319e-01
1224 3.413515e+00 1.710684e-01
1225 3.396852e+00 1.257625e-01
1226 3.382871e+00 1.287474e-01
1227 3.388045e+00 1.314610e-01
1228 3.384415e+00 1.360984e-01
1229 3.374253e+00 1.408650e-01
1230 3.387594e+00 1.435846e-01
1231 3.384618e+00 1.558591e-01
1232 3.378254e+00 1.536523e-01
1233 3.404301e+00 1.128298e-01
1234 3.402937e+00 1.230160e-01
1235 3.508695e+00 3.589265e-02
1236 3.510915e+00 3.730542e-02
1237 3.506606e+00 2.608579e-02
1238 3.501325e+00 -4.145581e-03
