0 1.322768e+00 9.316078e-01
1 1.321668e+00 9.241088e-01
2 1.322066e+00 9.244579e-01
3 1.329755e+00 9.302763e-01
4 1.329518e+00 9.483955e-01
5 1.377543e+00 9.266967e-01
6 1.364910e+00 9.224956e-01
7 1.364096e+00 9.229217e-01
8 1.357073e+00 9.171436e-01
9 1.357394e+00 9.172150e-01
10 1.376667e+00 9.500204e-01
11 1.392657e+00 9.456811e-01
12 1.364150e+00 9.610004e-01
13 1.353924e+00 9.795086e-01
14 1.370134e+00 1.055437e+00
15 1.395577e+00 1.051002e+00
16 1.387246e+00 1.060383e+00
17 1.439510e+00 1.078489e+00
18 1.425618e+00 1.079276e+00
19 1.394514e+00 1.083523e+00
20 1.403988e+00 1.077032e+00
21 1.406845e+00 1.076437e+00
22 1.404467e+00 1.073502e+00
23 1.414978e+00 1.064825e+00
24 1.410234e+00 1.067206e+00
25 1.405031e+00 1.064503e+00
26 1.419369e+00 1.063157e+00
27 1.436499e+00 1.078693e+00
28 1.455776e+00 1.061469e+00
29 1.464549e+00 1.038982e+00
30 1.428435e+00 1.042239e+00
31 1.388521e+00 1.040811e+00
32 1.399392e+00 1.081077e+00
33 1.404809e+00 1.078019e+00
34 1.397801e+00 1.096564e+00
35 1.378891e+00 1.089303e+00
36 1.377066e+00 1.085668e+00
37 1.373683e+00 1.070042e+00
38 1.373917e+00 1.064912e+00
39 1.410600e+00 1.038438e+00
40 1.405096e+00 1.031469e+00
41 1.406066e+00 1.036010e+00
42 1.389481e+00 1.010384e+00
43 1.388562e+00 1.010210e+00
44 1.327278e+00 1.004358e+00
45 1.327403e+00 1.004744e+00
46 1.334124e+00 1.025522e+00
47 1.432373e+00 1.019908e+00
48 1.419600e+00 1.010536e+00
49 1.423521e+00 1.033984e+00
50 1.442972e+00 1.045096e+00
51 1.443416e+00 1.005698e+00
52 1.432784e+00 1.001599e+00
53 1.446882e+00 1.013384e+00
54 1.426504e+00 1.041096e+00
55 1.423997e+00 1.028693e+00
56 1.388516e+00 1.041204e+00
57 1.394909e+00 1.042266e+00
58 1.374754e+00 1.015621e+00
59 1.359431e+00 1.013055e+00
60 1.366244e+00 1.013729e+00
61 1.371772e+00 9.999701e-01
62 1.367911e+00 9.446873e-01
63 1.376957e+00 9.432442e-01
64 1.383347e+00 9.128416e-01
65 1.380179e+00 9.156634e-01
66 1.398679e+00 9.282106e-01
67 1.397389e+00 9.215449e-01
68 1.377777e+00 9.129178e-01
69 1.371668e+00 9.028024e-01
70 1.371869e+00 9.027424e-01
71 1.389535e+00 9.254386e-01
72 1.373583e+00 9.032015e-01
73 1.368695e+00 8.979280e-01
74 1.372385e+00 8.900734e-01
75 1.374651e+00 8.928976e-01
76 1.371997e+00 8.933433e-01
77 1.384278e+00 8.837433e-01
78 1.361640e+00 8.761020e-01
79 1.350307e+00 8.856766e-01
80 1.345145e+00 8.578157e-01
81 1.327594e+00 8.915828e-01
82 1.325434e+00 9.293080e-01
83 1.315358e+00 9.234360e-01
84 1.346596e+00 9.356926e-01
85 1.346878e+00 9.360558e-01
86 1.358852e+00 9.377243e-01
87 1.364949e+00 9.396828e-01
88 1.364564e+00 9.425187e-01
89 1.374286e+00 9.497961e-01
90 1.413513e+00 9.633334e-01
91 1.420084e+00 9.633324e-01
92 1.402247e+00 9.701479e-01
93 1.392078e+00 1.016244e+00
94 1.391175e+00 1.019813e+00
95 1.391352e+00 1.019397e+00
96 1.398399e+00 1.018644e+00
97 1.386847e+00 1.027494e+00
98 1.356323e+00 1.013290e+00
99 1.341396e+00 1.000782e+00
100 1.337940e+00 9.893551e-01
101 1.333262e+00 1.004334e+00
102 1.326206e+00 1.005552e+00
103 1.302103e+00 1.005766e+00
104 1.302926e+00 1.004304e+00
105 1.367959e+00 1.007398e+00
106 1.364553e+00 1.003264e+00
107 1.400208e+00 9.820729e-01
108 1.401381e+00 9.811779e-01
109 1.399282e+00 9.861347e-01
110 1.404117e+00 9.811908e-01
111 1.389937e+00 9.708819e-01
112 1.382897e+00 9.642194e-01
113 1.351274e+00 8.997853e-01
114 1.350116e+00 8.988566e-01
115 1.368254e+00 8.782942e-01
116 1.339303e+00 8.693636e-01
117 1.388724e+00 9.000059e-01
118 1.364867e+00 9.142430e-01
119 1.372808e+00 9.132890e-01
120 1.428559e+00 8.890821e-01
121 1.430779e+00 8.912194e-01
122 1.440274e+00 8.927495e-01
123 1.438834e+00 8.840770e-01
124 1.436939e+00 8.831870e-01
125 1.385825e+00 8.775068e-01
126 1.408724e+00 8.786250e-01
127 1.407687e+00 8.806901e-01
128 1.386929e+00 8.739002e-01
129 1.387766e+00 8.785149e-01
130 1.382463e+00 8.735744e-01
131 1.376304e+00 8.837764e-01
132 1.376026e+00 8.781900e-01
133 1.406527e+00 8.755259e-01
134 1.379300e+00 8.636095e-01
135 1.379456e+00 8.649869e-01
136 1.364974e+00 8.560826e-01
137 1.362932e+00 8.624962e-01
138 1.352333e+00 8.778070e-01
139 1.356745e+00 8.706523e-01
140 1.387866e+00 9.260414e-01
141 1.382495e+00 9.207306e-01
142 1.373488e+00 9.106487e-01
143 1.374956e+00 9.117440e-01
144 1.393027e+00 9.048895e-01
145 1.390502e+00 8.991155e-01
146 1.354551e+00 8.455570e-01
147 1.411952e+00 8.609131e-01
148 1.411315e+00 8.615364e-01
149 1.411703e+00 8.599244e-01
150 1.421205e+00 8.495460e-01
151 1.431465e+00 8.646209e-01
152 1.436009e+00 8.377527e-01
153 1.471895e+00 8.382238e-01
154 1.461011e+00 8.725432e-01
155 1.533959e+00 8.793294e-01
156 1.554489e+00 8.746024e-01
157 1.546026e+00 8.904405e-01
158 1.556907e+00 8.687222e-01
159 1.557936e+00 9.129613e-01
160 1.584034e+00 9.349475e-01
161 1.586659e+00 9.323767e-01
162 1.582672e+00 9.519803e-01
163 1.579568e+00 9.498495e-01
164 1.583025e+00 9.487958e-01
165 1.564354e+00 9.525445e-01
166 1.572099e+00 9.207938e-01
167 1.569842e+00 9.243517e-01
168 1.575650e+00 9.058845e-01
169 1.585986e+00 9.056014e-01
170 1.591023e+00 8.939995e-01
171 1.594151e+00 8.899980e-01
172 1.593557e+00 8.956942e-01
173 1.570184e+00 9.274968e-01
174 1.564086e+00 9.219647e-01
175 1.565703e+00 9.099978e-01
176 1.539578e+00 9.259983e-01
177 1.537942e+00 9.168138e-01
178 1.522668e+00 9.376480e-01
179 1.523747e+00 9.173473e-01
180 1.533219e+00 9.162927e-01
181 1.529840e+00 9.145990e-01
182 1.534919e+00 9.023252e-01
183 1.526660e+00 8.844424e-01
184 1.533138e+00 8.749781e-01
185 1.532257e+00 8.724277e-01
186 1.537876e+00 8.746308e-01
187 1.511585e+00 8.704924e-01
188 1.502216e+00 9.268191e-01
189 1.491022e+00 9.770671e-01
190 1.490553e+00 9.785551e-01
191 1.491353e+00 1.015406e+00
192 1.449713e+00 9.652530e-01
193 1.456437e+00 9.720927e-01
194 1.427860e+00 1.014211e+00
195 1.409755e+00 1.019899e+00
196 1.415185e+00 1.044709e+00
197 1.411845e+00 1.040488e+00
198 1.395372e+00 1.022207e+00
199 1.369588e+00 1.005725e+00
200 1.368480e+00 1.007376e+00
201 1.355857e+00 9.765213e-01
202 1.357606e+00 1.003236e+00
203 1.365349e+00 1.023459e+00
204 1.368403e+00 1.016187e+00
205 1.367389e+00 1.010094e+00
206 1.343438e+00 9.885367e-01
207 1.338790e+00 9.886293e-01
208 1.332449e+00 9.916464e-01
209 1.330587e+00 1.029855e+00
210 1.342412e+00 9.758301e-01
211 1.342412e+00 9.755453e-01
212 1.400371e+00 9.754196e-01
213 1.409795e+00 9.927397e-01
214 1.408852e+00 9.925868e-01
215 1.405801e+00 1.000249e+00
216 1.403708e+00 9.996128e-01
217 1.412421e+00 9.921664e-01
218 1.410396e+00 9.701792e-01
219 1.410276e+00 9.698451e-01
220 1.400784e+00 9.745265e-01
221 1.412415e+00 9.981615e-01
222 1.396898e+00 1.003795e+00
223 1.385372e+00 9.876667e-01
224 1.409478e+00 1.029661e+00
225 1.406242e+00 9.949821e-01
226 1.406697e+00 9.963695e-01
227 1.396694e+00 1.010951e+00
228 1.395617e+00 1.024085e+00
229 1.380796e+00 1.013490e+00
230 1.358757e+00 1.026358e+00
231 1.359838e+00 1.024154e+00
232 1.366702e+00 1.017725e+00
233 1.375787e+00 1.009375e+00
234 1.377168e+00 1.009758e+00
235 1.378103e+00 1.009324e+00
236 1.347563e+00 1.036484e+00
237 1.346153e+00 1.046858e+00
238 1.337310e+00 1.054961e+00
239 1.345343e+00 1.056965e+00
240 1.353461e+00 1.050979e+00
241 1.355327e+00 1.064793e+00
242 1.355762e+00 1.065617e+00
243 1.391735e+00 1.061641e+00
244 1.385968e+00 1.055358e+00
245 1.410394e+00 1.021955e+00
246 1.418940e+00 1.032590e+00
247 1.429529e+00 1.019202e+00
248 1.420455e+00 1.016682e+00
249 1.431258e+00 1.010617e+00
250 1.437026e+00 1.011973e+00
251 1.434729e+00 1.012554e+00
252 1.434996e+00 1.012616e+00
253 1.434578e+00 1.008329e+00
254 1.448106e+00 9.647355e-01
255 1.414708e+00 9.797827e-01
256 1.414592e+00 9.753872e-01
257 1.416999e+00 9.749069e-01
258 1.436525e+00 9.676812e-01
259 1.433161e+00 9.714496e-01
260 1.440469e+00 9.853922e-01
261 1.442864e+00 9.835052e-01
262 1.420232e+00 9.987305e-01
263 1.368628e+00 1.000806e+00
264 1.370476e+00 9.986480e-01
265 1.387508e+00 1.005245e+00
266 1.398685e+00 1.008502e+00
267 1.407737e+00 9.953468e-01
268 1.494314e+00 1.031664e+00
269 1.485472e+00 1.016350e+00
270 1.502954e+00 9.764802e-01
271 1.509536e+00 9.844706e-01
272 1.501107e+00 1.001654e+00
273 1.496610e+00 9.938873e-01
274 1.514706e+00 1.004301e+00
275 1.517206e+00 1.005018e+00
276 1.515825e+00 1.017105e+00
277 1.523204e+00 1.005865e+00
278 1.526936e+00 1.003602e+00
279 1.533646e+00 9.964728e-01
280 1.548489e+00 9.859659e-01
281 1.558569e+00 9.852556e-01
282 1.558807e+00 9.943794e-01
283 1.559487e+00 9.965950e-01
284 1.580440e+00 1.012247e+00
285 1.577687e+00 1.010347e+00
286 1.576493e+00 9.927076e-01
287 1.564827e+00 9.969875e-01
288 1.539186e+00 9.562767e-01
289 1.512236e+00 9.964590e-01
290 1.510606e+00 9.813540e-01
291 1.510670e+00 9.805574e-01
292 1.528768e+00 9.961905e-01
293 1.534659e+00 1.000022e+00
294 1.543051e+00 1.034212e+00
295 1.541261e+00 1.034464e+00
296 1.558581e+00 9.986875e-01
297 1.567417e+00 9.983136e-01
298 1.576877e+00 9.889269e-01
299 1.568545e+00 9.900443e-01
300 1.568580e+00 9.921548e-01
301 1.570577e+00 9.879307e-01
302 1.529358e+00 1.010692e+00
303 1.536594e+00 1.004427e+00
304 1.536621e+00 1.004457e+00
305 1.524431e+00 9.983213e-01
306 1.536447e+00 9.908094e-01
307 1.540866e+00 9.732982e-01
308 1.499250e+00 1.029048e+00
309 1.500655e+00 1.028955e+00
310 1.498020e+00 1.017552e+00
311 1.496446e+00 1.016917e+00
312 1.469682e+00 1.017427e+00
313 1.431473e+00 9.938114e-01
314 1.431655e+00 9.895734e-01
315 1.446463e+00 9.852782e-01
316 1.477214e+00 9.719762e-01
317 1.473210e+00 9.711846e-01
318 1.484248e+00 9.759770e-01
319 1.486288e+00 9.745961e-01
320 1.491668e+00 9.701638e-01
321 1.490804e+00 9.692278e-01
322 1.485160e+00 9.742223e-01
323 1.478931e+00 9.460336e-01
324 1.474244e+00 9.541864e-01
325 1.449300e+00 9.474454e-01
326 1.440255e+00 9.527699e-01
327 1.440753e+00 9.532004e-01
328 1.443630e+00 9.507059e-01
329 1.442897e+00 9.524476e-01
330 1.432139e+00 9.393450e-01
331 1.411721e+00 9.434717e-01
332 1.407216e+00 9.284260e-01
333 1.407916e+00 9.331596e-01
334 1.419143e+00 9.324979e-01
335 1.416610e+00 9.383069e-01
336 1.416214e+00 9.400651e-01
337 1.429885e+00 9.446783e-01
338 1.423834e+00 9.397684e-01
339 1.430042e+00 9.821038e-01
340 1.403829e+00 9.821683e-01
341 1.383325e+00 9.518139e-01
342 1.383753e+00 9.505752e-01
343 1.383868e+00 9.505538e-01
344 1.383301e+00 9.497047e-01
345 1.395097e+00 9.777095e-01
346 1.398574e+00 9.738211e-01
347 1.415509e+00 9.525113e-01
348 1.399331e+00 9.797594e-01
349 1.407634e+00 9.743025e-01
350 1.427767e+00 9.229998e-01
351 1.428123e+00 9.234201e-01
352 1.429017e+00 9.215263e-01
353 1.440390e+00 9.302920e-01
354 1.441806e+00 9.414558e-01
355 1.413586e+00 9.807910e-01
356 1.406525e+00 9.854784e-01
357 1.399969e+00 9.895134e-01
358 1.393238e+00 9.914772e-01
359 1.344020e+00 9.910295e-01
360 1.312589e+00 9.788820e-01
361 1.307610e+00 9.902681e-01
362 1.317910e+00 9.732915e-01
363 1.326727e+00 9.826436e-01
364 1.380802e+00 9.279431e-01
365 1.375160e+00 9.257952e-01
366 1.371402e+00 9.241125e-01
367 1.369171e+00 9.363103e-01
368 1.385291e+00 9.458467e-01
369 1.366900e+00 9.112918e-01
370 1.363922e+00 9.065422e-01
371 1.357494e+00 8.957965e-01
372 1.378610e+00 8.725369e-01
373 1.379258e+00 8.719462e-01
374 1.394297e+00 8.451940e-01
375 1.392699e+00 8.464179e-01
376 1.404728e+00 8.513879e-01
377 1.411611e+00 8.644364e-01
378 1.416794e+00 8.518587e-01
379 1.417207e+00 8.513396e-01
380 1.422597e+00 8.521983e-01
381 1.361251e+00 8.896813e-01
382 1.359954e+00 8.927067e-01
383 1.332619e+00 8.835501e-01
384 1.339052e+00 9.049909e-01
385 1.397964e+00 9.209122e-01
386 1.398243e+00 9.221817e-01
387 1.400410e+00 9.221977e-01
388 1.399951e+00 9.189831e-01
389 1.456411e+00 9.084145e-01
390 1.456995e+00 8.978080e-01
391 1.471052e+00 9.026245e-01
392 1.470163e+00 8.901257e-01
393 1.476948e+00 8.913245e-01
394 1.450185e+00 8.884593e-01
395 1.449534e+00 8.914678e-01
396 1.436987e+00 8.972477e-01
397 1.415219e+00 8.960200e-01
398 1.413375e+00 8.941714e-01
399 1.380741e+00 8.831951e-01
400 1.362459e+00 9.666467e-01
401 1.389307e+00 9.880763e-01
402 1.388053e+00 9.909711e-01
403 1.395724e+00 9.964116e-01
404 1.396402e+00 9.911697e-01
405 1.396656e+00 9.903472e-01
406 1.403436e+00 9.953755e-01
407 1.406772e+00 9.967256e-01
408 1.434686e+00 9.767422e-01
409 1.445579e+00 9.797086e-01
410 1.456969e+00 9.847022e-01
411 1.449045e+00 9.707447e-01
412 1.446414e+00 9.755841e-01
413 1.461142e+00 9.777206e-01
414 1.439619e+00 9.704273e-01
415 1.457304e+00 9.530908e-01
416 1.433957e+00 9.768342e-01
417 1.429033e+00 9.775154e-01
418 1.427582e+00 1.007842e+00
419 1.427354e+00 1.004799e+00
420 1.427359e+00 1.011765e+00
421 1.466581e+00 1.047725e+00
422 1.471040e+00 1.052460e+00
423 1.457024e+00 1.114296e+00
424 1.463269e+00 1.114229e+00
425 1.460478e+00 1.113822e+00
426 1.457028e+00 1.102008e+00
427 1.449049e+00 1.115224e+00
428 1.461553e+00 1.122567e+00
429 1.462671e+00 1.121668e+00
430 1.445125e+00 1.118813e+00
431 1.450844e+00 1.134104e+00
432 1.437536e+00 1.142081e+00
433 1.445231e+00 1.142266e+00
434 1.464420e+00 1.149377e+00
435 1.477163e+00 1.133254e+00
436 1.453064e+00 1.125201e+00
437 1.452461e+00 1.129619e+00
438 1.460273e+00 1.133594e+00
439 1.516897e+00 1.148687e+00
440 1.515438e+00 1.168702e+00
441 1.526007e+00 1.151189e+00
442 1.547536e+00 1.128172e+00
443 1.598910e+00 1.118441e+00
444 1.617080e+00 1.132581e+00
445 1.617449e+00 1.134717e+00
446 1.616603e+00 1.132357e+00
447 1.612503e+00 1.126492e+00
448 1.610143e+00 1.118249e+00
449 1.613560e+00 1.129691e+00
450 1.643578e+00 1.084353e+00
451 1.669574e+00 1.109323e+00
452 1.665421e+00 1.109759e+00
453 1.669186e+00 1.116698e+00
454 1.665053e+00 1.120652e+00
455 1.665556e+00 1.120147e+00
456 1.667407e+00 1.121600e+00
457 1.648324e+00 1.123687e+00
458 1.692230e+00 1.141029e+00
459 1.690183e+00 1.139410e+00
460 1.683756e+00 1.132118e+00
461 1.727719e+00 1.127090e+00
462 1.729240e+00 1.132918e+00
463 1.748592e+00 1.161936e+00
464 1.740039e+00 1.170847e+00
465 1.748741e+00 1.178027e+00
466 1.728952e+00 1.210501e+00
467 1.715353e+00 1.211423e+00
468 1.703886e+00 1.178159e+00
469 1.710030e+00 1.165917e+00
470 1.743120e+00 1.202038e+00
471 1.702933e+00 1.219356e+00
472 1.712832e+00 1.175308e+00
473 1.728775e+00 1.146383e+00
474 1.757635e+00 1.151729e+00
475 1.771584e+00 1.136241e+00
476 1.776476e+00 1.133728e+00
477 1.775975e+00 1.133807e+00
478 1.785048e+00 1.130181e+00
479 1.895002e+00 1.104119e+00
480 1.888165e+00 1.116825e+00
481 1.962302e+00 1.125102e+00
482 1.985939e+00 1.103723e+00
483 1.988446e+00 1.120348e+00
484 1.985058e+00 1.084093e+00
485 2.019029e+00 1.056748e+00
486 2.022747e+00 1.070308e+00
487 2.034586e+00 1.066358e+00
488 2.041430e+00 1.045687e+00
489 2.057315e+00 1.046699e+00
490 2.061990e+00 1.029784e+00
491 2.081822e+00 1.016498e+00
492 2.075713e+00 1.046567e+00
493 2.086159e+00 1.055144e+00
494 2.106709e+00 1.081286e+00
495 2.107621e+00 1.082536e+00
496 2.106806e+00 1.097841e+00
497 2.094015e+00 1.080282e+00
498 2.044771e+00 1.063386e+00
499 2.050927e+00 1.059531e+00
500 2.051491e+00 1.061650e+00
501 2.060614e+00 1.017035e+00
502 2.001191e+00 9.841290e-01
503 2.006631e+00 9.614063e-01
504 1.996847e+00 9.571567e-01
505 1.979447e+00 9.603428e-01
506 1.993234e+00 9.560174e-01
507 1.989344e+00 9.536834e-01
508 1.986652e+00 9.536387e-01
509 1.997224e+00 9.495176e-01
510 1.970813e+00 9.362951e-01
511 1.970545e+00 9.364470e-01
512 1.970886e+00 9.366548e-01
513 1.982988e+00 1.019916e+00
514 1.987878e+00 1.008546e+00
515 2.004169e+00 9.973229e-01
516 1.998863e+00 9.932771e-01
517 2.004179e+00 9.591770e-01
518 1.986955e+00 9.847834e-01
519 1.968286e+00 9.630739e-01
520 1.969724e+00 9.599025e-01
521 1.960652e+00 9.350385e-01
522 1.995606e+00 8.720994e-01
523 1.962641e+00 9.075747e-01
524 1.978863e+00 9.407427e-01
525 1.976375e+00 9.406229e-01
526 1.968172e+00 9.395770e-01
527 1.968090e+00 9.360831e-01
528 1.949434e+00 9.401580e-01
529 2.022577e+00 9.171073e-01
530 2.021635e+00 9.245339e-01
531 2.023415e+00 9.179071e-01
532 2.032039e+00 9.594855e-01
533 2.027022e+00 9.474268e-01
534 2.036365e+00 9.418537e-01
535 2.037730e+00 9.237133e-01
536 2.014427e+00 1.001682e+00
537 1.981539e+00 9.867238e-01
538 2.034470e+00 9.645577e-01
539 1.970439e+00 9.912485e-01
540 1.957014e+00 1.003788e+00
541 1.939750e+00 1.009578e+00
542 1.931342e+00 1.034234e+00
543 1.905220e+00 1.055052e+00
544 1.906556e+00 1.006455e+00
545 1.866913e+00 1.035760e+00
546 1.879523e+00 1.032038e+00
547 1.877419e+00 1.038087e+00
548 1.871831e+00 1.007201e+00
549 1.865705e+00 1.004188e+00
550 1.903725e+00 9.851836e-01
551 1.937081e+00 9.489947e-01
552 1.965967e+00 9.951041e-01
553 1.981062e+00 9.871729e-01
554 1.985586e+00 1.024934e+00
555 1.970983e+00 1.022070e+00
556 1.971013e+00 1.022362e+00
557 1.956661e+00 1.032016e+00
558 1.951635e+00 1.017174e+00
559 1.951481e+00 1.012843e+00
560 1.987970e+00 1.015739e+00
561 1.980520e+00 1.031302e+00
562 1.972425e+00 1.003063e+00
563 1.992781e+00 1.064744e+00
564 2.015519e+00 1.035587e+00
565 2.022202e+00 1.033528e+00
566 2.022187e+00 1.033560e+00
567 2.033091e+00 1.038273e+00
568 2.029827e+00 1.032022e+00
569 2.027454e+00 1.014653e+00
570 2.024850e+00 1.002225e+00
571 2.061546e+00 1.005330e+00
572 2.064639e+00 1.001302e+00
573 2.047626e+00 9.272224e-01
574 2.052072e+00 9.169385e-01
575 2.044771e+00 9.163718e-01
576 2.041133e+00 9.165585e-01
577 2.029200e+00 9.309576e-01
578 2.034228e+00 9.345971e-01
579 2.023174e+00 9.222115e-01
580 2.022910e+00 8.904823e-01
581 2.040560e+00 9.008994e-01
582 2.066908e+00 9.302763e-01
583 2.038335e+00 9.460622e-01
584 2.021551e+00 9.284513e-01
585 2.011779e+00 9.318733e-01
586 2.017314e+00 9.240437e-01
587 2.011304e+00 9.150569e-01
588 2.022438e+00 9.374849e-01
589 2.006212e+00 9.539242e-01
590 2.023270e+00 9.420380e-01
591 2.023852e+00 9.387928e-01
592 2.036463e+00 9.525978e-01
593 2.041729e+00 9.621772e-01
594 2.038806e+00 9.630954e-01
595 2.031219e+00 9.635743e-01
596 2.025390e+00 9.696485e-01
597 2.038140e+00 8.658295e-01
598 1.998468e+00 8.793610e-01
599 1.989439e+00 8.711707e-01
600 2.007417e+00 8.760443e-01
601 2.033486e+00 8.842179e-01
602 2.033726e+00 8.966802e-01
603 2.021891e+00 8.810936e-01
604 2.043340e+00 9.134296e-01
605 2.043541e+00 9.129282e-01
606 2.042511e+00 9.120817e-01
607 2.012331e+00 9.386034e-01
608 2.011673e+00 9.383272e-01
609 2.007202e+00 9.397667e-01
610 2.003450e+00 9.431804e-01
611 2.024269e+00 9.910558e-01
612 2.011171e+00 9.793953e-01
613 2.015459e+00 9.893839e-01
614 2.016813e+00 9.900591e-01
615 2.018998e+00 9.989675e-01
616 2.003287e+00 9.892086e-01
617 2.009674e+00 1.005499e+00
618 2.010870e+00 1.061806e+00
619 2.007212e+00 1.069625e+00
620 2.021236e+00 1.051105e+00
621 2.030836e+00 1.045687e+00
622 2.031506e+00 1.046964e+00
623 2.033700e+00 1.051491e+00
624 2.039178e+00 1.055963e+00
625 2.028342e+00 1.064892e+00
626 1.988571e+00 1.076560e+00
627 1.958487e+00 1.086132e+00
628 1.945805e+00 1.086006e+00
629 1.945364e+00 1.090373e+00
630 1.945258e+00 1.090455e+00
631 1.973587e+00 1.086440e+00
632 1.972804e+00 1.089003e+00
633 1.989358e+00 1.094384e+00
634 1.988851e+00 1.082270e+00
635 1.991585e+00 1.084562e+00
636 1.999665e+00 1.077689e+00
637 2.020917e+00 1.059739e+00
638 2.062271e+00 1.076805e+00
639 2.061747e+00 1.076468e+00
640 2.060874e+00 1.079417e+00
641 2.095304e+00 1.084016e+00
642 2.080715e+00 1.099371e+00
643 2.069501e+00 1.092356e+00
644 2.096607e+00 1.095284e+00
645 2.098247e+00 1.096595e+00
646 2.133432e+00 1.075505e+00
647 2.142613e+00 1.064241e+00
648 2.212681e+00 1.064161e+00
649 2.209228e+00 1.071395e+00
650 2.225577e+00 1.053649e+00
651 2.226883e+00 1.066534e+00
652 2.227570e+00 1.063555e+00
653 2.206955e+00 1.103985e+00
654 2.170108e+00 1.091140e+00
655 2.213716e+00 1.115431e+00
656 2.195681e+00 1.135750e+00
657 2.239178e+00 1.130477e+00
658 2.239482e+00 1.137075e+00
659 2.214639e+00 1.072463e+00
660 2.248037e+00 1.091995e+00
661 2.264101e+00 1.082251e+00
662 2.270157e+00 1.081887e+00
663 2.295045e+00 1.084264e+00
664 2.299332e+00 1.085144e+00
665 2.333492e+00 1.048955e+00
666 2.335348e+00 1.048672e+00
667 2.330640e+00 1.046175e+00
668 2.327584e+00 1.037728e+00
669 2.327809e+00 1.038012e+00
670 2.327809e+00 1.037181e+00
671 2.425530e+00 9.779482e-01
672 2.423430e+00 9.857873e-01
673 2.442097e+00 1.030746e+00
674 2.433373e+00 1.035384e+00
675 2.431904e+00 1.037632e+00
676 2.436802e+00 1.044740e+00
677 2.454284e+00 1.041874e+00
678 2.454035e+00 1.044168e+00
679 2.422220e+00 1.051060e+00
680 2.406906e+00 1.012211e+00
681 2.399786e+00 1.009615e+00
682 2.338505e+00 1.031158e+00
683 2.329719e+00 1.047333e+00
684 2.349266e+00 1.044866e+00
685 2.349266e+00 1.044860e+00
686 2.312141e+00 1.034226e+00
687 2.324958e+00 9.841364e-01
688 2.328605e+00 9.727879e-01
689 2.339923e+00 9.668510e-01
690 2.326176e+00 9.764513e-01
691 2.326173e+00 9.764666e-01
692 2.331402e+00 9.740523e-01
693 2.350048e+00 1.015323e+00
694 2.348334e+00 1.021805e+00
695 2.373770e+00 9.772834e-01
696 2.377793e+00 9.756738e-01
697 2.377124e+00 9.736190e-01
698 2.389866e+00 9.394012e-01
699 2.391459e+00 9.359016e-01
700 2.417412e+00 1.021912e+00
701 2.435756e+00 1.026587e+00
702 2.436771e+00 1.026718e+00
703 2.454218e+00 9.939846e-01
704 2.459057e+00 9.900068e-01
705 2.464644e+00 9.796495e-01
706 2.463668e+00 9.839719e-01
707 2.456330e+00 9.806369e-01
708 2.449716e+00 9.339562e-01
709 2.438893e+00 9.278306e-01
710 2.443043e+00 9.195015e-01
711 2.426729e+00 8.865206e-01
712 2.434486e+00 8.791294e-01
713 2.418814e+00 7.586687e-01
714 2.416296e+00 7.541706e-01
715 2.420056e+00 7.563057e-01
716 2.441270e+00 7.532282e-01
717 2.408520e+00 7.315610e-01
718 2.414274e+00 7.126435e-01
719 2.395599e+00 7.289529e-01
720 2.384076e+00 7.411658e-01
721 2.378841e+00 7.549923e-01
722 2.372274e+00 7.718081e-01
723 2.352914e+00 7.416355e-01
724 2.386447e+00 7.293921e-01
725 2.379585e+00 7.314833e-01
726 2.378388e+00 7.333088e-01
727 2.379263e+00 7.329553e-01
728 2.375211e+00 7.340355e-01
729 2.349635e+00 7.388254e-01
730 2.361569e+00 7.373498e-01
731 2.358072e+00 7.319368e-01
732 2.361197e+00 7.412239e-01
733 2.361338e+00 7.403480e-01
734 2.362899e+00 7.366823e-01
735 2.364172e+00 7.510625e-01
736 2.385893e+00 7.309400e-01
737 2.403309e+00 7.036177e-01
738 2.451078e+00 6.891587e-01
739 2.477803e+00 6.951067e-01
740 2.478049e+00 6.956507e-01
741 2.410419e+00 7.263328e-01
742 2.416617e+00 7.955315e-01
743 2.428979e+00 7.932865e-01
744 2.454170e+00 7.852742e-01
745 2.434519e+00 7.697303e-01
746 2.435247e+00 7.702349e-01
747 2.437898e+00 7.720432e-01
748 2.438962e+00 7.737749e-01
749 2.439158e+00 7.738151e-01
750 2.442011e+00 7.749270e-01
751 2.406183e+00 7.532434e-01
752 2.424025e+00 7.457439e-01
753 2.409120e+00 6.887154e-01
754 2.417388e+00 6.946780e-01
755 2.417198e+00 6.916360e-01
756 2.410807e+00 6.922792e-01
757 2.410976e+00 6.925804e-01
758 2.416161e+00 7.050551e-01
759 2.412397e+00 6.979842e-01
760 2.408542e+00 6.902345e-01
761 2.409047e+00 6.884899e-01
762 2.410874e+00 6.915464e-01
763 2.391778e+00 6.472122e-01
764 2.396419e+00 6.488552e-01
765 2.398659e+00 6.489308e-01
766 2.397544e+00 6.366684e-01
767 2.382582e+00 6.415384e-01
768 2.331407e+00 6.535737e-01
769 2.323972e+00 6.452822e-01
770 2.324819e+00 6.366975e-01
771 2.312616e+00 6.430932e-01
772 2.327079e+00 6.873309e-01
773 2.358157e+00 6.899718e-01
774 2.357845e+00 7.119652e-01
775 2.362684e+00 7.329575e-01
776 2.328855e+00 7.366672e-01
777 2.342623e+00 7.316657e-01
778 2.334792e+00 7.467877e-01
779 2.340935e+00 7.436817e-01
780 2.338159e+00 7.496098e-01
781 2.345390e+00 7.461579e-01
782 2.342544e+00 7.491050e-01
783 2.346404e+00 7.443456e-01
784 2.309930e+00 7.998199e-01
785 2.313002e+00 7.925999e-01
786 2.323228e+00 7.854773e-01
787 2.322908e+00 7.859703e-01
788 2.339342e+00 7.846867e-01
789 2.339528e+00 7.919281e-01
790 2.340710e+00 7.931181e-01
791 2.373322e+00 7.594102e-01
792 2.370909e+00 7.597618e-01
793 2.376544e+00 7.679287e-01
794 2.378106e+00 7.887747e-01
795 2.381795e+00 7.992633e-01
796 2.377704e+00 8.016654e-01
797 2.379206e+00 7.978800e-01
798 2.369972e+00 8.071677e-01
799 2.355809e+00 8.139169e-01
800 2.305687e+00 8.268523e-01
801 2.309575e+00 8.235410e-01
802 2.313080e+00 7.752444e-01
803 2.316624e+00 7.697456e-01
804 2.305403e+00 7.742227e-01
805 2.298825e+00 7.855196e-01
806 2.302016e+00 7.878687e-01
807 2.297534e+00 7.892933e-01
808 2.297007e+00 7.892444e-01
809 2.307533e+00 7.615690e-01
810 2.263119e+00 7.914987e-01
811 2.273844e+00 8.093458e-01
812 2.232696e+00 8.264199e-01
813 2.252951e+00 8.104620e-01
814 2.237347e+00 8.087802e-01
815 2.242546e+00 7.764244e-01
816 2.242558e+00 7.760321e-01
817 2.236391e+00 7.977095e-01
818 2.225265e+00 8.216197e-01
819 2.229889e+00 8.094375e-01
820 2.238235e+00 7.957270e-01
821 2.237125e+00 7.868396e-01
822 2.238019e+00 7.918650e-01
823 2.249619e+00 7.593294e-01
824 2.251252e+00 7.586751e-01
825 2.237627e+00 7.813530e-01
826 2.250934e+00 7.587241e-01
827 2.225895e+00 7.752660e-01
828 2.233389e+00 7.830613e-01
829 2.239803e+00 7.792745e-01
830 2.283581e+00 7.367260e-01
831 2.282527e+00 7.476183e-01
832 2.286335e+00 7.265872e-01
833 2.262262e+00 7.187850e-01
834 2.262192e+00 7.191333e-01
835 2.259209e+00 7.171949e-01
836 2.252220e+00 7.156169e-01
837 2.243593e+00 6.870320e-01
838 2.250983e+00 6.942821e-01
839 2.253736e+00 6.935593e-01
840 2.262022e+00 6.979592e-01
841 2.270877e+00 7.075045e-01
842 2.264761e+00 7.075136e-01
843 2.265819e+00 6.957661e-01
844 2.267420e+00 6.773844e-01
845 2.256658e+00 6.651978e-01
846 2.243916e+00 6.146764e-01
847 2.241943e+00 6.125755e-01
848 2.241928e+00 6.180503e-01
849 2.342887e+00 5.741279e-01
850 2.348854e+00 5.816756e-01
851 2.362025e+00 5.726845e-01
852 2.355061e+00 5.736781e-01
853 2.338278e+00 5.174827e-01
854 2.355664e+00 5.250791e-01
855 2.336877e+00 5.586765e-01
856 2.360529e+00 5.569839e-01
857 2.383398e+00 5.800152e-01
858 2.408394e+00 6.063227e-01
859 2.447979e+00 5.793913e-01
860 2.443769e+00 5.817250e-01
861 2.483018e+00 6.443347e-01
862 2.483024e+00 6.442837e-01
863 2.491042e+00 6.396927e-01
864 2.492007e+00 6.406446e-01
865 2.540388e+00 6.700389e-01
866 2.542684e+00 6.652201e-01
867 2.544165e+00 6.689114e-01
868 2.538112e+00 6.789871e-01
869 2.539698e+00 6.628424e-01
870 2.533984e+00 6.540476e-01
871 2.498852e+00 6.443892e-01
872 2.515298e+00 6.408068e-01
873 2.506077e+00 6.389190e-01
874 2.511882e+00 6.226510e-01
875 2.480959e+00 5.926051e-01
876 2.489592e+00 6.000319e-01
877 2.456214e+00 5.881152e-01
878 2.436954e+00 5.815830e-01
879 2.422144e+00 6.337449e-01
880 2.401619e+00 6.047278e-01
881 2.416541e+00 6.056126e-01
882 2.411866e+00 6.124199e-01
883 2.419481e+00 6.105506e-01
884 2.419957e+00 6.084337e-01
885 2.394140e+00 6.181642e-01
886 2.397588e+00 5.988015e-01
887 2.397297e+00 5.992896e-01
888 2.391955e+00 6.178780e-01
889 2.392460e+00 6.263497e-01
890 2.395758e+00 6.232358e-01
891 2.368577e+00 6.596984e-01
892 2.368048e+00 6.606726e-01
893 2.371950e+00 6.830902e-01
894 2.376934e+00 6.836972e-01
895 2.382831e+00 7.006336e-01
896 2.388166e+00 6.992371e-01
897 2.390239e+00 6.990524e-01
898 2.392715e+00 7.017204e-01
899 2.378315e+00 6.871021e-01
900 2.358688e+00 7.013734e-01
901 2.362151e+00 6.835933e-01
902 2.363818e+00 6.868700e-01
903 2.364644e+00 6.873364e-01
904 2.366962e+00 6.560541e-01
905 2.345722e+00 6.768264e-01
906 2.343869e+00 6.690869e-01
907 2.326976e+00 6.803773e-01
908 2.287128e+00 7.020817e-01
909 2.284938e+00 7.006238e-01
910 2.284971e+00 7.007891e-01
911 2.284536e+00 7.016021e-01
912 2.280707e+00 6.981759e-01
913 2.306205e+00 6.812206e-01
914 2.301511e+00 6.963338e-01
915 2.299955e+00 7.150656e-01
916 2.296581e+00 7.071368e-01
917 2.302812e+00 6.946669e-01
918 2.301070e+00 7.067166e-01
919 2.260884e+00 7.383231e-01
920 2.213301e+00 7.640679e-01
921 2.203714e+00 7.627396e-01
922 2.196437e+00 7.280683e-01
923 2.163280e+00 7.412197e-01
924 2.108095e+00 7.869062e-01
925 2.103101e+00 7.841679e-01
926 2.094132e+00 7.931039e-01
927 2.124504e+00 7.937893e-01
928 2.123293e+00 7.877521e-01
929 2.056798e+00 7.855599e-01
930 2.054842e+00 7.845886e-01
931 2.058462e+00 7.815638e-01
932 2.054662e+00 7.342373e-01
933 2.055355e+00 7.352836e-01
934 2.054736e+00 7.343318e-01
935 2.048891e+00 7.449395e-01
936 2.052977e+00 7.483490e-01
937 2.055611e+00 7.500420e-01
938 2.059309e+00 7.767499e-01
939 2.057578e+00 7.748553e-01
940 2.019747e+00 7.628148e-01
941 2.016878e+00 7.684319e-01
942 2.030977e+00 7.598714e-01
943 2.026705e+00 7.663422e-01
944 2.033911e+00 7.649565e-01
945 2.042057e+00 7.652168e-01
946 2.041379e+00 8.562744e-01
947 2.037851e+00 8.473447e-01
948 2.038971e+00 8.475082e-01
949 2.078501e+00 8.431384e-01
950 2.084277e+00 7.767399e-01
951 2.076579e+00 7.533560e-01
952 2.076626e+00 7.536572e-01
953 2.073981e+00 7.564115e-01
954 2.072305e+00 7.525203e-01
955 2.082337e+00 7.592506e-01
956 2.048478e+00 7.462947e-01
957 2.044802e+00 7.035187e-01
958 2.054299e+00 6.983783e-01
959 2.057545e+00 6.903943e-01
960 2.053777e+00 7.233466e-01
961 2.053507e+00 7.228119e-01
962 2.051587e+00 7.123449e-01
963 2.047757e+00 6.867411e-01
964 2.059838e+00 6.523194e-01
965 2.062753e+00 6.800244e-01
966 2.062842e+00 6.815665e-01
967 2.066095e+00 6.807929e-01
968 2.066401e+00 6.903443e-01
969 2.064444e+00 6.781307e-01
970 2.033687e+00 6.445928e-01
971 2.047332e+00 6.443678e-01
972 2.044905e+00 6.480055e-01
973 2.034928e+00 6.780897e-01
974 1.980818e+00 6.571856e-01
975 1.976736e+00 6.538744e-01
976 1.974030e+00 6.627930e-01
977 1.976458e+00 6.553633e-01
978 1.987621e+00 6.600880e-01
979 1.921972e+00 6.046583e-01
980 1.920095e+00 6.009511e-01
981 1.920198e+00 6.014809e-01
982 1.913282e+00 6.004321e-01
983 1.919024e+00 6.562736e-01
984 1.914232e+00 6.559874e-01
985 1.865959e+00 6.745013e-01
986 1.888729e+00 6.789607e-01
987 1.902569e+00 6.721608e-01
988 1.895724e+00 6.775070e-01
989 1.868552e+00 6.091127e-01
990 1.900526e+00 5.872999e-01
991 1.891840e+00 5.933969e-01
992 1.882170e+00 5.844198e-01
993 1.872187e+00 5.810663e-01
994 1.877640e+00 6.033491e-01
995 1.862026e+00 5.775658e-01
996 1.859986e+00 5.266115e-01
997 1.859190e+00 5.285518e-01
998 1.891480e+00 5.484480e-01
999 1.914047e+00 5.256573e-01
1000 1.914093e+00 5.247795e-01
1001 1.914760e+00 5.181486e-01
1002 1.901373e+00 5.283476e-01
1003 1.912325e+00 5.253067e-01
1004 1.914925e+00 5.242404e-01
1005 1.913743e+00 5.227220e-01
1006 1.913292e+00 5.042993e-01
1007 1.917430e+00 5.018739e-01
1008 1.923874e+00 4.625416e-01
1009 1.918697e+00 4.895731e-01
1010 1.919183e+00 4.905761e-01
1011 1.921004e+00 4.908835e-01
1012 1.944790e+00 4.789281e-01
1013 1.945893e+00 4.806368e-01
1014 1.950167e+00 4.772920e-01
1015 1.950921e+00 4.792216e-01
1016 1.955917e+00 4.762765e-01
1017 1.950513e+00 4.736699e-01
1018 1.952142e+00 5.117130e-01
1019 1.952751e+00 5.114910e-01
1020 1.919284e+00 5.126470e-01
1021 1.906881e+00 4.952570e-01
1022 1.916567e+00 4.702345e-01
1023 1.925150e+00 4.589620e-01
1024 1.965196e+00 4.252971e-01
1025 1.961913e+00 4.122046e-01
1026 1.973171e+00 3.967134e-01
1027 1.973094e+00 3.973163e-01
1028 1.989221e+00 3.827242e-01
1029 2.034304e+00 3.647673e-01
1030 2.025432e+00 3.630109e-01
1031 2.023203e+00 3.484698e-01
1032 2.021026e+00 3.461294e-01
1033 2.026315e+00 3.636821e-01
1034 2.007678e+00 3.890770e-01
1035 1.988850e+00 3.824979e-01
1036 1.985119e+00 3.919055e-01
1037 1.992250e+00 3.865493e-01
1038 1.996236e+00 3.846695e-01
1039 1.984259e+00 3.566962e-01
1040 1.980645e+00 3.924760e-01
1041 1.968097e+00 3.883079e-01
1042 1.976049e+00 3.772567e-01
1043 1.984810e+00 3.747408e-01
1044 1.997760e+00 3.817903e-01
1045 2.000409e+00 3.856019e-01
1046 1.992443e+00 3.834120e-01
1047 1.966918e+00 3.487595e-01
1048 1.975615e+00 3.534029e-01
1049 1.986716e+00 3.518213e-01
1050 1.982574e+00 3.579166e-01
1051 1.925666e+00 3.593949e-01
1052 1.934638e+00 3.756026e-01
1053 1.937025e+00 3.758382e-01
1054 1.896839e+00 3.013845e-01
1055 1.897074e+00 2.995701e-01
1056 1.875420e+00 2.978331e-01
1057 1.883575e+00 2.982084e-01
1058 1.905376e+00 2.925935e-01
1059 1.902397e+00 2.864651e-01
1060 1.866215e+00 2.927817e-01
1061 1.828771e+00 3.073720e-01
1062 1.817612e+00 3.108596e-01
1063 1.816930e+00 2.926954e-01
1064 1.810780e+00 2.926063e-01
1065 1.816592e+00 2.835165e-01
1066 1.820396e+00 2.861332e-01
1067 1.819099e+00 2.861609e-01
1068 1.820895e+00 2.872567e-01
1069 1.826007e+00 2.916037e-01
1070 1.848223e+00 2.692113e-01
1071 1.843583e+00 2.775549e-01
1072 1.841256e+00 2.745622e-01
1073 1.840951e+00 2.732387e-01
1074 1.839588e+00 2.719403e-01
1075 1.897112e+00 3.043109e-01
1076 1.882977e+00 3.296848e-01
1077 1.892300e+00 3.262688e-01
1078 1.920698e+00 3.213158e-01
1079 1.914811e+00 3.215073e-01
1080 1.922708e+00 3.227232e-01
1081 1.920338e+00 3.166374e-01
1082 1.908520e+00 3.220420e-01
1083 1.841346e+00 3.295837e-01
1084 1.832569e+00 3.381271e-01
1085 1.814687e+00 3.282731e-01
1086 1.814344e+00 3.277562e-01
1087 1.818460e+00 3.012000e-01
1088 1.812241e+00 2.787772e-01
1089 1.780309e+00 2.636018e-01
1090 1.793132e+00 2.625999e-01
1091 1.788577e+00 2.692784e-01
1092 1.783608e+00 2.585171e-01
1093 1.774773e+00 2.316970e-01
1094 1.866589e+00 1.774313e-01
1095 1.871209e+00 1.372925e-01
1096 1.885733e+00 1.800364e-01
1097 1.886992e+00 1.784893e-01
1098 1.885698e+00 1.761532e-01
1099 1.773863e+00 1.822562e-01
1100 1.767022e+00 1.771378e-01
1101 1.771098e+00 1.892804e-01
1102 1.753727e+00 2.131279e-01
1103 1.808535e+00 1.507485e-01
1104 1.795130e+00 1.612115e-01
1105 1.799811e+00 1.609253e-01
1106 1.814379e+00 1.661865e-01
1107 1.799974e+00 1.481361e-01
1108 1.807713e+00 1.412239e-01
1109 1.803571e+00 1.393983e-01
1110 1.794063e+00 1.867775e-01
1111 1.789863e+00 1.839206e-01
1112 1.808140e+00 1.457441e-01
1113 1.809465e+00 2.090242e-01
1114 1.808846e+00 2.091750e-01
1115 1.824034e+00 1.693618e-01
1116 1.833918e+00 1.623587e-01
1117 1.845749e+00 1.634985e-01
1118 1.847643e+00 1.616905e-01
1119 1.847948e+00 1.653519e-01
1120 1.862829e+00 1.966441e-01
1121 1.879367e+00 2.029219e-01
1122 1.848410e+00 2.433774e-01
1123 1.860123e+00 2.493212e-01
1124 1.865164e+00 2.412652e-01
1125 1.870030e+00 2.537330e-01
1126 2.006725e+00 3.014740e-01
1127 1.962586e+00 2.876238e-01
1128 1.948517e+00 2.874899e-01
1129 1.940632e+00 2.790057e-01
1130 1.931439e+00 2.813063e-01
1131 1.942964e+00 2.558688e-01
1132 1.949214e+00 2.747385e-01
1133 1.929397e+00 2.725689e-01
1134 1.941855e+00 2.794664e-01
1135 1.942854e+00 2.671368e-01
1136 1.937354e+00 2.693413e-01
1137 1.938871e+00 2.704112e-01
1138 1.935825e+00 2.593495e-01
1139 1.883192e+00 2.332310e-01
1140 1.881797e+00 2.362661e-01
1141 1.880046e+00 2.361999e-01
1142 1.894218e+00 2.622160e-01
1143 1.896128e+00 2.721577e-01
1144 1.887313e+00 2.735266e-01
1145 1.880240e+00 2.667506e-01
1146 1.879636e+00 2.687248e-01
1147 1.899167e+00 2.804400e-01
1148 1.905827e+00 2.514687e-01
1149 1.901436e+00 2.489129e-01
1150 1.892197e+00 2.507302e-01
1151 1.887485e+00 3.024767e-01
1152 1.915300e+00 3.206247e-01
1153 1.925728e+00 3.357339e-01
1154 1.923420e+00 3.348713e-01
1155 1.913918e+00 3.848948e-01
1156 1.951393e+00 3.673834e-01
1157 1.948204e+00 4.017409e-01
1158 1.949864e+00 4.069613e-01
1159 1.936789e+00 4.541744e-01
1160 1.939894e+00 4.608684e-01
1161 1.943259e+00 4.457123e-01
1162 1.912566e+00 4.757663e-01
1163 1.915180e+00 4.798704e-01
1164 1.929011e+00 4.237069e-01
1165 1.926923e+00 4.099568e-01
1166 1.957232e+00 3.973246e-01
1167 1.977082e+00 4.070601e-01
1168 1.978403e+00 4.187646e-01
1169 1.984878e+00 4.124268e-01
1170 1.975196e+00 4.248286e-01
1171 1.985356e+00 4.169527e-01
1172 1.987339e+00 4.245408e-01
1173 1.997699e+00 4.330560e-01
1174 1.997987e+00 4.339946e-01
1175 1.996652e+00 4.279575e-01
1176 2.021459e+00 4.424771e-01
1177 2.010172e+00 4.484108e-01
1178 2.015170e+00 4.481755e-01
1179 2.004998e+00 4.416148e-01
1180 2.009485e+00 4.418919e-01
1181 2.018291e+00 4.492797e-01
1182 2.031882e+00 4.395442e-01
1183 2.072577e+00 4.220518e-01
1184 2.072093e+00 4.253936e-01
1185 2.062972e+00 4.437915e-01
1186 1.975770e+00 4.304362e-01
1187 1.945671e+00 4.301532e-01
1188 1.932833e+00 4.511222e-01
1189 1.914725e+00 4.144044e-01
1190 1.909458e+00 4.456198e-01
1191 1.898309e+00 4.479694e-01
1192 1.895936e+00 4.803476e-01
1193 1.887158e+00 4.794121e-01
1194 1.884597e+00 5.643391e-01
1195 1.883790e+00 5.624927e-01
1196 1.870894e+00 5.439642e-01
1197 1.881785e+00 5.327136e-01
1198 1.880902e+00 5.334707e-01
1199 1.882016e+00 5.260418e-01
1200 1.896628e+00 5.355054e-01
1201 1.928593e+00 5.900503e-01
1202 1.895572e+00 5.946933e-01
1203 1.878102e+00 6.159836e-01
1204 1.887940e+00 6.156003e-01
1205 1.890000e+00 6.432385e-01
1206 1.889969e+00 6.433141e-01
1207 1.884789e+00 6.458645e-01
1208 1.887074e+00 6.673584e-01
1209 1.886470e+00 6.685067e-01
1210 1.885789e+00 6.696492e-01
1211 1.885144e+00 6.697937e-01
1212 1.876720e+00 6.742263e-01
1213 1.879589e+00 6.838569e-01
1214 1.857938e+00 6.753290e-01
1215 1.860849e+00 6.618644e-01
1216 1.849398e+00 6.383297e-01
1217 1.853347e+00 6.284165e-01
1218 1.858436e+00 6.515900e-01
1219 1.883867e+00 7.010231e-01
1220 1.885239e+00 6.986228e-01
1221 1.879387e+00 7.046908e-01
1222 1.873809e+00 7.078417e-01
1223 1.887457e+00 6.861415e-01
1224 1.886444e+00 6.857991e-01
1225 1.887168e+00 6.868719e-01
1226 1.872255e+00 6.839801e-01
1227 1.834236e+00 7.239191e-01
1228 1.829127e+00 7.237737e-01
1229 1.828562e+00 7.146853e-01
1230 1.829989e+00 7.182369e-01
1231 1.817714e+00 7.285515e-01
1232 1.819425e+00 7.216237e-01
1233 1.834928e+00 7.140351e-01
1234 1.837883e+00 7.136452e-01
1235 1.835470e+00 7.175213e-01
1236 1.841374e+00 7.212963e-01
1237 1.852073e+00 7.429666e-01
1238 1.850318e+00 7.422791e-01
1239 1.859752e+00 7.325517e-01
1240 1.835123e+00 7.003315e-01
1241 1.837597e+00 6.779580e-01
1242 1.811446e+00 6.473575e-01
1243 1.815877e+00 6.553099e-01
1244 1.845195e+00 6.402112e-01
1245 1.844996e+00 6.391270e-01
1246 1.839828e+00 6.369527e-01
1247 1.815278e+00 6.313182e-01
1248 1.817207e+00 6.327710e-01
1249 1.826475e+00 6.251662e-01
1250 1.798007e+00 6.295260e-01
1251 1.785896e+00 6.141423e-01
1252 1.792984e+00 5.996900e-01
1253 1.777449e+00 5.982413e-01
1254 1.799346e+00 5.737819e-01
1255 1.810076e+00 5.201747e-01
1256 1.787920e+00 5.330252e-01
1257 1.790656e+00 5.325768e-01
1258 1.804910e+00 5.524133e-01
1259 1.769335e+00 5.298031e-01
1260 1.771570e+00 5.203902e-01
1261 1.726186e+00 5.373950e-01
1262 1.722862e+00 5.427025e-01
1263 1.727603e+00 5.355880e-01
1264 1.725155e+00 5.377745e-01
1265 1.613871e+00 4.254242e-01
1266 1.636315e+00 4.659088e-01
1267 1.640284e+00 4.650932e-01
1268 1.638623e+00 4.803251e-01
1269 1.638871e+00 4.793978e-01
1270 1.643069e+00 4.850785e-01
1271 1.648224e+00 4.936159e-01
1272 1.680749e+00 5.128671e-01
1273 1.722627e+00 4.704195e-01
1274 1.725594e+00 4.497043e-01
1275 1.733561e+00 4.698583e-01
1276 1.748043e+00 4.583861e-01
1277 1.730986e+00 4.591557e-01
1278 1.734711e+00 4.528552e-01
1279 1.759843e+00 4.698109e-01
1280 1.774403e+00 4.884993e-01
1281 1.753867e+00 5.098985e-01
1282 1.807232e+00 5.718294e-01
1283 1.784120e+00 5.822782e-01
1284 1.857663e+00 4.675339e-01
1285 1.857970e+00 4.654206e-01
1286 1.882381e+00 4.826308e-01
1287 1.882729e+00 4.818174e-01
1288 1.895369e+00 4.439936e-01
1289 1.895241e+00 4.476723e-01
1290 1.894072e+00 4.291868e-01
1291 1.897443e+00 4.276621e-01
1292 1.898609e+00 4.400560e-01
1293 1.897397e+00 4.497636e-01
1294 1.897244e+00 4.512012e-01
1295 1.882010e+00 4.431780e-01
1296 1.881427e+00 4.445287e-01
1297 1.882493e+00 4.430595e-01
1298 1.887342e+00 4.427817e-01
1299 1.868112e+00 4.383629e-01
1300 1.864555e+00 5.003848e-01
1301 1.876593e+00 4.951841e-01
1302 1.873765e+00 4.894096e-01
1303 1.853309e+00 4.460412e-01
1304 1.811823e+00 4.463111e-01
1305 1.790531e+00 4.126696e-01
1306 1.786851e+00 4.134025e-01
1307 1.793190e+00 4.131227e-01
1308 1.865346e+00 3.366770e-01
1309 1.860359e+00 3.559420e-01
1310 1.853872e+00 3.593370e-01
1311 1.857325e+00 3.374811e-01
1312 1.845019e+00 3.447882e-01
1313 1.841286e+00 3.503357e-01
1314 1.840553e+00 3.511131e-01
1315 1.841983e+00 3.151453e-01
1316 1.840292e+00 3.216004e-01
1317 1.848235e+00 3.106322e-01
1318 1.850072e+00 3.177808e-01
1319 1.838511e+00 3.254265e-01
1320 1.826652e+00 3.247883e-01
1321 1.815117e+00 3.158991e-01
1322 1.832156e+00 3.174008e-01
1323 1.829542e+00 3.280637e-01
1324 1.827838e+00 3.245808e-01
1325 1.838569e+00 2.668327e-01
1326 1.838131e+00 2.689140e-01
1327 1.872785e+00 2.445741e-01
1328 1.870640e+00 2.262507e-01
1329 1.876690e+00 2.420652e-01
1330 1.813418e+00 2.438342e-01
1331 1.823784e+00 2.546259e-01
1332 1.818628e+00 2.486540e-01
1333 1.831491e+00 2.587473e-01
1334 1.829049e+00 2.553731e-01
1335 1.847065e+00 2.544226e-01
1336 1.798643e+00 2.796740e-01
1337 1.775177e+00 2.852121e-01
1338 1.786736e+00 2.685672e-01
1339 1.787944e+00 2.763937e-01
1340 1.770543e+00 2.777803e-01
1341 1.782575e+00 2.813355e-01
1342 1.798547e+00 2.893688e-01
1343 1.800602e+00 2.814612e-01
1344 1.839197e+00 2.813116e-01
1345 1.860384e+00 3.285846e-01
1346 1.843143e+00 3.944998e-01
1347 1.842346e+00 3.974372e-01
1348 1.782409e+00 4.212436e-01
1349 1.781828e+00 4.272261e-01
1350 1.768238e+00 4.224114e-01
1351 1.789344e+00 4.256175e-01
1352 1.785413e+00 4.050917e-01
1353 1.768024e+00 4.037946e-01
1354 1.761486e+00 4.060931e-01
1355 1.770383e+00 4.240041e-01
1356 1.775368e+00 4.273701e-01
1357 1.777039e+00 4.295082e-01
1358 1.774211e+00 4.479043e-01
1359 1.769637e+00 4.437752e-01
1360 1.804715e+00 4.643675e-01
1361 1.792765e+00 4.768048e-01
1362 1.779136e+00 4.700871e-01
1363 1.776550e+00 4.698117e-01
1364 1.795503e+00 4.600248e-01
1365 1.790880e+00 4.660271e-01
1366 1.791585e+00 4.740970e-01
1367 1.801245e+00 4.760839e-01
1368 1.794325e+00 4.686843e-01
1369 1.774871e+00 4.477592e-01
1370 1.775669e+00 4.509193e-01
1371 1.776887e+00 4.532298e-01
1372 1.772008e+00 4.466548e-01
1373 1.761417e+00 4.685181e-01
1374 1.785457e+00 4.766709e-01
1375 1.808469e+00 4.748256e-01
1376 1.817317e+00 4.915664e-01
1377 1.822329e+00 4.752495e-01
1378 1.823626e+00 4.717830e-01
1379 1.842663e+00 5.232012e-01
1380 1.842573e+00 5.230555e-01
1381 1.842226e+00 5.233427e-01
1382 1.833049e+00 5.147824e-01
1383 1.786357e+00 5.391782e-01
1384 1.792056e+00 4.975470e-01
1385 1.817368e+00 5.420180e-01
1386 1.824815e+00 5.583497e-01
1387 1.800970e+00 6.058267e-01
1388 1.835162e+00 5.876077e-01
1389 1.835155e+00 5.871065e-01
1390 1.832216e+00 5.830411e-01
1391 1.840370e+00 5.734039e-01
1392 1.847172e+00 5.717334e-01
1393 1.812207e+00 5.411970e-01
1394 1.821090e+00 5.368319e-01
1395 1.808657e+00 5.724679e-01
1396 1.814464e+00 5.712738e-01
1397 1.795535e+00 5.786723e-01
1398 1.793155e+00 5.922907e-01
1399 1.789574e+00 5.918041e-01
1400 1.800172e+00 5.935892e-01
1401 1.766462e+00 6.019852e-01
1402 1.809713e+00 6.288438e-01
1403 1.804027e+00 6.302989e-01
1404 1.812417e+00 6.281843e-01
1405 1.857466e+00 6.372368e-01
1406 1.860960e+00 6.511897e-01
1407 1.864480e+00 6.447867e-01
1408 1.858838e+00 6.518101e-01
1409 1.874907e+00 6.696728e-01
1410 1.873159e+00 6.583139e-01
1411 1.830534e+00 7.114403e-01
1412 1.836361e+00 7.086409e-01
1413 1.835600e+00 7.038558e-01
1414 1.864900e+00 7.544848e-01
1415 1.871975e+00 7.785815e-01
1416 1.879254e+00 7.938283e-01
1417 1.877299e+00 7.935217e-01
1418 1.877585e+00 7.944760e-01
1419 1.875541e+00 7.945535e-01
1420 1.859728e+00 7.817143e-01
1421 1.865003e+00 7.825512e-01
1422 1.854911e+00 7.799543e-01
1423 1.855018e+00 7.810040e-01
1424 1.855763e+00 7.824623e-01
1425 1.855659e+00 7.831493e-01
1426 1.853221e+00 7.898289e-01
1427 1.852944e+00 7.905309e-01
1428 1.837488e+00 7.851268e-01
1429 1.838020e+00 7.948065e-01
1430 1.836433e+00 7.942982e-01
1431 1.836230e+00 7.940599e-01
1432 1.836849e+00 7.923119e-01
1433 1.829785e+00 7.981287e-01
1434 1.824779e+00 7.974585e-01
1435 1.838828e+00 7.982067e-01
1436 1.831393e+00 8.026003e-01
1437 1.798971e+00 8.237211e-01
1438 1.783263e+00 8.593986e-01
1439 1.744137e+00 8.137973e-01
1440 1.741403e+00 8.181517e-01
1441 1.766628e+00 8.049984e-01
1442 1.778685e+00 8.141704e-01
1443 1.791969e+00 8.090683e-01
1444 1.771327e+00 8.012136e-01
1445 1.755095e+00 8.080763e-01
1446 1.714986e+00 7.742987e-01
1447 1.713930e+00 7.734670e-01
1448 1.735317e+00 7.600418e-01
1449 1.731246e+00 7.565728e-01
1450 1.731070e+00 7.492095e-01
1451 1.698968e+00 7.351920e-01
1452 1.678280e+00 7.465937e-01
1453 1.664385e+00 7.409318e-01
1454 1.665845e+00 7.596641e-01
1455 1.669575e+00 7.644467e-01
1456 1.678247e+00 7.704847e-01
1457 1.664821e+00 7.163797e-01
1458 1.673632e+00 7.149844e-01
1459 1.675291e+00 7.237844e-01
1460 1.671620e+00 7.461688e-01
1461 1.666777e+00 7.493861e-01
1462 1.660769e+00 8.043215e-01
1463 1.667364e+00 8.018075e-01
1464 1.672279e+00 7.939975e-01
1465 1.658763e+00 8.002138e-01
1466 1.657153e+00 7.989904e-01
1467 1.658156e+00 8.120039e-01
1468 1.635668e+00 8.626829e-01
1469 1.639262e+00 8.847383e-01
1470 1.634922e+00 8.809318e-01
1471 1.661080e+00 8.925013e-01
1472 1.659146e+00 8.803025e-01
1473 1.655848e+00 8.722284e-01
1474 1.666160e+00 8.579436e-01
1475 1.668960e+00 8.609150e-01
1476 1.669529e+00 8.627005e-01
1477 1.677103e+00 8.714212e-01
1478 1.659110e+00 8.432941e-01
1479 1.657279e+00 8.426509e-01
1480 1.660038e+00 8.409715e-01
1481 1.668440e+00 8.470106e-01
1482 1.672063e+00 8.461153e-01
1483 1.689176e+00 8.262021e-01
1484 1.686135e+00 8.262926e-01
1485 1.679899e+00 8.289682e-01
1486 1.683497e+00 8.263158e-01
1487 1.665282e+00 8.346743e-01
1488 1.665414e+00 8.465912e-01
1489 1.650339e+00 8.549067e-01
1490 1.621898e+00 8.642096e-01
1491 1.621203e+00 8.643285e-01
1492 1.606553e+00 8.426690e-01
1493 1.605355e+00 8.528910e-01
1494 1.605479e+00 8.527147e-01
1495 1.594956e+00 8.493595e-01
1496 1.580779e+00 8.710479e-01
1497 1.601932e+00 8.462511e-01
1498 1.597150e+00 8.787026e-01
1499 1.507262e+00 8.666236e-01
1500 1.489471e+00 8.706085e-01
1501 1.488183e+00 8.870364e-01
1502 1.487004e+00 8.852357e-01
1503 1.490388e+00 8.805472e-01
1504 1.472497e+00 8.532178e-01
1505 1.475198e+00 8.530007e-01
1506 1.470050e+00 8.502558e-01
1507 1.479165e+00 8.626824e-01
1508 1.481551e+00 8.641777e-01
1509 1.498739e+00 8.540100e-01
1510 1.502807e+00 8.640733e-01
1511 1.505841e+00 8.632531e-01
1512 1.518522e+00 8.519429e-01
1513 1.535959e+00 8.659102e-01
1514 1.541394e+00 8.565410e-01
1515 1.541179e+00 8.543123e-01
1516 1.549607e+00 8.664087e-01
1517 1.558677e+00 8.447644e-01
1518 1.555615e+00 8.449995e-01
1519 1.557293e+00 8.531908e-01
1520 1.557835e+00 8.538033e-01
1521 1.554453e+00 8.562465e-01
1522 1.545301e+00 8.580320e-01
1523 1.521924e+00 8.747057e-01
1524 1.477326e+00 8.727080e-01
1525 1.512203e+00 8.720287e-01
1526 1.531910e+00 8.600937e-01
1527 1.521979e+00 8.567304e-01
1528 1.522524e+00 8.408140e-01
1529 1.530605e+00 8.545366e-01
1530 1.530004e+00 8.553379e-01
1531 1.533263e+00 8.526282e-01
1532 1.522844e+00 8.463764e-01
1533 1.532723e+00 8.485308e-01
1534 1.511598e+00 8.706812e-01
1535 1.511731e+00 8.699512e-01
1536 1.514697e+00 8.529301e-01
1537 1.524148e+00 8.477129e-01
1538 1.519691e+00 8.300490e-01
1539 1.511158e+00 8.279863e-01
1540 1.496837e+00 8.256290e-01
1541 1.491366e+00 8.202264e-01
1542 1.472155e+00 8.372256e-01
1543 1.470211e+00 8.627583e-01
1544 1.467580e+00 8.710177e-01
1545 1.456960e+00 9.354447e-01
1546 1.451252e+00 9.439111e-01
1547 1.442716e+00 9.517291e-01
1548 1.395728e+00 9.681516e-01
1549 1.401260e+00 9.485387e-01
1550 1.411868e+00 9.466881e-01
1551 1.419249e+00 9.477647e-01
1552 1.417150e+00 9.514031e-01
1553 1.418939e+00 9.441655e-01
1554 1.424898e+00 9.836768e-01
1555 1.416883e+00 9.755710e-01
1556 1.412039e+00 9.736892e-01
1557 1.424487e+00 9.742592e-01
1558 1.382560e+00 9.584695e-01
1559 1.381437e+00 9.554196e-01
1560 1.387581e+00 9.512331e-01
1561 1.388329e+00 9.544947e-01
1562 1.412779e+00 9.137301e-01
1563 1.425405e+00 9.125266e-01
1564 1.454805e+00 9.146699e-01
1565 1.454804e+00 9.140819e-01
1566 1.446766e+00 9.219020e-01
1567 1.453742e+00 9.192053e-01
1568 1.440016e+00 9.253621e-01
1569 1.455336e+00 9.102323e-01
1570 1.468244e+00 8.866169e-01
1571 1.453466e+00 8.636134e-01
1572 1.448897e+00 8.587106e-01
1573 1.438930e+00 8.652656e-01
1574 1.444864e+00 8.710225e-01
1575 1.445051e+00 8.739864e-01
1576 1.444681e+00 8.731469e-01
1577 1.462481e+00 8.820339e-01
1578 1.469246e+00 8.762620e-01
1579 1.489964e+00 8.678767e-01
1580 1.524946e+00 8.608929e-01
1581 1.513216e+00 8.605934e-01
1582 1.513813e+00 8.562567e-01
1583 1.514792e+00 8.572148e-01
1584 1.518005e+00 8.513641e-01
1585 1.515884e+00 8.349287e-01
1586 1.538672e+00 8.002859e-01
1587 1.532877e+00 7.839774e-01
1588 1.530502e+00 7.890636e-01
1589 1.529243e+00 7.879102e-01
1590 1.585651e+00 7.072386e-01
1591 1.582262e+00 7.200343e-01
1592 1.571955e+00 7.277521e-01
1593 1.571827e+00 7.272006e-01
1594 1.557002e+00 7.338467e-01
1595 1.556856e+00 7.354114e-01
1596 1.553439e+00 7.325710e-01
1597 1.545419e+00 7.305646e-01
1598 1.533254e+00 7.252925e-01
1599 1.533739e+00 7.269488e-01
1600 1.540598e+00 7.356430e-01
1601 1.525718e+00 7.320075e-01
1602 1.524672e+00 7.375810e-01
1603 1.463958e+00 7.489509e-01
1604 1.450911e+00 7.724283e-01
1605 1.450765e+00 7.724425e-01
1606 1.427870e+00 7.552774e-01
1607 1.483028e+00 7.709378e-01
1608 1.497839e+00 7.888192e-01
1609 1.475839e+00 8.143506e-01
1610 1.489151e+00 8.085435e-01
1611 1.490630e+00 8.040132e-01
1612 1.519547e+00 7.853974e-01
1613 1.513965e+00 7.874812e-01
1614 1.485517e+00 7.964999e-01
1615 1.489847e+00 8.034765e-01
1616 1.488827e+00 8.026741e-01
1617 1.485183e+00 8.025601e-01
1618 1.504884e+00 8.166390e-01
1619 1.521050e+00 8.146019e-01
1620 1.522599e+00 8.190257e-01
1621 1.564387e+00 8.076491e-01
1622 1.556626e+00 8.030187e-01
1623 1.499204e+00 8.411262e-01
1624 1.498716e+00 8.444901e-01
1625 1.504307e+00 8.397263e-01
1626 1.488617e+00 8.597619e-01
1627 1.474874e+00 8.635880e-01
1628 1.505408e+00 8.575269e-01
1629 1.506220e+00 8.570735e-01
1630 1.506342e+00 8.569996e-01
1631 1.509287e+00 8.560951e-01
1632 1.505289e+00 8.657902e-01
1633 1.533612e+00 8.963484e-01
1634 1.540141e+00 8.971866e-01
1635 1.483824e+00 8.831225e-01
1636 1.481624e+00 8.813967e-01
1637 1.481722e+00 8.816142e-01
1638 1.482684e+00 8.901753e-01
1639 1.480827e+00 8.901420e-01
1640 1.506437e+00 9.136372e-01
1641 1.509688e+00 9.278666e-01
1642 1.553469e+00 9.133337e-01
1643 1.560392e+00 9.355291e-01
1644 1.535083e+00 9.667131e-01
1645 1.540335e+00 9.694737e-01
1646 1.537714e+00 9.647484e-01
1647 1.548366e+00 9.653160e-01
1648 1.540122e+00 9.665957e-01
1649 1.544369e+00 9.638372e-01
1650 1.513102e+00 9.836825e-01
1651 1.518410e+00 9.703355e-01
1652 1.521627e+00 9.666566e-01
1653 1.553690e+00 9.974578e-01
1654 1.540912e+00 1.024841e+00
1655 1.539377e+00 1.035835e+00
1656 1.551577e+00 1.026971e+00
1657 1.544836e+00 1.030800e+00
1658 1.518008e+00 1.062958e+00
1659 1.516383e+00 1.084502e+00
1660 1.528010e+00 1.060379e+00
1661 1.521864e+00 1.059783e+00
1662 1.498498e+00 1.050571e+00
1663 1.528114e+00 1.064471e+00
1664 1.528805e+00 1.066083e+00
1665 1.535419e+00 1.062630e+00
1666 1.533721e+00 1.049383e+00
1667 1.524776e+00 1.072980e+00
1668 1.526915e+00 1.072718e+00
1669 1.528153e+00 1.078598e+00
1670 1.528262e+00 1.077153e+00
1671 1.510197e+00 1.044650e+00
1672 1.503538e+00 1.047096e+00
1673 1.515193e+00 1.044659e+00
1674 1.465108e+00 1.027624e+00
1675 1.477028e+00 1.031419e+00
1676 1.486359e+00 1.020921e+00
1677 1.479437e+00 1.005318e+00
1678 1.449057e+00 1.035831e+00
1679 1.453076e+00 1.031660e+00
1680 1.459252e+00 1.043148e+00
1681 1.478069e+00 1.023410e+00
1682 1.483651e+00 1.025400e+00
1683 1.484630e+00 1.024369e+00
1684 1.484721e+00 1.024287e+00
1685 1.483814e+00 1.023785e+00
1686 1.471949e+00 1.015392e+00
1687 1.477258e+00 1.014053e+00
1688 1.537952e+00 1.077601e+00
1689 1.515828e+00 1.053589e+00
1690 1.520571e+00 1.054732e+00
1691 1.512089e+00 1.076367e+00
1692 1.507017e+00 1.031865e+00
1693 1.540568e+00 1.038707e+00
1694 1.562621e+00 1.060607e+00
1695 1.566821e+00 1.069240e+00
1696 1.575330e+00 1.073079e+00
1697 1.597631e+00 1.070080e+00
1698 1.609140e+00 1.087183e+00
1699 1.601883e+00 1.080947e+00
1700 1.597259e+00 1.122777e+00
1701 1.602254e+00 1.156718e+00
1702 1.565548e+00 1.092392e+00
1703 1.556339e+00 1.083951e+00
1704 1.530742e+00 1.067393e+00
1705 1.512766e+00 1.061991e+00
1706 1.537667e+00 1.051738e+00
1707 1.585313e+00 1.050434e+00
1708 1.586589e+00 1.075066e+00
1709 1.510888e+00 1.101265e+00
1710 1.510832e+00 1.111851e+00
1711 1.506546e+00 1.105244e+00
1712 1.499005e+00 1.088234e+00
1713 1.493186e+00 1.097504e+00
1714 1.487529e+00 1.089634e+00
1715 1.503933e+00 1.064300e+00
1716 1.490454e+00 1.058234e+00
1717 1.491686e+00 1.056175e+00
1718 1.486816e+00 1.056738e+00
1719 1.483131e+00 1.065939e+00
1720 1.482727e+00 1.064951e+00
1721 1.519590e+00 1.050619e+00
1722 1.514591e+00 1.057456e+00
1723 1.500888e+00 1.073955e+00
1724 1.501044e+00 1.073978e+00
1725 1.494339e+00 1.075260e+00
1726 1.492346e+00 1.085904e+00
1727 1.500019e+00 1.093137e+00
1728 1.500434e+00 1.090952e+00
1729 1.502279e+00 1.093711e+00
1730 1.502090e+00 1.092743e+00
1731 1.427542e+00 1.116569e+00
1732 1.423304e+00 1.114869e+00
1733 1.417063e+00 1.112668e+00
1734 1.419580e+00 1.101006e+00
1735 1.400925e+00 1.101711e+00
1736 1.401256e+00 1.102915e+00
1737 1.421114e+00 1.105936e+00
1738 1.414944e+00 1.104465e+00
1739 1.416369e+00 1.094836e+00
1740 1.405746e+00 1.085241e+00
1741 1.408293e+00 1.077843e+00
1742 1.377925e+00 1.096099e+00
1743 1.373295e+00 1.093471e+00
1744 1.383243e+00 1.078735e+00
1745 1.380478e+00 1.080800e+00
1746 1.418188e+00 1.047668e+00
1747 1.416324e+00 1.055245e+00
1748 1.420629e+00 1.058418e+00
1749 1.417870e+00 1.063560e+00
1750 1.413444e+00 1.076798e+00
1751 1.418231e+00 1.080169e+00
1752 1.418559e+00 1.079629e+00
1753 1.396179e+00 1.075153e+00
1754 1.371890e+00 1.087194e+00
1755 1.375873e+00 1.032864e+00
1756 1.401901e+00 1.026012e+00
1757 1.373308e+00 1.005877e+00
1758 1.371303e+00 1.004919e+00
1759 1.364758e+00 9.857364e-01
1760 1.358251e+00 9.921995e-01
1761 1.355628e+00 9.952995e-01
1762 1.340894e+00 1.011684e+00
1763 1.342308e+00 1.011622e+00
1764 1.341531e+00 1.011728e+00
1765 1.336863e+00 1.038725e+00
1766 1.338425e+00 1.042639e+00
1767 1.343439e+00 1.029825e+00
1768 1.344492e+00 1.028911e+00
1769 1.305730e+00 1.046287e+00
1770 1.307577e+00 1.045479e+00
1771 1.307671e+00 1.044762e+00
1772 1.307396e+00 1.035056e+00
1773 1.330869e+00 1.039892e+00
1774 1.328913e+00 1.042321e+00
1775 1.329979e+00 1.042501e+00
1776 1.344129e+00 1.067169e+00
1777 1.339118e+00 1.060370e+00
1778 1.331337e+00 1.060873e+00
1779 1.335543e+00 1.049437e+00
1780 1.339311e+00 1.047041e+00
1781 1.329839e+00 1.040585e+00
1782 1.325803e+00 1.033596e+00
1783 1.322969e+00 1.034367e+00
1784 1.322164e+00 1.045582e+00
1785 1.286312e+00 1.157084e+00
1786 1.231291e+00 1.118222e+00
1787 1.235589e+00 1.124204e+00
1788 1.240435e+00 1.133475e+00
1789 1.228646e+00 1.111838e+00
1790 1.203808e+00 1.113364e+00
1791 1.188183e+00 1.090857e+00
1792 1.203100e+00 1.101581e+00
1793 1.205391e+00 1.102312e+00
1794 1.205122e+00 1.101809e+00
1795 1.205468e+00 1.101362e+00
1796 1.152773e+00 1.021383e+00
1797 1.135778e+00 1.022054e+00
1798 1.103945e+00 1.072067e+00
1799 1.141716e+00 1.070198e+00
1800 1.149280e+00 1.090964e+00
1801 1.152291e+00 1.085540e+00
1802 1.262782e+00 1.106988e+00
1803 1.266958e+00 1.102115e+00
1804 1.258437e+00 1.098626e+00
1805 1.266163e+00 1.104832e+00
1806 1.283424e+00 1.129134e+00
1807 1.276816e+00 1.119547e+00
1808 1.285435e+00 1.115576e+00
1809 1.307299e+00 1.078965e+00
1810 1.305295e+00 1.079362e+00
1811 1.284642e+00 1.092666e+00
1812 1.277576e+00 1.134563e+00
1813 1.270656e+00 1.120619e+00
1814 1.270257e+00 1.118104e+00
1815 1.254430e+00 1.111806e+00
1816 1.254774e+00 1.114101e+00
1817 1.261892e+00 1.116024e+00
1818 1.254901e+00 1.098620e+00
1819 1.218369e+00 1.121948e+00
1820 1.210265e+00 1.132790e+00
1821 1.193239e+00 1.144984e+00
1822 1.194929e+00 1.139187e+00
1823 1.225271e+00 1.119656e+00
1824 1.215745e+00 1.112729e+00
1825 1.233464e+00 1.109413e+00
1826 1.247932e+00 1.145855e+00
1827 1.245512e+00 1.143852e+00
1828 1.230940e+00 1.144426e+00
1829 1.255762e+00 1.110824e+00
1830 1.255461e+00 1.110917e+00
1831 1.261535e+00 1.124637e+00
1832 1.265668e+00 1.123133e+00
1833 1.235837e+00 1.097564e+00
1834 1.228873e+00 1.099349e+00
1835 1.227680e+00 1.099434e+00
1836 1.287177e+00 1.094213e+00
1837 1.290845e+00 1.078394e+00
1838 1.310650e+00 1.060935e+00
1839 1.312037e+00 1.047289e+00
1840 1.272552e+00 1.042080e+00
1841 1.260330e+00 9.788431e-01
1842 1.232029e+00 9.637378e-01
1843 1.248386e+00 9.946971e-01
1844 1.254424e+00 1.018487e+00
1845 1.255192e+00 1.013382e+00
1846 1.246557e+00 9.976055e-01
1847 1.237611e+00 9.958649e-01
1848 1.241890e+00 9.951425e-01
1849 1.270365e+00 9.727710e-01
1850 1.270266e+00 9.727321e-01
1851 1.287640e+00 9.537135e-01
1852 1.310414e+00 9.914561e-01
1853 1.327240e+00 1.025977e+00
1854 1.338788e+00 1.032445e+00
1855 1.358817e+00 1.038828e+00
1856 1.352361e+00 1.043944e+00
1857 1.364013e+00 1.067945e+00
1858 1.376518e+00 1.072733e+00
1859 1.365891e+00 1.068598e+00
1860 1.390611e+00 1.098038e+00
1861 1.376386e+00 1.123626e+00
1862 1.384434e+00 1.132957e+00
1863 1.368503e+00 1.200998e+00
1864 1.363457e+00 1.174811e+00
1865 1.367762e+00 1.177046e+00
1866 1.365699e+00 1.244922e+00
1867 1.409950e+00 1.240082e+00
1868 1.432856e+00 1.237115e+00
1869 1.453113e+00 1.231305e+00
1870 1.442665e+00 1.243215e+00
1871 1.450221e+00 1.238726e+00
1872 1.478668e+00 1.240616e+00
1873 1.483486e+00 1.257611e+00
1874 1.515143e+00 1.267991e+00
1875 1.573323e+00 1.326944e+00
1876 1.564085e+00 1.322957e+00
1877 1.573280e+00 1.336535e+00
1878 1.562793e+00 1.336419e+00
1879 1.556022e+00 1.329816e+00
1880 1.537662e+00 1.349122e+00
1881 1.543190e+00 1.349741e+00
1882 1.561432e+00 1.335328e+00
1883 1.561685e+00 1.330407e+00
1884 1.515762e+00 1.349034e+00
1885 1.481631e+00 1.341230e+00
1886 1.479505e+00 1.339619e+00
1887 1.494913e+00 1.345419e+00
1888 1.459702e+00 1.328189e+00
1889 1.459666e+00 1.328420e+00
1890 1.507368e+00 1.262915e+00
1891 1.507211e+00 1.258213e+00
1892 1.505747e+00 1.233435e+00
1893 1.504189e+00 1.242120e+00
1894 1.503686e+00 1.244497e+00
1895 1.503005e+00 1.253032e+00
1896 1.501015e+00 1.250347e+00
1897 1.502360e+00 1.262837e+00
1898 1.502968e+00 1.252630e+00
1899 1.513372e+00 1.267297e+00
1900 1.523752e+00 1.253102e+00
1901 1.526424e+00 1.272208e+00
1902 1.577716e+00 1.292813e+00
1903 1.578865e+00 1.276725e+00
1904 1.591113e+00 1.276941e+00
1905 1.583805e+00 1.238488e+00
1906 1.548786e+00 1.220667e+00
1907 1.528958e+00 1.236534e+00
1908 1.528753e+00 1.236671e+00
1909 1.525041e+00 1.245235e+00
1910 1.538984e+00 1.248142e+00
1911 1.538088e+00 1.247006e+00
1912 1.539041e+00 1.244750e+00
1913 1.537181e+00 1.244263e+00
1914 1.538613e+00 1.261990e+00
1915 1.543302e+00 1.259404e+00
1916 1.542352e+00 1.258695e+00
1917 1.580198e+00 1.221253e+00
1918 1.532228e+00 1.290852e+00
1919 1.530051e+00 1.297397e+00
1920 1.534641e+00 1.262173e+00
1921 1.574196e+00 1.238245e+00
1922 1.573787e+00 1.237416e+00
1923 1.575824e+00 1.247710e+00
1924 1.599005e+00 1.238090e+00
1925 1.593897e+00 1.225803e+00
1926 1.596518e+00 1.232867e+00
1927 1.590805e+00 1.220614e+00
1928 1.551518e+00 1.239480e+00
1929 1.553990e+00 1.236951e+00
1930 1.554292e+00 1.235945e+00
1931 1.579590e+00 1.255766e+00
1932 1.581598e+00 1.250700e+00
1933 1.589067e+00 1.217438e+00
1934 1.587274e+00 1.222559e+00
1935 1.588283e+00 1.225033e+00
1936 1.583414e+00 1.203381e+00
1937 1.632040e+00 1.118583e+00
1938 1.625421e+00 1.117600e+00
1939 1.607805e+00 1.107632e+00
1940 1.586386e+00 1.084940e+00
1941 1.579050e+00 1.091880e+00
1942 1.582353e+00 1.096386e+00
1943 1.559131e+00 1.073653e+00
1944 1.555917e+00 1.077020e+00
1945 1.555871e+00 1.075693e+00
1946 1.555848e+00 1.075777e+00
1947 1.557926e+00 9.424744e-01
1948 1.550196e+00 9.527847e-01
1949 1.528578e+00 9.622019e-01
1950 1.513771e+00 9.835938e-01
1951 1.514899e+00 9.733905e-01
1952 1.512463e+00 9.758840e-01
1953 1.505753e+00 9.735967e-01
1954 1.485113e+00 9.681676e-01
1955 1.464747e+00 9.601807e-01
1956 1.450150e+00 9.494384e-01
1957 1.449511e+00 9.440979e-01
1958 1.458925e+00 9.420113e-01
1959 1.443110e+00 9.406350e-01
1960 1.432779e+00 9.328952e-01
1961 1.460966e+00 9.061873e-01
1962 1.484196e+00 9.191268e-01
1963 1.481491e+00 9.236584e-01
1964 1.485541e+00 9.004726e-01
1965 1.461201e+00 9.045559e-01
1966 1.458960e+00 8.875742e-01
1967 1.452269e+00 8.772118e-01
1968 1.443908e+00 8.964447e-01
1969 1.445252e+00 8.980109e-01
1970 1.444239e+00 8.984975e-01
1971 1.408974e+00 9.146486e-01
1972 1.420548e+00 8.941510e-01
1973 1.420777e+00 8.915603e-01
1974 1.418654e+00 8.961121e-01
1975 1.416135e+00 8.552707e-01
1976 1.418703e+00 8.616124e-01
1977 1.367592e+00 8.607462e-01
1978 1.360967e+00 8.627228e-01
1979 1.338020e+00 8.751616e-01
1980 1.333088e+00 8.718727e-01
1981 1.293324e+00 8.708703e-01
1982 1.292376e+00 8.818335e-01
1983 1.278650e+00 8.775367e-01
1984 1.290082e+00 8.760236e-01
1985 1.269376e+00 8.825687e-01
1986 1.280976e+00 8.777066e-01
1987 1.279083e+00 8.755162e-01
1988 1.280416e+00 8.730825e-01
1989 1.276941e+00 8.720832e-01
1990 1.305676e+00 9.012858e-01
1991 1.309582e+00 9.109072e-01
1992 1.342627e+00 9.289222e-01
1993 1.345491e+00 9.173988e-01
1994 1.364637e+00 9.007370e-01
1995 1.388103e+00 9.072691e-01
1996 1.386654e+00 9.078830e-01
1997 1.390633e+00 9.132326e-01
1998 1.421646e+00 9.084594e-01
1999 1.443900e+00 8.659835e-01
2000 1.440377e+00 8.657285e-01
2001 1.423191e+00 8.832169e-01
2002 1.419457e+00 8.681432e-01
2003 1.417955e+00 8.636483e-01
2004 1.394773e+00 8.755205e-01
2005 1.404407e+00 8.809125e-01
2006 1.372478e+00 9.240527e-01
2007 1.365497e+00 9.243629e-01
2008 1.381340e+00 9.423878e-01
2009 1.386286e+00 9.414523e-01
2010 1.379786e+00 9.366074e-01
2011 1.379611e+00 9.370593e-01
2012 1.371422e+00 9.298465e-01
2013 1.375521e+00 9.269129e-01
2014 1.386899e+00 9.634564e-01
2015 1.380764e+00 9.603179e-01
2016 1.385888e+00 9.647270e-01
2017 1.430037e+00 9.423328e-01
2018 1.414127e+00 8.867844e-01
2019 1.413198e+00 8.858029e-01
2020 1.425700e+00 9.185831e-01
2021 1.425375e+00 9.259386e-01
2022 1.409766e+00 9.241980e-01
2023 1.438225e+00 8.980483e-01
2024 1.445648e+00 8.935339e-01
2025 1.440826e+00 8.896416e-01
2026 1.456158e+00 8.854829e-01
2027 1.448052e+00 8.432246e-01
2028 1.367617e+00 8.230904e-01
2029 1.366965e+00 8.287999e-01
2030 1.365237e+00 8.269515e-01
2031 1.362902e+00 8.286851e-01
2032 1.359377e+00 8.317454e-01
2033 1.359707e+00 8.308585e-01
2034 1.359398e+00 8.303839e-01
2035 1.358033e+00 8.344990e-01
2036 1.358458e+00 8.345139e-01
2037 1.342687e+00 8.856974e-01
2038 1.340986e+00 8.868891e-01
2039 1.347533e+00 8.932988e-01
2040 1.345940e+00 8.879928e-01
2041 1.315978e+00 8.839969e-01
2042 1.332895e+00 9.044810e-01
2043 1.311230e+00 7.808316e-01
2044 1.289353e+00 7.778049e-01
2045 1.288209e+00 7.750250e-01
2046 1.291277e+00 7.591146e-01
2047 1.288234e+00 7.567300e-01
2048 1.292860e+00 7.679201e-01
2049 1.294027e+00 7.661983e-01
2050 1.298043e+00 7.708332e-01
2051 1.297358e+00 7.733301e-01
2052 1.299189e+00 7.825607e-01
2053 1.291760e+00 8.316137e-01
2054 1.289520e+00 8.327015e-01
2055 1.302613e+00 8.386821e-01
2056 1.295624e+00 8.527704e-01
2057 1.330722e+00 8.180954e-01
2058 1.322263e+00 8.000253e-01
2059 1.354347e+00 7.951052e-01
2060 1.336375e+00 7.992065e-01
2061 1.332446e+00 7.331853e-01
2062 1.315943e+00 7.415922e-01
2063 1.316224e+00 7.465970e-01
2064 1.302593e+00 7.479322e-01
2065 1.303435e+00 7.467814e-01
2066 1.244882e+00 6.678591e-01
2067 1.239399e+00 6.469066e-01
2068 1.258540e+00 6.439081e-01
2069 1.260519e+00 6.463222e-01
2070 1.262724e+00 6.784492e-01
2071 1.248784e+00 7.338944e-01
2072 1.253497e+00 7.413061e-01
2073 1.292679e+00 7.249661e-01
2074 1.285629e+00 7.552805e-01
2075 1.287692e+00 7.522713e-01
2076 1.325673e+00 7.304097e-01
2077 1.352269e+00 7.628729e-01
2078 1.333181e+00 7.684299e-01
2079 1.295734e+00 7.785387e-01
2080 1.290947e+00 7.573736e-01
2081 1.268776e+00 7.765228e-01
2082 1.243015e+00 8.322226e-01
2083 1.230959e+00 8.342677e-01
2084 1.252113e+00 8.624684e-01
2085 1.275182e+00 8.035118e-01
2086 1.302187e+00 7.996213e-01
2087 1.296625e+00 8.115674e-01
2088 1.321612e+00 8.071151e-01
2089 1.360058e+00 8.015214e-01
2090 1.343249e+00 8.025377e-01
2091 1.341400e+00 8.008188e-01
2092 1.358750e+00 8.031434e-01
2093 1.361084e+00 8.033804e-01
2094 1.358343e+00 7.972853e-01
2095 1.357872e+00 7.824488e-01
2096 1.370507e+00 7.999665e-01
2097 1.375329e+00 7.982330e-01
2098 1.373715e+00 7.964451e-01
2099 1.368330e+00 7.931005e-01
2100 1.367141e+00 7.938987e-01
2101 1.367450e+00 7.865231e-01
2102 1.367095e+00 7.786220e-01
2103 1.380064e+00 7.775878e-01
2104 1.380322e+00 7.774905e-01
2105 1.383575e+00 7.727948e-01
2106 1.380637e+00 7.702751e-01
2107 1.382242e+00 7.696782e-01
2108 1.387257e+00 7.605419e-01
2109 1.408069e+00 7.566497e-01
2110 1.413703e+00 7.602205e-01
2111 1.399646e+00 7.605421e-01
2112 1.400142e+00 7.560387e-01
2113 1.403388e+00 7.567697e-01
2114 1.403243e+00 7.500384e-01
2115 1.414392e+00 7.391763e-01
2116 1.428007e+00 7.310962e-01
2117 1.423625e+00 7.233344e-01
2118 1.423622e+00 7.174218e-01
2119 1.406066e+00 7.413926e-01
2120 1.401756e+00 7.417534e-01
2121 1.393952e+00 7.148784e-01
2122 1.388751e+00 7.134374e-01
2123 1.391409e+00 7.131902e-01
2124 1.368775e+00 7.123894e-01
2125 1.365995e+00 7.136288e-01
2126 1.368345e+00 7.138381e-01
2127 1.362471e+00 7.164883e-01
2128 1.366533e+00 7.200684e-01
2129 1.321386e+00 6.210577e-01
2130 1.321956e+00 6.203791e-01
2131 1.313166e+00 5.984716e-01
2132 1.326845e+00 6.197833e-01
2133 1.326364e+00 6.193471e-01
2134 1.311485e+00 5.914407e-01
2135 1.306244e+00 5.566116e-01
2136 1.302488e+00 5.657080e-01
2137 1.278398e+00 5.805902e-01
2138 1.284043e+00 5.711887e-01
2139 1.294230e+00 5.479311e-01
2140 1.369862e+00 4.923233e-01
2141 1.372938e+00 4.809765e-01
2142 1.373448e+00 4.781951e-01
2143 1.354618e+00 4.991186e-01
2144 1.352265e+00 4.928348e-01
2145 1.352777e+00 4.919503e-01
2146 1.358188e+00 5.015485e-01
2147 1.380417e+00 5.147350e-01
2148 1.344987e+00 5.406780e-01
2149 1.344974e+00 5.407500e-01
2150 1.343638e+00 5.379255e-01
2151 1.338291e+00 5.494237e-01
2152 1.339054e+00 5.579568e-01
2153 1.353420e+00 5.654586e-01
2154 1.340106e+00 5.519347e-01
2155 1.325821e+00 5.505676e-01
2156 1.328165e+00 5.506523e-01
2157 1.332785e+00 5.396173e-01
2158 1.331111e+00 5.592740e-01
2159 1.355117e+00 5.077286e-01
2160 1.350394e+00 5.161545e-01
2161 1.351855e+00 5.192775e-01
2162 1.384667e+00 4.782381e-01
2163 1.400432e+00 4.772408e-01
2164 1.399496e+00 5.086781e-01
2165 1.390030e+00 4.895257e-01
2166 1.383142e+00 4.771598e-01
2167 1.412251e+00 4.674964e-01
2168 1.412215e+00 4.734849e-01
2169 1.406658e+00 5.180260e-01
2170 1.408043e+00 5.162818e-01
2171 1.389160e+00 5.160011e-01
2172 1.395088e+00 4.983528e-01
2173 1.403925e+00 4.851791e-01
2174 1.408857e+00 4.823011e-01
2175 1.420059e+00 4.809995e-01
2176 1.422588e+00 4.822533e-01
2177 1.432271e+00 4.735601e-01
2178 1.429585e+00 4.665769e-01
2179 1.436941e+00 4.511560e-01
2180 1.455079e+00 4.406091e-01
2181 1.467665e+00 4.384499e-01
2182 1.470644e+00 4.450529e-01
2183 1.456281e+00 4.598790e-01
2184 1.450156e+00 4.680705e-01
2185 1.443596e+00 4.731897e-01
2186 1.439433e+00 4.812101e-01
2187 1.403321e+00 4.596937e-01
2188 1.427183e+00 4.531993e-01
2189 1.424694e+00 4.602342e-01
2190 1.421978e+00 4.508169e-01
2191 1.414208e+00 4.496235e-01
2192 1.422099e+00 4.529283e-01
2193 1.414183e+00 4.191455e-01
2194 1.401031e+00 4.010873e-01
2195 1.402925e+00 4.022516e-01
2196 1.398313e+00 4.025988e-01
2197 1.400124e+00 3.932886e-01
2198 1.398686e+00 3.931095e-01
2199 1.396189e+00 3.842691e-01
2200 1.393366e+00 3.818972e-01
2201 1.378736e+00 3.106491e-01
2202 1.410458e+00 3.210405e-01
2203 1.412721e+00 3.475492e-01
2204 1.457240e+00 3.279359e-01
2205 1.498937e+00 3.167576e-01
2206 1.432317e+00 3.094724e-01
2207 1.432338e+00 3.089413e-01
2208 1.464592e+00 2.955967e-01
2209 1.465988e+00 2.965866e-01
2210 1.471155e+00 3.024326e-01
2211 1.418027e+00 3.140586e-01
2212 1.423688e+00 3.125463e-01
2213 1.408254e+00 3.103382e-01
2214 1.394272e+00 3.066620e-01
2215 1.393760e+00 3.068465e-01
2216 1.452245e+00 3.098404e-01
2217 1.409203e+00 2.923679e-01
2218 1.405698e+00 2.937015e-01
2219 1.329809e+00 2.474886e-01
2220 1.358912e+00 2.382870e-01
2221 1.342679e+00 2.406614e-01
2222 1.339730e+00 2.408426e-01
2223 1.332293e+00 2.329542e-01
2224 1.336634e+00 2.564385e-01
2225 1.332637e+00 2.541238e-01
2226 1.333547e+00 3.206065e-01
2227 1.348249e+00 2.976153e-01
2228 1.347418e+00 3.002475e-01
2229 1.346371e+00 3.024640e-01
2230 1.343343e+00 2.975954e-01
2231 1.306876e+00 2.779401e-01
2232 1.298708e+00 2.771158e-01
2233 1.299940e+00 2.789048e-01
2234 1.312630e+00 2.445312e-01
2235 1.310696e+00 2.419147e-01
2236 1.302549e+00 2.542235e-01
2237 1.302787e+00 2.529900e-01
2238 1.305670e+00 2.424400e-01
2239 1.351132e+00 2.725609e-01
2240 1.358732e+00 3.192757e-01
2241 1.360702e+00 3.255155e-01
2242 1.346392e+00 3.103045e-01
2243 1.359503e+00 2.852783e-01
2244 1.368002e+00 3.073857e-01
2245 1.377751e+00 3.018369e-01
2246 1.355404e+00 2.964979e-01
2247 1.351550e+00 3.068197e-01
2248 1.356745e+00 3.047472e-01
2249 1.355589e+00 3.032998e-01
2250 1.335979e+00 2.757616e-01
2251 1.335196e+00 3.068353e-01
2252 1.341259e+00 2.800842e-01
2253 1.341028e+00 2.796706e-01
2254 1.326517e+00 3.020084e-01
2255 1.326459e+00 3.022213e-01
2256 1.332733e+00 3.001386e-01
2257 1.332752e+00 3.034573e-01
2258 1.332267e+00 3.039804e-01
2259 1.332108e+00 3.069279e-01
2260 1.337540e+00 3.023528e-01
2261 1.339327e+00 3.045810e-01
2262 1.355885e+00 2.983440e-01
2263 1.368586e+00 2.809812e-01
2264 1.376206e+00 2.813573e-01
2265 1.380485e+00 2.366825e-01
2266 1.371482e+00 2.562635e-01
2267 1.373167e+00 2.656017e-01
2268 1.373179e+00 2.655941e-01
2269 1.373467e+00 2.693967e-01
2270 1.412492e+00 2.607377e-01
2271 1.420761e+00 2.682887e-01
2272 1.395509e+00 2.693985e-01
2273 1.399052e+00 2.689374e-01
2274 1.387526e+00 2.707885e-01
2275 1.400339e+00 2.891141e-01
2276 1.398672e+00 2.843872e-01
2277 1.373526e+00 3.025850e-01
2278 1.355048e+00 3.324431e-01
2279 1.382447e+00 3.001002e-01
2280 1.383481e+00 3.056176e-01
2281 1.364840e+00 2.652515e-01
2282 1.364722e+00 2.653119e-01
2283 1.364877e+00 2.688889e-01
2284 1.367011e+00 2.550520e-01
2285 1.345376e+00 2.433906e-01
2286 1.309785e+00 2.429490e-01
2287 1.309107e+00 2.424400e-01
2288 1.246038e+00 2.576116e-01
2289 1.242674e+00 2.473112e-01
2290 1.239103e+00 2.493549e-01
2291 1.236328e+00 2.457399e-01
2292 1.234719e+00 2.447178e-01
2293 1.231829e+00 2.346178e-01
2294 1.212316e+00 2.134811e-01
2295 1.233421e+00 2.038306e-01
2296 1.243308e+00 2.005015e-01
2297 1.191853e+00 2.119362e-01
2298 1.190126e+00 2.101906e-01
2299 1.205773e+00 2.095412e-01
2300 1.207447e+00 1.902308e-01
2301 1.206732e+00 1.993933e-01
2302 1.193163e+00 2.192414e-01
2303 1.188075e+00 2.107635e-01
2304 1.198619e+00 2.015852e-01
2305 1.199306e+00 1.982275e-01
2306 1.201583e+00 2.234173e-01
2307 1.195364e+00 2.278681e-01
2308 1.165277e+00 2.354925e-01
2309 1.165047e+00 2.235026e-01
2310 1.141577e+00 1.992244e-01
2311 1.135330e+00 1.820003e-01
2312 1.133104e+00 1.913007e-01
2313 1.133483e+00 1.845624e-01
2314 1.157341e+00 2.464809e-01
2315 1.168955e+00 2.437130e-01
2316 1.163462e+00 2.597379e-01
2317 1.183174e+00 2.764360e-01
2318 1.189213e+00 2.735297e-01
2319 1.181163e+00 2.505787e-01
2320 1.182204e+00 2.517436e-01
2321 1.202602e+00 2.634614e-01
2322 1.202336e+00 2.624318e-01
2323 1.235496e+00 2.607167e-01
2324 1.227510e+00 2.615259e-01
2325 1.199562e+00 2.637543e-01
2326 1.188332e+00 2.421241e-01
2327 1.221806e+00 2.487843e-01
2328 1.237966e+00 2.770755e-01
2329 1.299118e+00 3.124629e-01
2330 1.307014e+00 3.068091e-01
2331 1.301081e+00 3.063473e-01
2332 1.340876e+00 3.053657e-01
2333 1.341011e+00 3.021770e-01
2334 1.337013e+00 2.966811e-01
2335 1.306048e+00 2.949019e-01
2336 1.302900e+00 2.998240e-01
2337 1.301342e+00 3.103057e-01
2338 1.371685e+00 3.616800e-01
2339 1.371927e+00 3.514583e-01
2340 1.375705e+00 3.552435e-01
2341 1.391937e+00 3.057083e-01
2342 1.430053e+00 3.036547e-01
2343 1.442956e+00 2.897355e-01
2344 1.443406e+00 2.916701e-01
2345 1.430396e+00 3.232184e-01
2346 1.430945e+00 2.956842e-01
2347 1.417338e+00 2.764474e-01
2348 1.373790e+00 2.294945e-01
2349 1.294475e+00 2.423200e-01
2350 1.293975e+00 2.338362e-01
2351 1.299348e+00 2.385251e-01
2352 1.309988e+00 2.194110e-01
2353 1.301805e+00 2.149364e-01
2354 1.320454e+00 2.095170e-01
2355 1.316782e+00 2.063604e-01
2356 1.312358e+00 2.453971e-01
2357 1.297751e+00 2.274829e-01
2358 1.301230e+00 2.390190e-01
2359 1.335215e+00 2.576150e-01
2360 1.344794e+00 2.464714e-01
2361 1.362701e+00 1.953931e-01
2362 1.385568e+00 1.942392e-01
2363 1.391274e+00 1.957317e-01
2364 1.370371e+00 1.877848e-01
2365 1.374882e+00 1.775973e-01
2366 1.362504e+00 1.714000e-01
2367 1.393031e+00 1.343498e-01
2368 1.399892e+00 1.366162e-01
2369 1.342917e+00 1.622176e-01
2370 1.321651e+00 1.648930e-01
2371 1.310377e+00 1.748866e-01
2372 1.315606e+00 1.740486e-01
2373 1.315347e+00 1.946487e-01
2374 1.291437e+00 1.868225e-01
2375 1.295604e+00 1.861772e-01
2376 1.295885e+00 1.889533e-01
2377 1.276096e+00 1.347541e-01
2378 1.284046e+00 1.322072e-01
2379 1.278646e+00 1.112858e-01
2380 1.309135e+00 1.019119e-01
2381 1.290578e+00 9.974594e-02
2382 1.305453e+00 9.092621e-02
2383 1.273516e+00 1.105795e-01
2384 1.261736e+00 1.104397e-01
2385 1.259691e+00 1.100476e-01
2386 1.259799e+00 1.100340e-01
2387 1.265858e+00 1.117827e-01
2388 1.238865e+00 1.388657e-01
2389 1.239596e+00 1.383638e-01
2390 1.230554e+00 1.664857e-01
2391 1.237145e+00 1.618355e-01
2392 1.237144e+00 1.626040e-01
2393 1.247752e+00 1.483607e-01
2394 1.253896e+00 1.727395e-01
2395 1.284154e+00 1.744157e-01
2396 1.272303e+00 1.777101e-01
2397 1.275001e+00 1.857380e-01
2398 1.274855e+00 1.856140e-01
2399 1.281927e+00 1.898793e-01
2400 1.291640e+00 2.103052e-01
2401 1.297980e+00 1.928943e-01
2402 1.300448e+00 1.899900e-01
2403 1.270021e+00 1.946988e-01
2404 1.300564e+00 2.614571e-01
2405 1.273661e+00 2.094783e-01
2406 1.289064e+00 1.866340e-01
2407 1.288843e+00 1.867382e-01
2408 1.272496e+00 1.847989e-01
2409 1.275021e+00 1.846207e-01
2410 1.263452e+00 1.784649e-01
2411 1.260660e+00 1.968868e-01
2412 1.252615e+00 1.733108e-01
2413 1.251102e+00 1.758248e-01
2414 1.252814e+00 1.909896e-01
2415 1.263879e+00 1.925392e-01
2416 1.278698e+00 1.938710e-01
2417 1.278854e+00 1.934801e-01
2418 1.262634e+00 1.332566e-01
2419 1.266411e+00 1.416043e-01
2420 1.243796e+00 1.772665e-01
2421 1.244043e+00 1.682253e-01
2422 1.258413e+00 1.678854e-01
2423 1.257718e+00 1.670290e-01
2424 1.233175e+00 1.731590e-01
2425 1.232533e+00 1.734353e-01
2426 1.200836e+00 2.054666e-01
2427 1.195955e+00 1.805294e-01
2428 1.210978e+00 2.153695e-01
2429 1.244008e+00 2.242167e-01
2430 1.249875e+00 2.305578e-01
2431 1.244075e+00 2.081641e-01
2432 1.245833e+00 2.044072e-01
2433 1.264204e+00 2.049445e-01
2434 1.305400e+00 1.796928e-01
2435 1.304471e+00 1.797889e-01
2436 1.298641e+00 1.979043e-01
2437 1.310409e+00 1.628990e-01
2438 1.327713e+00 1.592010e-01
2439 1.329489e+00 1.594217e-01
2440 1.334925e+00 1.757137e-01
2441 1.353023e+00 1.847297e-01
2442 1.347859e+00 1.831581e-01
2443 1.376108e+00 1.923991e-01
2444 1.429788e+00 2.265454e-01
2445 1.439094e+00 2.337948e-01
2446 1.435299e+00 2.344265e-01
2447 1.430667e+00 2.398874e-01
2448 1.433203e+00 2.821828e-01
2449 1.399083e+00 2.914239e-01
2450 1.396922e+00 2.932974e-01
2451 1.395567e+00 2.907066e-01
2452 1.372983e+00 3.030210e-01
2453 1.419664e+00 1.994042e-01
2454 1.394707e+00 1.928061e-01
2455 1.385633e+00 1.970594e-01
2456 1.362906e+00 1.360219e-01
2457 1.406027e+00 1.160018e-01
2458 1.411601e+00 1.197335e-01
2459 1.407364e+00 1.325247e-01
2460 1.403878e+00 1.350644e-01
2461 1.423628e+00 1.022158e-01
2462 1.414250e+00 7.913111e-02
2463 1.413326e+00 7.808269e-02
2464 1.415051e+00 8.438924e-02
2465 1.414522e+00 8.452143e-02
2466 1.430778e+00 5.433262e-02
2467 1.430157e+00 5.339521e-02
2468 1.442317e+00 5.383761e-02
2469 1.454745e+00 5.925716e-02
2470 1.475053e+00 5.210022e-02
2471 1.472023e+00 4.198410e-02
2472 1.471814e+00 4.173452e-02
2473 1.476273e+00 3.976856e-02
2474 1.473458e+00 4.774023e-02
2475 1.456547e+00 6.139189e-02
2476 1.463190e+00 5.935919e-02
2477 1.467797e+00 6.968120e-02
2478 1.468546e+00 6.885923e-02
2479 1.477752e+00 9.494559e-02
2480 1.464233e+00 1.054026e-01
2481 1.449754e+00 1.009603e-01
2482 1.452254e+00 1.020046e-01
2483 1.410674e+00 8.602154e-02
2484 1.353057e+00 9.969339e-02
2485 1.278751e+00 8.832748e-02
2486 1.290816e+00 8.002544e-02
2487 1.287606e+00 8.749495e-02
2488 1.285667e+00 8.588203e-02
2489 1.281906e+00 9.349480e-02
2490 1.278877e+00 1.003541e-01
2491 1.298162e+00 8.864947e-02
2492 1.318485e+00 6.176610e-02
2493 1.307213e+00 4.761271e-02
2494 1.296658e+00 3.928436e-02
2495 1.291363e+00 3.301375e-02
2496 1.299409e+00 5.106941e-02
2497 1.247047e+00 7.783241e-02
2498 1.279071e+00 6.552711e-02
2499 1.280906e+00 6.008109e-02
2500 1.318584e+00 8.574376e-02
2501 1.309957e+00 9.452848e-02
2502 1.302052e+00 1.016669e-01
2503 1.296574e+00 9.320660e-02
2504 1.317272e+00 8.838743e-02
2505 1.318538e+00 9.676296e-02
2506 1.311763e+00 9.705751e-02
2507 1.311240e+00 9.651515e-02
2508 1.312727e+00 7.791146e-02
2509 1.301416e+00 8.143750e-02
2510 1.302577e+00 7.620397e-02
2511 1.303230e+00 9.950865e-02
2512 1.284238e+00 8.113332e-02
2513 1.253730e+00 1.491131e-01
2514 1.251741e+00 1.536992e-01
2515 1.270531e+00 1.847751e-01
2516 1.275153e+00 1.853890e-01
2517 1.295673e+00 1.877203e-01
2518 1.273508e+00 1.826165e-01
2519 1.268260e+00 1.852285e-01
2520 1.271406e+00 1.850482e-01
2521 1.290587e+00 1.698229e-01
2522 1.294442e+00 1.730960e-01
2523 1.297735e+00 1.832153e-01
2524 1.297518e+00 1.831072e-01
2525 1.294584e+00 1.818618e-01
2526 1.299042e+00 1.649142e-01
2527 1.300036e+00 1.656502e-01
2528 1.311016e+00 1.580451e-01
2529 1.312599e+00 1.654320e-01
2530 1.260857e+00 1.415048e-01
2531 1.258402e+00 1.492277e-01
2532 1.257971e+00 1.467250e-01
2533 1.273030e+00 1.658277e-01
2534 1.269418e+00 1.722317e-01
2535 1.268888e+00 1.719530e-01
2536 1.271456e+00 1.672922e-01
2537 1.279067e+00 1.721897e-01
2538 1.280919e+00 1.702667e-01
2539 1.266474e+00 1.521198e-01
2540 1.273287e+00 1.502608e-01
2541 1.284474e+00 1.434482e-01
2542 1.256829e+00 7.949023e-02
2543 1.257207e+00 7.961025e-02
2544 1.260192e+00 7.432741e-02
2545 1.257463e+00 7.353723e-02
2546 1.264868e+00 1.227024e-01
2547 1.264874e+00 1.228132e-01
2548 1.263659e+00 1.152784e-01
2549 1.263558e+00 1.155254e-01
2550 1.263196e+00 1.158745e-01
2551 1.252406e+00 1.230384e-01
2552 1.252164e+00 1.227888e-01
2553 1.252423e+00 1.231837e-01
2554 1.251044e+00 1.165640e-01
2555 1.265774e+00 1.159764e-01
2556 1.255942e+00 1.484622e-01
2557 1.253471e+00 1.490771e-01
2558 1.257559e+00 1.377568e-01
2559 1.263299e+00 1.376376e-01
2560 1.273368e+00 1.087262e-01
2561 1.270613e+00 8.955168e-02
2562 1.274349e+00 9.292665e-02
2563 1.261888e+00 1.060663e-01
2564 1.273748e+00 9.718313e-02
2565 1.267008e+00 9.315064e-02
2566 1.252342e+00 9.958823e-02
2567 1.258920e+00 1.303016e-01
2568 1.253439e+00 1.319335e-01
2569 1.254935e+00 1.391012e-01
2570 1.253385e+00 1.393245e-01
2571 1.238273e+00 8.601944e-02
2572 1.227973e+00 8.660197e-02
2573 1.226096e+00 8.622153e-02
2574 1.225091e+00 8.857198e-02
2575 1.248982e+00 1.002114e-01
2576 1.250733e+00 9.272326e-02
2577 1.251859e+00 9.488501e-02
2578 1.248540e+00 9.201026e-02
2579 1.206065e+00 1.421044e-01
2580 1.207135e+00 1.412973e-01
2581 1.191948e+00 9.890240e-02
2582 1.202818e+00 1.089627e-01
2583 1.217250e+00 1.166283e-01
2584 1.174875e+00 1.229148e-01
2585 1.179727e+00 1.246859e-01
2586 1.192054e+00 9.958603e-02
2587 1.190805e+00 1.096687e-01
2588 1.199058e+00 1.204106e-01
2589 1.249590e+00 9.559958e-02
2590 1.267405e+00 1.398846e-01
2591 1.293639e+00 1.656471e-01
2592 1.317260e+00 1.032992e-01
2593 1.320593e+00 1.094615e-01
2594 1.312816e+00 1.129252e-01
2595 1.237837e+00 6.054566e-02
2596 1.245946e+00 1.119749e-01
2597 1.246073e+00 1.132107e-01
2598 1.240163e+00 1.298313e-01
2599 1.242831e+00 1.372501e-01
2600 1.252548e+00 1.284122e-01
2601 1.260107e+00 1.395393e-01
2602 1.296501e+00 1.485552e-01
2603 1.249973e+00 1.335693e-01
2604 1.241613e+00 1.237180e-01
2605 1.240664e+00 1.253715e-01
2606 1.245505e+00 1.320244e-01
2607 1.272343e+00 1.444343e-01
2608 1.257929e+00 1.502194e-01
2609 1.282239e+00 2.090881e-01
2610 1.266375e+00 2.084810e-01
2611 1.260901e+00 2.064369e-01
2612 1.234027e+00 2.202465e-01
2613 1.211537e+00 2.383472e-01
2614 1.210640e+00 2.351733e-01
2615 1.205269e+00 2.411526e-01
2616 1.275538e+00 2.679301e-01
2617 1.273803e+00 2.693804e-01
2618 1.286144e+00 2.800728e-01
2619 1.273907e+00 2.969415e-01
2620 1.245269e+00 2.852727e-01
2621 1.196695e+00 2.838092e-01
2622 1.218419e+00 2.881909e-01
2623 1.175513e+00 2.598352e-01
2624 1.180391e+00 2.425022e-01
2625 1.214587e+00 2.625673e-01
2626 1.213853e+00 2.630339e-01
2627 1.188623e+00 2.074968e-01
2628 1.199774e+00 1.994555e-01
2629 1.197680e+00 1.845573e-01
2630 1.201861e+00 1.913259e-01
2631 1.238619e+00 2.011487e-01
2632 1.231970e+00 2.003044e-01
2633 1.259616e+00 1.741321e-01
2634 1.244110e+00 1.541642e-01
2635 1.239129e+00 1.392076e-01
2636 1.243663e+00 1.407113e-01
2637 1.240897e+00 6.626645e-02
2638 1.307624e+00 1.130770e-01
2639 1.300715e+00 9.519503e-02
2640 1.300614e+00 9.518268e-02
2641 1.300392e+00 9.198760e-02
2642 1.318245e+00 7.330657e-02
2643 1.323036e+00 9.104893e-02
2644 1.337425e+00 7.619452e-02
2645 1.328018e+00 7.814124e-02
2646 1.339461e+00 8.677520e-02
2647 1.315973e+00 9.013632e-02
2648 1.321168e+00 9.410699e-02
2649 1.320744e+00 9.408072e-02
2650 1.348916e+00 1.053760e-01
2651 1.341045e+00 1.152017e-01
2652 1.285208e+00 1.207230e-01
2653 1.285444e+00 1.210727e-01
2654 1.291045e+00 1.001620e-01
2655 1.267569e+00 9.035190e-02
2656 1.259769e+00 1.130862e-01
2657 1.227956e+00 9.606673e-02
2658 1.230530e+00 9.168757e-02
2659 1.153448e+00 1.056848e-01
2660 1.164911e+00 1.021630e-01
2661 1.167841e+00 9.797186e-02
2662 1.167133e+00 9.472777e-02
2663 1.159063e+00 9.513964e-02
2664 1.174699e+00 8.405684e-02
2665 1.174076e+00 8.358164e-02
2666 1.169071e+00 7.587439e-02
2667 1.176788e+00 7.841706e-02
2668 1.209359e+00 9.256321e-02
2669 1.210200e+00 9.474748e-02
2670 1.180015e+00 1.074273e-01
2671 1.167366e+00 1.248592e-01
2672 1.121823e+00 1.729889e-01
2673 1.077875e+00 1.667752e-01
2674 1.072532e+00 1.632041e-01
2675 1.086587e+00 1.991056e-01
2676 1.104405e+00 1.762832e-01
2677 1.107964e+00 1.759458e-01
2678 1.106753e+00 1.799091e-01
2679 1.105374e+00 1.830937e-01
2680 1.056142e+00 1.961958e-01
2681 1.055651e+00 2.052845e-01
2682 1.092167e+00 1.957252e-01
2683 1.119313e+00 1.809083e-01
2684 1.121655e+00 1.699314e-01
2685 1.135135e+00 1.683175e-01
2686 1.134276e+00 1.692425e-01
2687 1.135486e+00 1.766921e-01
2688 1.094656e+00 1.762890e-01
2689 1.099572e+00 1.683328e-01
2690 1.056202e+00 1.697474e-01
2691 1.068131e+00 2.280764e-01
2692 1.066945e+00 2.148077e-01
2693 1.068558e+00 2.087727e-01
2694 1.062580e+00 2.279151e-01
2695 1.072447e+00 2.302809e-01
2696 1.065620e+00 1.962337e-01
2697 1.068786e+00 1.914634e-01
2698 1.077833e+00 1.829629e-01
2699 1.066414e+00 1.455928e-01
2700 1.066286e+00 1.499947e-01
2701 1.086507e+00 1.426107e-01
2702 1.095499e+00 1.436630e-01
2703 1.092299e+00 1.500197e-01
2704 1.099388e+00 1.516725e-01
2705 1.096771e+00 1.535168e-01
2706 1.087135e+00 1.228523e-01
2707 1.085011e+00 1.459925e-01
2708 1.040043e+00 8.028956e-02
2709 1.033866e+00 8.400950e-02
2710 9.973206e-01 6.922287e-02
2711 9.989373e-01 7.166925e-02
2712 1.000135e+00 8.021980e-02
2713 1.017710e+00 1.055588e-01
2714 1.020279e+00 1.189013e-01
2715 1.022594e+00 1.212470e-01
2716 1.034756e+00 1.163144e-01
2717 1.035521e+00 1.183139e-01
2718 1.033561e+00 1.192824e-01
2719 1.036369e+00 1.199203e-01
2720 1.034669e+00 1.212301e-01
2721 1.050917e+00 1.051849e-01
2722 1.024117e+00 1.001913e-01
2723 1.027567e+00 1.026590e-01
2724 9.930939e-01 3.557554e-02
2725 9.832029e-01 -7.614848e-03
