0 2.193875e+00 1.549544e+00
1 2.205770e+00 1.557206e+00
2 2.246861e+00 1.550823e+00
3 2.267266e+00 1.595406e+00
4 2.232511e+00 1.621897e+00
5 2.235617e+00 1.602725e+00
6 2.257894e+00 1.584106e+00
7 2.296758e+00 1.598950e+00
8 2.313640e+00 1.579698e+00
9 2.291765e+00 1.584802e+00
10 2.354814e+00 1.596570e+00
11 2.324321e+00 1.585624e+00
12 2.327619e+00 1.584445e+00
13 2.305528e+00 1.580889e+00
14 2.261592e+00 1.546294e+00
15 2.262675e+00 1.548348e+00
16 2.265745e+00 1.550884e+00
17 2.358450e+00 1.532050e+00
18 2.349183e+00 1.552258e+00
19 2.329294e+00 1.572770e+00
20 2.332832e+00 1.566698e+00
21 2.331166e+00 1.585908e+00
22 2.269314e+00 1.628282e+00
23 2.268762e+00 1.629757e+00
24 2.270145e+00 1.629600e+00
25 2.267994e+00 1.637793e+00
26 2.230185e+00 1.610129e+00
27 2.266229e+00 1.600188e+00
28 2.261536e+00 1.630001e+00
29 2.263305e+00 1.633601e+00
30 2.240648e+00 1.627162e+00
31 2.236867e+00 1.624544e+00
32 2.223685e+00 1.611535e+00
33 2.253904e+00 1.636694e+00
34 2.240486e+00 1.639416e+00
35 2.241815e+00 1.638697e+00
36 2.253541e+00 1.669668e+00
37 2.256267e+00 1.669395e+00
38 2.273949e+00 1.688972e+00
39 2.272181e+00 1.687034e+00
40 2.262907e+00 1.693359e+00
41 2.288380e+00 1.709261e+00
42 2.297312e+00 1.688062e+00
43 2.296476e+00 1.681355e+00
44 2.297231e+00 1.674857e+00
45 2.339141e+00 1.652547e+00
46 2.354827e+00 1.618043e+00
47 2.349460e+00 1.637128e+00
48 2.348224e+00 1.641619e+00
49 2.317752e+00 1.621692e+00
50 2.302953e+00 1.625822e+00
51 2.306276e+00 1.626994e+00
52 2.302904e+00 1.627088e+00
53 2.304462e+00 1.635336e+00
54 2.301081e+00 1.633116e+00
55 2.286416e+00 1.613536e+00
56 2.257199e+00 1.618544e+00
57 2.260166e+00 1.630184e+00
58 2.262409e+00 1.628762e+00
59 2.269404e+00 1.630138e+00
60 2.268668e+00 1.635020e+00
61 2.268700e+00 1.635872e+00
62 2.279193e+00 1.614676e+00
63 2.299732e+00 1.655167e+00
64 2.301761e+00 1.652982e+00
65 2.283599e+00 1.668204e+00
66 2.228137e+00 1.668040e+00
67 2.229899e+00 1.664794e+00
68 2.209720e+00 1.698837e+00
69 2.212078e+00 1.644887e+00
70 2.222450e+00 1.627832e+00
71 2.224074e+00 1.624564e+00
72 2.212413e+00 1.626064e+00
73 2.210048e+00 1.571669e+00
74 2.195188e+00 1.601739e+00
75 2.201059e+00 1.607984e+00
76 2.210727e+00 1.609929e+00
77 2.213057e+00 1.609768e+00
78 2.202298e+00 1.589822e+00
79 2.200964e+00 1.588223e+00
80 2.192813e+00 1.568011e+00
81 2.205796e+00 1.553476e+00
82 2.205711e+00 1.543703e+00
83 2.198894e+00 1.547836e+00
84 2.198966e+00 1.547311e+00
85 2.155432e+00 1.560270e+00
86 2.156987e+00 1.557532e+00
87 2.157637e+00 1.557493e+00
88 2.177847e+00 1.552745e+00
89 2.173223e+00 1.537730e+00
90 2.139458e+00 1.546963e+00
91 2.155326e+00 1.578288e+00
92 2.144399e+00 1.564948e+00
93 2.135868e+00 1.534522e+00
94 2.140917e+00 1.542435e+00
95 2.131142e+00 1.532797e+00
96 2.102278e+00 1.514197e+00
97 2.107554e+00 1.498050e+00
98 2.109099e+00 1.506945e+00
99 2.100301e+00 1.509457e+00
100 2.088583e+00 1.510212e+00
101 2.061928e+00 1.513451e+00
102 2.064815e+00 1.517226e+00
103 2.065786e+00 1.517669e+00
104 2.051180e+00 1.531455e+00
105 2.076568e+00 1.532824e+00
106 2.112747e+00 1.511086e+00
107 2.106875e+00 1.527908e+00
108 2.095606e+00 1.525885e+00
109 2.124873e+00 1.505110e+00
110 2.123207e+00 1.509483e+00
111 2.129638e+00 1.516646e+00
112 2.114278e+00 1.520023e+00
113 2.113777e+00 1.520229e+00
114 2.098217e+00 1.525549e+00
115 2.112372e+00 1.531288e+00
116 2.107536e+00 1.513972e+00
117 2.104463e+00 1.501684e+00
118 2.053880e+00 1.516177e+00
119 2.048022e+00 1.515698e+00
120 2.046122e+00 1.513005e+00
121 2.046044e+00 1.495419e+00
122 2.040348e+00 1.487345e+00
123 2.007559e+00 1.464465e+00
124 1.953455e+00 1.493173e+00
125 1.948920e+00 1.479869e+00
126 1.961957e+00 1.476618e+00
127 1.960093e+00 1.452641e+00
128 1.987610e+00 1.439978e+00
129 2.010036e+00 1.453760e+00
130 1.999087e+00 1.523985e+00
131 2.018107e+00 1.500887e+00
132 1.981740e+00 1.561818e+00
133 1.990755e+00 1.509554e+00
134 1.986868e+00 1.513667e+00
135 2.001150e+00 1.512949e+00
136 2.015607e+00 1.523703e+00
137 2.016278e+00 1.528531e+00
138 1.960657e+00 1.489212e+00
139 1.959742e+00 1.489955e+00
140 1.959380e+00 1.490613e+00
141 1.956339e+00 1.492614e+00
142 1.961438e+00 1.491251e+00
143 1.910270e+00 1.477590e+00
144 1.909375e+00 1.476466e+00
145 1.908908e+00 1.435079e+00
146 1.906440e+00 1.436994e+00
147 1.899139e+00 1.423106e+00
148 1.904792e+00 1.419130e+00
149 1.892173e+00 1.474591e+00
150 1.917186e+00 1.486980e+00
151 1.917581e+00 1.484684e+00
152 1.917272e+00 1.494715e+00
153 1.916624e+00 1.496852e+00
154 1.928936e+00 1.527397e+00
155 1.878403e+00 1.551351e+00
156 1.854760e+00 1.548639e+00
157 1.845061e+00 1.547645e+00
158 1.840684e+00 1.552353e+00
159 1.858625e+00 1.571561e+00
160 1.858218e+00 1.568971e+00
161 1.857598e+00 1.573532e+00
162 1.859796e+00 1.574173e+00
163 1.854589e+00 1.600347e+00
164 1.854441e+00 1.599663e+00
165 1.843453e+00 1.571217e+00
166 1.841340e+00 1.584519e+00
167 1.816650e+00 1.613148e+00
168 1.819944e+00 1.613797e+00
169 1.812178e+00 1.615056e+00
170 1.802529e+00 1.626065e+00
171 1.786031e+00 1.645654e+00
172 1.794067e+00 1.645589e+00
173 1.791448e+00 1.644256e+00
174 1.790298e+00 1.648240e+00
175 1.828509e+00 1.644889e+00
176 1.850052e+00 1.610104e+00
177 1.831945e+00 1.602779e+00
178 1.821778e+00 1.609782e+00
179 1.823239e+00 1.603237e+00
180 1.833328e+00 1.567085e+00
181 1.826806e+00 1.578371e+00
182 1.834815e+00 1.577828e+00
183 1.835829e+00 1.575193e+00
184 1.871301e+00 1.482784e+00
185 1.845350e+00 1.518593e+00
186 1.806377e+00 1.519916e+00
187 1.818613e+00 1.528220e+00
188 1.838428e+00 1.530434e+00
189 1.821523e+00 1.530224e+00
190 1.820475e+00 1.517525e+00
191 1.843151e+00 1.495086e+00
192 1.833830e+00 1.505005e+00
193 1.825738e+00 1.527095e+00
194 1.826919e+00 1.529625e+00
195 1.863822e+00 1.545749e+00
196 1.871037e+00 1.547476e+00
197 1.878794e+00 1.555757e+00
198 1.871748e+00 1.549173e+00
199 1.866695e+00 1.565810e+00
200 1.880353e+00 1.551244e+00
201 1.884808e+00 1.516996e+00
202 1.885279e+00 1.474113e+00
203 1.860637e+00 1.475364e+00
204 1.876905e+00 1.480450e+00
205 1.888450e+00 1.442186e+00
206 1.904367e+00 1.445511e+00
207 1.898220e+00 1.418378e+00
208 1.895211e+00 1.472963e+00
209 1.894942e+00 1.453765e+00
210 1.900604e+00 1.449287e+00
211 1.903992e+00 1.444211e+00
212 1.911699e+00 1.458269e+00
213 1.874838e+00 1.474246e+00
214 1.913724e+00 1.430994e+00
215 1.894437e+00 1.440825e+00
216 1.890802e+00 1.416357e+00
217 1.886532e+00 1.425950e+00
218 1.885960e+00 1.426247e+00
219 1.903280e+00 1.415706e+00
220 1.903427e+00 1.415088e+00
221 1.914166e+00 1.432514e+00
222 1.913023e+00 1.433967e+00
223 1.907729e+00 1.437863e+00
224 1.917086e+00 1.434399e+00
225 1.920879e+00 1.434074e+00
226 1.920692e+00 1.434358e+00
227 1.940023e+00 1.401619e+00
228 1.944322e+00 1.399208e+00
229 1.927454e+00 1.393588e+00
230 1.940858e+00 1.389117e+00
231 1.932255e+00 1.356465e+00
232 1.947376e+00 1.324533e+00
233 1.944007e+00 1.323222e+00
234 1.934666e+00 1.306812e+00
235 1.939635e+00 1.310884e+00
236 1.932292e+00 1.299862e+00
237 1.944336e+00 1.302846e+00
238 1.944369e+00 1.302695e+00
239 1.949274e+00 1.307034e+00
240 1.955786e+00 1.304673e+00
241 1.955163e+00 1.306053e+00
242 1.962220e+00 1.254434e+00
243 1.936151e+00 1.253923e+00
244 1.943136e+00 1.251894e+00
245 1.927797e+00 1.261764e+00
246 1.923644e+00 1.256636e+00
247 1.931281e+00 1.239483e+00
248 1.959000e+00 1.261411e+00
249 1.868342e+00 1.192041e+00
250 1.869617e+00 1.196489e+00
251 1.874158e+00 1.195395e+00
252 1.871281e+00 1.203106e+00
253 1.826816e+00 1.189543e+00
254 1.779091e+00 1.210049e+00
255 1.761864e+00 1.194231e+00
256 1.756896e+00 1.191823e+00
257 1.762250e+00 1.196087e+00
258 1.767214e+00 1.221939e+00
259 1.837436e+00 1.178486e+00
260 1.844275e+00 1.182877e+00
261 1.925992e+00 1.123929e+00
262 1.904712e+00 1.100639e+00
263 1.914559e+00 1.101914e+00
264 1.945977e+00 1.104620e+00
265 1.945009e+00 1.105138e+00
266 1.931106e+00 1.108564e+00
267 1.917139e+00 1.101776e+00
268 1.911282e+00 1.095751e+00
269 1.898570e+00 1.115153e+00
270 1.902125e+00 1.120964e+00
271 1.914924e+00 1.119692e+00
272 1.913971e+00 1.131947e+00
273 1.903121e+00 1.098115e+00
274 1.875563e+00 1.085205e+00
275 1.883980e+00 1.101135e+00
276 1.885549e+00 1.111101e+00
277 1.867351e+00 1.128978e+00
278 1.867317e+00 1.128894e+00
279 1.820415e+00 1.176270e+00
280 1.818995e+00 1.182831e+00
281 1.788489e+00 1.190394e+00
282 1.787555e+00 1.189266e+00
283 1.788915e+00 1.192739e+00
284 1.789795e+00 1.172874e+00
285 1.797393e+00 1.165450e+00
286 1.780300e+00 1.197862e+00
287 1.775718e+00 1.205470e+00
288 1.779889e+00 1.206751e+00
289 1.788080e+00 1.197757e+00
290 1.789744e+00 1.189726e+00
291 1.802171e+00 1.189098e+00
292 1.787157e+00 1.184600e+00
293 1.793694e+00 1.165259e+00
294 1.801055e+00 1.176014e+00
295 1.823157e+00 1.194674e+00
296 1.825893e+00 1.201732e+00
297 1.851025e+00 1.209830e+00
298 1.851366e+00 1.221652e+00
299 1.783542e+00 1.218832e+00
300 1.754511e+00 1.197099e+00
301 1.747140e+00 1.193350e+00
302 1.775324e+00 1.222934e+00
303 1.809369e+00 1.232049e+00
304 1.797629e+00 1.216367e+00
305 1.790419e+00 1.253288e+00
306 1.790472e+00 1.253185e+00
307 1.791312e+00 1.251241e+00
308 1.790554e+00 1.251299e+00
309 1.800175e+00 1.256068e+00
310 1.800302e+00 1.258099e+00
311 1.800437e+00 1.256927e+00
312 1.790472e+00 1.245098e+00
313 1.800004e+00 1.250036e+00
314 1.793184e+00 1.248111e+00
315 1.794363e+00 1.240492e+00
316 1.770764e+00 1.270493e+00
317 1.746464e+00 1.284594e+00
318 1.775396e+00 1.285632e+00
319 1.808495e+00 1.255472e+00
320 1.800382e+00 1.231659e+00
321 1.774586e+00 1.226608e+00
322 1.785177e+00 1.190020e+00
323 1.795409e+00 1.194596e+00
324 1.852838e+00 1.171190e+00
325 1.879299e+00 1.170290e+00
326 1.860749e+00 1.142877e+00
327 1.840479e+00 1.139575e+00
328 1.837810e+00 1.136546e+00
329 1.836695e+00 1.136814e+00
330 1.794672e+00 1.146199e+00
331 1.789965e+00 1.163277e+00
332 1.768804e+00 1.160211e+00
333 1.759013e+00 1.164765e+00
334 1.752298e+00 1.159839e+00
335 1.751550e+00 1.157609e+00
336 1.736883e+00 1.147069e+00
337 1.742085e+00 1.157523e+00
338 1.738071e+00 1.136527e+00
339 1.743452e+00 1.136309e+00
340 1.749296e+00 1.156364e+00
341 1.742119e+00 1.160647e+00
342 1.794604e+00 1.174197e+00
343 1.791612e+00 1.190742e+00
344 1.788909e+00 1.187007e+00
345 1.797846e+00 1.181946e+00
346 1.785657e+00 1.186156e+00
347 1.779348e+00 1.135486e+00
348 1.807804e+00 1.125553e+00
349 1.794358e+00 1.115543e+00
350 1.797917e+00 1.103019e+00
351 1.807181e+00 1.103229e+00
352 1.765415e+00 1.102433e+00
353 1.759807e+00 1.112709e+00
354 1.723344e+00 1.094979e+00
355 1.700103e+00 1.078734e+00
356 1.702098e+00 1.094974e+00
357 1.712545e+00 1.096454e+00
358 1.709925e+00 1.082974e+00
359 1.718058e+00 1.078736e+00
360 1.715668e+00 1.082065e+00
361 1.708966e+00 1.082960e+00
362 1.708186e+00 1.078677e+00
363 1.734817e+00 9.945498e-01
364 1.714483e+00 1.025623e+00
365 1.714328e+00 1.025284e+00
366 1.709240e+00 1.040304e+00
367 1.760560e+00 1.065773e+00
368 1.772103e+00 1.059506e+00
369 1.771052e+00 1.066303e+00
370 1.794244e+00 1.059519e+00
371 1.816188e+00 1.100291e+00
372 1.775752e+00 1.082409e+00
373 1.766746e+00 1.106503e+00
374 1.766406e+00 1.108955e+00
375 1.761623e+00 1.113877e+00
376 1.764865e+00 1.124894e+00
377 1.759969e+00 1.133291e+00
378 1.731287e+00 1.126028e+00
379 1.731489e+00 1.124730e+00
380 1.744874e+00 1.101245e+00
381 1.715280e+00 1.118261e+00
382 1.713852e+00 1.120443e+00
383 1.720597e+00 1.120716e+00
384 1.709452e+00 1.123236e+00
385 1.697998e+00 1.111904e+00
386 1.747050e+00 1.108665e+00
387 1.764002e+00 1.101256e+00
388 1.747423e+00 1.089853e+00
389 1.749447e+00 1.093634e+00
390 1.703866e+00 1.119938e+00
391 1.704155e+00 1.118730e+00
392 1.664202e+00 1.121421e+00
393 1.644270e+00 1.130001e+00
394 1.657682e+00 1.109360e+00
395 1.657244e+00 1.109846e+00
396 1.700689e+00 1.106257e+00
397 1.662902e+00 1.025747e+00
398 1.671925e+00 1.015583e+00
399 1.671788e+00 1.018130e+00
400 1.672446e+00 1.021144e+00
401 1.668674e+00 1.020895e+00
402 1.690521e+00 1.003371e+00
403 1.688774e+00 1.038371e+00
404 1.676809e+00 1.037202e+00
405 1.675856e+00 1.033077e+00
406 1.675617e+00 1.031988e+00
407 1.655832e+00 1.027418e+00
408 1.656350e+00 1.028109e+00
409 1.655878e+00 1.028486e+00
410 1.662068e+00 1.021591e+00
411 1.636165e+00 1.033004e+00
412 1.637536e+00 1.031469e+00
413 1.672968e+00 1.035565e+00
414 1.680694e+00 1.025499e+00
415 1.684173e+00 1.030195e+00
416 1.687702e+00 1.050825e+00
417 1.676617e+00 1.079012e+00
418 1.675752e+00 1.062517e+00
419 1.699173e+00 1.061843e+00
420 1.654964e+00 1.042161e+00
421 1.652408e+00 1.038104e+00
422 1.650321e+00 1.036741e+00
423 1.640636e+00 1.046434e+00
424 1.641037e+00 1.046549e+00
425 1.654219e+00 1.066348e+00
426 1.658411e+00 1.079617e+00
427 1.666501e+00 1.082137e+00
428 1.651252e+00 1.075077e+00
429 1.657383e+00 1.079905e+00
430 1.686935e+00 1.149454e+00
431 1.698960e+00 1.129796e+00
432 1.692504e+00 1.123001e+00
433 1.682347e+00 1.130099e+00
434 1.697530e+00 1.123763e+00
435 1.692950e+00 1.126780e+00
436 1.710130e+00 1.129333e+00
437 1.719028e+00 1.127480e+00
438 1.722530e+00 1.133486e+00
439 1.694444e+00 1.172110e+00
440 1.702194e+00 1.177263e+00
441 1.727053e+00 1.174178e+00
442 1.730306e+00 1.154127e+00
443 1.703826e+00 1.171894e+00
444 1.706458e+00 1.160064e+00
445 1.705442e+00 1.159203e+00
446 1.652339e+00 1.135878e+00
447 1.650087e+00 1.147629e+00
448 1.682449e+00 1.131453e+00
449 1.669997e+00 1.133600e+00
450 1.674097e+00 1.128006e+00
451 1.677614e+00 1.135984e+00
452 1.665778e+00 1.141231e+00
453 1.669082e+00 1.142941e+00
454 1.660228e+00 1.148895e+00
455 1.684578e+00 1.136212e+00
456 1.691180e+00 1.071980e+00
457 1.693641e+00 1.076806e+00
458 1.675969e+00 1.138732e+00
459 1.689211e+00 1.146993e+00
460 1.698739e+00 1.133552e+00
461 1.706382e+00 1.132202e+00
462 1.797490e+00 1.145129e+00
463 1.781225e+00 1.122703e+00
464 1.801572e+00 1.091098e+00
465 1.806360e+00 1.082889e+00
466 1.809062e+00 1.087709e+00
467 1.815136e+00 1.090392e+00
468 1.808167e+00 1.084397e+00
469 1.805945e+00 1.088310e+00
470 1.821039e+00 1.098745e+00
471 1.824056e+00 1.092483e+00
472 1.767242e+00 1.100454e+00
473 1.808075e+00 1.151702e+00
474 1.807294e+00 1.151031e+00
475 1.811681e+00 1.158893e+00
476 1.817758e+00 1.139523e+00
477 1.800154e+00 1.130063e+00
478 1.790389e+00 1.131775e+00
479 1.787365e+00 1.097710e+00
480 1.773684e+00 1.117130e+00
481 1.772244e+00 1.121593e+00
482 1.770178e+00 1.122643e+00
483 1.762735e+00 1.119482e+00
484 1.771810e+00 1.112467e+00
485 1.772651e+00 1.112824e+00
486 1.817654e+00 1.156813e+00
487 1.830814e+00 1.166950e+00
488 1.822433e+00 1.178221e+00
489 1.824453e+00 1.184497e+00
490 1.823042e+00 1.183989e+00
491 1.820708e+00 1.180049e+00
492 1.848713e+00 1.169597e+00
493 1.857952e+00 1.160015e+00
494 1.880873e+00 1.128629e+00
495 1.881452e+00 1.127192e+00
496 1.869449e+00 1.157305e+00
497 1.935351e+00 1.194970e+00
498 1.936271e+00 1.201268e+00
499 1.935740e+00 1.205139e+00
500 1.956417e+00 1.228147e+00
501 1.957078e+00 1.226732e+00
502 1.929113e+00 1.212715e+00
503 1.948977e+00 1.207838e+00
504 1.971523e+00 1.182338e+00
505 1.963543e+00 1.164333e+00
506 1.943744e+00 1.128729e+00
507 1.948893e+00 1.120937e+00
508 1.939315e+00 1.125795e+00
509 1.949707e+00 1.111570e+00
510 1.943628e+00 1.128235e+00
511 1.943341e+00 1.128278e+00
512 1.943077e+00 1.137439e+00
513 1.943597e+00 1.142113e+00
514 1.921536e+00 1.102342e+00
515 1.920014e+00 1.109694e+00
516 1.927545e+00 1.107640e+00
517 1.925810e+00 1.124275e+00
518 1.950113e+00 1.160039e+00
519 1.947980e+00 1.145637e+00
520 1.966577e+00 1.126288e+00
521 1.974473e+00 1.113864e+00
522 1.962666e+00 1.119454e+00
523 1.975553e+00 1.105328e+00
524 1.972224e+00 1.117032e+00
525 1.968440e+00 1.117443e+00
526 1.971176e+00 1.116831e+00
527 1.980738e+00 1.115300e+00
528 1.982188e+00 1.102029e+00
529 2.018126e+00 1.130359e+00
530 2.013289e+00 1.132105e+00
531 2.014277e+00 1.135085e+00
532 2.017023e+00 1.122696e+00
533 2.017020e+00 1.142130e+00
534 2.010358e+00 1.145499e+00
535 1.962251e+00 1.102608e+00
536 1.936054e+00 1.101970e+00
537 1.970405e+00 1.103281e+00
538 1.958465e+00 1.115050e+00
539 1.952979e+00 1.132154e+00
540 1.891706e+00 1.098405e+00
541 1.837369e+00 1.085589e+00
542 1.838485e+00 1.070808e+00
543 1.836384e+00 1.071084e+00
544 1.842199e+00 1.072045e+00
545 1.834560e+00 1.079517e+00
546 1.844283e+00 1.091477e+00
547 1.844512e+00 1.096376e+00
548 1.849614e+00 1.099322e+00
549 1.838570e+00 1.098527e+00
550 1.834687e+00 1.104073e+00
551 1.819571e+00 1.065233e+00
552 1.805666e+00 1.069438e+00
553 1.785950e+00 1.060473e+00
554 1.783831e+00 1.054338e+00
555 1.788787e+00 1.052347e+00
556 1.789162e+00 1.051968e+00
557 1.743556e+00 1.157596e+00
558 1.746255e+00 1.152906e+00
559 1.753312e+00 1.143557e+00
560 1.761554e+00 1.141267e+00
561 1.796532e+00 1.158613e+00
562 1.797171e+00 1.164586e+00
563 1.798611e+00 1.164213e+00
564 1.794187e+00 1.167782e+00
565 1.787025e+00 1.164543e+00
566 1.777158e+00 1.150715e+00
567 1.754493e+00 1.144608e+00
568 1.800550e+00 1.194635e+00
569 1.805192e+00 1.212507e+00
570 1.805192e+00 1.212505e+00
571 1.792089e+00 1.210676e+00
572 1.794197e+00 1.209343e+00
573 1.797817e+00 1.198234e+00
574 1.808229e+00 1.196891e+00
575 1.808221e+00 1.196898e+00
576 1.790807e+00 1.194565e+00
577 1.795836e+00 1.202426e+00
578 1.793586e+00 1.231665e+00
579 1.799230e+00 1.232591e+00
580 1.767748e+00 1.212282e+00
581 1.767758e+00 1.217610e+00
582 1.719354e+00 1.211138e+00
583 1.721299e+00 1.216485e+00
584 1.727669e+00 1.240567e+00
585 1.739676e+00 1.236204e+00
586 1.755697e+00 1.240367e+00
587 1.758141e+00 1.187820e+00
588 1.744621e+00 1.168752e+00
589 1.727527e+00 1.094889e+00
590 1.714204e+00 1.057016e+00
591 1.756743e+00 1.051889e+00
592 1.708962e+00 9.998316e-01
593 1.736616e+00 1.035607e+00
594 1.734645e+00 1.027326e+00
595 1.703956e+00 9.858447e-01
596 1.714178e+00 9.810311e-01
597 1.682302e+00 1.003378e+00
598 1.682744e+00 1.003663e+00
599 1.681106e+00 9.791746e-01
600 1.773936e+00 9.977005e-01
601 1.764389e+00 1.001937e+00
602 1.770883e+00 1.006747e+00
603 1.777767e+00 1.039582e+00
604 1.772861e+00 1.044025e+00
605 1.775238e+00 1.043748e+00
606 1.774041e+00 1.055561e+00
607 1.757626e+00 1.072638e+00
608 1.765955e+00 1.096894e+00
609 1.769730e+00 1.136623e+00
610 1.798627e+00 1.151301e+00
611 1.819567e+00 1.160476e+00
612 1.805874e+00 1.198112e+00
613 1.806067e+00 1.203725e+00
614 1.804394e+00 1.223348e+00
615 1.831202e+00 1.284626e+00
616 1.826762e+00 1.287131e+00
617 1.842294e+00 1.296569e+00
618 1.860442e+00 1.276850e+00
619 1.806394e+00 1.250732e+00
620 1.796915e+00 1.278593e+00
621 1.805947e+00 1.286146e+00
622 1.803775e+00 1.287297e+00
623 1.800893e+00 1.258165e+00
624 1.809287e+00 1.229982e+00
625 1.800075e+00 1.229453e+00
626 1.794959e+00 1.225708e+00
627 1.763603e+00 1.186230e+00
628 1.752459e+00 1.222430e+00
629 1.755207e+00 1.220035e+00
630 1.676493e+00 1.345802e+00
631 1.678147e+00 1.346107e+00
632 1.659996e+00 1.375876e+00
633 1.655097e+00 1.377385e+00
634 1.679130e+00 1.370385e+00
635 1.679089e+00 1.370307e+00
636 1.682590e+00 1.373671e+00
637 1.696568e+00 1.371692e+00
638 1.704438e+00 1.375767e+00
639 1.702706e+00 1.378950e+00
640 1.697213e+00 1.379705e+00
641 1.693435e+00 1.374953e+00
642 1.693094e+00 1.397628e+00
643 1.702429e+00 1.402007e+00
644 1.682621e+00 1.407664e+00
645 1.649210e+00 1.405609e+00
646 1.667773e+00 1.401644e+00
647 1.672312e+00 1.403508e+00
648 1.697629e+00 1.396769e+00
649 1.695818e+00 1.398302e+00
650 1.683533e+00 1.408965e+00
651 1.705750e+00 1.407294e+00
652 1.722184e+00 1.436946e+00
653 1.699050e+00 1.433432e+00
654 1.691463e+00 1.427180e+00
655 1.647955e+00 1.397408e+00
656 1.651591e+00 1.408075e+00
657 1.638587e+00 1.387760e+00
658 1.633691e+00 1.395337e+00
659 1.640521e+00 1.404724e+00
660 1.629735e+00 1.421281e+00
661 1.627905e+00 1.413884e+00
662 1.633289e+00 1.410349e+00
663 1.646501e+00 1.398173e+00
664 1.643267e+00 1.396137e+00
665 1.627621e+00 1.394110e+00
666 1.624342e+00 1.418171e+00
667 1.628252e+00 1.414168e+00
668 1.615524e+00 1.414604e+00
669 1.633781e+00 1.394045e+00
670 1.635222e+00 1.414217e+00
671 1.635656e+00 1.416354e+00
672 1.617098e+00 1.435595e+00
673 1.621625e+00 1.456559e+00
674 1.615565e+00 1.464115e+00
675 1.613940e+00 1.459755e+00
676 1.616387e+00 1.454986e+00
677 1.597710e+00 1.455190e+00
678 1.603737e+00 1.460686e+00
679 1.566756e+00 1.417501e+00
680 1.570783e+00 1.417124e+00
681 1.535264e+00 1.419970e+00
682 1.580214e+00 1.394278e+00
683 1.580553e+00 1.395438e+00
684 1.569024e+00 1.397000e+00
685 1.565751e+00 1.405417e+00
686 1.566332e+00 1.405177e+00
687 1.566114e+00 1.404779e+00
688 1.567960e+00 1.405679e+00
689 1.604693e+00 1.388485e+00
690 1.525264e+00 1.392275e+00
691 1.549481e+00 1.392719e+00
692 1.566847e+00 1.411957e+00
693 1.565346e+00 1.412440e+00
694 1.558564e+00 1.403795e+00
695 1.460098e+00 1.405832e+00
696 1.453031e+00 1.403971e+00
697 1.452541e+00 1.404077e+00
698 1.461162e+00 1.396231e+00
699 1.466046e+00 1.389668e+00
700 1.447549e+00 1.395810e+00
701 1.448894e+00 1.388723e+00
702 1.433045e+00 1.395575e+00
703 1.431864e+00 1.387160e+00
704 1.426591e+00 1.395478e+00
705 1.428886e+00 1.421614e+00
706 1.414078e+00 1.441711e+00
707 1.378885e+00 1.450493e+00
708 1.383465e+00 1.456992e+00
709 1.366732e+00 1.452648e+00
710 1.369652e+00 1.448055e+00
711 1.363674e+00 1.458560e+00
712 1.364639e+00 1.457422e+00
713 1.355478e+00 1.458077e+00
714 1.343614e+00 1.459994e+00
715 1.297055e+00 1.460733e+00
716 1.311983e+00 1.411896e+00
717 1.322629e+00 1.428760e+00
718 1.326104e+00 1.402795e+00
719 1.317283e+00 1.405364e+00
720 1.322290e+00 1.411083e+00
721 1.318513e+00 1.432078e+00
722 1.300853e+00 1.454119e+00
723 1.299964e+00 1.450493e+00
724 1.294917e+00 1.450857e+00
725 1.299337e+00 1.454731e+00
726 1.266031e+00 1.480487e+00
727 1.266166e+00 1.480636e+00
728 1.271512e+00 1.502797e+00
729 1.323171e+00 1.515218e+00
730 1.329824e+00 1.531267e+00
731 1.327201e+00 1.538024e+00
732 1.331594e+00 1.541237e+00
733 1.345500e+00 1.544600e+00
734 1.346370e+00 1.544164e+00
735 1.347255e+00 1.545658e+00
736 1.341635e+00 1.549053e+00
737 1.336664e+00 1.556709e+00
738 1.311788e+00 1.590791e+00
739 1.339399e+00 1.580190e+00
740 1.347141e+00 1.534845e+00
741 1.325337e+00 1.530306e+00
742 1.323418e+00 1.526055e+00
743 1.299691e+00 1.498802e+00
744 1.293690e+00 1.507911e+00
745 1.243089e+00 1.530933e+00
746 1.219015e+00 1.517493e+00
747 1.249897e+00 1.508407e+00
748 1.249667e+00 1.492517e+00
749 1.248695e+00 1.493658e+00
750 1.269964e+00 1.495174e+00
751 1.278549e+00 1.483598e+00
752 1.290553e+00 1.460886e+00
753 1.282453e+00 1.479920e+00
754 1.294198e+00 1.467449e+00
755 1.295658e+00 1.441500e+00
756 1.295503e+00 1.432906e+00
757 1.326741e+00 1.426869e+00
758 1.353178e+00 1.412699e+00
759 1.352215e+00 1.410464e+00
760 1.354737e+00 1.417855e+00
761 1.347128e+00 1.418047e+00
762 1.396431e+00 1.454448e+00
763 1.369287e+00 1.459959e+00
764 1.352600e+00 1.452254e+00
765 1.314063e+00 1.448470e+00
766 1.215581e+00 1.429991e+00
767 1.188799e+00 1.411911e+00
768 1.177421e+00 1.407101e+00
769 1.177194e+00 1.406568e+00
770 1.150298e+00 1.374620e+00
771 1.164880e+00 1.400745e+00
772 1.145784e+00 1.395494e+00
773 1.150603e+00 1.390729e+00
774 1.134486e+00 1.365657e+00
775 1.135026e+00 1.364233e+00
776 1.150600e+00 1.364324e+00
777 1.200780e+00 1.368188e+00
778 1.193683e+00 1.379034e+00
779 1.152141e+00 1.389073e+00
780 1.176772e+00 1.384191e+00
781 1.174791e+00 1.392014e+00
782 1.177519e+00 1.400311e+00
783 1.162448e+00 1.406697e+00
784 1.166914e+00 1.394118e+00
785 1.111527e+00 1.361562e+00
786 1.110469e+00 1.353945e+00
787 1.121097e+00 1.368242e+00
788 1.122815e+00 1.362185e+00
789 1.107311e+00 1.351090e+00
790 1.121356e+00 1.357026e+00
791 1.120797e+00 1.356970e+00
792 1.132637e+00 1.419736e+00
793 1.068604e+00 1.435381e+00
794 1.068604e+00 1.435424e+00
795 1.092084e+00 1.492195e+00
796 1.095756e+00 1.493782e+00
797 1.080197e+00 1.594276e+00
798 1.094902e+00 1.573508e+00
799 1.103979e+00 1.655008e+00
800 1.091895e+00 1.681350e+00
801 1.068651e+00 1.716385e+00
802 1.084637e+00 1.708054e+00
803 1.082992e+00 1.711804e+00
804 1.084000e+00 1.711441e+00
805 1.076881e+00 1.699575e+00
806 1.075471e+00 1.699216e+00
807 1.102955e+00 1.650501e+00
808 1.116041e+00 1.642327e+00
809 1.112707e+00 1.641274e+00
810 1.113052e+00 1.637966e+00
811 1.119518e+00 1.635447e+00
812 1.105576e+00 1.661573e+00
813 1.113620e+00 1.673995e+00
814 1.120357e+00 1.666717e+00
815 1.125560e+00 1.665878e+00
816 1.119923e+00 1.653316e+00
817 1.142758e+00 1.671211e+00
818 1.144156e+00 1.662697e+00
819 1.165858e+00 1.732808e+00
820 1.155979e+00 1.749592e+00
821 1.156826e+00 1.753544e+00
822 1.158956e+00 1.756706e+00
823 1.079482e+00 1.740199e+00
824 1.119545e+00 1.723925e+00
825 1.120610e+00 1.723984e+00
826 1.067918e+00 1.754214e+00
827 1.056642e+00 1.778007e+00
828 1.062023e+00 1.816611e+00
829 1.048069e+00 1.822501e+00
830 1.047024e+00 1.775619e+00
831 1.061004e+00 1.783983e+00
832 1.054624e+00 1.777076e+00
833 1.074761e+00 1.772767e+00
834 1.087599e+00 1.754112e+00
835 1.042443e+00 1.713563e+00
836 1.029714e+00 1.711064e+00
837 1.029946e+00 1.711288e+00
838 1.018201e+00 1.721034e+00
839 1.003837e+00 1.707342e+00
840 9.894588e-01 1.699524e+00
841 9.896670e-01 1.700247e+00
842 9.773998e-01 1.720436e+00
843 9.826251e-01 1.710806e+00
844 9.682405e-01 1.723838e+00
845 9.775113e-01 1.725519e+00
846 9.939940e-01 1.747531e+00
847 1.003277e+00 1.770411e+00
848 1.010478e+00 1.771919e+00
849 1.019259e+00 1.783166e+00
850 1.001616e+00 1.761767e+00
851 9.904041e-01 1.752476e+00
852 9.624535e-01 1.767911e+00
853 9.674302e-01 1.808999e+00
854 9.635929e-01 1.799006e+00
855 9.371360e-01 1.796126e+00
856 9.555118e-01 1.796270e+00
857 9.739952e-01 1.797251e+00
858 9.755882e-01 1.823812e+00
859 9.752202e-01 1.824534e+00
860 9.648431e-01 1.781821e+00
861 9.589411e-01 1.796607e+00
862 9.669236e-01 1.800945e+00
863 9.680237e-01 1.799345e+00
864 9.709532e-01 1.799328e+00
865 9.690724e-01 1.794171e+00
866 9.688561e-01 1.791136e+00
867 9.577506e-01 1.788311e+00
868 9.383328e-01 1.782295e+00
869 9.254803e-01 1.825536e+00
870 9.195947e-01 1.832597e+00
871 9.163947e-01 1.833164e+00
872 9.394117e-01 1.855716e+00
873 9.335940e-01 1.857199e+00
874 9.459593e-01 1.835396e+00
875 9.639288e-01 1.797215e+00
876 9.649380e-01 1.797885e+00
877 9.678230e-01 1.798867e+00
878 9.186714e-01 1.757507e+00
879 9.193024e-01 1.753312e+00
880 8.941201e-01 1.729559e+00
881 8.939076e-01 1.780148e+00
882 8.883678e-01 1.775406e+00
883 8.866268e-01 1.764024e+00
884 9.009894e-01 1.836525e+00
885 9.018753e-01 1.836867e+00
886 9.027258e-01 1.850550e+00
887 9.005665e-01 1.842954e+00
888 8.980603e-01 1.846258e+00
889 8.947419e-01 1.825034e+00
890 9.068322e-01 1.843492e+00
891 9.123982e-01 1.849088e+00
892 9.324137e-01 1.852063e+00
893 9.372723e-01 1.809873e+00
894 9.287031e-01 1.794685e+00
895 9.560292e-01 1.799636e+00
896 9.655017e-01 1.782529e+00
897 9.643850e-01 1.785419e+00
898 9.471676e-01 1.765769e+00
899 9.613298e-01 1.822968e+00
900 9.625818e-01 1.821099e+00
901 9.627400e-01 1.821088e+00
902 9.591397e-01 1.793860e+00
903 9.604705e-01 1.781897e+00
904 9.587784e-01 1.776163e+00
905 9.639327e-01 1.766140e+00
906 9.497911e-01 1.776694e+00
907 9.527203e-01 1.772446e+00
908 9.615142e-01 1.731382e+00
909 9.669955e-01 1.730580e+00
910 9.667421e-01 1.730803e+00
911 9.641468e-01 1.726434e+00
912 9.861412e-01 1.710670e+00
913 9.594561e-01 1.703874e+00
914 9.606471e-01 1.698320e+00
915 9.698065e-01 1.706466e+00
916 1.015679e+00 1.720033e+00
917 1.032289e+00 1.760299e+00
918 1.010015e+00 1.742109e+00
919 9.968870e-01 1.730171e+00
920 9.998059e-01 1.719250e+00
921 9.973280e-01 1.715268e+00
922 9.644832e-01 1.690436e+00
923 9.681104e-01 1.710457e+00
924 9.675594e-01 1.710017e+00
925 9.695824e-01 1.707873e+00
926 9.051503e-01 1.695528e+00
927 8.518788e-01 1.754723e+00
928 9.100763e-01 1.779428e+00
929 9.012074e-01 1.768493e+00
930 9.006110e-01 1.768380e+00
931 9.012551e-01 1.768776e+00
932 9.131364e-01 1.770047e+00
933 9.186735e-01 1.768289e+00
934 9.297362e-01 1.795206e+00
935 9.366999e-01 1.792041e+00
936 9.381301e-01 1.797134e+00
937 9.417053e-01 1.789137e+00
938 9.452201e-01 1.785329e+00
939 9.402993e-01 1.796745e+00
940 9.252559e-01 1.816411e+00
941 9.429097e-01 1.802770e+00
942 9.428957e-01 1.802770e+00
943 9.147061e-01 1.793109e+00
944 9.169747e-01 1.765780e+00
945 9.179438e-01 1.771796e+00
946 8.940777e-01 1.783694e+00
947 8.862267e-01 1.793653e+00
948 8.779722e-01 1.784628e+00
949 7.685986e-01 1.790918e+00
950 7.619789e-01 1.888695e+00
951 7.690851e-01 1.896518e+00
952 7.722540e-01 1.872063e+00
953 7.471684e-01 1.837082e+00
954 7.356182e-01 1.840564e+00
955 7.479651e-01 1.844531e+00
956 7.614015e-01 1.875324e+00
957 7.607588e-01 1.862078e+00
958 7.366990e-01 1.893535e+00
959 6.682408e-01 1.915195e+00
960 6.771766e-01 1.917239e+00
961 6.772347e-01 1.917764e+00
962 6.833226e-01 1.912245e+00
963 6.944921e-01 1.901459e+00
964 6.956813e-01 1.898648e+00
965 6.895908e-01 1.911849e+00
966 6.870003e-01 1.914113e+00
967 6.158837e-01 1.833390e+00
968 6.243784e-01 1.848414e+00
969 6.252741e-01 1.850125e+00
970 6.139072e-01 1.868570e+00
971 6.093054e-01 1.865495e+00
972 6.083985e-01 1.845819e+00
973 6.084622e-01 1.849094e+00
974 5.954494e-01 1.850992e+00
975 5.948464e-01 1.850147e+00
976 5.832358e-01 1.848607e+00
977 5.721044e-01 1.856889e+00
978 5.706353e-01 1.855309e+00
979 6.222493e-01 1.884654e+00
980 5.984200e-01 1.850910e+00
981 6.047644e-01 1.825599e+00
982 6.177473e-01 1.823750e+00
983 6.299982e-01 1.799085e+00
984 6.120422e-01 1.803971e+00
985 6.146825e-01 1.813115e+00
986 6.129559e-01 1.802303e+00
987 6.044205e-01 1.796708e+00
988 5.976980e-01 1.807491e+00
989 5.965431e-01 1.803935e+00
990 5.977091e-01 1.812528e+00
991 5.708977e-01 1.786270e+00
992 5.593116e-01 1.777980e+00
993 5.608521e-01 1.794975e+00
994 5.563287e-01 1.799023e+00
995 5.544165e-01 1.790098e+00
996 5.553297e-01 1.785227e+00
997 5.521265e-01 1.794752e+00
998 5.465633e-01 1.768510e+00
999 5.470622e-01 1.786129e+00
1000 5.711443e-01 1.780353e+00
1001 5.575285e-01 1.806364e+00
1002 5.648175e-01 1.805470e+00
1003 5.638938e-01 1.765984e+00
1004 5.554065e-01 1.755975e+00
1005 5.558203e-01 1.756166e+00
1006 5.602013e-01 1.777415e+00
1007 5.598466e-01 1.775855e+00
1008 5.604525e-01 1.776779e+00
1009 5.658523e-01 1.779136e+00
1010 5.795049e-01 1.811731e+00
1011 5.789302e-01 1.814340e+00
1012 5.431968e-01 1.814972e+00
1013 5.398150e-01 1.809227e+00
1014 5.464108e-01 1.769037e+00
1015 5.370113e-01 1.767139e+00
1016 5.440002e-01 1.768917e+00
1017 5.599835e-01 1.781669e+00
1018 5.507473e-01 1.780586e+00
1019 5.513365e-01 1.789984e+00
1020 4.953373e-01 1.863828e+00
1021 4.728951e-01 1.840964e+00
1022 4.534256e-01 1.822598e+00
1023 4.675804e-01 1.835151e+00
1024 4.525221e-01 1.836095e+00
1025 4.381613e-01 1.828516e+00
1026 4.401101e-01 1.827983e+00
1027 4.393279e-01 1.827506e+00
1028 4.523548e-01 1.847381e+00
1029 4.674909e-01 1.861874e+00
1030 4.550506e-01 1.876654e+00
1031 4.512301e-01 1.875778e+00
1032 4.524188e-01 1.884478e+00
1033 4.545368e-01 1.886526e+00
1034 4.550816e-01 1.887061e+00
1035 3.654409e-01 1.877699e+00
1036 3.652729e-01 1.877765e+00
1037 3.176754e-01 1.879060e+00
1038 3.233565e-01 1.881640e+00
1039 3.232454e-01 1.881973e+00
1040 3.392682e-01 1.847030e+00
1041 3.079862e-01 1.862784e+00
1042 3.066342e-01 1.855952e+00
1043 3.352364e-01 1.820248e+00
1044 3.336908e-01 1.825016e+00
1045 3.184067e-01 1.822323e+00
1046 3.418182e-01 1.833758e+00
1047 3.453420e-01 1.844377e+00
1048 3.412343e-01 1.868067e+00
1049 3.400135e-01 1.900051e+00
1050 3.494604e-01 1.945914e+00
1051 3.851942e-01 1.919895e+00
1052 3.829046e-01 1.927253e+00
1053 3.756810e-01 1.922190e+00
1054 3.472669e-01 1.901342e+00
1055 3.109492e-01 1.914875e+00
1056 3.513907e-01 1.901414e+00
1057 3.508938e-01 1.901993e+00
1058 4.018622e-01 1.909581e+00
1059 4.021177e-01 1.909573e+00
1060 4.263689e-01 1.915611e+00
1061 4.296940e-01 1.926138e+00
1062 4.265536e-01 1.924520e+00
1063 4.091364e-01 1.904482e+00
1064 4.080498e-01 1.904126e+00
1065 4.177167e-01 1.863766e+00
1066 3.511823e-01 1.833741e+00
1067 3.483636e-01 1.832519e+00
1068 3.263577e-01 1.836291e+00
1069 3.241448e-01 1.836109e+00
1070 3.257455e-01 1.840144e+00
1071 3.241787e-01 1.845638e+00
1072 3.156311e-01 1.842616e+00
1073 3.037398e-01 1.850725e+00
1074 3.090536e-01 1.853185e+00
1075 2.977972e-01 1.861634e+00
1076 3.034937e-01 1.883116e+00
1077 3.219986e-01 1.873443e+00
1078 3.575001e-01 1.898500e+00
1079 3.750608e-01 1.892174e+00
1080 3.724301e-01 1.898592e+00
1081 3.753790e-01 1.861046e+00
1082 4.046517e-01 1.847928e+00
1083 3.846010e-01 1.873187e+00
1084 3.728027e-01 1.886344e+00
1085 3.769777e-01 1.787509e+00
1086 3.495053e-01 1.842636e+00
1087 3.537559e-01 1.843928e+00
1088 3.159570e-01 1.821417e+00
1089 2.974434e-01 1.817397e+00
1090 3.106816e-01 1.817802e+00
1091 3.272556e-01 1.804027e+00
1092 3.280651e-01 1.791704e+00
1093 3.242912e-01 1.788855e+00
1094 3.268834e-01 1.811702e+00
1095 3.288479e-01 1.837731e+00
1096 3.204325e-01 1.844678e+00
1097 3.326043e-01 1.861836e+00
1098 3.330412e-01 1.862501e+00
1099 3.810430e-01 1.848240e+00
1100 3.754063e-01 1.850231e+00
1101 4.015949e-01 1.842785e+00
1102 4.260857e-01 1.881978e+00
1103 4.240273e-01 1.878521e+00
1104 4.213173e-01 1.884914e+00
1105 3.851714e-01 1.900011e+00
1106 3.867324e-01 1.899288e+00
1107 3.865948e-01 1.954186e+00
1108 4.176460e-01 1.935144e+00
1109 4.250280e-01 1.940598e+00
1110 4.117778e-01 1.935041e+00
1111 4.073886e-01 1.938367e+00
1112 4.013265e-01 1.906085e+00
1113 4.008657e-01 1.907758e+00
1114 4.189490e-01 1.962782e+00
1115 4.604775e-01 1.925692e+00
1116 4.590040e-01 1.926051e+00
1117 4.443666e-01 1.931450e+00
1118 4.448354e-01 1.904871e+00
1119 4.502986e-01 1.917151e+00
1120 4.489441e-01 1.917160e+00
1121 4.490200e-01 1.916704e+00
1122 4.751216e-01 1.932598e+00
1123 4.764375e-01 1.930449e+00
1124 4.436926e-01 1.918410e+00
1125 4.402323e-01 1.902381e+00
1126 4.023813e-01 1.871687e+00
1127 4.166825e-01 1.876234e+00
1128 4.163908e-01 1.879021e+00
1129 4.558505e-01 1.914789e+00
1130 4.512133e-01 1.911189e+00
1131 5.040939e-01 1.863084e+00
1132 5.066390e-01 1.867470e+00
1133 5.082242e-01 1.844568e+00
1134 5.155660e-01 1.830474e+00
1135 4.790363e-01 1.832878e+00
1136 4.809470e-01 1.837569e+00
1137 4.600744e-01 1.837809e+00
1138 4.572371e-01 1.809545e+00
1139 4.580132e-01 1.807561e+00
1140 4.479322e-01 1.813578e+00
1141 4.495246e-01 1.810524e+00
1142 3.967612e-01 1.784029e+00
1143 3.967036e-01 1.784529e+00
1144 4.039582e-01 1.769488e+00
1145 4.005979e-01 1.763889e+00
1146 4.007761e-01 1.763795e+00
1147 4.107496e-01 1.771326e+00
1148 4.642953e-01 1.783656e+00
1149 4.350062e-01 1.770310e+00
1150 4.232810e-01 1.756142e+00
1151 4.486756e-01 1.767513e+00
1152 4.463184e-01 1.764468e+00
1153 4.395172e-01 1.750949e+00
1154 4.412962e-01 1.762975e+00
1155 4.102580e-01 1.774086e+00
1156 3.787971e-01 1.783240e+00
1157 3.839664e-01 1.798175e+00
1158 3.800081e-01 1.800061e+00
1159 3.648899e-01 1.800399e+00
1160 3.739648e-01 1.822031e+00
1161 3.631143e-01 1.832605e+00
1162 3.338704e-01 1.821247e+00
1163 3.209220e-01 1.796964e+00
1164 2.893015e-01 1.796824e+00
1165 2.858037e-01 1.797552e+00
1166 2.484339e-01 1.824381e+00
1167 2.491732e-01 1.828132e+00
1168 2.501186e-01 1.827478e+00
1169 2.342552e-01 1.841126e+00
1170 2.373539e-01 1.822970e+00
1171 2.629607e-01 1.833633e+00
1172 2.640215e-01 1.834029e+00
1173 2.637562e-01 1.834129e+00
1174 2.656581e-01 1.827701e+00
1175 2.713821e-01 1.841852e+00
1176 2.737657e-01 1.861588e+00
1177 2.664119e-01 1.843541e+00
1178 2.301977e-01 1.825039e+00
1179 2.920916e-01 1.866519e+00
1180 3.025925e-01 1.886720e+00
1181 3.040296e-01 1.902816e+00
1182 3.040429e-01 1.901612e+00
1183 3.007948e-01 1.944719e+00
1184 2.997833e-01 1.945010e+00
1185 3.002994e-01 1.945539e+00
1186 2.646697e-01 1.968125e+00
1187 2.898389e-01 1.973384e+00
1188 2.696873e-01 1.982676e+00
1189 3.156217e-01 2.051178e+00
1190 3.225166e-01 2.061280e+00
1191 3.220662e-01 2.060295e+00
1192 2.973250e-01 2.107696e+00
1193 2.565616e-01 2.143051e+00
1194 2.830285e-01 2.129899e+00
1195 3.455457e-01 2.130595e+00
1196 3.173477e-01 2.113378e+00
1197 3.220028e-01 2.112412e+00
1198 3.503343e-01 2.054332e+00
1199 3.514453e-01 2.057236e+00
1200 3.473972e-01 2.055540e+00
1201 3.472865e-01 2.057888e+00
1202 3.252684e-01 2.039428e+00
1203 3.229723e-01 2.041271e+00
1204 3.284461e-01 2.022793e+00
1205 3.288943e-01 2.023882e+00
1206 3.452105e-01 2.006202e+00
1207 3.479099e-01 1.993273e+00
1208 3.370165e-01 1.974290e+00
1209 3.358332e-01 1.984427e+00
1210 3.170051e-01 1.961055e+00
1211 3.173643e-01 1.952246e+00
1212 3.259759e-01 1.948290e+00
1213 3.197847e-01 1.942024e+00
1214 3.055833e-01 1.962218e+00
1215 3.045108e-01 1.964374e+00
1216 3.035154e-01 1.961020e+00
1217 3.628079e-01 1.957074e+00
1218 3.631644e-01 1.957657e+00
1219 3.508051e-01 1.953175e+00
1220 3.641018e-01 1.915201e+00
1221 3.560744e-01 1.909594e+00
1222 3.112703e-01 1.903574e+00
1223 2.545416e-01 1.870423e+00
1224 2.604573e-01 1.868951e+00
1225 2.533917e-01 1.865011e+00
1226 2.215936e-01 1.876368e+00
1227 1.957355e-01 1.896693e+00
1228 1.935062e-01 1.903961e+00
1229 1.626441e-01 1.902410e+00
1230 1.570209e-01 1.909819e+00
1231 1.444260e-01 1.918673e+00
1232 1.356545e-01 1.907828e+00
1233 1.355099e-01 1.907931e+00
1234 1.299911e-01 1.897105e+00
1235 1.216434e-01 1.889217e+00
1236 1.173595e-01 1.862126e+00
1237 1.183310e-01 1.820683e+00
1238 1.319972e-01 1.827402e+00
1239 1.589872e-01 1.827094e+00
1240 1.761670e-01 1.827879e+00
1241 1.755723e-01 1.816892e+00
1242 1.726772e-01 1.823229e+00
1243 1.641940e-01 1.827935e+00
1244 1.824560e-01 1.818447e+00
1245 1.832166e-01 1.819125e+00
1246 1.835453e-01 1.818908e+00
1247 1.820579e-01 1.815183e+00
1248 1.471153e-01 1.779263e+00
1249 1.799726e-01 1.778292e+00
1250 1.790988e-01 1.780633e+00
1251 1.794925e-01 1.778344e+00
1252 1.964842e-01 1.763272e+00
1253 2.147759e-01 1.777560e+00
1254 2.089287e-01 1.787950e+00
1255 2.075542e-01 1.787816e+00
1256 1.937483e-01 1.769765e+00
1257 2.007765e-01 1.759839e+00
1258 1.924417e-01 1.759629e+00
1259 2.726483e-01 1.733173e+00
1260 3.217762e-01 1.716457e+00
1261 3.433392e-01 1.708097e+00
1262 3.284699e-01 1.714548e+00
1263 3.129465e-01 1.712811e+00
1264 3.218362e-01 1.778662e+00
1265 3.216858e-01 1.779412e+00
1266 3.480343e-01 1.833404e+00
1267 3.303333e-01 1.879316e+00
1268 3.466636e-01 1.856991e+00
1269 3.614828e-01 1.868235e+00
1270 3.615929e-01 1.870807e+00
1271 3.608958e-01 1.869162e+00
1272 3.248391e-01 1.845404e+00
1273 3.199927e-01 1.846208e+00
1274 2.577329e-01 1.864741e+00
1275 2.571983e-01 1.863044e+00
1276 2.618331e-01 1.870344e+00
1277 2.613114e-01 1.869549e+00
1278 2.899145e-01 1.892369e+00
1279 2.931019e-01 1.885848e+00
1280 2.860352e-01 1.913090e+00
1281 3.034167e-01 1.901521e+00
1282 3.500126e-01 1.893171e+00
1283 3.438488e-01 1.876537e+00
1284 3.587331e-01 1.862507e+00
1285 3.641791e-01 1.839552e+00
1286 2.457230e-01 1.843672e+00
1287 2.482386e-01 1.838624e+00
1288 2.396959e-01 1.827275e+00
1289 2.397662e-01 1.829599e+00
1290 2.441160e-01 1.848305e+00
1291 2.393462e-01 1.856714e+00
1292 2.358029e-01 1.902132e+00
1293 2.364611e-01 1.906336e+00
1294 2.408289e-01 1.888249e+00
1295 2.417836e-01 1.889452e+00
1296 2.384727e-01 1.889025e+00
1297 2.417606e-01 1.880806e+00
1298 2.425506e-01 1.888125e+00
1299 2.302269e-01 1.922681e+00
1300 2.384292e-01 1.929914e+00
1301 2.083780e-01 1.923743e+00
1302 2.170230e-01 1.920007e+00
1303 1.939325e-01 1.930853e+00
1304 2.021576e-01 1.893576e+00
1305 1.857903e-01 1.834908e+00
1306 1.860554e-01 1.809189e+00
1307 1.598693e-01 1.784139e+00
1308 1.614803e-01 1.785886e+00
1309 1.543144e-01 1.790842e+00
1310 1.753568e-01 1.797827e+00
1311 1.431087e-01 1.774339e+00
1312 1.573240e-01 1.825829e+00
1313 1.597752e-01 1.824522e+00
1314 1.837469e-01 1.792136e+00
1315 1.846201e-01 1.795107e+00
1316 2.073892e-01 1.800582e+00
1317 2.002985e-01 1.802604e+00
1318 1.972526e-01 1.809646e+00
1319 2.019974e-01 1.802823e+00
1320 1.660013e-01 1.767975e+00
1321 1.794324e-01 1.765439e+00
1322 1.772949e-01 1.749118e+00
1323 1.945522e-01 1.749767e+00
1324 1.019871e-01 1.695728e+00
1325 1.078228e-01 1.707375e+00
1326 1.131737e-01 1.653129e+00
1327 9.311120e-02 1.684623e+00
1328 8.336299e-02 1.680441e+00
1329 8.480297e-02 1.679207e+00
1330 8.679619e-02 1.719450e+00
1331 8.349137e-02 1.718582e+00
1332 7.551160e-02 1.703527e+00
1333 1.271129e-01 1.697918e+00
1334 1.284311e-01 1.695795e+00
1335 1.176037e-01 1.685073e+00
1336 1.186999e-01 1.676132e+00
1337 1.171626e-01 1.674018e+00
1338 1.177008e-01 1.676217e+00
1339 1.225969e-01 1.674927e+00
1340 1.306466e-01 1.685754e+00
1341 1.232524e-01 1.681496e+00
1342 1.223720e-01 1.658606e+00
1343 1.603073e-01 1.648547e+00
1344 1.608754e-01 1.650590e+00
1345 1.557013e-01 1.659345e+00
1346 1.556160e-01 1.658979e+00
1347 1.622723e-01 1.660560e+00
1348 1.639014e-01 1.661072e+00
1349 1.761447e-01 1.667107e+00
1350 2.071289e-01 1.673921e+00
1351 2.298738e-01 1.694667e+00
1352 2.264048e-01 1.693514e+00
1353 2.211342e-01 1.690554e+00
1354 2.240582e-01 1.684446e+00
1355 2.238041e-01 1.683165e+00
1356 2.229503e-01 1.684571e+00
1357 1.950068e-01 1.690368e+00
1358 2.160759e-01 1.684641e+00
1359 2.127770e-01 1.687304e+00
1360 2.124123e-01 1.718224e+00
1361 2.198094e-01 1.733044e+00
1362 2.069200e-01 1.730654e+00
1363 2.465452e-01 1.753218e+00
1364 2.400141e-01 1.757238e+00
1365 2.088440e-01 1.732358e+00
1366 2.056820e-01 1.733531e+00
1367 2.064067e-01 1.731448e+00
1368 1.944132e-01 1.720863e+00
1369 2.323632e-01 1.648852e+00
1370 2.338236e-01 1.646175e+00
1371 2.473428e-01 1.630710e+00
1372 3.163755e-01 1.596181e+00
1373 3.113368e-01 1.590980e+00
1374 3.171082e-01 1.579036e+00
1375 3.175606e-01 1.576879e+00
1376 2.987427e-01 1.570359e+00
1377 2.756665e-01 1.579526e+00
1378 2.842603e-01 1.592868e+00
1379 3.011409e-01 1.583366e+00
1380 3.008238e-01 1.582491e+00
1381 2.256240e-01 1.614953e+00
1382 1.959523e-01 1.586888e+00
1383 2.556781e-01 1.455476e+00
1384 2.718086e-01 1.446019e+00
1385 2.644670e-01 1.447590e+00
1386 2.609285e-01 1.437656e+00
1387 2.612996e-01 1.442753e+00
1388 2.603601e-01 1.430729e+00
1389 2.634937e-01 1.427879e+00
1390 2.920528e-01 1.435411e+00
1391 3.007713e-01 1.416922e+00
1392 2.765527e-01 1.407211e+00
1393 2.811188e-01 1.412832e+00
1394 2.834632e-01 1.426808e+00
1395 2.757534e-01 1.430787e+00
1396 2.755268e-01 1.428589e+00
1397 2.430927e-01 1.410381e+00
1398 2.454881e-01 1.409690e+00
1399 2.477679e-01 1.422227e+00
1400 2.443304e-01 1.420443e+00
1401 2.317669e-01 1.397445e+00
1402 2.310518e-01 1.397258e+00
1403 2.269575e-01 1.376485e+00
1404 2.045062e-01 1.388164e+00
1405 1.832155e-01 1.381713e+00
1406 1.627925e-01 1.378078e+00
1407 1.664581e-01 1.379225e+00
1408 1.582260e-01 1.399355e+00
1409 1.462357e-01 1.369142e+00
1410 1.437181e-01 1.366485e+00
1411 1.523484e-01 1.366397e+00
1412 1.523142e-01 1.362086e+00
1413 1.727854e-01 1.379758e+00
1414 1.748400e-01 1.374306e+00
1415 1.604397e-01 1.375997e+00
1416 1.682632e-01 1.384524e+00
1417 1.596710e-01 1.380951e+00
1418 1.613957e-01 1.381722e+00
1419 1.605567e-01 1.383087e+00
1420 1.638241e-01 1.317509e+00
1421 1.696265e-01 1.304032e+00
1422 2.279713e-01 1.251217e+00
1423 2.247980e-01 1.246726e+00
1424 2.390309e-01 1.251270e+00
1425 2.246357e-01 1.278588e+00
1426 2.122431e-01 1.288283e+00
1427 2.914734e-01 1.308279e+00
1428 2.789618e-01 1.302338e+00
1429 2.833392e-01 1.310092e+00
1430 2.826965e-01 1.310260e+00
1431 2.742039e-01 1.291889e+00
1432 2.576844e-01 1.269191e+00
1433 2.501245e-01 1.277785e+00
1434 2.339503e-01 1.286956e+00
1435 2.339943e-01 1.288817e+00
1436 2.965712e-01 1.258703e+00
1437 2.946268e-01 1.257996e+00
1438 3.532204e-01 1.235774e+00
1439 3.537498e-01 1.237996e+00
1440 4.063519e-01 1.227723e+00
1441 4.065244e-01 1.227855e+00
1442 4.039090e-01 1.223313e+00
1443 3.853384e-01 1.220641e+00
1444 4.017113e-01 1.236816e+00
1445 3.991294e-01 1.233664e+00
1446 3.679479e-01 1.261067e+00
1447 4.069166e-01 1.248162e+00
1448 4.075272e-01 1.252913e+00
1449 4.044681e-01 1.258746e+00
1450 3.684168e-01 1.263653e+00
1451 3.943554e-01 1.268636e+00
1452 3.753891e-01 1.300115e+00
1453 3.887626e-01 1.301673e+00
1454 3.969482e-01 1.295222e+00
1455 4.153253e-01 1.287529e+00
1456 4.040803e-01 1.279479e+00
1457 4.446313e-01 1.246578e+00
1458 3.991209e-01 1.266607e+00
1459 4.000120e-01 1.268409e+00
1460 3.869016e-01 1.246099e+00
1461 4.132381e-01 1.251285e+00
1462 4.020544e-01 1.269911e+00
1463 3.750992e-01 1.246856e+00
1464 3.667461e-01 1.254563e+00
1465 3.911447e-01 1.245508e+00
1466 3.997362e-01 1.253365e+00
1467 4.323111e-01 1.219130e+00
1468 4.258289e-01 1.224130e+00
1469 4.303000e-01 1.222625e+00
1470 4.186399e-01 1.225882e+00
1471 4.425376e-01 1.196346e+00
1472 4.400603e-01 1.203867e+00
1473 4.427493e-01 1.202499e+00
1474 4.268217e-01 1.210889e+00
1475 4.272960e-01 1.197863e+00
1476 4.269100e-01 1.200462e+00
1477 4.298049e-01 1.199555e+00
1478 4.287926e-01 1.181455e+00
1479 4.238076e-01 1.179003e+00
1480 4.241648e-01 1.177339e+00
1481 4.253705e-01 1.176985e+00
1482 4.262391e-01 1.176102e+00
1483 4.455838e-01 1.183086e+00
1484 4.494772e-01 1.176935e+00
1485 3.787529e-01 1.118041e+00
1486 3.379273e-01 1.074833e+00
1487 2.980526e-01 1.071793e+00
1488 2.514351e-01 1.102281e+00
1489 2.454352e-01 1.107386e+00
1490 2.280177e-01 1.061571e+00
1491 2.328961e-01 1.058459e+00
1492 2.804809e-01 1.090370e+00
1493 2.843709e-01 1.077556e+00
1494 2.999165e-01 1.069787e+00
1495 2.878905e-01 1.078201e+00
1496 3.049621e-01 1.068802e+00
1497 3.015266e-01 1.065054e+00
1498 2.689402e-01 1.048062e+00
1499 2.537751e-01 1.075307e+00
1500 2.798955e-01 1.080613e+00
1501 2.803178e-01 1.083476e+00
1502 2.761532e-01 1.083376e+00
1503 2.655624e-01 1.077364e+00
1504 2.607944e-01 1.077735e+00
1505 2.590018e-01 1.077450e+00
1506 2.545578e-01 1.080032e+00
1507 2.725349e-01 1.105874e+00
1508 2.753478e-01 1.101387e+00
1509 2.904499e-01 1.108466e+00
1510 2.775013e-01 1.091042e+00
1511 2.603645e-01 1.060263e+00
1512 2.874678e-01 1.078403e+00
1513 3.025567e-01 1.057667e+00
1514 2.947635e-01 1.062115e+00
1515 2.820941e-01 1.051215e+00
1516 2.897370e-01 1.005047e+00
1517 2.628847e-01 1.061504e+00
1518 2.557946e-01 1.052468e+00
1519 3.372909e-01 1.062952e+00
1520 3.405514e-01 1.094550e+00
1521 3.423598e-01 1.088618e+00
1522 3.232835e-01 1.111854e+00
1523 3.128379e-01 1.116612e+00
1524 3.193076e-01 1.118256e+00
1525 3.258414e-01 1.111371e+00
1526 3.257550e-01 1.111402e+00
1527 3.294677e-01 1.110800e+00
1528 3.253372e-01 1.119039e+00
1529 3.017300e-01 1.127838e+00
1530 3.142686e-01 1.124251e+00
1531 3.003681e-01 1.121086e+00
1532 3.020938e-01 1.123068e+00
1533 2.722839e-01 1.127956e+00
1534 2.460515e-01 1.122162e+00
1535 2.465047e-01 1.122703e+00
1536 2.330886e-01 1.123799e+00
1537 2.288170e-01 1.121969e+00
1538 2.121970e-01 1.117409e+00
1539 2.170809e-01 1.095688e+00
1540 2.115535e-01 1.093827e+00
1541 2.116421e-01 1.093854e+00
1542 1.949494e-01 1.138756e+00
1543 2.093328e-01 1.226522e+00
1544 1.990425e-01 1.217288e+00
1545 1.795200e-01 1.245509e+00
1546 1.631003e-01 1.238049e+00
1547 1.587214e-01 1.243989e+00
1548 1.593544e-01 1.225043e+00
1549 1.598211e-01 1.225022e+00
1550 1.475094e-01 1.216979e+00
1551 1.512371e-01 1.224410e+00
1552 1.532690e-01 1.222659e+00
1553 1.578264e-01 1.211243e+00
1554 1.485004e-01 1.204378e+00
1555 8.713188e-02 1.155048e+00
1556 9.547906e-02 1.136575e+00
1557 8.885027e-02 1.136642e+00
1558 9.436057e-02 1.144341e+00
1559 7.297689e-02 1.125478e+00
1560 8.287972e-02 1.134472e+00
1561 8.493623e-02 1.134763e+00
1562 1.041371e-01 1.104308e+00
1563 1.039292e-01 1.103877e+00
1564 1.296576e-01 1.161313e+00
1565 1.682200e-01 1.157090e+00
1566 1.686037e-01 1.170463e+00
1567 1.745026e-01 1.160066e+00
1568 1.681748e-01 1.151498e+00
1569 1.589312e-01 1.158400e+00
1570 1.474841e-01 1.178339e+00
1571 1.814595e-01 1.180213e+00
1572 1.798491e-01 1.181730e+00
1573 1.991389e-01 1.208439e+00
1574 1.821022e-01 1.189689e+00
1575 1.836707e-01 1.187437e+00
1576 1.817197e-01 1.184953e+00
1577 1.685928e-01 1.159539e+00
1578 1.515265e-01 1.172454e+00
1579 1.480057e-01 1.169955e+00
1580 1.412003e-01 1.148098e+00
1581 1.144494e-01 1.192671e+00
1582 1.078235e-01 1.188964e+00
1583 1.034271e-01 1.210770e+00
1584 1.097419e-01 1.209715e+00
1585 9.992054e-02 1.221431e+00
1586 1.000653e-01 1.221374e+00
1587 1.006319e-01 1.216441e+00
1588 1.030093e-01 1.219698e+00
1589 1.286100e-01 1.233690e+00
1590 1.291643e-01 1.209822e+00
1591 1.297257e-01 1.210029e+00
1592 1.392416e-01 1.216464e+00
1593 1.391794e-01 1.215340e+00
1594 1.353595e-01 1.207108e+00
1595 1.287134e-01 1.202554e+00
1596 1.345574e-01 1.212040e+00
1597 1.494951e-01 1.227652e+00
1598 1.683397e-01 1.234555e+00
1599 1.847328e-01 1.258711e+00
1600 1.818226e-01 1.257014e+00
1601 1.814250e-01 1.253388e+00
1602 1.807886e-01 1.253542e+00
1603 1.681651e-01 1.263833e+00
1604 1.745480e-01 1.260801e+00
1605 1.739043e-01 1.262624e+00
1606 1.817743e-01 1.237985e+00
1607 1.898177e-01 1.236639e+00
1608 1.927963e-01 1.273178e+00
1609 2.091010e-01 1.309202e+00
1610 2.095975e-01 1.310007e+00
1611 2.138109e-01 1.304267e+00
1612 2.116506e-01 1.309101e+00
1613 2.303755e-01 1.299611e+00
1614 2.353032e-01 1.268075e+00
1615 2.860910e-01 1.266437e+00
1616 3.124917e-01 1.244551e+00
1617 3.067868e-01 1.248354e+00
1618 3.068552e-01 1.248300e+00
1619 3.098842e-01 1.198451e+00
1620 3.014184e-01 1.177642e+00
1621 3.001706e-01 1.166402e+00
1622 3.159024e-01 1.175771e+00
1623 3.204874e-01 1.162421e+00
1624 2.781236e-01 1.203816e+00
1625 2.910186e-01 1.207385e+00
1626 2.798077e-01 1.207584e+00
1627 2.785964e-01 1.208762e+00
1628 2.842738e-01 1.218199e+00
1629 2.662010e-01 1.218387e+00
1630 2.999620e-01 1.162275e+00
1631 2.950465e-01 1.151201e+00
1632 2.944956e-01 1.153782e+00
1633 2.574296e-01 1.145565e+00
1634 2.535400e-01 1.145347e+00
1635 2.682970e-01 1.131892e+00
1636 2.831266e-01 1.141764e+00
1637 2.849424e-01 1.129614e+00
1638 2.912893e-01 1.130664e+00
1639 2.786870e-01 1.156492e+00
1640 2.527413e-01 1.174433e+00
1641 2.539535e-01 1.171224e+00
1642 2.562872e-01 1.173629e+00
1643 2.449948e-01 1.173088e+00
1644 2.495086e-01 1.155104e+00
1645 2.417129e-01 1.157482e+00
1646 2.438129e-01 1.214442e+00
1647 2.248775e-01 1.242441e+00
1648 2.305763e-01 1.244828e+00
1649 2.530749e-01 1.239173e+00
1650 2.584268e-01 1.232313e+00
1651 2.590250e-01 1.243527e+00
1652 2.624139e-01 1.231003e+00
1653 3.417624e-01 1.293380e+00
1654 3.459435e-01 1.293745e+00
1655 3.445140e-01 1.287986e+00
1656 3.423988e-01 1.277871e+00
1657 3.660814e-01 1.283520e+00
1658 3.937050e-01 1.221960e+00
1659 4.009031e-01 1.272213e+00
1660 4.021595e-01 1.278050e+00
1661 4.010449e-01 1.289846e+00
1662 4.078720e-01 1.283818e+00
1663 4.095157e-01 1.291505e+00
1664 4.089978e-01 1.291552e+00
1665 4.127749e-01 1.300581e+00
1666 4.147457e-01 1.300108e+00
1667 4.167608e-01 1.326979e+00
1668 4.263709e-01 1.323923e+00
1669 4.358164e-01 1.331479e+00
1670 4.214610e-01 1.318075e+00
1671 3.974224e-01 1.301505e+00
1672 3.955855e-01 1.301143e+00
1673 4.128116e-01 1.239460e+00
1674 4.077089e-01 1.233657e+00
1675 4.317746e-01 1.202899e+00
1676 4.323704e-01 1.190957e+00
1677 4.391935e-01 1.241748e+00
1678 4.567890e-01 1.250282e+00
1679 4.608427e-01 1.250233e+00
1680 4.485966e-01 1.254486e+00
1681 4.358147e-01 1.266919e+00
1682 4.362013e-01 1.269336e+00
1683 4.381445e-01 1.288649e+00
1684 4.300067e-01 1.286125e+00
1685 4.273911e-01 1.287074e+00
1686 4.122720e-01 1.275098e+00
1687 4.166361e-01 1.265870e+00
1688 4.783482e-01 1.288827e+00
1689 4.736108e-01 1.295838e+00
1690 5.088672e-01 1.261364e+00
1691 4.922098e-01 1.252939e+00
1692 4.901530e-01 1.255058e+00
1693 4.943303e-01 1.245168e+00
1694 4.956285e-01 1.247108e+00
1695 4.983466e-01 1.251926e+00
1696 4.920825e-01 1.274046e+00
1697 4.963547e-01 1.270761e+00
1698 4.890408e-01 1.271523e+00
1699 4.764994e-01 1.238246e+00
1700 5.279180e-01 1.208576e+00
1701 5.142768e-01 1.235880e+00
1702 5.105072e-01 1.283169e+00
1703 4.810352e-01 1.295283e+00
1704 4.847751e-01 1.296914e+00
1705 4.829184e-01 1.293956e+00
1706 4.650697e-01 1.302770e+00
1707 4.546236e-01 1.331718e+00
1708 4.372804e-01 1.329025e+00
1709 4.523452e-01 1.322176e+00
1710 4.506446e-01 1.316527e+00
1711 4.507540e-01 1.315889e+00
1712 4.474346e-01 1.357088e+00
1713 4.520073e-01 1.352777e+00
1714 4.754183e-01 1.278440e+00
1715 4.886297e-01 1.270762e+00
1716 5.543069e-01 1.291022e+00
1717 5.554164e-01 1.290220e+00
1718 5.449479e-01 1.287031e+00
1719 5.367160e-01 1.291009e+00
1720 5.310963e-01 1.301264e+00
1721 5.316246e-01 1.302625e+00
1722 5.408270e-01 1.306668e+00
1723 5.057821e-01 1.322628e+00
1724 5.150030e-01 1.325479e+00
1725 4.828848e-01 1.296244e+00
1726 4.798878e-01 1.257893e+00
1727 4.840022e-01 1.273859e+00
1728 5.014712e-01 1.279175e+00
1729 4.975403e-01 1.284712e+00
1730 4.753577e-01 1.298495e+00
1731 4.776543e-01 1.296383e+00
1732 4.805724e-01 1.299925e+00
1733 4.767974e-01 1.305128e+00
1734 4.439353e-01 1.293249e+00
1735 4.436731e-01 1.292954e+00
1736 4.403562e-01 1.294186e+00
1737 4.340949e-01 1.297254e+00
1738 4.368443e-01 1.309482e+00
1739 4.494257e-01 1.296878e+00
1740 4.321931e-01 1.295346e+00
1741 4.104464e-01 1.276895e+00
1742 4.066017e-01 1.275637e+00
1743 3.984395e-01 1.279825e+00
1744 4.076447e-01 1.279524e+00
1745 3.960395e-01 1.296447e+00
1746 3.848937e-01 1.304530e+00
1747 3.698094e-01 1.275560e+00
1748 3.743792e-01 1.272719e+00
1749 4.145955e-01 1.301062e+00
1750 4.200234e-01 1.283986e+00
1751 3.766298e-01 1.306590e+00
1752 3.195024e-01 1.299327e+00
1753 3.215155e-01 1.205742e+00
1754 3.075330e-01 1.191908e+00
1755 3.651951e-01 1.194842e+00
1756 3.570283e-01 1.188494e+00
1757 3.151116e-01 1.236448e+00
1758 3.055856e-01 1.231399e+00
1759 3.099323e-01 1.238311e+00
1760 3.041458e-01 1.240822e+00
1761 2.945372e-01 1.231777e+00
1762 2.877158e-01 1.230721e+00
1763 2.877883e-01 1.230728e+00
1764 2.956794e-01 1.242510e+00
1765 2.911844e-01 1.224863e+00
1766 2.920506e-01 1.222398e+00
1767 2.692483e-01 1.211629e+00
1768 2.655828e-01 1.237925e+00
1769 2.730317e-01 1.241879e+00
1770 2.404680e-01 1.241352e+00
1771 2.689800e-01 1.227451e+00
1772 2.713227e-01 1.227271e+00
1773 2.773297e-01 1.224826e+00
1774 2.967214e-01 1.195176e+00
1775 2.753407e-01 1.174666e+00
1776 2.744592e-01 1.173711e+00
1777 2.712346e-01 1.178934e+00
1778 2.713641e-01 1.177468e+00
1779 2.432938e-01 1.198909e+00
1780 2.496904e-01 1.201561e+00
1781 2.768344e-01 1.191952e+00
1782 2.661559e-01 1.190483e+00
1783 2.935968e-01 1.158437e+00
1784 2.986814e-01 1.157338e+00
1785 2.994674e-01 1.119459e+00
1786 2.836212e-01 1.109739e+00
1787 2.821453e-01 1.109082e+00
1788 2.858788e-01 1.119258e+00
1789 2.732629e-01 1.141623e+00
1790 2.663715e-01 1.143260e+00
1791 2.704041e-01 1.147552e+00
1792 2.744358e-01 1.143140e+00
1793 2.724253e-01 1.146673e+00
1794 2.793316e-01 1.148771e+00
1795 2.766009e-01 1.157186e+00
1796 2.969035e-01 1.057747e+00
1797 2.720892e-01 1.063263e+00
1798 2.997918e-01 1.074586e+00
1799 3.095066e-01 1.070120e+00
1800 3.171181e-01 9.489907e-01
1801 3.157163e-01 9.559141e-01
1802 3.122869e-01 9.506984e-01
1803 3.304699e-01 9.779096e-01
1804 3.316533e-01 9.779431e-01
1805 3.227290e-01 9.482854e-01
1806 3.204731e-01 9.306398e-01
1807 3.198322e-01 9.564022e-01
1808 3.320920e-01 9.755630e-01
1809 3.307628e-01 9.766991e-01
1810 3.194752e-01 9.562221e-01
1811 3.420377e-01 9.599777e-01
1812 3.420982e-01 9.525664e-01
1813 3.378966e-01 9.387614e-01
1814 3.380034e-01 9.399177e-01
1815 3.454216e-01 9.171944e-01
1816 3.784175e-01 8.981332e-01
1817 3.581476e-01 9.575312e-01
1818 3.732647e-01 9.560730e-01
1819 3.605809e-01 9.530468e-01
1820 3.872738e-01 9.085373e-01
1821 3.939774e-01 9.091151e-01
1822 3.953690e-01 9.676287e-01
1823 4.026895e-01 9.628930e-01
1824 5.114654e-01 1.036664e+00
1825 5.179673e-01 1.039153e+00
1826 5.316827e-01 1.030385e+00
1827 5.305483e-01 1.029407e+00
1828 5.271089e-01 1.057131e+00
1829 5.249781e-01 1.058700e+00
1830 4.683680e-01 1.090076e+00
1831 4.526838e-01 1.065210e+00
1832 4.098737e-01 1.097214e+00
1833 4.017341e-01 1.106298e+00
1834 4.080087e-01 1.158403e+00
1835 4.119283e-01 1.149681e+00
1836 4.062591e-01 1.143428e+00
1837 4.004712e-01 1.140620e+00
1838 3.922541e-01 1.131041e+00
1839 4.122625e-01 1.121311e+00
1840 4.023385e-01 1.147916e+00
1841 3.502274e-01 1.139826e+00
1842 3.452578e-01 1.149440e+00
1843 3.264868e-01 1.173266e+00
1844 3.267064e-01 1.172866e+00
1845 3.235606e-01 1.185301e+00
1846 3.273941e-01 1.226836e+00
1847 3.128956e-01 1.242788e+00
1848 3.125656e-01 1.243333e+00
1849 3.533689e-01 1.242497e+00
1850 3.367999e-01 1.321435e+00
1851 3.409213e-01 1.317352e+00
1852 3.448556e-01 1.265457e+00
1853 3.606313e-01 1.265079e+00
1854 3.472545e-01 1.291853e+00
1855 3.380616e-01 1.284183e+00
1856 3.463883e-01 1.288188e+00
1857 3.491098e-01 1.287863e+00
1858 3.489187e-01 1.292280e+00
1859 2.843752e-01 1.325341e+00
1860 2.765937e-01 1.299797e+00
1861 2.478416e-01 1.307417e+00
1862 2.210280e-01 1.299801e+00
1863 2.235569e-01 1.303774e+00
1864 2.397783e-01 1.290163e+00
1865 2.264562e-01 1.287335e+00
1866 1.897010e-01 1.280235e+00
1867 1.978032e-01 1.319759e+00
1868 1.845010e-01 1.327865e+00
1869 1.880755e-01 1.329901e+00
1870 1.967177e-01 1.320032e+00
1871 1.938137e-01 1.281470e+00
1872 1.761639e-01 1.277395e+00
1873 2.021499e-01 1.288078e+00
1874 2.222474e-01 1.288510e+00
1875 2.287556e-01 1.291899e+00
1876 2.287041e-01 1.292204e+00
1877 2.426033e-01 1.273383e+00
1878 2.418494e-01 1.288251e+00
1879 2.829493e-01 1.318693e+00
1880 2.895131e-01 1.317142e+00
1881 2.868480e-01 1.352383e+00
1882 3.177213e-01 1.370589e+00
1883 2.807161e-01 1.298691e+00
1884 3.258311e-01 1.298579e+00
1885 3.479688e-01 1.311378e+00
1886 3.119198e-01 1.353518e+00
1887 3.039222e-01 1.350064e+00
1888 3.040760e-01 1.350146e+00
1889 3.042860e-01 1.349518e+00
1890 3.064418e-01 1.357368e+00
1891 3.264115e-01 1.353527e+00
1892 3.198928e-01 1.344771e+00
1893 2.871986e-01 1.357037e+00
1894 2.700547e-01 1.360344e+00
1895 2.698739e-01 1.352871e+00
1896 2.645671e-01 1.362541e+00
1897 2.616392e-01 1.367835e+00
1898 2.526464e-01 1.371389e+00
1899 2.488633e-01 1.372603e+00
1900 2.531212e-01 1.374560e+00
1901 2.595569e-01 1.369800e+00
1902 2.301607e-01 1.381376e+00
1903 2.212942e-01 1.423788e+00
1904 2.086168e-01 1.476829e+00
1905 1.943362e-01 1.462115e+00
1906 1.945988e-01 1.461970e+00
1907 2.028874e-01 1.466071e+00
1908 2.304883e-01 1.460898e+00
1909 2.297214e-01 1.460516e+00
1910 2.063900e-01 1.478502e+00
1911 2.001729e-01 1.477533e+00
1912 1.748557e-01 1.456568e+00
1913 2.272307e-01 1.438722e+00
1914 2.772084e-01 1.463895e+00
1915 2.791870e-01 1.464173e+00
1916 2.827373e-01 1.477749e+00
1917 2.736253e-01 1.460241e+00
1918 2.671926e-01 1.495701e+00
1919 2.359336e-01 1.504490e+00
1920 2.439418e-01 1.509348e+00
1921 2.660593e-01 1.491903e+00
1922 2.725545e-01 1.484159e+00
1923 2.466356e-01 1.435230e+00
1924 2.510602e-01 1.436761e+00
1925 2.528360e-01 1.436048e+00
1926 2.451119e-01 1.427010e+00
1927 2.099836e-01 1.472560e+00
1928 2.036063e-01 1.464699e+00
1929 1.977820e-01 1.470874e+00
1930 1.922072e-01 1.471129e+00
1931 1.812785e-01 1.481535e+00
1932 7.034207e-02 1.503372e+00
1933 6.476053e-02 1.517480e+00
1934 6.784360e-02 1.536418e+00
1935 6.897121e-02 1.535903e+00
1936 5.877442e-02 1.537758e+00
1937 4.436738e-02 1.543014e+00
1938 3.989141e-02 1.547628e+00
1939 9.103715e-02 1.539936e+00
1940 8.902569e-02 1.530822e+00
1941 8.896522e-02 1.529157e+00
1942 8.886026e-02 1.530768e+00
1943 1.081522e-01 1.527488e+00
1944 1.054056e-01 1.510103e+00
1945 1.063265e-01 1.511835e+00
1946 1.100494e-01 1.527556e+00
1947 1.566497e-01 1.569014e+00
1948 1.569120e-01 1.567117e+00
1949 1.388990e-01 1.582976e+00
1950 1.290991e-01 1.585275e+00
1951 1.283425e-01 1.581531e+00
1952 1.160301e-01 1.592640e+00
1953 1.123158e-01 1.576339e+00
1954 1.068524e-01 1.574210e+00
1955 1.101300e-01 1.567023e+00
1956 9.571841e-02 1.578024e+00
1957 8.986276e-02 1.577512e+00
1958 1.056353e-01 1.614300e+00
1959 1.024552e-01 1.614451e+00
1960 1.024673e-01 1.617090e+00
1961 9.946882e-02 1.626177e+00
1962 1.018196e-01 1.632178e+00
1963 1.340185e-01 1.598811e+00
1964 1.412402e-01 1.587575e+00
1965 1.419001e-01 1.587503e+00
1966 1.395812e-01 1.625104e+00
1967 1.332136e-01 1.634856e+00
1968 1.389706e-01 1.659108e+00
1969 1.572516e-01 1.638558e+00
1970 1.723428e-01 1.653380e+00
1971 1.834528e-01 1.650319e+00
1972 1.788885e-01 1.649896e+00
1973 1.961683e-01 1.657652e+00
1974 1.507888e-01 1.690090e+00
1975 1.475461e-01 1.683546e+00
1976 1.499384e-01 1.690088e+00
1977 1.303366e-01 1.701294e+00
1978 1.358556e-01 1.714421e+00
1979 1.167716e-01 1.696777e+00
1980 1.471735e-01 1.727257e+00
1981 1.739793e-01 1.715096e+00
1982 1.738388e-01 1.716907e+00
1983 1.974828e-01 1.762037e+00
1984 1.592000e-01 1.779959e+00
1985 1.565700e-01 1.780666e+00
1986 1.553617e-01 1.781637e+00
1987 1.119570e-01 1.788175e+00
1988 1.133221e-01 1.789004e+00
1989 1.345144e-01 1.817975e+00
1990 1.175186e-01 1.819137e+00
1991 8.954242e-02 1.829454e+00
1992 1.220090e-01 1.832303e+00
1993 1.240394e-01 1.832609e+00
1994 1.236261e-01 1.832393e+00
1995 1.218915e-01 1.838915e+00
1996 1.258722e-01 1.870400e+00
1997 1.457732e-01 1.865359e+00
1998 1.368057e-01 1.874197e+00
1999 1.403825e-01 1.896566e+00
2000 1.501289e-01 1.882005e+00
2001 1.525534e-01 1.885592e+00
2002 1.557105e-01 1.886239e+00
2003 1.569436e-01 1.879003e+00
2004 1.581263e-01 1.879812e+00
2005 1.582642e-01 1.880714e+00
2006 2.195927e-01 1.868014e+00
2007 2.203912e-01 1.868502e+00
2008 1.811818e-01 1.897706e+00
2009 2.338265e-01 1.843814e+00
2010 2.361799e-01 1.845552e+00
2011 2.256378e-01 1.917417e+00
2012 1.840424e-01 1.973833e+00
2013 1.838884e-01 1.992223e+00
2014 1.770043e-01 1.970050e+00
2015 2.040809e-01 1.956249e+00
2016 2.071310e-01 1.956041e+00
2017 2.094393e-01 1.955543e+00
2018 2.631880e-01 1.941569e+00
2019 2.619308e-01 1.939162e+00
2020 2.864872e-01 1.960474e+00
2021 3.277764e-01 1.942230e+00
2022 4.332149e-01 1.908385e+00
2023 4.262228e-01 1.867359e+00
2024 4.203402e-01 1.870972e+00
2025 4.218623e-01 1.873587e+00
2026 4.223195e-01 1.873757e+00
2027 4.257841e-01 1.895034e+00
2028 4.369665e-01 1.942690e+00
2029 4.545097e-01 1.932538e+00
2030 4.764989e-01 1.938401e+00
2031 4.653658e-01 1.951557e+00
2032 4.726392e-01 1.961104e+00
2033 4.625329e-01 1.959786e+00
2034 4.758771e-01 1.954445e+00
2035 4.763349e-01 1.954709e+00
2036 4.733785e-01 1.948090e+00
2037 4.692144e-01 1.936084e+00
2038 4.532777e-01 1.920263e+00
2039 4.269646e-01 1.927385e+00
2040 4.246891e-01 1.927134e+00
2041 4.340057e-01 1.929070e+00
2042 3.828006e-01 1.953462e+00
2043 3.828164e-01 1.953186e+00
2044 3.832257e-01 1.953218e+00
2045 3.855728e-01 1.950924e+00
2046 3.539211e-01 1.957399e+00
2047 3.288359e-01 1.957369e+00
2048 3.006458e-01 1.959791e+00
2049 3.132669e-01 1.948276e+00
2050 3.101161e-01 1.951337e+00
2051 3.157983e-01 1.938459e+00
2052 4.174966e-01 1.901789e+00
2053 4.320955e-01 1.901610e+00
2054 4.434439e-01 1.904470e+00
2055 4.500210e-01 1.869814e+00
2056 4.867826e-01 1.862334e+00
2057 4.925398e-01 1.843959e+00
2058 4.538480e-01 1.851573e+00
2059 4.294426e-01 1.856074e+00
2060 4.506686e-01 1.830765e+00
2061 4.444891e-01 1.821911e+00
2062 4.121917e-01 1.829123e+00
2063 4.200486e-01 1.820993e+00
2064 4.458738e-01 1.783491e+00
2065 4.417406e-01 1.786731e+00
2066 4.666137e-01 1.712785e+00
2067 4.686965e-01 1.712246e+00
2068 4.845092e-01 1.714824e+00
2069 4.900014e-01 1.701764e+00
2070 4.893141e-01 1.698375e+00
2071 4.514062e-01 1.626611e+00
2072 4.589185e-01 1.631310e+00
2073 4.521628e-01 1.629734e+00
2074 4.523420e-01 1.630367e+00
2075 4.525311e-01 1.629844e+00
2076 4.544198e-01 1.658295e+00
2077 4.373221e-01 1.650636e+00
2078 4.392560e-01 1.652727e+00
2079 4.404660e-01 1.671549e+00
2080 4.302539e-01 1.660376e+00
2081 4.316836e-01 1.660954e+00
2082 4.142317e-01 1.656711e+00
2083 3.965154e-01 1.677123e+00
2084 3.955793e-01 1.675227e+00
2085 3.955396e-01 1.675089e+00
2086 3.943194e-01 1.674398e+00
2087 3.993873e-01 1.672824e+00
2088 4.178152e-01 1.664426e+00
2089 4.089608e-01 1.670456e+00
2090 3.554603e-01 1.705560e+00
2091 3.540516e-01 1.713232e+00
2092 3.599596e-01 1.711248e+00
2093 3.881075e-01 1.674130e+00
2094 4.420300e-01 1.656570e+00
2095 4.417919e-01 1.654743e+00
2096 4.191193e-01 1.684048e+00
2097 4.292111e-01 1.681902e+00
2098 4.546694e-01 1.694753e+00
2099 4.501904e-01 1.669479e+00
2100 4.468316e-01 1.663522e+00
2101 4.856026e-01 1.684344e+00
2102 4.827243e-01 1.676962e+00
2103 4.796839e-01 1.682938e+00
2104 4.929321e-01 1.649687e+00
2105 4.888222e-01 1.686248e+00
2106 4.820019e-01 1.687264e+00
2107 4.364261e-01 1.672716e+00
2108 4.402309e-01 1.674440e+00
2109 4.417398e-01 1.677659e+00
2110 4.320937e-01 1.667736e+00
2111 4.565593e-01 1.658168e+00
2112 4.552670e-01 1.663363e+00
2113 4.577079e-01 1.678746e+00
2114 4.559568e-01 1.677130e+00
2115 4.562364e-01 1.639563e+00
2116 4.341472e-01 1.649188e+00
2117 4.670510e-01 1.670154e+00
2118 4.615449e-01 1.686280e+00
2119 4.541380e-01 1.672635e+00
2120 4.761755e-01 1.765575e+00
2121 4.806636e-01 1.768995e+00
2122 4.814431e-01 1.766098e+00
2123 4.967852e-01 1.737563e+00
2124 4.848178e-01 1.744392e+00
2125 5.050298e-01 1.755855e+00
2126 4.973516e-01 1.756077e+00
2127 4.681073e-01 1.751124e+00
2128 4.693503e-01 1.737739e+00
2129 4.941456e-01 1.732778e+00
2130 4.905290e-01 1.738018e+00
2131 4.942821e-01 1.737241e+00
2132 4.917441e-01 1.737603e+00
2133 4.874391e-01 1.705564e+00
2134 4.874210e-01 1.704917e+00
2135 4.900045e-01 1.705701e+00
2136 4.896190e-01 1.705433e+00
2137 4.874151e-01 1.699080e+00
2138 4.945752e-01 1.698641e+00
2139 5.189735e-01 1.731378e+00
2140 5.349750e-01 1.733810e+00
2141 5.397940e-01 1.719182e+00
2142 5.581641e-01 1.717169e+00
2143 5.573469e-01 1.668768e+00
2144 5.141254e-01 1.641853e+00
2145 5.454528e-01 1.608777e+00
2146 5.554203e-01 1.593077e+00
2147 5.078164e-01 1.573616e+00
2148 5.115867e-01 1.574088e+00
2149 4.994214e-01 1.570564e+00
2150 4.825252e-01 1.556278e+00
2151 4.924677e-01 1.550341e+00
2152 4.827586e-01 1.546590e+00
2153 4.921556e-01 1.554968e+00
2154 4.737017e-01 1.509370e+00
2155 5.118129e-01 1.501727e+00
2156 5.225431e-01 1.508459e+00
2157 5.769174e-01 1.521370e+00
2158 5.691415e-01 1.510707e+00
2159 5.471883e-01 1.511400e+00
2160 5.473030e-01 1.511474e+00
2161 5.469389e-01 1.510283e+00
2162 5.474540e-01 1.513187e+00
2163 5.475462e-01 1.513091e+00
2164 5.197734e-01 1.529382e+00
2165 4.513807e-01 1.508173e+00
2166 4.545617e-01 1.464111e+00
2167 4.747787e-01 1.476696e+00
2168 4.766351e-01 1.475080e+00
2169 4.718765e-01 1.475813e+00
2170 4.721008e-01 1.476118e+00
2171 4.514338e-01 1.451599e+00
2172 4.529702e-01 1.451244e+00
2173 4.574749e-01 1.455185e+00
2174 4.532570e-01 1.470503e+00
2175 4.494619e-01 1.484080e+00
2176 4.196863e-01 1.571492e+00
2177 4.096288e-01 1.576419e+00
2178 4.065565e-01 1.576901e+00
2179 4.294557e-01 1.569495e+00
2180 4.302576e-01 1.567529e+00
2181 4.313912e-01 1.548831e+00
2182 4.275455e-01 1.543649e+00
2183 5.277878e-01 1.481530e+00
2184 5.346423e-01 1.480929e+00
2185 5.147642e-01 1.482715e+00
2186 5.031162e-01 1.493102e+00
2187 5.055170e-01 1.500673e+00
2188 5.053261e-01 1.500482e+00
2189 5.063464e-01 1.500809e+00
2190 5.035440e-01 1.498419e+00
2191 5.041375e-01 1.493381e+00
2192 5.103878e-01 1.418549e+00
2193 5.089272e-01 1.421347e+00
2194 4.630588e-01 1.433781e+00
2195 4.577176e-01 1.373523e+00
2196 4.572367e-01 1.373313e+00
2197 4.701644e-01 1.367213e+00
2198 4.313940e-01 1.377487e+00
2199 4.376899e-01 1.385826e+00
2200 4.385895e-01 1.388294e+00
2201 4.359672e-01 1.400768e+00
2202 4.372605e-01 1.405049e+00
2203 4.457662e-01 1.407654e+00
2204 4.515109e-01 1.416486e+00
2205 4.742659e-01 1.421646e+00
2206 4.764782e-01 1.420918e+00
2207 4.780384e-01 1.421954e+00
2208 4.780111e-01 1.421962e+00
2209 4.540014e-01 1.382007e+00
2210 4.562674e-01 1.383849e+00
2211 4.422624e-01 1.415985e+00
2212 4.519061e-01 1.410301e+00
2213 4.684379e-01 1.399921e+00
2214 4.564825e-01 1.394465e+00
2215 4.691475e-01 1.403365e+00
2216 4.564351e-01 1.406449e+00
2217 4.866894e-01 1.416293e+00
2218 4.767291e-01 1.383355e+00
2219 4.958483e-01 1.372471e+00
2220 4.944770e-01 1.350325e+00
2221 4.949842e-01 1.349466e+00
2222 4.453388e-01 1.319293e+00
2223 4.500521e-01 1.315983e+00
2224 4.379195e-01 1.328445e+00
2225 4.377216e-01 1.328622e+00
2226 4.286286e-01 1.342264e+00
2227 4.327757e-01 1.324966e+00
2228 3.754412e-01 1.364114e+00
2229 3.802748e-01 1.376938e+00
2230 3.873838e-01 1.360161e+00
2231 3.841737e-01 1.361311e+00
2232 4.094290e-01 1.347881e+00
2233 4.416668e-01 1.329816e+00
2234 4.359846e-01 1.313564e+00
2235 4.363252e-01 1.275886e+00
2236 4.077776e-01 1.245343e+00
2237 3.800047e-01 1.229674e+00
2238 4.005979e-01 1.248635e+00
2239 4.194415e-01 1.291315e+00
2240 4.210579e-01 1.296664e+00
2241 4.145453e-01 1.306264e+00
2242 4.170869e-01 1.309510e+00
2243 4.254676e-01 1.358917e+00
2244 4.167628e-01 1.355380e+00
2245 4.253083e-01 1.361496e+00
2246 4.302606e-01 1.364387e+00
2247 4.275626e-01 1.370572e+00
2248 4.341524e-01 1.359347e+00
2249 4.246356e-01 1.344727e+00
2250 4.066565e-01 1.334390e+00
2251 4.093948e-01 1.331931e+00
2252 4.059156e-01 1.326229e+00
2253 3.798478e-01 1.327067e+00
2254 3.656696e-01 1.339863e+00
2255 3.491299e-01 1.320286e+00
2256 3.408997e-01 1.306958e+00
2257 3.355456e-01 1.303670e+00
2258 3.218500e-01 1.326090e+00
2259 3.264625e-01 1.354731e+00
2260 3.186061e-01 1.369090e+00
2261 3.233873e-01 1.374991e+00
2262 3.212191e-01 1.361850e+00
2263 3.288767e-01 1.364958e+00
2264 3.275554e-01 1.365801e+00
2265 3.196859e-01 1.355125e+00
2266 3.353217e-01 1.380984e+00
2267 3.626189e-01 1.398012e+00
2268 3.621212e-01 1.386741e+00
2269 3.855184e-01 1.386871e+00
2270 3.754780e-01 1.388989e+00
2271 3.765634e-01 1.389096e+00
2272 3.774758e-01 1.388713e+00
2273 3.793263e-01 1.390929e+00
2274 3.565719e-01 1.381051e+00
2275 3.491631e-01 1.377006e+00
2276 3.492360e-01 1.375135e+00
2277 3.516816e-01 1.375722e+00
2278 3.499220e-01 1.416660e+00
2279 3.460137e-01 1.443638e+00
2280 3.586039e-01 1.444602e+00
2281 3.099393e-01 1.384675e+00
2282 3.155310e-01 1.380205e+00
2283 3.725191e-01 1.370824e+00
2284 3.775284e-01 1.363811e+00
2285 3.793788e-01 1.346926e+00
2286 3.782886e-01 1.355554e+00
2287 3.862353e-01 1.351269e+00
2288 3.902189e-01 1.317401e+00
2289 3.913087e-01 1.315938e+00
2290 4.145853e-01 1.308210e+00
2291 3.862434e-01 1.305350e+00
2292 3.730067e-01 1.311506e+00
2293 3.939280e-01 1.292602e+00
2294 4.068516e-01 1.285809e+00
2295 3.884789e-01 1.284922e+00
2296 3.901755e-01 1.319477e+00
2297 3.909075e-01 1.317240e+00
2298 3.911001e-01 1.317340e+00
2299 3.927519e-01 1.325488e+00
2300 4.022235e-01 1.327597e+00
2301 4.283586e-01 1.361895e+00
2302 4.671882e-01 1.409508e+00
2303 4.570237e-01 1.402557e+00
2304 4.367484e-01 1.369814e+00
2305 4.385943e-01 1.358997e+00
2306 4.451744e-01 1.356479e+00
2307 4.730708e-01 1.366083e+00
2308 4.736232e-01 1.367257e+00
2309 4.933933e-01 1.366182e+00
2310 4.896231e-01 1.365356e+00
2311 4.908486e-01 1.401249e+00
2312 4.898552e-01 1.402008e+00
2313 4.437669e-01 1.392239e+00
2314 4.292710e-01 1.391765e+00
2315 4.408951e-01 1.409905e+00
2316 4.431180e-01 1.409054e+00
2317 4.333313e-01 1.407323e+00
2318 4.494836e-01 1.415927e+00
2319 4.829221e-01 1.473890e+00
2320 4.827927e-01 1.473217e+00
2321 4.302040e-01 1.446820e+00
2322 4.325769e-01 1.444428e+00
2323 4.367694e-01 1.443015e+00
2324 4.336373e-01 1.442701e+00
2325 4.612653e-01 1.419111e+00
2326 4.845222e-01 1.449356e+00
2327 4.761771e-01 1.446053e+00
2328 4.824686e-01 1.429088e+00
2329 4.422967e-01 1.397810e+00
2330 4.547893e-01 1.400889e+00
2331 4.556507e-01 1.407698e+00
2332 4.408623e-01 1.446458e+00
2333 4.474045e-01 1.451434e+00
2334 4.635947e-01 1.450802e+00
2335 4.751417e-01 1.439461e+00
2336 4.747662e-01 1.439138e+00
2337 4.703920e-01 1.440384e+00
2338 4.580802e-01 1.408694e+00
2339 4.578542e-01 1.396545e+00
2340 4.543395e-01 1.402304e+00
2341 4.816799e-01 1.396247e+00
2342 4.944110e-01 1.399696e+00
2343 5.244023e-01 1.404815e+00
2344 4.945553e-01 1.392960e+00
2345 5.085723e-01 1.396415e+00
2346 5.041289e-01 1.392310e+00
2347 5.041203e-01 1.392175e+00
2348 5.145834e-01 1.391275e+00
2349 4.891578e-01 1.384680e+00
2350 4.657836e-01 1.376871e+00
2351 4.678493e-01 1.364693e+00
2352 4.782929e-01 1.384896e+00
2353 4.797427e-01 1.387423e+00
2354 4.658519e-01 1.400721e+00
2355 4.427760e-01 1.412712e+00
2356 4.140328e-01 1.437840e+00
2357 4.105793e-01 1.447735e+00
2358 4.075384e-01 1.446888e+00
2359 4.068667e-01 1.448001e+00
2360 4.267441e-01 1.461696e+00
2361 4.248031e-01 1.468186e+00
2362 4.262402e-01 1.483946e+00
2363 4.257742e-01 1.483927e+00
2364 4.275778e-01 1.483517e+00
2365 4.321064e-01 1.485486e+00
2366 4.497569e-01 1.492704e+00
2367 4.284701e-01 1.507971e+00
2368 4.360986e-01 1.515310e+00
2369 4.112808e-01 1.515376e+00
2370 4.053473e-01 1.511884e+00
2371 4.100730e-01 1.516603e+00
2372 4.134306e-01 1.515640e+00
2373 4.163554e-01 1.519281e+00
2374 4.216999e-01 1.524505e+00
2375 4.391745e-01 1.546197e+00
2376 4.436340e-01 1.555863e+00
2377 4.435112e-01 1.561676e+00
2378 4.401702e-01 1.567970e+00
2379 4.676307e-01 1.519497e+00
2380 4.724177e-01 1.515475e+00
2381 4.720376e-01 1.515577e+00
2382 4.798499e-01 1.513112e+00
2383 5.029946e-01 1.497756e+00
2384 5.021483e-01 1.498253e+00
2385 5.498584e-01 1.424993e+00
2386 5.745737e-01 1.413319e+00
2387 5.635294e-01 1.412742e+00
2388 5.562481e-01 1.421849e+00
2389 5.433349e-01 1.420171e+00
2390 5.314375e-01 1.436995e+00
2391 5.285302e-01 1.434025e+00
2392 5.317523e-01 1.403013e+00
2393 5.279229e-01 1.404240e+00
2394 5.448365e-01 1.421600e+00
2395 5.441804e-01 1.422770e+00
2396 5.397196e-01 1.419818e+00
2397 5.284618e-01 1.422823e+00
2398 5.238609e-01 1.439203e+00
2399 5.293517e-01 1.453538e+00
2400 5.273118e-01 1.431449e+00
2401 5.270591e-01 1.434247e+00
2402 5.133222e-01 1.433512e+00
2403 5.204522e-01 1.448688e+00
2404 5.182559e-01 1.446184e+00
2405 5.112490e-01 1.442769e+00
2406 5.362124e-01 1.468743e+00
2407 5.348189e-01 1.473889e+00
2408 5.411380e-01 1.507325e+00
2409 5.556413e-01 1.523824e+00
2410 5.431029e-01 1.528406e+00
2411 5.596117e-01 1.540893e+00
2412 5.637328e-01 1.545272e+00
2413 5.750403e-01 1.551138e+00
2414 5.898865e-01 1.541487e+00
2415 5.835683e-01 1.542199e+00
2416 5.406596e-01 1.512737e+00
2417 5.131860e-01 1.479831e+00
2418 5.189761e-01 1.483189e+00
2419 5.100223e-01 1.414437e+00
2420 5.131827e-01 1.415236e+00
2421 5.206732e-01 1.414452e+00
2422 5.506838e-01 1.293744e+00
2423 5.503449e-01 1.293806e+00
2424 5.453966e-01 1.295700e+00
2425 5.375809e-01 1.291037e+00
2426 5.342622e-01 1.293606e+00
2427 5.344024e-01 1.281558e+00
2428 5.365436e-01 1.275806e+00
2429 5.134123e-01 1.325261e+00
2430 5.026066e-01 1.323424e+00
2431 5.181453e-01 1.311136e+00
2432 5.112607e-01 1.307135e+00
2433 4.903829e-01 1.376954e+00
2434 4.823346e-01 1.378433e+00
2435 4.935219e-01 1.365020e+00
2436 4.935070e-01 1.360244e+00
2437 5.043610e-01 1.369223e+00
2438 5.026513e-01 1.369717e+00
2439 5.062969e-01 1.371239e+00
2440 4.815524e-01 1.403953e+00
2441 4.929602e-01 1.468538e+00
2442 4.618998e-01 1.454046e+00
2443 4.621822e-01 1.447349e+00
2444 4.595620e-01 1.429994e+00
2445 4.722709e-01 1.406490e+00
2446 4.249664e-01 1.399321e+00
2447 4.172751e-01 1.401052e+00
2448 4.173664e-01 1.401728e+00
2449 3.951082e-01 1.309067e+00
2450 3.698189e-01 1.286393e+00
2451 3.813887e-01 1.297776e+00
2452 3.745363e-01 1.306505e+00
2453 3.743503e-01 1.312796e+00
2454 3.729151e-01 1.352151e+00
2455 3.759835e-01 1.351956e+00
2456 3.752754e-01 1.357665e+00
2457 3.828558e-01 1.357790e+00
2458 3.905457e-01 1.367109e+00
2459 3.766639e-01 1.333654e+00
2460 3.726708e-01 1.341021e+00
2461 3.922512e-01 1.330398e+00
2462 3.768443e-01 1.259790e+00
2463 3.833450e-01 1.270691e+00
2464 4.015428e-01 1.270625e+00
2465 4.012351e-01 1.266353e+00
2466 4.378729e-01 1.223361e+00
2467 4.357491e-01 1.183866e+00
2468 3.932710e-01 1.156175e+00
2469 3.835763e-01 1.148692e+00
2470 4.096590e-01 1.107777e+00
2471 4.408591e-01 1.077945e+00
2472 4.164793e-01 1.044127e+00
2473 4.105388e-01 1.039650e+00
2474 4.058931e-01 1.042410e+00
2475 4.073362e-01 1.030010e+00
2476 3.586787e-01 1.048387e+00
2477 3.516311e-01 1.046361e+00
2478 3.474521e-01 1.020462e+00
2479 3.452972e-01 1.022767e+00
2480 3.497087e-01 1.020758e+00
2481 3.682286e-01 9.981219e-01
2482 3.729554e-01 9.950678e-01
2483 3.892728e-01 9.987280e-01
2484 3.946595e-01 9.874741e-01
2485 3.900397e-01 9.960023e-01
2486 3.890531e-01 9.915092e-01
2487 3.639147e-01 9.976440e-01
2488 3.594592e-01 9.669784e-01
2489 3.951444e-01 9.344374e-01
2490 3.916365e-01 9.410923e-01
2491 3.895651e-01 9.490098e-01
2492 3.888566e-01 9.502726e-01
2493 3.816865e-01 9.408950e-01
2494 3.466129e-01 9.634135e-01
2495 3.342973e-01 9.904887e-01
2496 2.923262e-01 1.027800e+00
2497 2.934553e-01 1.027721e+00
2498 3.086468e-01 1.024070e+00
2499 3.137778e-01 1.022306e+00
2500 3.156075e-01 1.011985e+00
2501 3.140676e-01 1.014512e+00
2502 3.325369e-01 1.000542e+00
2503 3.380492e-01 1.019597e+00
2504 3.028447e-01 1.017415e+00
2505 3.338997e-01 1.053042e+00
2506 3.313392e-01 1.055677e+00
2507 3.226894e-01 1.064789e+00
2508 3.226684e-01 1.065729e+00
2509 3.024066e-01 1.073102e+00
2510 3.283367e-01 1.042920e+00
2511 3.537433e-01 1.048020e+00
2512 3.453113e-01 1.052552e+00
2513 3.438517e-01 1.056717e+00
2514 3.433133e-01 1.056421e+00
2515 3.861531e-01 1.126349e+00
2516 3.986779e-01 1.131616e+00
2517 4.069898e-01 1.155187e+00
2518 3.993500e-01 1.162711e+00
2519 3.912532e-01 1.150955e+00
2520 3.898325e-01 1.148119e+00
2521 3.624582e-01 1.119265e+00
2522 3.193425e-01 1.124123e+00
2523 3.164733e-01 1.123026e+00
2524 3.285475e-01 1.124519e+00
2525 3.360646e-01 1.131297e+00
2526 3.264295e-01 1.132685e+00
2527 3.318858e-01 1.156602e+00
2528 3.272906e-01 1.165126e+00
2529 3.047907e-01 1.147328e+00
2530 3.042897e-01 1.145761e+00
2531 2.950873e-01 1.163646e+00
2532 2.952230e-01 1.163538e+00
2533 2.919769e-01 1.151164e+00
2534 3.155606e-01 1.135430e+00
2535 3.168055e-01 1.135471e+00
2536 3.224676e-01 1.125829e+00
2537 3.485420e-01 1.111561e+00
2538 3.294375e-01 1.142019e+00
2539 3.307109e-01 1.136932e+00
2540 3.333478e-01 1.137895e+00
2541 3.304972e-01 1.140127e+00
2542 3.121797e-01 1.131307e+00
2543 3.049967e-01 1.124432e+00
2544 3.051004e-01 1.120136e+00
2545 3.010611e-01 1.089137e+00
2546 2.983303e-01 1.091980e+00
2547 3.085248e-01 1.079282e+00
2548 2.819699e-01 1.059923e+00
2549 2.757483e-01 1.050865e+00
2550 2.739106e-01 1.049491e+00
2551 2.598233e-01 1.059704e+00
2552 2.555013e-01 1.051875e+00
2553 2.102069e-01 1.061625e+00
2554 2.063339e-01 1.057052e+00
2555 2.217340e-01 1.095776e+00
2556 2.017443e-01 1.099442e+00
2557 1.955435e-01 1.096619e+00
2558 2.318766e-01 1.119581e+00
2559 2.026281e-01 1.140243e+00
2560 2.203090e-01 1.137876e+00
2561 1.868638e-01 1.144380e+00
2562 1.784302e-01 1.130258e+00
2563 1.912206e-01 1.116548e+00
2564 1.738038e-01 1.130479e+00
2565 1.882973e-01 1.162201e+00
2566 2.018570e-01 1.145312e+00
2567 1.944017e-01 1.148194e+00
2568 1.603148e-01 1.155689e+00
2569 1.682473e-01 1.156415e+00
2570 1.697419e-01 1.149483e+00
2571 1.700011e-01 1.151180e+00
2572 1.397702e-01 1.119343e+00
2573 1.176783e-01 1.134350e+00
2574 1.389828e-01 1.109861e+00
2575 1.412155e-01 1.108515e+00
2576 1.473321e-01 1.095436e+00
2577 1.400108e-01 1.092492e+00
2578 1.244055e-01 1.170588e+00
2579 1.124447e-01 1.147820e+00
2580 1.227868e-01 1.135707e+00
2581 1.089986e-01 1.149655e+00
2582 1.315826e-01 1.161996e+00
2583 9.366183e-02 1.179698e+00
2584 8.587010e-02 1.179348e+00
2585 8.134190e-02 1.203170e+00
2586 3.212411e-02 1.193169e+00
2587 2.496337e-02 1.171096e+00
2588 2.341896e-02 1.162439e+00
2589 8.395279e-03 1.164866e+00
2590 1.131515e-02 1.163775e+00
2591 -2.249016e-02 1.161653e+00
