0 2.540144e+00 2.122761e+00
1 2.563318e+00 2.128841e+00
2 2.567604e+00 2.134017e+00
3 2.569700e+00 2.134219e+00
4 2.553642e+00 2.128174e+00
5 2.551122e+00 2.112147e+00
6 2.548834e+00 2.121149e+00
7 2.551625e+00 2.130392e+00
8 2.550987e+00 2.131502e+00
9 2.567363e+00 2.092422e+00
10 2.582440e+00 2.124201e+00
11 2.587038e+00 2.093807e+00
12 2.576088e+00 2.096722e+00
13 2.572571e+00 2.096338e+00
14 2.580576e+00 2.111759e+00
15 2.585885e+00 2.139245e+00
16 2.502504e+00 2.103682e+00
17 2.523100e+00 2.108683e+00
18 2.531583e+00 2.118936e+00
19 2.524851e+00 2.122956e+00
20 2.533450e+00 2.100492e+00
21 2.546199e+00 2.093756e+00
22 2.530162e+00 2.099004e+00
23 2.535519e+00 2.095485e+00
24 2.509755e+00 2.103011e+00
25 2.511940e+00 2.103278e+00
26 2.512361e+00 2.102395e+00
27 2.503107e+00 2.115882e+00
28 2.439762e+00 2.055616e+00
29 2.422694e+00 2.072756e+00
30 2.422041e+00 2.173536e+00
31 2.412355e+00 2.176780e+00
32 2.400182e+00 2.173876e+00
33 2.358896e+00 2.115746e+00
34 2.359968e+00 2.114444e+00
35 2.341920e+00 2.120101e+00
36 2.346432e+00 2.124586e+00
37 2.331350e+00 2.106570e+00
38 2.335686e+00 2.108415e+00
39 2.330096e+00 2.092408e+00
40 2.323835e+00 2.077293e+00
41 2.326960e+00 2.088907e+00
42 2.327900e+00 2.090083e+00
43 2.346499e+00 2.102650e+00
44 2.353730e+00 2.104767e+00
45 2.346628e+00 2.096462e+00
46 2.372932e+00 2.079819e+00
47 2.370817e+00 2.079531e+00
48 2.360225e+00 2.081022e+00
49 2.340550e+00 2.072152e+00
50 2.360079e+00 2.061092e+00
51 2.363245e+00 2.052999e+00
52 2.355945e+00 2.055279e+00
53 2.356727e+00 2.055165e+00
54 2.326323e+00 2.111764e+00
55 2.329557e+00 2.109200e+00
56 2.330199e+00 2.111855e+00
57 2.320385e+00 2.113271e+00
58 2.288596e+00 2.149211e+00
59 2.294390e+00 2.140889e+00
60 2.304225e+00 2.138865e+00
61 2.309821e+00 2.135280e+00
62 2.314833e+00 2.136356e+00
63 2.320718e+00 2.135891e+00
64 2.320066e+00 2.135499e+00
65 2.315084e+00 2.119703e+00
66 2.274840e+00 2.078826e+00
67 2.285060e+00 2.077337e+00
68 2.283148e+00 2.078323e+00
69 2.272285e+00 2.050686e+00
70 2.270136e+00 2.052654e+00
71 2.280698e+00 2.038228e+00
72 2.296941e+00 2.063568e+00
73 2.304850e+00 2.074233e+00
74 2.275888e+00 2.064949e+00
75 2.283032e+00 2.094501e+00
76 2.282786e+00 2.096917e+00
77 2.259067e+00 2.086731e+00
78 2.311064e+00 2.093704e+00
79 2.266068e+00 2.122566e+00
80 2.271350e+00 2.125775e+00
81 2.254495e+00 2.156704e+00
82 2.201659e+00 2.081160e+00
83 2.200299e+00 2.082786e+00
84 2.194093e+00 2.115938e+00
85 2.198765e+00 2.109105e+00
86 2.189168e+00 2.121471e+00
87 2.197834e+00 2.110691e+00
88 2.206812e+00 2.081546e+00
89 2.204031e+00 2.023987e+00
90 2.210710e+00 2.026630e+00
91 2.193811e+00 2.018621e+00
92 2.185499e+00 2.021008e+00
93 2.203564e+00 1.980147e+00
94 2.201979e+00 1.975246e+00
95 2.196649e+00 1.954297e+00
96 2.195205e+00 1.953719e+00
97 2.243237e+00 1.963302e+00
98 2.222313e+00 1.976492e+00
99 2.220364e+00 1.990390e+00
100 2.231413e+00 1.994710e+00
101 2.225522e+00 1.997852e+00
102 2.223119e+00 2.022077e+00
103 2.226271e+00 2.023149e+00
104 2.228303e+00 2.025436e+00
105 2.240708e+00 2.026844e+00
106 2.251103e+00 2.026981e+00
107 2.254020e+00 2.033787e+00
108 2.254092e+00 2.034139e+00
109 2.269429e+00 2.031867e+00
110 2.258911e+00 2.050280e+00
111 2.261765e+00 2.032421e+00
112 2.264139e+00 2.031414e+00
113 2.283681e+00 2.025341e+00
114 2.272625e+00 2.006408e+00
115 2.270083e+00 2.015402e+00
116 2.262410e+00 2.010204e+00
117 2.252217e+00 2.022991e+00
118 2.246156e+00 2.095073e+00
119 2.258752e+00 2.073336e+00
120 2.248151e+00 2.078706e+00
121 2.212870e+00 2.059287e+00
122 2.223713e+00 2.070770e+00
123 2.232645e+00 2.067893e+00
124 2.248378e+00 2.064683e+00
125 2.246749e+00 2.065742e+00
126 2.246945e+00 2.066775e+00
127 2.251630e+00 2.053360e+00
128 2.248783e+00 2.049797e+00
129 2.271170e+00 2.028477e+00
130 2.326066e+00 1.971833e+00
131 2.316942e+00 1.970306e+00
132 2.317341e+00 1.967941e+00
133 2.291641e+00 1.963127e+00
134 2.291497e+00 1.962376e+00
135 2.290231e+00 1.968364e+00
136 2.296616e+00 1.972647e+00
137 2.296195e+00 1.972505e+00
138 2.293072e+00 1.951562e+00
139 2.291570e+00 1.977426e+00
140 2.299975e+00 1.974918e+00
141 2.295033e+00 1.966286e+00
142 2.264909e+00 1.986330e+00
143 2.267975e+00 1.984595e+00
144 2.267024e+00 1.985095e+00
145 2.250029e+00 1.965699e+00
146 2.245995e+00 1.939470e+00
147 2.273492e+00 2.055234e+00
148 2.245908e+00 2.032037e+00
149 2.253352e+00 2.049422e+00
150 2.249781e+00 2.043073e+00
151 2.288744e+00 2.066423e+00
152 2.243978e+00 2.047972e+00
153 2.250725e+00 2.032251e+00
154 2.259113e+00 2.030155e+00
155 2.241400e+00 2.029104e+00
156 2.223563e+00 2.043381e+00
157 2.214235e+00 2.058679e+00
158 2.258225e+00 2.052813e+00
159 2.243823e+00 2.050303e+00
160 2.225269e+00 2.101545e+00
161 2.220480e+00 2.119244e+00
162 2.211572e+00 2.122733e+00
163 2.212931e+00 2.151423e+00
164 2.212799e+00 2.151370e+00
165 2.200768e+00 2.183317e+00
166 2.219943e+00 2.195673e+00
167 2.208734e+00 2.198743e+00
168 2.208692e+00 2.198746e+00
169 2.184304e+00 2.256495e+00
170 2.197391e+00 2.311077e+00
171 2.196507e+00 2.303181e+00
172 2.204616e+00 2.313135e+00
173 2.229542e+00 2.322080e+00
174 2.211863e+00 2.326093e+00
175 2.219113e+00 2.323307e+00
176 2.220610e+00 2.341179e+00
177 2.214786e+00 2.325926e+00
178 2.214437e+00 2.347774e+00
179 2.215949e+00 2.348093e+00
180 2.201592e+00 2.321114e+00
181 2.178505e+00 2.333712e+00
182 2.173701e+00 2.332087e+00
183 2.168264e+00 2.329350e+00
184 2.171210e+00 2.327903e+00
185 2.175078e+00 2.326108e+00
186 2.189003e+00 2.311375e+00
187 2.207196e+00 2.287089e+00
188 2.189766e+00 2.299278e+00
189 2.191648e+00 2.312495e+00
190 2.197992e+00 2.300421e+00
191 2.197238e+00 2.285770e+00
192 2.304939e+00 2.179326e+00
193 2.308852e+00 2.165783e+00
194 2.298214e+00 2.152861e+00
195 2.295737e+00 2.161864e+00
196 2.312726e+00 2.159951e+00
197 2.307239e+00 2.167978e+00
198 2.305302e+00 2.163883e+00
199 2.328649e+00 2.165056e+00
200 2.336526e+00 2.156902e+00
201 2.336506e+00 2.156913e+00
202 2.350252e+00 2.167816e+00
203 2.364632e+00 2.175265e+00
204 2.373332e+00 2.173493e+00
205 2.388393e+00 2.167653e+00
206 2.386465e+00 2.166892e+00
207 2.385595e+00 2.167487e+00
208 2.396907e+00 2.170894e+00
209 2.370333e+00 2.215345e+00
210 2.374134e+00 2.188286e+00
211 2.418164e+00 2.257980e+00
212 2.416687e+00 2.250267e+00
213 2.394124e+00 2.269295e+00
214 2.394598e+00 2.269286e+00
215 2.386763e+00 2.256210e+00
216 2.386549e+00 2.250672e+00
217 2.407667e+00 2.240376e+00
218 2.409360e+00 2.241963e+00
219 2.437975e+00 2.223590e+00
220 2.418742e+00 2.224709e+00
221 2.413424e+00 2.222586e+00
222 2.407711e+00 2.228173e+00
223 2.401989e+00 2.216166e+00
224 2.395083e+00 2.225638e+00
225 2.393482e+00 2.230385e+00
226 2.345232e+00 2.137275e+00
227 2.345969e+00 2.141853e+00
228 2.363117e+00 2.065680e+00
229 2.361827e+00 2.065883e+00
230 2.348643e+00 2.056470e+00
231 2.347815e+00 2.051533e+00
232 2.346075e+00 2.074183e+00
233 2.337879e+00 2.072408e+00
234 2.320744e+00 2.095080e+00
235 2.320355e+00 2.096211e+00
236 2.320349e+00 2.096231e+00
237 2.293663e+00 2.092840e+00
238 2.295658e+00 2.092852e+00
239 2.295726e+00 2.093204e+00
240 2.237066e+00 2.116273e+00
241 2.236632e+00 2.113700e+00
242 2.232983e+00 2.110262e+00
243 2.235564e+00 2.108895e+00
244 2.257137e+00 2.111074e+00
245 2.256217e+00 2.105308e+00
246 2.259959e+00 2.112626e+00
247 2.260482e+00 2.112955e+00
248 2.260485e+00 2.112999e+00
249 2.233170e+00 2.127896e+00
250 2.240260e+00 2.143810e+00
251 2.232846e+00 2.147389e+00
252 2.233042e+00 2.170827e+00
253 2.237393e+00 2.159316e+00
254 2.224089e+00 2.154924e+00
255 2.231617e+00 2.153489e+00
256 2.219717e+00 2.156912e+00
257 2.215731e+00 2.175434e+00
258 2.215818e+00 2.186443e+00
259 2.225727e+00 2.164042e+00
260 2.225677e+00 2.163253e+00
261 2.250062e+00 2.157965e+00
262 2.252921e+00 2.155443e+00
263 2.279993e+00 2.110182e+00
264 2.284209e+00 2.088964e+00
265 2.324957e+00 2.105326e+00
266 2.321420e+00 2.103239e+00
267 2.308954e+00 2.096091e+00
268 2.321332e+00 2.103992e+00
269 2.318604e+00 2.100827e+00
270 2.323407e+00 2.101557e+00
271 2.332320e+00 2.076082e+00
272 2.338168e+00 2.081107e+00
273 2.340193e+00 2.130501e+00
274 2.343416e+00 2.128035e+00
275 2.343447e+00 2.140911e+00
276 2.351164e+00 2.147368e+00
277 2.349905e+00 2.143911e+00
278 2.332985e+00 2.134901e+00
279 2.340596e+00 2.147491e+00
280 2.332476e+00 2.153573e+00
281 2.350282e+00 2.152771e+00
282 2.350198e+00 2.153738e+00
283 2.339466e+00 2.097046e+00
284 2.349436e+00 2.089978e+00
285 2.352234e+00 2.083440e+00
286 2.344059e+00 2.091176e+00
287 2.352390e+00 2.086364e+00
288 2.438815e+00 2.066246e+00
289 2.438984e+00 2.066619e+00
290 2.436806e+00 2.063321e+00
291 2.451495e+00 2.049945e+00
292 2.446360e+00 2.003775e+00
293 2.464082e+00 2.000538e+00
294 2.486793e+00 1.972833e+00
295 2.475396e+00 1.987329e+00
296 2.423375e+00 1.978961e+00
297 2.419627e+00 1.973285e+00
298 2.421469e+00 1.955681e+00
299 2.424541e+00 1.958366e+00
300 2.425180e+00 1.958497e+00
301 2.418817e+00 1.979941e+00
302 2.418770e+00 1.979727e+00
303 2.405059e+00 1.981848e+00
304 2.399767e+00 1.996607e+00
305 2.405024e+00 1.998571e+00
306 2.402825e+00 1.994750e+00
307 2.382064e+00 1.978679e+00
308 2.398213e+00 1.985473e+00
309 2.399464e+00 1.970607e+00
310 2.390488e+00 1.970182e+00
311 2.392091e+00 2.003812e+00
312 2.414914e+00 1.997751e+00
313 2.438645e+00 1.924406e+00
314 2.451757e+00 1.929606e+00
315 2.449900e+00 1.927071e+00
316 2.454086e+00 1.929748e+00
317 2.425942e+00 1.942012e+00
318 2.431303e+00 1.943716e+00
319 2.462091e+00 1.947204e+00
320 2.462066e+00 1.947936e+00
321 2.469668e+00 1.951818e+00
322 2.472552e+00 1.954052e+00
323 2.461575e+00 1.974069e+00
324 2.471782e+00 1.982684e+00
325 2.472863e+00 1.989469e+00
326 2.472378e+00 1.983639e+00
327 2.447449e+00 1.943077e+00
328 2.445984e+00 1.939255e+00
329 2.468452e+00 1.930819e+00
330 2.505305e+00 1.952691e+00
331 2.505667e+00 1.958336e+00
332 2.499470e+00 1.959532e+00
333 2.488919e+00 1.965259e+00
334 2.499496e+00 1.990332e+00
335 2.591155e+00 2.063903e+00
336 2.587530e+00 2.064127e+00
337 2.604817e+00 2.049235e+00
338 2.583831e+00 2.060408e+00
339 2.589464e+00 2.069927e+00
340 2.602950e+00 2.061439e+00
341 2.584317e+00 2.071687e+00
342 2.585073e+00 2.069704e+00
343 2.582922e+00 2.070624e+00
344 2.578767e+00 2.063032e+00
345 2.553326e+00 2.076941e+00
346 2.556452e+00 2.061990e+00
347 2.557105e+00 2.061367e+00
348 2.628999e+00 2.010671e+00
349 2.604907e+00 2.025219e+00
350 2.627558e+00 2.094081e+00
351 2.627121e+00 2.082934e+00
352 2.647632e+00 2.105805e+00
353 2.611225e+00 2.082430e+00
354 2.606200e+00 2.101544e+00
355 2.564165e+00 2.111505e+00
356 2.559716e+00 2.132716e+00
357 2.569518e+00 2.131942e+00
358 2.557508e+00 2.132905e+00
359 2.556391e+00 2.134764e+00
360 2.572454e+00 2.130001e+00
361 2.565223e+00 2.130842e+00
362 2.567683e+00 2.132445e+00
363 2.582399e+00 2.098643e+00
364 2.523167e+00 2.077522e+00
365 2.536026e+00 2.062442e+00
366 2.589276e+00 2.059986e+00
367 2.617600e+00 2.064205e+00
368 2.607402e+00 2.087451e+00
369 2.625976e+00 2.094621e+00
370 2.626363e+00 2.092385e+00
371 2.626224e+00 2.111693e+00
372 2.617471e+00 2.119158e+00
373 2.617607e+00 2.124956e+00
374 2.619101e+00 2.122958e+00
375 2.617287e+00 2.122127e+00
376 2.622932e+00 2.099559e+00
377 2.639593e+00 2.095264e+00
378 2.623059e+00 2.104165e+00
379 2.603558e+00 2.127171e+00
380 2.606433e+00 2.131338e+00
381 2.587716e+00 2.128732e+00
382 2.576059e+00 2.130793e+00
383 2.549547e+00 2.120465e+00
384 2.557788e+00 2.113314e+00
385 2.598207e+00 2.133635e+00
386 2.600088e+00 2.154748e+00
387 2.575593e+00 2.148489e+00
388 2.571957e+00 2.147219e+00
389 2.574016e+00 2.192367e+00
390 2.609873e+00 2.179590e+00
391 2.609919e+00 2.193963e+00
392 2.628623e+00 2.205732e+00
393 2.646337e+00 2.206672e+00
394 2.651293e+00 2.209973e+00
395 2.673180e+00 2.169198e+00
396 2.644100e+00 2.127943e+00
397 2.640612e+00 2.122643e+00
398 2.648045e+00 2.103899e+00
399 2.652477e+00 2.109861e+00
400 2.666296e+00 2.055370e+00
401 2.668040e+00 2.048598e+00
402 2.643104e+00 2.060731e+00
403 2.654058e+00 2.061390e+00
404 2.665884e+00 2.052474e+00
405 2.666157e+00 2.056479e+00
406 2.675231e+00 2.003278e+00
407 2.650973e+00 2.022409e+00
408 2.654018e+00 2.016943e+00
409 2.642592e+00 2.024977e+00
410 2.642323e+00 2.028996e+00
411 2.663644e+00 2.042003e+00
412 2.671026e+00 2.038192e+00
413 2.701057e+00 2.026349e+00
414 2.675916e+00 2.092393e+00
415 2.678524e+00 2.100226e+00
416 2.657734e+00 2.085069e+00
417 2.715564e+00 2.085387e+00
418 2.707980e+00 2.094388e+00
419 2.635809e+00 2.056211e+00
420 2.637034e+00 2.064503e+00
421 2.643801e+00 2.073082e+00
422 2.645086e+00 2.075483e+00
423 2.667641e+00 2.059497e+00
424 2.672253e+00 2.053407e+00
425 2.679280e+00 2.048786e+00
426 2.682530e+00 2.037422e+00
427 2.680066e+00 2.061889e+00
428 2.747772e+00 2.061956e+00
429 2.741662e+00 2.060484e+00
430 2.732829e+00 2.071652e+00
431 2.731788e+00 2.072336e+00
432 2.726530e+00 2.046142e+00
433 2.725441e+00 2.036849e+00
434 2.717900e+00 2.046671e+00
435 2.714888e+00 2.051284e+00
436 2.714085e+00 2.045072e+00
437 2.713665e+00 2.045457e+00
438 2.728633e+00 2.042433e+00
439 2.731338e+00 2.043390e+00
440 2.730126e+00 2.042795e+00
441 2.733124e+00 2.055778e+00
442 2.724694e+00 2.044587e+00
443 2.733292e+00 2.048632e+00
444 2.703976e+00 2.097798e+00
445 2.704891e+00 2.097054e+00
446 2.731938e+00 2.096144e+00
447 2.732732e+00 2.098222e+00
448 2.731094e+00 2.087833e+00
449 2.683054e+00 2.027476e+00
450 2.686357e+00 2.020403e+00
451 2.676612e+00 2.026792e+00
452 2.688806e+00 2.022566e+00
453 2.688286e+00 2.020596e+00
454 2.720241e+00 2.033680e+00
455 2.743208e+00 2.034680e+00
456 2.744904e+00 2.036011e+00
457 2.755964e+00 2.031547e+00
458 2.759787e+00 2.040793e+00
459 2.760300e+00 2.045524e+00
460 2.749839e+00 2.036403e+00
461 2.727899e+00 1.982178e+00
462 2.711732e+00 1.975236e+00
463 2.652421e+00 2.033039e+00
464 2.615020e+00 2.061054e+00
465 2.615491e+00 2.046372e+00
466 2.602187e+00 2.131807e+00
467 2.628271e+00 2.147648e+00
468 2.625490e+00 2.147081e+00
469 2.615806e+00 2.149257e+00
470 2.618353e+00 2.140909e+00
471 2.620779e+00 2.132297e+00
472 2.617951e+00 2.140545e+00
473 2.622359e+00 2.152492e+00
474 2.626631e+00 2.152663e+00
475 2.623745e+00 2.150665e+00
476 2.593665e+00 2.132399e+00
477 2.584036e+00 2.130839e+00
478 2.584284e+00 2.130784e+00
479 2.577164e+00 2.122638e+00
480 2.580783e+00 2.119492e+00
481 2.584276e+00 2.119133e+00
482 2.596441e+00 2.124978e+00
483 2.600555e+00 2.124529e+00
484 2.600173e+00 2.125861e+00
485 2.600872e+00 2.120017e+00
486 2.607043e+00 2.142766e+00
487 2.605287e+00 2.145979e+00
488 2.613116e+00 2.165369e+00
489 2.615092e+00 2.174926e+00
490 2.613394e+00 2.170002e+00
491 2.612525e+00 2.171862e+00
492 2.569948e+00 2.186835e+00
493 2.570570e+00 2.175845e+00
494 2.604502e+00 2.176824e+00
495 2.604669e+00 2.177193e+00
496 2.588135e+00 2.171987e+00
497 2.604109e+00 2.171602e+00
498 2.602695e+00 2.173546e+00
499 2.571175e+00 2.183972e+00
500 2.573772e+00 2.184449e+00
501 2.604571e+00 2.231402e+00
502 2.490942e+00 2.144135e+00
503 2.492123e+00 2.143485e+00
504 2.488183e+00 2.151668e+00
505 2.482113e+00 2.148418e+00
506 2.494962e+00 2.158834e+00
507 2.489178e+00 2.132047e+00
508 2.491592e+00 2.157744e+00
509 2.522194e+00 2.168464e+00
510 2.522055e+00 2.168665e+00
511 2.528655e+00 2.204109e+00
512 2.553791e+00 2.195556e+00
513 2.562579e+00 2.187543e+00
514 2.559277e+00 2.172271e+00
515 2.586358e+00 2.159719e+00
516 2.568823e+00 2.141066e+00
517 2.588707e+00 2.173442e+00
518 2.622499e+00 2.175172e+00
519 2.624519e+00 2.161216e+00
520 2.604804e+00 2.154772e+00
521 2.591771e+00 2.160006e+00
522 2.587274e+00 2.157925e+00
523 2.590569e+00 2.175826e+00
524 2.595449e+00 2.157553e+00
525 2.614892e+00 2.175272e+00
526 2.606155e+00 2.171965e+00
527 2.602976e+00 2.167753e+00
528 2.590321e+00 2.167171e+00
529 2.596637e+00 2.175018e+00
530 2.607159e+00 2.187465e+00
531 2.598627e+00 2.168775e+00
532 2.601041e+00 2.168638e+00
533 2.598788e+00 2.172757e+00
534 2.623057e+00 2.162389e+00
535 2.624382e+00 2.162520e+00
536 2.616239e+00 2.140549e+00
537 2.610261e+00 2.145331e+00
538 2.589847e+00 2.133186e+00
539 2.597099e+00 2.132547e+00
540 2.592747e+00 2.101343e+00
541 2.616005e+00 2.126372e+00
542 2.616425e+00 2.107555e+00
543 2.595283e+00 2.106924e+00
544 2.595066e+00 2.107331e+00
545 2.543559e+00 2.110715e+00
546 2.520304e+00 2.099611e+00
547 2.518904e+00 2.101253e+00
548 2.532612e+00 2.135410e+00
549 2.540975e+00 2.153876e+00
550 2.552611e+00 2.155941e+00
551 2.547651e+00 2.133825e+00
552 2.533533e+00 2.120435e+00
553 2.532969e+00 2.121126e+00
554 2.528131e+00 2.120734e+00
555 2.527180e+00 2.120005e+00
556 2.528515e+00 2.119532e+00
557 2.513756e+00 2.136438e+00
558 2.501829e+00 2.155792e+00
559 2.493154e+00 2.132015e+00
560 2.476459e+00 2.104360e+00
561 2.509411e+00 2.098728e+00
562 2.514816e+00 2.081241e+00
563 2.525264e+00 2.082302e+00
564 2.482572e+00 2.094590e+00
565 2.480178e+00 2.092288e+00
566 2.503886e+00 2.096582e+00
567 2.425858e+00 2.152605e+00
568 2.426020e+00 2.163775e+00
569 2.461958e+00 2.176395e+00
570 2.460008e+00 2.170668e+00
571 2.448782e+00 2.173345e+00
572 2.464549e+00 2.210375e+00
573 2.441661e+00 2.211716e+00
574 2.427074e+00 2.233812e+00
575 2.423270e+00 2.235390e+00
576 2.377399e+00 2.217326e+00
577 2.413553e+00 2.195116e+00
578 2.472569e+00 2.194782e+00
579 2.473148e+00 2.194485e+00
580 2.472160e+00 2.194963e+00
581 2.471884e+00 2.196878e+00
582 2.457078e+00 2.184685e+00
583 2.450997e+00 2.180515e+00
584 2.462904e+00 2.175803e+00
585 2.417188e+00 2.170360e+00
586 2.385446e+00 2.149089e+00
587 2.386328e+00 2.154929e+00
588 2.390966e+00 2.158896e+00
589 2.400831e+00 2.164920e+00
590 2.403941e+00 2.161446e+00
591 2.410219e+00 2.161215e+00
592 2.410760e+00 2.161947e+00
593 2.431575e+00 2.191185e+00
594 2.419292e+00 2.187906e+00
595 2.419874e+00 2.187015e+00
596 2.443676e+00 2.253667e+00
597 2.442383e+00 2.265230e+00
598 2.395936e+00 2.251586e+00
599 2.407537e+00 2.234499e+00
600 2.408409e+00 2.232871e+00
601 2.409456e+00 2.238894e+00
602 2.408266e+00 2.240514e+00
603 2.445984e+00 2.227281e+00
604 2.435082e+00 2.232031e+00
605 2.439333e+00 2.224150e+00
606 2.451490e+00 2.233686e+00
607 2.473203e+00 2.258169e+00
608 2.475334e+00 2.259871e+00
609 2.489627e+00 2.274886e+00
610 2.473827e+00 2.275901e+00
611 2.496930e+00 2.294600e+00
612 2.489435e+00 2.287767e+00
613 2.491322e+00 2.287464e+00
614 2.489865e+00 2.273860e+00
615 2.490119e+00 2.263998e+00
616 2.464074e+00 2.258641e+00
617 2.464578e+00 2.261756e+00
618 2.454946e+00 2.271455e+00
619 2.450901e+00 2.283134e+00
620 2.448064e+00 2.282011e+00
621 2.492653e+00 2.236174e+00
622 2.492185e+00 2.236197e+00
623 2.512143e+00 2.213266e+00
624 2.513550e+00 2.204067e+00
625 2.507209e+00 2.282733e+00
626 2.499935e+00 2.293892e+00
627 2.501002e+00 2.295182e+00
628 2.497987e+00 2.296376e+00
629 2.505280e+00 2.308651e+00
630 2.441485e+00 2.282959e+00
631 2.439907e+00 2.282678e+00
632 2.441490e+00 2.277355e+00
633 2.478917e+00 2.252564e+00
634 2.469446e+00 2.263808e+00
635 2.430613e+00 2.270437e+00
636 2.427815e+00 2.282327e+00
637 2.433926e+00 2.279745e+00
638 2.427228e+00 2.283504e+00
639 2.447984e+00 2.268917e+00
640 2.446227e+00 2.269783e+00
641 2.448324e+00 2.272827e+00
642 2.417084e+00 2.275426e+00
643 2.417154e+00 2.275222e+00
644 2.414867e+00 2.269738e+00
645 2.420678e+00 2.275347e+00
646 2.430132e+00 2.284892e+00
647 2.402309e+00 2.282283e+00
648 2.383573e+00 2.278400e+00
649 2.384616e+00 2.271382e+00
650 2.365454e+00 2.324553e+00
651 2.369556e+00 2.328790e+00
652 2.394489e+00 2.333298e+00
653 2.393971e+00 2.333079e+00
654 2.395305e+00 2.333687e+00
655 2.386149e+00 2.338881e+00
656 2.393790e+00 2.379638e+00
657 2.397593e+00 2.382577e+00
658 2.438391e+00 2.346234e+00
659 2.439189e+00 2.347484e+00
660 2.458002e+00 2.319328e+00
661 2.461045e+00 2.327857e+00
662 2.465539e+00 2.312742e+00
663 2.465270e+00 2.324827e+00
664 2.474712e+00 2.273723e+00
665 2.483869e+00 2.252002e+00
666 2.494551e+00 2.250280e+00
667 2.505804e+00 2.254657e+00
668 2.528572e+00 2.266226e+00
669 2.558146e+00 2.283611e+00
670 2.560285e+00 2.280209e+00
671 2.546158e+00 2.279072e+00
672 2.542863e+00 2.294752e+00
673 2.534612e+00 2.297222e+00
674 2.531513e+00 2.297858e+00
675 2.555683e+00 2.315746e+00
676 2.555335e+00 2.316476e+00
677 2.551824e+00 2.330375e+00
678 2.550351e+00 2.328925e+00
679 2.543559e+00 2.327832e+00
680 2.570370e+00 2.338916e+00
681 2.577890e+00 2.335536e+00
682 2.551308e+00 2.365053e+00
683 2.553171e+00 2.364277e+00
684 2.508488e+00 2.402279e+00
685 2.508859e+00 2.398846e+00
686 2.512268e+00 2.395213e+00
687 2.525072e+00 2.392418e+00
688 2.510449e+00 2.394706e+00
689 2.513285e+00 2.414996e+00
690 2.516501e+00 2.390349e+00
691 2.485505e+00 2.431648e+00
692 2.485467e+00 2.431514e+00
693 2.486264e+00 2.429022e+00
694 2.501666e+00 2.440794e+00
695 2.518860e+00 2.429825e+00
696 2.504652e+00 2.402340e+00
697 2.522644e+00 2.396630e+00
698 2.521900e+00 2.395838e+00
699 2.518774e+00 2.387510e+00
700 2.514154e+00 2.389587e+00
701 2.505851e+00 2.376898e+00
702 2.512692e+00 2.387141e+00
703 2.511123e+00 2.376696e+00
704 2.495606e+00 2.416998e+00
705 2.493642e+00 2.415361e+00
706 2.492667e+00 2.421946e+00
707 2.491495e+00 2.423391e+00
708 2.485451e+00 2.441368e+00
709 2.479769e+00 2.441868e+00
710 2.482641e+00 2.427436e+00
711 2.453468e+00 2.471767e+00
712 2.433077e+00 2.497660e+00
713 2.426585e+00 2.486531e+00
714 2.426806e+00 2.486478e+00
715 2.446338e+00 2.490503e+00
716 2.438380e+00 2.488219e+00
717 2.435061e+00 2.485267e+00
718 2.435231e+00 2.484063e+00
719 2.433505e+00 2.481220e+00
720 2.390594e+00 2.475298e+00
721 2.379393e+00 2.402876e+00
722 2.403432e+00 2.399064e+00
723 2.365730e+00 2.386489e+00
724 2.361199e+00 2.388200e+00
725 2.363277e+00 2.380712e+00
726 2.366615e+00 2.392260e+00
727 2.373288e+00 2.406745e+00
728 2.451310e+00 2.347744e+00
729 2.423786e+00 2.350758e+00
730 2.444467e+00 2.347987e+00
731 2.424735e+00 2.337294e+00
732 2.423753e+00 2.339117e+00
733 2.426791e+00 2.339847e+00
734 2.410208e+00 2.301151e+00
735 2.418216e+00 2.304780e+00
736 2.420261e+00 2.300517e+00
737 2.420718e+00 2.306869e+00
738 2.406415e+00 2.273080e+00
739 2.398824e+00 2.273397e+00
740 2.409232e+00 2.281576e+00
741 2.431729e+00 2.298845e+00
742 2.431711e+00 2.298689e+00
743 2.430633e+00 2.307174e+00
744 2.443018e+00 2.321541e+00
745 2.460087e+00 2.335833e+00
746 2.463374e+00 2.337068e+00
747 2.481153e+00 2.359999e+00
748 2.474484e+00 2.355242e+00
749 2.478008e+00 2.331916e+00
750 2.472592e+00 2.322031e+00
751 2.443267e+00 2.340600e+00
752 2.440210e+00 2.358068e+00
753 2.436245e+00 2.384326e+00
754 2.385538e+00 2.369201e+00
755 2.382136e+00 2.371634e+00
756 2.363364e+00 2.427385e+00
757 2.300860e+00 2.450732e+00
758 2.297456e+00 2.444199e+00
759 2.291829e+00 2.443762e+00
760 2.322817e+00 2.416119e+00
761 2.325508e+00 2.411072e+00
762 2.339823e+00 2.430771e+00
763 2.334653e+00 2.425180e+00
764 2.329308e+00 2.432864e+00
765 2.328715e+00 2.425874e+00
766 2.334103e+00 2.414235e+00
767 2.350347e+00 2.391921e+00
768 2.354058e+00 2.388677e+00
769 2.354613e+00 2.389425e+00
770 2.351101e+00 2.443814e+00
771 2.343823e+00 2.441598e+00
772 2.343611e+00 2.414965e+00
773 2.348534e+00 2.419272e+00
774 2.328473e+00 2.484310e+00
775 2.317168e+00 2.488395e+00
776 2.317581e+00 2.496277e+00
777 2.334446e+00 2.451714e+00
778 2.304763e+00 2.436987e+00
779 2.316908e+00 2.441479e+00
780 2.316801e+00 2.452658e+00
781 2.287174e+00 2.365130e+00
782 2.302369e+00 2.386528e+00
783 2.309154e+00 2.386582e+00
784 2.312234e+00 2.371785e+00
785 2.308097e+00 2.374006e+00
786 2.298090e+00 2.369855e+00
787 2.327754e+00 2.377549e+00
788 2.327423e+00 2.378087e+00
789 2.329132e+00 2.370624e+00
790 2.357706e+00 2.422976e+00
791 2.345192e+00 2.450883e+00
792 2.349698e+00 2.444078e+00
793 2.403490e+00 2.449583e+00
794 2.403319e+00 2.451173e+00
795 2.404363e+00 2.455872e+00
796 2.406769e+00 2.468301e+00
797 2.406837e+00 2.467968e+00
798 2.409461e+00 2.462568e+00
799 2.409416e+00 2.462583e+00
800 2.389580e+00 2.442196e+00
801 2.390490e+00 2.430253e+00
802 2.381683e+00 2.436698e+00
803 2.374273e+00 2.437278e+00
804 2.391893e+00 2.420232e+00
805 2.386237e+00 2.419806e+00
806 2.366112e+00 2.447123e+00
807 2.374399e+00 2.463144e+00
808 2.371297e+00 2.463163e+00
809 2.373332e+00 2.467161e+00
810 2.392610e+00 2.470584e+00
811 2.383323e+00 2.472654e+00
812 2.382835e+00 2.472770e+00
813 2.384312e+00 2.474675e+00
814 2.332930e+00 2.502344e+00
815 2.312265e+00 2.499131e+00
816 2.287878e+00 2.470262e+00
817 2.290183e+00 2.472731e+00
818 2.270394e+00 2.505568e+00
819 2.279288e+00 2.507308e+00
820 2.263810e+00 2.491142e+00
821 2.267738e+00 2.503082e+00
822 2.302805e+00 2.486911e+00
823 2.272085e+00 2.498506e+00
824 2.274804e+00 2.389831e+00
825 2.268950e+00 2.413522e+00
826 2.275952e+00 2.444681e+00
827 2.279489e+00 2.449076e+00
828 2.270605e+00 2.441687e+00
829 2.228424e+00 2.499740e+00
830 2.243616e+00 2.485716e+00
831 2.260019e+00 2.454950e+00
832 2.261147e+00 2.451079e+00
833 2.262718e+00 2.442418e+00
834 2.244797e+00 2.399340e+00
835 2.243394e+00 2.413528e+00
836 2.251489e+00 2.420965e+00
837 2.256411e+00 2.421376e+00
838 2.240453e+00 2.429619e+00
839 2.224733e+00 2.427399e+00
840 2.246774e+00 2.398362e+00
841 2.247392e+00 2.407723e+00
842 2.228879e+00 2.416853e+00
843 2.229504e+00 2.417342e+00
844 2.228539e+00 2.418550e+00
845 2.236835e+00 2.414701e+00
846 2.225137e+00 2.416720e+00
847 2.299980e+00 2.421981e+00
848 2.293292e+00 2.403201e+00
849 2.287788e+00 2.400814e+00
850 2.328129e+00 2.356187e+00
851 2.315349e+00 2.353044e+00
852 2.315187e+00 2.346817e+00
853 2.318120e+00 2.365382e+00
854 2.313555e+00 2.365386e+00
855 2.346596e+00 2.334418e+00
856 2.345069e+00 2.332984e+00
857 2.367229e+00 2.325859e+00
858 2.355601e+00 2.308604e+00
859 2.401795e+00 2.280027e+00
860 2.444017e+00 2.334776e+00
861 2.436978e+00 2.325248e+00
862 2.422014e+00 2.335670e+00
863 2.419862e+00 2.341058e+00
864 2.409910e+00 2.335870e+00
865 2.416389e+00 2.339877e+00
866 2.402996e+00 2.342819e+00
867 2.412934e+00 2.352219e+00
868 2.397947e+00 2.325502e+00
869 2.413846e+00 2.325711e+00
870 2.407376e+00 2.322707e+00
871 2.410434e+00 2.326833e+00
872 2.410396e+00 2.326089e+00
873 2.397293e+00 2.315031e+00
874 2.393107e+00 2.317826e+00
875 2.393767e+00 2.318418e+00
876 2.385296e+00 2.326090e+00
877 2.407653e+00 2.317152e+00
878 2.392447e+00 2.316052e+00
879 2.379594e+00 2.337867e+00
880 2.389096e+00 2.337459e+00
881 2.394664e+00 2.343624e+00
882 2.377079e+00 2.338397e+00
883 2.377668e+00 2.331884e+00
884 2.318025e+00 2.341208e+00
885 2.316510e+00 2.339419e+00
886 2.312416e+00 2.321322e+00
887 2.309347e+00 2.299565e+00
888 2.312827e+00 2.298873e+00
889 2.310298e+00 2.299280e+00
890 2.306568e+00 2.311744e+00
891 2.318322e+00 2.352836e+00
892 2.317477e+00 2.350448e+00
893 2.319110e+00 2.351009e+00
894 2.303481e+00 2.344743e+00
895 2.294691e+00 2.337736e+00
896 2.272907e+00 2.303753e+00
897 2.276035e+00 2.302469e+00
898 2.271825e+00 2.295462e+00
899 2.277410e+00 2.301831e+00
900 2.285788e+00 2.312500e+00
901 2.280749e+00 2.279577e+00
902 2.280371e+00 2.279651e+00
903 2.277721e+00 2.281779e+00
904 2.276679e+00 2.276277e+00
905 2.273131e+00 2.260933e+00
906 2.254279e+00 2.242612e+00
907 2.235956e+00 2.214718e+00
908 2.214250e+00 2.110565e+00
909 2.189077e+00 2.133709e+00
910 2.171449e+00 2.115440e+00
911 2.146702e+00 2.145064e+00
912 2.151445e+00 2.143415e+00
913 2.152583e+00 2.136181e+00
914 2.173812e+00 2.153878e+00
915 2.110783e+00 2.090505e+00
916 2.121621e+00 2.042852e+00
917 2.122504e+00 2.035772e+00
918 2.138443e+00 2.029843e+00
919 2.123033e+00 2.040847e+00
920 2.115527e+00 2.035180e+00
921 2.201537e+00 1.921328e+00
922 2.195842e+00 1.925223e+00
923 2.149215e+00 1.875601e+00
924 2.178385e+00 1.857119e+00
925 2.169289e+00 1.857920e+00
926 2.172029e+00 1.859709e+00
927 2.174849e+00 1.861461e+00
928 2.134223e+00 1.849344e+00
929 2.130232e+00 1.855059e+00
930 2.156477e+00 1.829874e+00
931 2.170323e+00 1.833725e+00
932 2.157641e+00 1.810071e+00
933 2.153745e+00 1.734250e+00
934 2.162270e+00 1.707048e+00
935 2.143985e+00 1.691574e+00
936 2.133667e+00 1.708166e+00
937 2.132590e+00 1.728253e+00
938 2.132512e+00 1.728312e+00
939 2.133168e+00 1.724836e+00
940 2.147072e+00 1.717801e+00
941 2.146727e+00 1.718781e+00
942 2.141017e+00 1.689015e+00
943 2.121972e+00 1.716643e+00
944 2.131878e+00 1.674609e+00
945 2.091963e+00 1.673649e+00
946 2.092386e+00 1.673051e+00
947 2.090702e+00 1.669181e+00
948 2.102188e+00 1.672793e+00
949 2.102584e+00 1.673002e+00
950 2.076459e+00 1.660945e+00
951 2.096318e+00 1.674867e+00
952 2.073847e+00 1.658202e+00
953 2.077830e+00 1.670399e+00
954 2.076796e+00 1.669867e+00
955 2.075137e+00 1.663567e+00
956 2.077827e+00 1.663505e+00
957 2.115638e+00 1.677655e+00
958 2.107617e+00 1.688947e+00
959 2.106469e+00 1.691853e+00
960 2.109914e+00 1.694994e+00
961 2.114600e+00 1.659293e+00
962 2.106998e+00 1.635577e+00
963 2.104574e+00 1.647404e+00
964 2.106408e+00 1.667293e+00
965 2.100109e+00 1.661833e+00
966 2.100771e+00 1.660662e+00
967 2.100817e+00 1.660287e+00
968 2.099214e+00 1.674850e+00
969 2.116123e+00 1.672162e+00
970 2.103672e+00 1.662887e+00
971 2.084547e+00 1.657737e+00
972 2.090956e+00 1.650613e+00
973 2.056113e+00 1.700719e+00
974 2.048167e+00 1.687097e+00
975 2.045934e+00 1.685716e+00
976 2.046093e+00 1.695777e+00
977 2.069006e+00 1.761508e+00
978 2.072788e+00 1.762728e+00
979 2.056334e+00 1.791753e+00
980 2.025707e+00 1.790099e+00
981 2.079498e+00 1.778960e+00
982 2.070036e+00 1.721265e+00
983 2.043708e+00 1.720572e+00
984 2.042988e+00 1.720228e+00
985 1.973241e+00 1.666981e+00
986 1.973201e+00 1.660300e+00
987 1.996101e+00 1.684221e+00
988 1.996218e+00 1.680030e+00
989 2.000916e+00 1.678208e+00
990 1.989229e+00 1.670673e+00
991 1.989667e+00 1.668764e+00
992 1.988986e+00 1.669005e+00
993 1.998815e+00 1.670041e+00
994 1.991285e+00 1.694423e+00
995 1.991259e+00 1.694502e+00
996 1.990028e+00 1.704073e+00
997 1.992647e+00 1.700802e+00
998 1.989445e+00 1.709383e+00
999 1.985173e+00 1.742613e+00
1000 1.972953e+00 1.719017e+00
1001 1.865723e+00 1.653869e+00
1002 1.870053e+00 1.642970e+00
1003 1.859257e+00 1.653183e+00
1004 1.874051e+00 1.633276e+00
1005 1.874638e+00 1.610632e+00
1006 1.874501e+00 1.599147e+00
1007 1.858639e+00 1.630460e+00
1008 1.842509e+00 1.629978e+00
1009 1.842013e+00 1.629431e+00
1010 1.841477e+00 1.627045e+00
1011 1.850664e+00 1.668528e+00
1012 1.868945e+00 1.668869e+00
1013 1.879947e+00 1.656384e+00
1014 1.875218e+00 1.683036e+00
1015 1.876186e+00 1.672400e+00
1016 1.881541e+00 1.679315e+00
1017 1.882001e+00 1.683129e+00
1018 1.873443e+00 1.684486e+00
1019 1.879679e+00 1.729585e+00
1020 1.880024e+00 1.729158e+00
1021 1.838152e+00 1.725110e+00
1022 1.815672e+00 1.719221e+00
1023 1.827078e+00 1.720277e+00
1024 1.849400e+00 1.692679e+00
1025 1.831001e+00 1.704494e+00
1026 1.831263e+00 1.708697e+00
1027 1.841814e+00 1.718369e+00
1028 1.836382e+00 1.718095e+00
1029 1.839780e+00 1.722101e+00
1030 1.837898e+00 1.721712e+00
1031 1.866337e+00 1.730457e+00
1032 1.875774e+00 1.717028e+00
1033 1.899109e+00 1.723107e+00
1034 1.897901e+00 1.720546e+00
1035 1.893020e+00 1.692557e+00
1036 1.918476e+00 1.700931e+00
1037 1.917278e+00 1.699625e+00
1038 1.904321e+00 1.725343e+00
1039 1.919465e+00 1.711606e+00
1040 1.917419e+00 1.713921e+00
1041 1.927230e+00 1.670183e+00
1042 1.885749e+00 1.668795e+00
1043 1.886285e+00 1.668502e+00
1044 1.894657e+00 1.664623e+00
1045 1.892670e+00 1.664166e+00
1046 1.894452e+00 1.665004e+00
1047 1.892446e+00 1.660241e+00
1048 1.891058e+00 1.642008e+00
1049 1.884887e+00 1.629545e+00
1050 1.869324e+00 1.636758e+00
1051 1.869018e+00 1.626046e+00
1052 1.868924e+00 1.626127e+00
1053 1.868023e+00 1.609199e+00
1054 1.889537e+00 1.650672e+00
1055 1.890184e+00 1.606040e+00
1056 1.890202e+00 1.660063e+00
1057 1.899000e+00 1.689804e+00
1058 1.893523e+00 1.686716e+00
1059 1.911454e+00 1.703464e+00
1060 1.914625e+00 1.704970e+00
1061 1.908284e+00 1.676184e+00
1062 1.908302e+00 1.661929e+00
1063 1.935866e+00 1.641907e+00
1064 1.949817e+00 1.649114e+00
1065 1.971570e+00 1.646605e+00
1066 1.947127e+00 1.629062e+00
1067 1.953859e+00 1.621345e+00
1068 1.963329e+00 1.634222e+00
1069 1.945610e+00 1.639169e+00
1070 1.945904e+00 1.610577e+00
1071 1.980335e+00 1.629121e+00
1072 1.967548e+00 1.585915e+00
1073 1.959002e+00 1.596318e+00
1074 1.963922e+00 1.594693e+00
1075 1.986527e+00 1.578705e+00
1076 1.976189e+00 1.580420e+00
1077 1.946615e+00 1.534750e+00
1078 1.935496e+00 1.543252e+00
1079 1.935588e+00 1.543585e+00
1080 1.917642e+00 1.538634e+00
1081 1.898140e+00 1.529555e+00
1082 1.898412e+00 1.530222e+00
1083 1.907270e+00 1.507240e+00
1084 1.905835e+00 1.506035e+00
1085 1.911160e+00 1.489849e+00
1086 1.914586e+00 1.464222e+00
1087 1.887600e+00 1.457780e+00
1088 1.860928e+00 1.421738e+00
1089 1.860612e+00 1.431669e+00
1090 1.882685e+00 1.485853e+00
1091 1.888605e+00 1.491608e+00
1092 1.891072e+00 1.485980e+00
1093 1.903757e+00 1.501543e+00
1094 1.903459e+00 1.493060e+00
1095 1.904399e+00 1.493574e+00
1096 1.904469e+00 1.493057e+00
1097 1.869209e+00 1.496747e+00
1098 1.856606e+00 1.490143e+00
1099 1.962415e+00 1.546907e+00
1100 1.961345e+00 1.573425e+00
1101 1.979676e+00 1.542175e+00
1102 1.970575e+00 1.538624e+00
1103 1.970822e+00 1.538350e+00
1104 1.973366e+00 1.542079e+00
1105 1.965962e+00 1.537708e+00
1106 1.967081e+00 1.536842e+00
1107 1.962072e+00 1.528380e+00
1108 1.982655e+00 1.537212e+00
1109 1.922531e+00 1.460702e+00
1110 1.922527e+00 1.460574e+00
1111 1.929085e+00 1.465430e+00
1112 1.929253e+00 1.464671e+00
1113 1.907471e+00 1.476451e+00
1114 1.907873e+00 1.479548e+00
1115 1.910808e+00 1.485722e+00
1116 1.946166e+00 1.489810e+00
1117 1.968206e+00 1.486457e+00
1118 1.972430e+00 1.505724e+00
1119 1.928080e+00 1.515632e+00
1120 1.944446e+00 1.518447e+00
1121 1.954950e+00 1.513239e+00
1122 1.941650e+00 1.542717e+00
1123 1.934747e+00 1.528545e+00
1124 2.030024e+00 1.484898e+00
1125 2.040388e+00 1.519840e+00
1126 2.039567e+00 1.517171e+00
1127 2.049207e+00 1.527087e+00
1128 2.055178e+00 1.518463e+00
1129 2.073536e+00 1.521188e+00
1130 2.066918e+00 1.527038e+00
1131 2.087124e+00 1.525556e+00
1132 2.112688e+00 1.536110e+00
1133 2.055628e+00 1.532671e+00
1134 2.082638e+00 1.504184e+00
1135 2.083116e+00 1.511464e+00
1136 2.099910e+00 1.516402e+00
1137 2.099208e+00 1.546554e+00
1138 2.102532e+00 1.561909e+00
1139 2.119070e+00 1.606874e+00
1140 2.125372e+00 1.611915e+00
1141 2.118158e+00 1.585068e+00
1142 2.126562e+00 1.539028e+00
1143 2.141319e+00 1.534047e+00
1144 2.141488e+00 1.534936e+00
1145 2.132680e+00 1.457292e+00
1146 2.149791e+00 1.530192e+00
1147 2.149666e+00 1.523711e+00
1148 2.147552e+00 1.522156e+00
1149 2.158927e+00 1.475007e+00
1150 2.115176e+00 1.463713e+00
1151 2.119577e+00 1.481831e+00
1152 2.083108e+00 1.522035e+00
1153 2.080603e+00 1.557182e+00
1154 2.066600e+00 1.562088e+00
1155 2.003255e+00 1.499163e+00
1156 2.003507e+00 1.497901e+00
1157 2.003857e+00 1.498262e+00
1158 2.000548e+00 1.504725e+00
1159 2.016797e+00 1.500617e+00
1160 2.014615e+00 1.504063e+00
1161 2.013900e+00 1.501124e+00
1162 2.072640e+00 1.481587e+00
1163 2.084170e+00 1.508069e+00
1164 2.084200e+00 1.508924e+00
1165 2.065649e+00 1.490694e+00
1166 2.119679e+00 1.519399e+00
1167 2.101752e+00 1.537012e+00
1168 2.063384e+00 1.512752e+00
1169 2.097848e+00 1.515257e+00
1170 2.103034e+00 1.456121e+00
1171 2.096505e+00 1.448743e+00
1172 2.097688e+00 1.448342e+00
1173 2.098071e+00 1.449363e+00
1174 2.093200e+00 1.446803e+00
1175 2.082175e+00 1.464536e+00
1176 2.098607e+00 1.450811e+00
1177 2.085448e+00 1.471012e+00
1178 2.077275e+00 1.471377e+00
1179 2.075031e+00 1.488776e+00
1180 2.057465e+00 1.504024e+00
1181 2.056288e+00 1.505189e+00
1182 2.055191e+00 1.498132e+00
1183 2.054637e+00 1.499514e+00
1184 2.079746e+00 1.495240e+00
1185 2.062057e+00 1.509332e+00
1186 2.059834e+00 1.512304e+00
1187 2.080545e+00 1.496697e+00
1188 2.083240e+00 1.496657e+00
1189 2.102892e+00 1.498414e+00
1190 2.103486e+00 1.499849e+00
1191 2.105057e+00 1.506038e+00
1192 2.098374e+00 1.530270e+00
1193 2.099403e+00 1.521762e+00
1194 2.183334e+00 1.516921e+00
1195 2.206226e+00 1.532133e+00
1196 2.242316e+00 1.568155e+00
1197 2.244698e+00 1.582538e+00
1198 2.244754e+00 1.581800e+00
1199 2.306815e+00 1.599179e+00
1200 2.303593e+00 1.605666e+00
1201 2.359225e+00 1.563790e+00
1202 2.351402e+00 1.559911e+00
1203 2.352421e+00 1.566273e+00
1204 2.354314e+00 1.567517e+00
1205 2.368191e+00 1.583672e+00
1206 2.368744e+00 1.584152e+00
1207 2.342009e+00 1.626614e+00
1208 2.385760e+00 1.665570e+00
1209 2.395898e+00 1.667693e+00
1210 2.408772e+00 1.655847e+00
1211 2.381257e+00 1.684319e+00
1212 2.382784e+00 1.692019e+00
1213 2.420884e+00 1.735149e+00
1214 2.420679e+00 1.720940e+00
1215 2.409818e+00 1.700183e+00
1216 2.433810e+00 1.705520e+00
1217 2.436585e+00 1.717171e+00
1218 2.433058e+00 1.718550e+00
1219 2.400572e+00 1.700303e+00
1220 2.402968e+00 1.695803e+00
1221 2.372140e+00 1.686969e+00
1222 2.371935e+00 1.687258e+00
1223 2.373635e+00 1.682787e+00
1224 2.393497e+00 1.662872e+00
1225 2.393181e+00 1.684964e+00
1226 2.401522e+00 1.680358e+00
1227 2.405053e+00 1.682732e+00
1228 2.401585e+00 1.680863e+00
1229 2.430607e+00 1.684982e+00
1230 2.457944e+00 1.655357e+00
1231 2.458068e+00 1.658135e+00
1232 2.480366e+00 1.579138e+00
1233 2.492925e+00 1.593070e+00
1234 2.447626e+00 1.696832e+00
1235 2.437988e+00 1.698443e+00
1236 2.437092e+00 1.696596e+00
1237 2.449314e+00 1.705228e+00
1238 2.455397e+00 1.705120e+00
1239 2.456720e+00 1.709708e+00
1240 2.459472e+00 1.659304e+00
1241 2.458439e+00 1.660250e+00
1242 2.456196e+00 1.656189e+00
1243 2.457018e+00 1.652104e+00
1244 2.469652e+00 1.606436e+00
1245 2.465147e+00 1.603307e+00
1246 2.469325e+00 1.599219e+00
1247 2.467971e+00 1.600725e+00
1248 2.434353e+00 1.613657e+00
1249 2.428126e+00 1.642194e+00
1250 2.427103e+00 1.644203e+00
1251 2.434063e+00 1.679296e+00
1252 2.425334e+00 1.614852e+00
1253 2.426946e+00 1.613975e+00
1254 2.429757e+00 1.624994e+00
1255 2.432626e+00 1.619002e+00
1256 2.434151e+00 1.593092e+00
1257 2.451466e+00 1.596822e+00
1258 2.457508e+00 1.595812e+00
1259 2.457625e+00 1.595713e+00
1260 2.462070e+00 1.606937e+00
1261 2.452746e+00 1.613291e+00
1262 2.454694e+00 1.615342e+00
1263 2.456307e+00 1.616714e+00
1264 2.438207e+00 1.616933e+00
1265 2.440942e+00 1.621559e+00
1266 2.451639e+00 1.621768e+00
1267 2.433473e+00 1.609573e+00
1268 2.439892e+00 1.626386e+00
1269 2.447831e+00 1.671774e+00
1270 2.431461e+00 1.676712e+00
1271 2.430546e+00 1.678155e+00
1272 2.429662e+00 1.674440e+00
1273 2.429724e+00 1.674370e+00
1274 2.432207e+00 1.672342e+00
1275 2.438802e+00 1.659796e+00
1276 2.441187e+00 1.658755e+00
1277 2.431540e+00 1.654595e+00
1278 2.432488e+00 1.660270e+00
1279 2.393838e+00 1.615721e+00
1280 2.394255e+00 1.615111e+00
1281 2.485006e+00 1.619478e+00
1282 2.482575e+00 1.615892e+00
1283 2.466308e+00 1.634791e+00
1284 2.469114e+00 1.645769e+00
1285 2.505319e+00 1.661378e+00
1286 2.497197e+00 1.652476e+00
1287 2.493993e+00 1.651602e+00
1288 2.494065e+00 1.623788e+00
1289 2.540852e+00 1.632254e+00
1290 2.524278e+00 1.618296e+00
1291 2.527990e+00 1.621725e+00
1292 2.523247e+00 1.614298e+00
1293 2.522799e+00 1.613190e+00
1294 2.520030e+00 1.586281e+00
1295 2.541197e+00 1.596870e+00
1296 2.553486e+00 1.602809e+00
1297 2.563499e+00 1.599674e+00
1298 2.571038e+00 1.596883e+00
1299 2.580485e+00 1.617736e+00
1300 2.570982e+00 1.621407e+00
1301 2.569655e+00 1.620794e+00
1302 2.540766e+00 1.608808e+00
1303 2.521455e+00 1.607795e+00
1304 2.517700e+00 1.601872e+00
1305 2.521837e+00 1.615538e+00
1306 2.543773e+00 1.580793e+00
1307 2.558537e+00 1.612240e+00
1308 2.606606e+00 1.665729e+00
1309 2.604872e+00 1.665745e+00
1310 2.566299e+00 1.656143e+00
1311 2.571405e+00 1.667249e+00
1312 2.606224e+00 1.661679e+00
1313 2.621656e+00 1.665216e+00
1314 2.627149e+00 1.681198e+00
1315 2.589838e+00 1.713808e+00
1316 2.634604e+00 1.693348e+00
1317 2.646599e+00 1.698438e+00
1318 2.636375e+00 1.740834e+00
1319 2.642465e+00 1.728894e+00
1320 2.636508e+00 1.719762e+00
1321 2.622812e+00 1.694344e+00
1322 2.654204e+00 1.739863e+00
1323 2.655843e+00 1.755818e+00
1324 2.647738e+00 1.757783e+00
1325 2.632836e+00 1.741294e+00
1326 2.631636e+00 1.781950e+00
1327 2.633345e+00 1.799502e+00
1328 2.629883e+00 1.776039e+00
1329 2.617842e+00 1.775596e+00
1330 2.624333e+00 1.773194e+00
1331 2.650222e+00 1.808258e+00
1332 2.653052e+00 1.789103e+00
1333 2.627435e+00 1.736881e+00
1334 2.627342e+00 1.734338e+00
1335 2.627000e+00 1.735420e+00
1336 2.627274e+00 1.735550e+00
1337 2.633076e+00 1.734701e+00
1338 2.635275e+00 1.731051e+00
1339 2.637000e+00 1.728628e+00
1340 2.636843e+00 1.728932e+00
1341 2.641633e+00 1.735194e+00
1342 2.640742e+00 1.749981e+00
1343 2.630899e+00 1.729475e+00
1344 2.637685e+00 1.749366e+00
1345 2.638153e+00 1.749177e+00
1346 2.641718e+00 1.754976e+00
1347 2.593706e+00 1.745402e+00
1348 2.600394e+00 1.747383e+00
1349 2.603742e+00 1.743672e+00
1350 2.597966e+00 1.779571e+00
1351 2.573790e+00 1.735411e+00
1352 2.566779e+00 1.739015e+00
1353 2.560574e+00 1.731040e+00
1354 2.511021e+00 1.632297e+00
1355 2.492204e+00 1.616745e+00
1356 2.492380e+00 1.609013e+00
1357 2.495443e+00 1.617755e+00
1358 2.506932e+00 1.592961e+00
1359 2.573581e+00 1.607746e+00
1360 2.589800e+00 1.601394e+00
1361 2.569396e+00 1.555390e+00
1362 2.569485e+00 1.554312e+00
1363 2.584852e+00 1.542994e+00
1364 2.572632e+00 1.539482e+00
1365 2.566039e+00 1.544788e+00
1366 2.562988e+00 1.544943e+00
1367 2.564064e+00 1.543110e+00
1368 2.561961e+00 1.543765e+00
1369 2.551163e+00 1.546026e+00
1370 2.552284e+00 1.583086e+00
1371 2.549640e+00 1.584568e+00
1372 2.557832e+00 1.580546e+00
1373 2.540554e+00 1.588862e+00
1374 2.556678e+00 1.546742e+00
1375 2.542048e+00 1.541245e+00
1376 2.511052e+00 1.593283e+00
1377 2.581816e+00 1.658497e+00
1378 2.582208e+00 1.656751e+00
1379 2.585137e+00 1.674401e+00
1380 2.586687e+00 1.668800e+00
1381 2.594610e+00 1.733180e+00
1382 2.595573e+00 1.733061e+00
1383 2.622188e+00 1.744381e+00
1384 2.614048e+00 1.744379e+00
1385 2.627609e+00 1.727191e+00
1386 2.630799e+00 1.731456e+00
1387 2.641566e+00 1.725356e+00
1388 2.640750e+00 1.725210e+00
1389 2.617650e+00 1.718344e+00
1390 2.613352e+00 1.717487e+00
1391 2.649288e+00 1.765579e+00
1392 2.641797e+00 1.771431e+00
1393 2.646785e+00 1.802191e+00
1394 2.657214e+00 1.779834e+00
1395 2.660375e+00 1.743800e+00
1396 2.679482e+00 1.713998e+00
1397 2.680442e+00 1.713560e+00
1398 2.670615e+00 1.725505e+00
1399 2.670526e+00 1.724500e+00
1400 2.670908e+00 1.724001e+00
1401 2.672583e+00 1.704756e+00
1402 2.670613e+00 1.672002e+00
1403 2.650607e+00 1.665516e+00
1404 2.659149e+00 1.672810e+00
1405 2.643239e+00 1.664811e+00
1406 2.663389e+00 1.689065e+00
1407 2.683271e+00 1.691850e+00
1408 2.683175e+00 1.691212e+00
1409 2.700339e+00 1.688459e+00
1410 2.725486e+00 1.724993e+00
1411 2.718599e+00 1.718389e+00
1412 2.716138e+00 1.721935e+00
1413 2.731524e+00 1.712975e+00
1414 2.731571e+00 1.713081e+00
1415 2.744410e+00 1.718533e+00
1416 2.725704e+00 1.722177e+00
1417 2.721828e+00 1.715511e+00
1418 2.724285e+00 1.710804e+00
1419 2.723552e+00 1.697772e+00
1420 2.727885e+00 1.698475e+00
1421 2.716407e+00 1.724302e+00
1422 2.751077e+00 1.769835e+00
1423 2.733095e+00 1.750706e+00
1424 2.737777e+00 1.758245e+00
1425 2.748670e+00 1.761161e+00
1426 2.759826e+00 1.774913e+00
1427 2.750754e+00 1.755328e+00
1428 2.735616e+00 1.760603e+00
1429 2.740103e+00 1.778821e+00
1430 2.745758e+00 1.794814e+00
1431 2.736194e+00 1.811608e+00
1432 2.729555e+00 1.805719e+00
1433 2.739699e+00 1.814875e+00
1434 2.743891e+00 1.806354e+00
1435 2.737028e+00 1.774163e+00
1436 2.730857e+00 1.782662e+00
1437 2.716179e+00 1.782547e+00
1438 2.679434e+00 1.773204e+00
1439 2.666687e+00 1.796385e+00
1440 2.647432e+00 1.791689e+00
1441 2.632974e+00 1.822831e+00
1442 2.632521e+00 1.824617e+00
1443 2.630046e+00 1.825906e+00
1444 2.675846e+00 1.795888e+00
1445 2.678644e+00 1.799071e+00
1446 2.649711e+00 1.814047e+00
1447 2.712437e+00 1.886407e+00
1448 2.721970e+00 1.881706e+00
1449 2.721723e+00 1.881986e+00
1450 2.725559e+00 1.879130e+00
1451 2.688244e+00 1.893014e+00
1452 2.682611e+00 1.897763e+00
1453 2.683412e+00 1.898505e+00
1454 2.703444e+00 1.897575e+00
1455 2.697708e+00 1.910003e+00
1456 2.717877e+00 1.936298e+00
1457 2.718425e+00 1.929067e+00
1458 2.680410e+00 1.910087e+00
1459 2.693027e+00 1.922595e+00
1460 2.706482e+00 1.928484e+00
1461 2.671185e+00 1.949736e+00
1462 2.666064e+00 1.944256e+00
1463 2.677578e+00 1.955606e+00
1464 2.646810e+00 1.989215e+00
1465 2.643550e+00 1.988401e+00
1466 2.537511e+00 1.924767e+00
1467 2.537566e+00 1.924945e+00
1468 2.543919e+00 1.939227e+00
1469 2.528109e+00 1.944058e+00
1470 2.503002e+00 1.896894e+00
1471 2.502193e+00 1.898844e+00
1472 2.499220e+00 1.904030e+00
1473 2.523602e+00 1.910493e+00
1474 2.508992e+00 1.912956e+00
1475 2.533364e+00 1.900456e+00
1476 2.536062e+00 1.901323e+00
1477 2.537573e+00 1.969973e+00
1478 2.516406e+00 1.953519e+00
1479 2.515897e+00 1.941736e+00
1480 2.502160e+00 1.931238e+00
1481 2.503795e+00 1.930051e+00
1482 2.500338e+00 1.933799e+00
1483 2.497263e+00 1.946499e+00
1484 2.489910e+00 1.943066e+00
1485 2.489050e+00 1.945766e+00
1486 2.501716e+00 1.961935e+00
1487 2.500022e+00 1.962107e+00
1488 2.503545e+00 1.934866e+00
1489 2.492774e+00 1.933771e+00
1490 2.492851e+00 1.934385e+00
1491 2.489590e+00 1.948634e+00
1492 2.492625e+00 1.936695e+00
1493 2.495346e+00 1.929774e+00
1494 2.502318e+00 1.911609e+00
1495 2.434423e+00 1.914500e+00
1496 2.430271e+00 1.932773e+00
1497 2.426461e+00 1.926938e+00
1498 2.423003e+00 1.892892e+00
1499 2.412913e+00 1.908581e+00
1500 2.412725e+00 1.910757e+00
1501 2.432213e+00 1.892419e+00
1502 2.437424e+00 1.887375e+00
1503 2.445523e+00 1.898742e+00
1504 2.450757e+00 1.893797e+00
1505 2.452483e+00 1.894044e+00
1506 2.455436e+00 1.888521e+00
1507 2.448432e+00 1.903159e+00
1508 2.443662e+00 1.914717e+00
1509 2.428923e+00 1.867736e+00
1510 2.442872e+00 1.850812e+00
1511 2.444288e+00 1.853755e+00
1512 2.442525e+00 1.816466e+00
1513 2.443593e+00 1.815099e+00
1514 2.444203e+00 1.817237e+00
1515 2.444348e+00 1.816833e+00
1516 2.443436e+00 1.816898e+00
1517 2.492828e+00 1.799654e+00
1518 2.503365e+00 1.784077e+00
1519 2.501838e+00 1.774446e+00
1520 2.510061e+00 1.769658e+00
1521 2.525292e+00 1.767547e+00
1522 2.538067e+00 1.805727e+00
1523 2.524434e+00 1.805249e+00
1524 2.530058e+00 1.792994e+00
1525 2.530568e+00 1.792072e+00
1526 2.500456e+00 1.821687e+00
1527 2.494829e+00 1.811741e+00
1528 2.489894e+00 1.808775e+00
1529 2.490745e+00 1.806953e+00
1530 2.491130e+00 1.806397e+00
1531 2.499388e+00 1.807108e+00
1532 2.497308e+00 1.804848e+00
1533 2.477595e+00 1.794754e+00
1534 2.474602e+00 1.778811e+00
1535 2.474524e+00 1.778866e+00
1536 2.482123e+00 1.815748e+00
1537 2.481268e+00 1.818246e+00
1538 2.483002e+00 1.820497e+00
1539 2.481757e+00 1.832233e+00
1540 2.497883e+00 1.837269e+00
1541 2.498175e+00 1.842867e+00
1542 2.496911e+00 1.840944e+00
1543 2.465661e+00 1.793946e+00
1544 2.459419e+00 1.756422e+00
1545 2.427284e+00 1.691023e+00
1546 2.426846e+00 1.687355e+00
1547 2.397581e+00 1.705990e+00
1548 2.394672e+00 1.707144e+00
1549 2.418285e+00 1.741221e+00
1550 2.429716e+00 1.765132e+00
1551 2.440392e+00 1.775470e+00
1552 2.446315e+00 1.780337e+00
1553 2.444711e+00 1.777949e+00
1554 2.431262e+00 1.778369e+00
1555 2.435821e+00 1.776970e+00
1556 2.425453e+00 1.781850e+00
1557 2.407773e+00 1.796709e+00
1558 2.405267e+00 1.784594e+00
1559 2.440246e+00 1.768789e+00
1560 2.434039e+00 1.798897e+00
1561 2.396044e+00 1.813986e+00
1562 2.441285e+00 1.779583e+00
1563 2.429776e+00 1.789322e+00
1564 2.430077e+00 1.870728e+00
1565 2.431499e+00 1.871269e+00
1566 2.432877e+00 1.865505e+00
1567 2.431136e+00 1.879332e+00
1568 2.437490e+00 1.878157e+00
1569 2.408980e+00 1.879495e+00
1570 2.457908e+00 1.869023e+00
1571 2.446424e+00 1.845091e+00
1572 2.420763e+00 1.842572e+00
1573 2.411607e+00 1.856293e+00
1574 2.412746e+00 1.858257e+00
1575 2.406252e+00 1.849665e+00
1576 2.452817e+00 1.832077e+00
1577 2.456074e+00 1.836669e+00
1578 2.454607e+00 1.858175e+00
1579 2.453072e+00 1.869304e+00
1580 2.453066e+00 1.866301e+00
1581 2.423435e+00 1.861857e+00
1582 2.457125e+00 1.861266e+00
1583 2.439384e+00 1.840896e+00
1584 2.454890e+00 1.837127e+00
1585 2.452933e+00 1.838029e+00
1586 2.447763e+00 1.885864e+00
1587 2.441817e+00 1.883701e+00
1588 2.455195e+00 1.924467e+00
1589 2.423420e+00 1.934827e+00
1590 2.355843e+00 1.962998e+00
1591 2.356245e+00 1.963250e+00
1592 2.362389e+00 1.976905e+00
1593 2.352970e+00 1.969354e+00
1594 2.383151e+00 1.972572e+00
1595 2.383506e+00 1.972359e+00
1596 2.386154e+00 1.960054e+00
1597 2.412439e+00 2.052174e+00
1598 2.411514e+00 2.042649e+00
1599 2.411539e+00 2.042677e+00
1600 2.427093e+00 2.032872e+00
1601 2.403530e+00 2.041850e+00
1602 2.413194e+00 2.035643e+00
1603 2.421784e+00 2.004239e+00
1604 2.422823e+00 2.010594e+00
1605 2.449676e+00 1.995003e+00
1606 2.472424e+00 1.968372e+00
1607 2.423456e+00 1.979967e+00
1608 2.439147e+00 1.973007e+00
1609 2.452281e+00 1.987614e+00
1610 2.512011e+00 1.986865e+00
1611 2.468938e+00 2.006604e+00
1612 2.443404e+00 1.949617e+00
1613 2.453099e+00 1.945105e+00
1614 2.453811e+00 1.945536e+00
1615 2.453849e+00 1.944151e+00
1616 2.455738e+00 1.941814e+00
1617 2.453045e+00 1.945536e+00
1618 2.453129e+00 1.956772e+00
1619 2.454727e+00 1.960350e+00
1620 2.370641e+00 1.976493e+00
1621 2.375720e+00 1.969752e+00
1622 2.380008e+00 1.972767e+00
1623 2.380059e+00 1.972861e+00
1624 2.380633e+00 1.973577e+00
1625 2.388436e+00 1.970315e+00
1626 2.381507e+00 1.969603e+00
1627 2.344336e+00 1.953472e+00
1628 2.305321e+00 1.907866e+00
1629 2.324766e+00 1.931477e+00
1630 2.313895e+00 1.924927e+00
1631 2.305705e+00 1.944974e+00
1632 2.307616e+00 1.928704e+00
1633 2.312545e+00 1.935755e+00
1634 2.312584e+00 1.941996e+00
1635 2.300052e+00 1.944570e+00
1636 2.265816e+00 1.938114e+00
1637 2.266553e+00 1.974528e+00
1638 2.229416e+00 2.004852e+00
1639 2.234144e+00 2.008196e+00
1640 2.233593e+00 1.970749e+00
1641 2.214837e+00 1.968146e+00
1642 2.220949e+00 1.979922e+00
1643 2.244095e+00 2.021807e+00
1644 2.238019e+00 2.017342e+00
1645 2.190982e+00 2.009246e+00
1646 2.178229e+00 2.000582e+00
1647 2.157571e+00 2.016673e+00
1648 2.176618e+00 2.001674e+00
1649 2.173022e+00 1.995956e+00
1650 2.143287e+00 2.002778e+00
1651 2.145130e+00 2.003722e+00
1652 2.145644e+00 2.003966e+00
1653 2.133745e+00 2.014888e+00
1654 2.155910e+00 2.089301e+00
1655 2.152001e+00 2.092024e+00
1656 2.121166e+00 2.078878e+00
1657 2.112203e+00 2.062507e+00
1658 2.112899e+00 2.063419e+00
1659 2.097761e+00 2.089733e+00
1660 2.097871e+00 2.090680e+00
1661 2.072828e+00 2.120876e+00
1662 2.069584e+00 2.136711e+00
1663 2.082707e+00 2.147254e+00
1664 2.078908e+00 2.158461e+00
1665 2.083784e+00 2.156689e+00
1666 2.083681e+00 2.150415e+00
1667 2.083585e+00 2.147654e+00
1668 2.080075e+00 2.148138e+00
1669 2.080355e+00 2.148945e+00
1670 2.072555e+00 2.133412e+00
1671 2.071331e+00 2.136381e+00
1672 2.066051e+00 2.133585e+00
1673 2.039114e+00 2.135269e+00
1674 2.026768e+00 2.140221e+00
1675 2.017053e+00 2.130578e+00
1676 1.991786e+00 2.158172e+00
1677 2.027396e+00 2.158942e+00
1678 2.021245e+00 2.138567e+00
1679 2.028370e+00 2.140982e+00
1680 2.045865e+00 2.148542e+00
1681 2.049837e+00 2.151722e+00
1682 2.049969e+00 2.152010e+00
1683 2.041101e+00 2.150703e+00
1684 2.034961e+00 2.175814e+00
1685 2.070236e+00 2.197519e+00
1686 2.061171e+00 2.201150e+00
1687 2.056056e+00 2.204147e+00
1688 2.067233e+00 2.219456e+00
1689 2.080999e+00 2.222094e+00
1690 2.069402e+00 2.211515e+00
1691 2.076693e+00 2.210135e+00
1692 2.074132e+00 2.209498e+00
1693 2.076787e+00 2.212144e+00
1694 2.043337e+00 2.217392e+00
1695 2.049411e+00 2.219906e+00
1696 2.029913e+00 2.204687e+00
1697 2.038476e+00 2.195463e+00
1698 2.034079e+00 2.159371e+00
1699 2.022945e+00 2.144429e+00
1700 2.070712e+00 2.110389e+00
1701 2.066127e+00 2.104137e+00
1702 2.063431e+00 2.117904e+00
1703 2.077052e+00 2.115317e+00
1704 2.063724e+00 2.100433e+00
1705 2.081695e+00 2.095940e+00
1706 2.071686e+00 2.095503e+00
1707 2.058981e+00 2.075351e+00
1708 2.126611e+00 2.079414e+00
1709 2.127855e+00 2.080277e+00
1710 2.127625e+00 2.080204e+00
1711 2.134581e+00 2.100979e+00
1712 2.114025e+00 2.028835e+00
1713 2.094095e+00 2.032984e+00
1714 2.096130e+00 2.034835e+00
1715 2.103904e+00 2.011278e+00
1716 2.109722e+00 2.014752e+00
1717 2.117222e+00 2.005598e+00
1718 2.120791e+00 2.010534e+00
1719 2.116258e+00 1.995274e+00
1720 2.134854e+00 1.981770e+00
1721 2.154899e+00 1.940654e+00
1722 2.110309e+00 1.989605e+00
1723 2.141393e+00 1.986262e+00
1724 2.151798e+00 1.974264e+00
1725 2.161869e+00 1.980475e+00
1726 2.161735e+00 1.980401e+00
1727 2.159621e+00 1.980539e+00
1728 2.156606e+00 1.974608e+00
1729 2.133326e+00 1.997464e+00
1730 2.089031e+00 2.021968e+00
1731 2.089978e+00 2.055174e+00
1732 2.090188e+00 2.052185e+00
1733 2.090890e+00 2.054531e+00
1734 2.100509e+00 2.055675e+00
1735 2.095056e+00 2.050097e+00
1736 2.092638e+00 2.068354e+00
1737 2.082688e+00 2.084939e+00
1738 2.084119e+00 2.085328e+00
1739 2.118732e+00 2.082445e+00
1740 2.108777e+00 2.073264e+00
1741 2.101892e+00 2.082936e+00
1742 2.096486e+00 2.087000e+00
1743 2.111418e+00 2.080342e+00
1744 2.114910e+00 2.087518e+00
1745 2.110304e+00 2.094624e+00
1746 2.119778e+00 2.086941e+00
1747 2.115647e+00 2.093093e+00
1748 2.111118e+00 2.090883e+00
1749 2.111548e+00 2.101940e+00
1750 2.112339e+00 2.102388e+00
1751 2.101088e+00 2.119603e+00
1752 2.087935e+00 2.134115e+00
1753 2.085589e+00 2.143842e+00
1754 2.055037e+00 2.128172e+00
1755 2.055486e+00 2.127721e+00
1756 2.071785e+00 2.111790e+00
1757 2.073414e+00 2.115393e+00
1758 2.090900e+00 2.123555e+00
1759 2.090930e+00 2.126132e+00
1760 2.094877e+00 2.148478e+00
1761 2.096366e+00 2.159827e+00
1762 2.066508e+00 2.158336e+00
1763 2.068478e+00 2.157702e+00
1764 2.068319e+00 2.153601e+00
1765 2.069097e+00 2.154364e+00
1766 2.072105e+00 2.147239e+00
1767 2.063401e+00 2.157086e+00
1768 2.033901e+00 2.191215e+00
1769 2.018184e+00 2.194019e+00
1770 2.027606e+00 2.168092e+00
1771 2.012132e+00 2.165673e+00
1772 2.011871e+00 2.165651e+00
1773 2.012811e+00 2.166486e+00
1774 2.038887e+00 2.178157e+00
1775 2.040388e+00 2.176765e+00
1776 2.041260e+00 2.174477e+00
1777 2.046859e+00 2.190107e+00
1778 2.042626e+00 2.157369e+00
1779 2.048125e+00 2.169751e+00
1780 2.040417e+00 2.124779e+00
1781 2.039986e+00 2.124726e+00
1782 2.030266e+00 2.135899e+00
1783 2.037799e+00 2.133119e+00
1784 2.038343e+00 2.133914e+00
1785 2.039751e+00 2.138863e+00
1786 2.034702e+00 2.141242e+00
1787 2.016671e+00 2.119597e+00
1788 2.031988e+00 2.107841e+00
1789 2.032152e+00 2.098777e+00
1790 2.063396e+00 2.103643e+00
1791 2.063398e+00 2.103624e+00
1792 2.060367e+00 2.069001e+00
1793 2.051458e+00 2.053306e+00
1794 2.064643e+00 2.052653e+00
1795 2.073832e+00 2.057668e+00
1796 2.120834e+00 2.094430e+00
1797 2.111455e+00 2.092543e+00
1798 2.129376e+00 2.046389e+00
1799 2.131968e+00 2.044043e+00
1800 2.139985e+00 2.040362e+00
1801 2.164543e+00 2.024474e+00
1802 2.189139e+00 2.031272e+00
1803 2.211827e+00 2.035042e+00
1804 2.211674e+00 2.034848e+00
1805 2.216743e+00 2.025221e+00
1806 2.201646e+00 2.014251e+00
1807 2.178457e+00 2.049735e+00
1808 2.218422e+00 2.070643e+00
1809 2.193620e+00 2.037454e+00
1810 2.186140e+00 2.041690e+00
1811 2.181704e+00 2.037355e+00
1812 2.160113e+00 2.067600e+00
1813 2.167450e+00 2.068327e+00
1814 2.167180e+00 2.060504e+00
1815 2.176787e+00 2.050835e+00
1816 2.140883e+00 1.987346e+00
1817 2.141888e+00 2.036300e+00
1818 2.141147e+00 2.035337e+00
1819 2.109837e+00 2.034492e+00
1820 2.088933e+00 2.046311e+00
1821 2.168486e+00 2.014845e+00
1822 2.290368e+00 1.957830e+00
1823 2.284666e+00 1.970628e+00
1824 2.291001e+00 1.950434e+00
1825 2.310480e+00 1.912463e+00
1826 2.310481e+00 1.917048e+00
1827 2.308933e+00 1.914695e+00
1828 2.309998e+00 1.904722e+00
1829 2.311777e+00 1.902488e+00
1830 2.311434e+00 1.899816e+00
1831 2.312281e+00 1.898259e+00
1832 2.337979e+00 1.901043e+00
1833 2.334225e+00 1.906443e+00
1834 2.356460e+00 1.929783e+00
1835 2.387127e+00 1.918121e+00
1836 2.387104e+00 1.944707e+00
1837 2.380128e+00 1.944978e+00
1838 2.401553e+00 1.995772e+00
1839 2.384771e+00 1.951697e+00
1840 2.391705e+00 1.954301e+00
1841 2.441928e+00 1.958320e+00
1842 2.436423e+00 1.958033e+00
1843 2.444316e+00 1.972908e+00
1844 2.430806e+00 2.003866e+00
1845 2.419269e+00 1.977099e+00
1846 2.421847e+00 1.978460e+00
1847 2.416487e+00 1.955210e+00
1848 2.488060e+00 2.020312e+00
1849 2.469730e+00 2.011211e+00
1850 2.472196e+00 2.030028e+00
1851 2.472398e+00 2.029922e+00
1852 2.494006e+00 2.014825e+00
1853 2.491681e+00 2.020240e+00
1854 2.489869e+00 2.008921e+00
1855 2.460586e+00 2.001460e+00
1856 2.453483e+00 1.992206e+00
1857 2.446774e+00 1.997536e+00
1858 2.443789e+00 2.000718e+00
1859 2.416577e+00 2.005383e+00
1860 2.416391e+00 2.005101e+00
1861 2.415103e+00 2.004846e+00
1862 2.374767e+00 2.006911e+00
1863 2.364177e+00 2.015464e+00
1864 2.365481e+00 2.012193e+00
1865 2.355958e+00 2.021724e+00
1866 2.342151e+00 2.025550e+00
1867 2.327976e+00 2.021882e+00
1868 2.331981e+00 1.988808e+00
1869 2.324036e+00 1.990481e+00
1870 2.314842e+00 2.005658e+00
1871 2.320068e+00 2.006672e+00
1872 2.345224e+00 2.025742e+00
1873 2.379510e+00 2.046708e+00
1874 2.379570e+00 2.046252e+00
1875 2.378636e+00 2.040149e+00
1876 2.396680e+00 2.041824e+00
1877 2.412497e+00 2.033727e+00
1878 2.434523e+00 2.041789e+00
1879 2.449405e+00 2.038688e+00
1880 2.449757e+00 2.035371e+00
1881 2.446154e+00 2.025457e+00
1882 2.437708e+00 2.025623e+00
1883 2.437922e+00 2.025165e+00
1884 2.437964e+00 2.025045e+00
1885 2.439168e+00 2.006937e+00
1886 2.443162e+00 2.009693e+00
1887 2.445146e+00 2.019703e+00
1888 2.491113e+00 2.015077e+00
1889 2.483395e+00 2.013353e+00
1890 2.481316e+00 1.996814e+00
1891 2.477963e+00 1.999784e+00
1892 2.477755e+00 2.000318e+00
1893 2.484645e+00 1.997285e+00
1894 2.493174e+00 2.000845e+00
1895 2.519430e+00 2.030249e+00
1896 2.534011e+00 2.032525e+00
1897 2.509856e+00 2.040743e+00
1898 2.509159e+00 2.040349e+00
1899 2.506858e+00 2.055806e+00
1900 2.526238e+00 2.054767e+00
1901 2.515847e+00 2.058353e+00
1902 2.508439e+00 2.079273e+00
1903 2.517216e+00 2.084145e+00
1904 2.517417e+00 2.083324e+00
1905 2.523900e+00 2.100807e+00
1906 2.546203e+00 2.084286e+00
1907 2.593312e+00 2.082677e+00
1908 2.607498e+00 2.090774e+00
1909 2.591949e+00 2.070360e+00
1910 2.596209e+00 2.083269e+00
1911 2.621447e+00 2.087663e+00
1912 2.603296e+00 2.095417e+00
1913 2.554277e+00 2.073350e+00
1914 2.553029e+00 2.075320e+00
1915 2.569802e+00 2.084638e+00
1916 2.570133e+00 2.084184e+00
1917 2.562612e+00 2.077989e+00
1918 2.568714e+00 2.079210e+00
1919 2.567679e+00 2.082099e+00
1920 2.567882e+00 2.082166e+00
1921 2.568059e+00 2.082227e+00
1922 2.582521e+00 2.054906e+00
1923 2.582811e+00 2.054619e+00
1924 2.580916e+00 2.048082e+00
1925 2.549923e+00 2.028302e+00
1926 2.543935e+00 2.025376e+00
1927 2.551884e+00 2.029821e+00
1928 2.542189e+00 2.028379e+00
1929 2.552144e+00 2.036944e+00
1930 2.511750e+00 2.002954e+00
1931 2.499885e+00 2.011805e+00
1932 2.489168e+00 2.013929e+00
1933 2.487715e+00 1.981827e+00
1934 2.489758e+00 1.943507e+00
1935 2.481349e+00 1.956928e+00
1936 2.485464e+00 1.959656e+00
1937 2.460741e+00 1.964850e+00
1938 2.419427e+00 1.974858e+00
1939 2.421392e+00 1.979516e+00
1940 2.373665e+00 2.030578e+00
1941 2.355273e+00 2.017325e+00
1942 2.361375e+00 2.021061e+00
1943 2.312356e+00 2.063325e+00
1944 2.312351e+00 2.065426e+00
1945 2.318321e+00 2.063468e+00
1946 2.318024e+00 2.057582e+00
1947 2.301204e+00 2.110750e+00
1948 2.300889e+00 2.110575e+00
1949 2.312247e+00 2.112341e+00
1950 2.312058e+00 2.112177e+00
1951 2.317559e+00 2.125997e+00
1952 2.334796e+00 2.117971e+00
1953 2.344532e+00 2.089040e+00
1954 2.304776e+00 2.139024e+00
1955 2.307800e+00 2.135457e+00
1956 2.247958e+00 2.199776e+00
1957 2.234593e+00 2.187780e+00
1958 2.227479e+00 2.174488e+00
1959 2.229807e+00 2.175378e+00
1960 2.241950e+00 2.209774e+00
1961 2.228652e+00 2.210671e+00
1962 2.237316e+00 2.198188e+00
1963 2.247312e+00 2.182726e+00
1964 2.249529e+00 2.186861e+00
1965 2.258559e+00 2.138587e+00
1966 2.255803e+00 2.128358e+00
1967 2.246105e+00 2.129907e+00
1968 2.275777e+00 2.086498e+00
1969 2.272895e+00 2.088643e+00
1970 2.308893e+00 2.119678e+00
1971 2.318139e+00 2.115809e+00
1972 2.318698e+00 2.116702e+00
1973 2.320085e+00 2.116161e+00
1974 2.325018e+00 2.109038e+00
1975 2.336692e+00 2.117423e+00
1976 2.304464e+00 2.076171e+00
1977 2.309719e+00 2.076252e+00
1978 2.298632e+00 2.072982e+00
1979 2.299822e+00 2.061155e+00
1980 2.302261e+00 2.063571e+00
1981 2.298563e+00 2.059479e+00
1982 2.325733e+00 2.072212e+00
1983 2.325944e+00 2.074050e+00
1984 2.346669e+00 2.092515e+00
1985 2.342206e+00 2.098316e+00
1986 2.309348e+00 2.089804e+00
1987 2.307756e+00 2.050012e+00
1988 2.307391e+00 2.048403e+00
1989 2.297669e+00 2.054104e+00
1990 2.326785e+00 2.091903e+00
1991 2.326361e+00 2.094490e+00
1992 2.396261e+00 2.134641e+00
1993 2.407292e+00 2.134179e+00
1994 2.405173e+00 2.130008e+00
1995 2.393988e+00 2.153466e+00
1996 2.387204e+00 2.158672e+00
1997 2.387761e+00 2.157982e+00
1998 2.387623e+00 2.157720e+00
1999 2.420770e+00 2.153281e+00
2000 2.378384e+00 2.181264e+00
2001 2.357780e+00 2.161578e+00
2002 2.384401e+00 2.168174e+00
2003 2.383713e+00 2.168219e+00
2004 2.364995e+00 2.143855e+00
2005 2.414661e+00 2.162488e+00
2006 2.420976e+00 2.156835e+00
2007 2.404598e+00 2.157675e+00
2008 2.404035e+00 2.157210e+00
2009 2.413028e+00 2.168502e+00
2010 2.408493e+00 2.169405e+00
2011 2.404685e+00 2.151412e+00
2012 2.406556e+00 2.168813e+00
2013 2.355531e+00 2.200515e+00
2014 2.414225e+00 2.227672e+00
2015 2.403066e+00 2.225562e+00
2016 2.390854e+00 2.250515e+00
2017 2.398202e+00 2.246291e+00
2018 2.394479e+00 2.233266e+00
2019 2.390903e+00 2.217342e+00
2020 2.382764e+00 2.207977e+00
2021 2.359522e+00 2.184660e+00
2022 2.361088e+00 2.172771e+00
2023 2.361210e+00 2.172988e+00
2024 2.361307e+00 2.167819e+00
2025 2.355962e+00 2.179550e+00
2026 2.354477e+00 2.173425e+00
2027 2.348327e+00 2.148546e+00
2028 2.395763e+00 2.122531e+00
2029 2.406607e+00 2.140591e+00
2030 2.411526e+00 2.144597e+00
2031 2.418649e+00 2.147601e+00
2032 2.406081e+00 2.136712e+00
2033 2.414823e+00 2.134196e+00
2034 2.393781e+00 2.098743e+00
2035 2.436614e+00 2.142743e+00
2036 2.428312e+00 2.133134e+00
2037 2.410808e+00 2.113132e+00
2038 2.413471e+00 2.110436e+00
2039 2.418375e+00 2.115493e+00
2040 2.423847e+00 2.131704e+00
2041 2.434913e+00 2.146261e+00
2042 2.429747e+00 2.151684e+00
2043 2.432738e+00 2.145469e+00
2044 2.430175e+00 2.144374e+00
2045 2.431238e+00 2.142079e+00
2046 2.423534e+00 2.202838e+00
2047 2.423563e+00 2.202828e+00
2048 2.422173e+00 2.202352e+00
2049 2.413561e+00 2.202701e+00
2050 2.413923e+00 2.203025e+00
2051 2.408775e+00 2.214500e+00
2052 2.378173e+00 2.253027e+00
2053 2.376574e+00 2.256870e+00
2054 2.363098e+00 2.263393e+00
2055 2.349016e+00 2.265199e+00
2056 2.355789e+00 2.261916e+00
2057 2.346440e+00 2.247270e+00
2058 2.354700e+00 2.268680e+00
2059 2.353632e+00 2.266896e+00
2060 2.311533e+00 2.292284e+00
2061 2.325306e+00 2.294538e+00
2062 2.325678e+00 2.294733e+00
2063 2.327190e+00 2.291055e+00
2064 2.328233e+00 2.290801e+00
2065 2.314885e+00 2.254831e+00
2066 2.311364e+00 2.251867e+00
2067 2.324287e+00 2.234429e+00
2068 2.323638e+00 2.234263e+00
2069 2.328866e+00 2.233778e+00
2070 2.338860e+00 2.233392e+00
2071 2.369002e+00 2.236365e+00
2072 2.367988e+00 2.243909e+00
2073 2.357999e+00 2.243935e+00
2074 2.362226e+00 2.212597e+00
2075 2.362977e+00 2.212235e+00
2076 2.371143e+00 2.246647e+00
2077 2.372884e+00 2.250414e+00
2078 2.396552e+00 2.272503e+00
2079 2.382241e+00 2.284917e+00
2080 2.346317e+00 2.308447e+00
2081 2.336481e+00 2.337869e+00
2082 2.354915e+00 2.343777e+00
2083 2.355067e+00 2.349424e+00
2084 2.325520e+00 2.345425e+00
2085 2.320953e+00 2.347869e+00
2086 2.297841e+00 2.353502e+00
2087 2.281002e+00 2.341124e+00
2088 2.279886e+00 2.342467e+00
2089 2.284067e+00 2.354108e+00
2090 2.272904e+00 2.345156e+00
2091 2.253648e+00 2.348320e+00
2092 2.309790e+00 2.385207e+00
2093 2.296598e+00 2.392009e+00
2094 2.301057e+00 2.400166e+00
2095 2.293903e+00 2.396359e+00
2096 2.302693e+00 2.399183e+00
2097 2.323181e+00 2.424942e+00
2098 2.344792e+00 2.408401e+00
2099 2.337118e+00 2.426121e+00
2100 2.335569e+00 2.425332e+00
2101 2.282954e+00 2.382566e+00
2102 2.272396e+00 2.389497e+00
2103 2.285518e+00 2.396225e+00
2104 2.252563e+00 2.395744e+00
2105 2.272059e+00 2.395978e+00
2106 2.247975e+00 2.375273e+00
2107 2.300118e+00 2.395604e+00
2108 2.296818e+00 2.395738e+00
2109 2.285472e+00 2.418718e+00
2110 2.301401e+00 2.407028e+00
2111 2.290711e+00 2.432171e+00
2112 2.284574e+00 2.423377e+00
2113 2.279894e+00 2.425375e+00
2114 2.295336e+00 2.441039e+00
2115 2.277485e+00 2.453150e+00
2116 2.268392e+00 2.450727e+00
2117 2.244953e+00 2.455385e+00
2118 2.243085e+00 2.462633e+00
2119 2.258716e+00 2.486158e+00
2120 2.258972e+00 2.486087e+00
2121 2.262581e+00 2.477028e+00
2122 2.260579e+00 2.475422e+00
2123 2.266933e+00 2.494377e+00
2124 2.265420e+00 2.492813e+00
2125 2.265457e+00 2.481991e+00
2126 2.259955e+00 2.469325e+00
2127 2.259197e+00 2.468478e+00
2128 2.259185e+00 2.468639e+00
2129 2.190076e+00 2.508770e+00
2130 2.144063e+00 2.547889e+00
2131 2.149498e+00 2.547921e+00
2132 2.150400e+00 2.573479e+00
2133 2.168485e+00 2.576050e+00
2134 2.195100e+00 2.576436e+00
2135 2.215836e+00 2.546575e+00
2136 2.211419e+00 2.542045e+00
2137 2.155377e+00 2.489815e+00
2138 2.154783e+00 2.492760e+00
2139 2.149936e+00 2.486166e+00
2140 2.150033e+00 2.486149e+00
2141 2.140167e+00 2.489066e+00
2142 2.171292e+00 2.493896e+00
2143 2.154610e+00 2.490215e+00
2144 2.155355e+00 2.490357e+00
2145 2.156098e+00 2.487082e+00
2146 2.166510e+00 2.478468e+00
2147 2.180477e+00 2.540726e+00
2148 2.182348e+00 2.545462e+00
2149 2.179030e+00 2.545693e+00
2150 2.174888e+00 2.588246e+00
2151 2.176868e+00 2.585234e+00
2152 2.184205e+00 2.596340e+00
2153 2.204927e+00 2.607220e+00
2154 2.206691e+00 2.609150e+00
2155 2.208721e+00 2.609475e+00
2156 2.208328e+00 2.610642e+00
2157 2.208519e+00 2.610206e+00
2158 2.212386e+00 2.611249e+00
2159 2.220580e+00 2.615237e+00
2160 2.217990e+00 2.604381e+00
2161 2.204113e+00 2.607067e+00
2162 2.159276e+00 2.603707e+00
2163 2.147724e+00 2.586967e+00
2164 2.149666e+00 2.587641e+00
2165 2.177197e+00 2.537241e+00
2166 2.175017e+00 2.539458e+00
2167 2.119784e+00 2.556593e+00
2168 2.125390e+00 2.554542e+00
2169 2.125269e+00 2.554469e+00
2170 2.139796e+00 2.539233e+00
2171 2.146131e+00 2.540970e+00
2172 2.146167e+00 2.528103e+00
2173 2.137154e+00 2.554736e+00
2174 2.108562e+00 2.536137e+00
2175 2.114689e+00 2.563547e+00
2176 2.113757e+00 2.565517e+00
2177 2.119434e+00 2.582039e+00
2178 2.092715e+00 2.551338e+00
2179 2.092794e+00 2.551471e+00
2180 2.039431e+00 2.569998e+00
2181 2.040423e+00 2.579112e+00
2182 2.041212e+00 2.575588e+00
2183 2.018103e+00 2.573872e+00
2184 1.985985e+00 2.561809e+00
2185 1.985114e+00 2.561918e+00
2186 1.985662e+00 2.560468e+00
2187 1.994725e+00 2.553041e+00
2188 1.985867e+00 2.558188e+00
2189 1.994570e+00 2.565278e+00
2190 1.992564e+00 2.565760e+00
2191 1.996531e+00 2.564555e+00
2192 1.990775e+00 2.567251e+00
2193 1.961500e+00 2.590256e+00
2194 1.962284e+00 2.592838e+00
2195 1.965426e+00 2.592048e+00
2196 1.940359e+00 2.595413e+00
2197 1.969020e+00 2.602722e+00
2198 1.993224e+00 2.612442e+00
2199 2.005230e+00 2.581953e+00
2200 2.006123e+00 2.582353e+00
2201 2.007663e+00 2.554110e+00
2202 2.006055e+00 2.549103e+00
2203 2.008352e+00 2.573775e+00
2204 2.016156e+00 2.573500e+00
2205 1.995436e+00 2.574193e+00
2206 1.995886e+00 2.575098e+00
2207 2.028805e+00 2.626350e+00
2208 2.020486e+00 2.613342e+00
2209 2.027280e+00 2.607829e+00
2210 2.020455e+00 2.608258e+00
2211 2.017883e+00 2.605779e+00
2212 1.972835e+00 2.576401e+00
2213 1.962254e+00 2.567395e+00
2214 1.961893e+00 2.566889e+00
2215 1.926119e+00 2.564162e+00
2216 1.926331e+00 2.563279e+00
2217 1.936425e+00 2.555605e+00
2218 1.891633e+00 2.528372e+00
2219 1.890304e+00 2.530249e+00
2220 1.899904e+00 2.527077e+00
2221 1.887338e+00 2.561030e+00
2222 1.918101e+00 2.535172e+00
2223 1.916482e+00 2.529580e+00
2224 1.918859e+00 2.521849e+00
2225 1.931985e+00 2.518048e+00
2226 1.937973e+00 2.523024e+00
2227 1.921508e+00 2.524953e+00
2228 1.926575e+00 2.537925e+00
2229 1.920854e+00 2.530902e+00
2230 1.957156e+00 2.538244e+00
2231 1.978815e+00 2.552737e+00
2232 2.007443e+00 2.538003e+00
2233 2.008252e+00 2.541638e+00
2234 2.028228e+00 2.552648e+00
2235 2.035002e+00 2.545176e+00
2236 2.034000e+00 2.539932e+00
2237 2.038756e+00 2.553504e+00
2238 2.039881e+00 2.552465e+00
2239 2.038472e+00 2.554947e+00
2240 2.041621e+00 2.557223e+00
2241 2.045429e+00 2.561105e+00
2242 2.040328e+00 2.495849e+00
2243 2.075295e+00 2.464727e+00
2244 2.041470e+00 2.453327e+00
2245 2.041053e+00 2.453642e+00
2246 2.040534e+00 2.452496e+00
2247 2.036022e+00 2.483844e+00
2248 2.028836e+00 2.475430e+00
2249 2.027776e+00 2.477645e+00
2250 2.024611e+00 2.473703e+00
2251 2.008771e+00 2.436940e+00
2252 1.988794e+00 2.441802e+00
2253 1.992420e+00 2.442513e+00
2254 2.012169e+00 2.472637e+00
2255 2.016530e+00 2.443877e+00
2256 2.016919e+00 2.449901e+00
2257 2.007984e+00 2.457961e+00
2258 2.028905e+00 2.464876e+00
2259 2.030314e+00 2.462280e+00
2260 2.012564e+00 2.459983e+00
2261 1.983660e+00 2.475431e+00
2262 1.981070e+00 2.476874e+00
2263 1.957651e+00 2.484844e+00
2264 1.969817e+00 2.485657e+00
2265 1.973735e+00 2.488949e+00
2266 1.970733e+00 2.494502e+00
2267 1.951433e+00 2.498621e+00
2268 1.966068e+00 2.469209e+00
2269 1.974909e+00 2.468649e+00
2270 1.945495e+00 2.436092e+00
2271 1.933613e+00 2.422622e+00
2272 1.899533e+00 2.440300e+00
2273 1.920723e+00 2.458817e+00
2274 1.906489e+00 2.468712e+00
2275 1.901953e+00 2.469068e+00
2276 1.879133e+00 2.470116e+00
2277 1.884599e+00 2.478902e+00
2278 1.841787e+00 2.458392e+00
2279 1.843856e+00 2.460938e+00
2280 1.819206e+00 2.472071e+00
2281 1.835593e+00 2.447910e+00
2282 1.834660e+00 2.447876e+00
2283 1.823167e+00 2.488826e+00
2284 1.822704e+00 2.499939e+00
2285 1.829983e+00 2.491029e+00
2286 1.812434e+00 2.500183e+00
2287 1.779167e+00 2.495606e+00
2288 1.779510e+00 2.496174e+00
2289 1.770502e+00 2.501655e+00
2290 1.749316e+00 2.410293e+00
2291 1.756150e+00 2.415358e+00
2292 1.776217e+00 2.458700e+00
2293 1.776997e+00 2.458904e+00
2294 1.770156e+00 2.458691e+00
2295 1.784552e+00 2.453542e+00
2296 1.792120e+00 2.447112e+00
2297 1.799101e+00 2.411702e+00
2298 1.800506e+00 2.412064e+00
2299 1.820395e+00 2.404490e+00
2300 1.815700e+00 2.409848e+00
2301 1.828743e+00 2.410768e+00
2302 1.824826e+00 2.377066e+00
2303 1.849362e+00 2.365263e+00
2304 1.850759e+00 2.370590e+00
2305 1.862117e+00 2.396880e+00
2306 1.893066e+00 2.413841e+00
2307 1.894601e+00 2.392072e+00
2308 1.875106e+00 2.358322e+00
2309 1.860985e+00 2.360177e+00
2310 1.870921e+00 2.360025e+00
2311 1.862392e+00 2.361601e+00
2312 1.858324e+00 2.355278e+00
2313 1.860257e+00 2.353532e+00
2314 1.835863e+00 2.359520e+00
2315 1.832465e+00 2.374570e+00
2316 1.840396e+00 2.336956e+00
2317 1.807045e+00 2.318186e+00
2318 1.812609e+00 2.308191e+00
2319 1.802182e+00 2.318358e+00
2320 1.804388e+00 2.321186e+00
2321 1.781755e+00 2.309818e+00
2322 1.765954e+00 2.295926e+00
2323 1.756851e+00 2.292270e+00
2324 1.757895e+00 2.304554e+00
2325 1.745198e+00 2.322334e+00
2326 1.757873e+00 2.318784e+00
2327 1.764185e+00 2.300458e+00
2328 1.795140e+00 2.287404e+00
2329 1.806353e+00 2.294491e+00
2330 1.806109e+00 2.294316e+00
2331 1.786243e+00 2.332198e+00
2332 1.788508e+00 2.333799e+00
2333 1.755323e+00 2.391832e+00
2334 1.753014e+00 2.388775e+00
2335 1.745462e+00 2.408276e+00
2336 1.752800e+00 2.417158e+00
2337 1.761599e+00 2.445874e+00
2338 1.782562e+00 2.446757e+00
2339 1.775926e+00 2.439381e+00
2340 1.747110e+00 2.438435e+00
2341 1.724585e+00 2.461986e+00
2342 1.733652e+00 2.461290e+00
2343 1.785846e+00 2.446703e+00
2344 1.802093e+00 2.421512e+00
2345 1.783322e+00 2.395024e+00
2346 1.785429e+00 2.400087e+00
2347 1.716478e+00 2.480823e+00
2348 1.709300e+00 2.504694e+00
2349 1.703756e+00 2.482308e+00
2350 1.702733e+00 2.482732e+00
2351 1.708877e+00 2.542291e+00
2352 1.693867e+00 2.558868e+00
2353 1.693640e+00 2.557005e+00
2354 1.692471e+00 2.560602e+00
2355 1.682092e+00 2.556116e+00
2356 1.677609e+00 2.565291e+00
2357 1.690538e+00 2.562031e+00
2358 1.682976e+00 2.580632e+00
2359 1.693353e+00 2.564499e+00
2360 1.662575e+00 2.603815e+00
2361 1.681836e+00 2.608311e+00
2362 1.706932e+00 2.599888e+00
2363 1.711242e+00 2.567596e+00
2364 1.711155e+00 2.569992e+00
2365 1.669576e+00 2.540878e+00
2366 1.690772e+00 2.550512e+00
2367 1.685815e+00 2.545230e+00
2368 1.679147e+00 2.541980e+00
2369 1.679337e+00 2.543438e+00
2370 1.674720e+00 2.546792e+00
2371 1.667218e+00 2.528871e+00
2372 1.672947e+00 2.527582e+00
2373 1.679017e+00 2.527658e+00
2374 1.671683e+00 2.526508e+00
2375 1.673994e+00 2.539890e+00
2376 1.664557e+00 2.523607e+00
2377 1.666770e+00 2.521922e+00
2378 1.657985e+00 2.510573e+00
2379 1.670907e+00 2.504925e+00
2380 1.671090e+00 2.502901e+00
2381 1.673131e+00 2.544801e+00
2382 1.655834e+00 2.559663e+00
2383 1.681122e+00 2.578160e+00
2384 1.669226e+00 2.607403e+00
2385 1.670002e+00 2.606595e+00
2386 1.676181e+00 2.587583e+00
2387 1.675935e+00 2.567867e+00
2388 1.702783e+00 2.591380e+00
2389 1.732933e+00 2.607030e+00
2390 1.730753e+00 2.597801e+00
2391 1.739784e+00 2.623894e+00
2392 1.713295e+00 2.639523e+00
2393 1.685437e+00 2.617404e+00
2394 1.683418e+00 2.615816e+00
2395 1.688703e+00 2.592502e+00
2396 1.677809e+00 2.586488e+00
2397 1.688131e+00 2.579184e+00
2398 1.694965e+00 2.599674e+00
2399 1.690703e+00 2.621727e+00
2400 1.681014e+00 2.635909e+00
2401 1.668576e+00 2.640772e+00
2402 1.706532e+00 2.648257e+00
2403 1.704428e+00 2.648730e+00
2404 1.729583e+00 2.672645e+00
2405 1.728939e+00 2.672009e+00
2406 1.709087e+00 2.684873e+00
2407 1.703444e+00 2.676008e+00
2408 1.696626e+00 2.684079e+00
2409 1.710380e+00 2.669069e+00
2410 1.711323e+00 2.674952e+00
2411 1.698202e+00 2.676084e+00
2412 1.727710e+00 2.680530e+00
2413 1.721933e+00 2.671667e+00
2414 1.715975e+00 2.682186e+00
2415 1.742740e+00 2.682327e+00
2416 1.738675e+00 2.671441e+00
2417 1.740810e+00 2.674428e+00
2418 1.724924e+00 2.701670e+00
2419 1.688664e+00 2.713211e+00
2420 1.697508e+00 2.716049e+00
2421 1.683437e+00 2.711389e+00
2422 1.708388e+00 2.692250e+00
2423 1.697254e+00 2.740378e+00
2424 1.697963e+00 2.740174e+00
2425 1.713450e+00 2.724670e+00
2426 1.732858e+00 2.715631e+00
2427 1.732729e+00 2.714331e+00
2428 1.720657e+00 2.704923e+00
2429 1.732400e+00 2.699587e+00
2430 1.716626e+00 2.740735e+00
2431 1.720215e+00 2.753264e+00
2432 1.732318e+00 2.736083e+00
2433 1.732165e+00 2.736661e+00
2434 1.737303e+00 2.738523e+00
2435 1.742158e+00 2.739324e+00
2436 1.757376e+00 2.740624e+00
2437 1.765709e+00 2.689534e+00
2438 1.764677e+00 2.690680e+00
2439 1.757192e+00 2.690162e+00
2440 1.735791e+00 2.736307e+00
2441 1.727693e+00 2.733555e+00
2442 1.745382e+00 2.753210e+00
2443 1.747806e+00 2.760246e+00
2444 1.750612e+00 2.767174e+00
2445 1.754453e+00 2.777099e+00
2446 1.775980e+00 2.794155e+00
2447 1.791632e+00 2.809153e+00
2448 1.785218e+00 2.800227e+00
2449 1.814529e+00 2.860139e+00
2450 1.805710e+00 2.960071e+00
2451 1.801763e+00 2.962855e+00
2452 1.798507e+00 2.974359e+00
2453 1.805581e+00 3.008952e+00
