0 4.068091e+00 9.902038e-01
1 4.070329e+00 1.002410e+00
2 4.063516e+00 1.023066e+00
3 4.083191e+00 1.008957e+00
4 4.056613e+00 9.920337e-01
5 4.087631e+00 9.797375e-01
6 4.103774e+00 1.008626e+00
7 4.082910e+00 1.045007e+00
8 4.082150e+00 1.038699e+00
9 4.080176e+00 1.029760e+00
10 4.081237e+00 1.025725e+00
11 4.078007e+00 1.024700e+00
12 4.070112e+00 1.030640e+00
13 4.060256e+00 1.042754e+00
14 4.064881e+00 1.039988e+00
15 4.076740e+00 1.033501e+00
16 4.071705e+00 1.031446e+00
17 4.075793e+00 1.033139e+00
18 4.040434e+00 1.012030e+00
19 4.033678e+00 1.031430e+00
20 4.053152e+00 1.028812e+00
21 4.051387e+00 1.034298e+00
22 4.052036e+00 1.034086e+00
23 4.044968e+00 1.038858e+00
24 4.032098e+00 9.721175e-01
25 4.056329e+00 9.706477e-01
26 4.055427e+00 9.718466e-01
27 4.021133e+00 9.936868e-01
28 4.021320e+00 9.934196e-01
29 4.036066e+00 1.029181e+00
30 3.956006e+00 9.842676e-01
31 3.954922e+00 9.847648e-01
32 3.969126e+00 9.495117e-01
33 3.954414e+00 9.832016e-01
34 3.916090e+00 9.808535e-01
35 3.914221e+00 9.800306e-01
36 3.908934e+00 9.754615e-01
37 3.942107e+00 9.057244e-01
38 3.954222e+00 9.288668e-01
39 3.965599e+00 9.284497e-01
40 4.011253e+00 9.416862e-01
41 4.026962e+00 9.366019e-01
42 4.026737e+00 9.373082e-01
43 4.027953e+00 9.358420e-01
44 4.019671e+00 9.531450e-01
45 4.019962e+00 9.759574e-01
46 4.012763e+00 9.690436e-01
47 3.998189e+00 9.788836e-01
48 3.997650e+00 9.835643e-01
49 3.994676e+00 9.981710e-01
50 4.018642e+00 9.790076e-01
51 4.019435e+00 9.801360e-01
52 4.019633e+00 9.794948e-01
53 4.025825e+00 9.818609e-01
54 4.022515e+00 9.863860e-01
55 4.022521e+00 9.863284e-01
56 4.025954e+00 9.700725e-01
57 4.020706e+00 9.681729e-01
58 4.017059e+00 9.666088e-01
59 3.990056e+00 9.489559e-01
60 3.960132e+00 9.208365e-01
61 3.961483e+00 9.181498e-01
62 3.961857e+00 9.181058e-01
63 3.962187e+00 9.142715e-01
64 3.956726e+00 9.040104e-01
65 3.985226e+00 9.355237e-01
66 4.006505e+00 1.028480e+00
67 4.014679e+00 1.061405e+00
68 4.004417e+00 1.058552e+00
69 3.989537e+00 9.941562e-01
70 4.004399e+00 1.004189e+00
71 4.004571e+00 1.003976e+00
72 3.963086e+00 9.725686e-01
73 3.965636e+00 9.495652e-01
74 3.968594e+00 9.325701e-01
75 3.970358e+00 9.250608e-01
76 3.869047e+00 9.340579e-01
77 3.868109e+00 9.339616e-01
78 3.867473e+00 9.269446e-01
79 3.868827e+00 9.298831e-01
80 3.866501e+00 9.337779e-01
81 3.864456e+00 9.651254e-01
82 3.857310e+00 9.837285e-01
83 3.851282e+00 9.874685e-01
84 3.841194e+00 9.924958e-01
85 3.829427e+00 9.849266e-01
86 3.775841e+00 9.545648e-01
87 3.763685e+00 9.138907e-01
88 3.735088e+00 9.338343e-01
89 3.760670e+00 9.640002e-01
90 3.761216e+00 9.594797e-01
91 3.700336e+00 9.720395e-01
92 3.703534e+00 9.624885e-01
93 3.693998e+00 9.629871e-01
94 3.704650e+00 9.577377e-01
95 3.696978e+00 9.578876e-01
96 3.685708e+00 9.286944e-01
97 3.690784e+00 9.610364e-01
98 3.692721e+00 9.562753e-01
99 3.701988e+00 9.525904e-01
100 3.701840e+00 9.554155e-01
101 3.701194e+00 9.606002e-01
102 3.709679e+00 9.538496e-01
103 3.710035e+00 9.543342e-01
104 3.713184e+00 9.516879e-01
105 3.714036e+00 9.681877e-01
106 3.724517e+00 9.744842e-01
107 3.724062e+00 9.793314e-01
108 3.737141e+00 9.629987e-01
109 3.733466e+00 9.485164e-01
110 3.723603e+00 9.464772e-01
111 3.721068e+00 9.426820e-01
112 3.766541e+00 9.507474e-01
113 3.773842e+00 9.302366e-01
114 3.784786e+00 9.176741e-01
115 3.792006e+00 9.283307e-01
116 3.797874e+00 9.312049e-01
117 3.797893e+00 9.312057e-01
118 3.796344e+00 9.194790e-01
119 3.794281e+00 9.222502e-01
120 3.774947e+00 9.093632e-01
121 3.773638e+00 9.096935e-01
122 3.805827e+00 9.109978e-01
123 3.807736e+00 9.121888e-01
124 3.809842e+00 9.171477e-01
125 3.788330e+00 8.961477e-01
126 3.791683e+00 8.974110e-01
127 3.782984e+00 8.744810e-01
128 3.797508e+00 8.662978e-01
129 3.788804e+00 8.564626e-01
130 3.778075e+00 8.516952e-01
131 3.750562e+00 8.698375e-01
132 3.765496e+00 8.627061e-01
133 3.737419e+00 8.984467e-01
134 3.754222e+00 8.996066e-01
135 3.777196e+00 8.946011e-01
136 3.781683e+00 8.874821e-01
137 3.778476e+00 8.846964e-01
138 3.684851e+00 8.474912e-01
139 3.706302e+00 9.400180e-01
140 3.688633e+00 9.445110e-01
141 3.698374e+00 9.293715e-01
142 3.697965e+00 9.351240e-01
143 3.699689e+00 9.610000e-01
144 3.714775e+00 9.369233e-01
145 3.715964e+00 9.365723e-01
146 3.704829e+00 9.088215e-01
147 3.698892e+00 9.084031e-01
148 3.737161e+00 9.170304e-01
149 3.748254e+00 9.180241e-01
150 3.768993e+00 8.912514e-01
151 3.810961e+00 9.263952e-01
152 3.819946e+00 9.372547e-01
153 3.825155e+00 9.350283e-01
154 3.836213e+00 9.388937e-01
155 3.834026e+00 9.541295e-01
156 3.902271e+00 9.367948e-01
157 3.901774e+00 9.394365e-01
158 3.888637e+00 9.385422e-01
159 3.893189e+00 9.411809e-01
160 3.889637e+00 9.416040e-01
161 3.923107e+00 9.289563e-01
162 3.933570e+00 9.409680e-01
163 3.906629e+00 9.645140e-01
164 3.906426e+00 9.640690e-01
165 3.885667e+00 9.819582e-01
166 3.877279e+00 9.860446e-01
167 3.869317e+00 9.778054e-01
168 3.840340e+00 9.696287e-01
169 3.847431e+00 9.645992e-01
170 3.844744e+00 9.627291e-01
171 3.842053e+00 9.584194e-01
172 3.853467e+00 9.673747e-01
173 3.851373e+00 9.812193e-01
174 3.848593e+00 1.019383e+00
175 3.848700e+00 1.025758e+00
176 3.848449e+00 1.044896e+00
177 3.882082e+00 1.095383e+00
178 3.880441e+00 1.092749e+00
179 3.871135e+00 1.105705e+00
180 3.844612e+00 1.106209e+00
181 3.837664e+00 1.112919e+00
182 3.866907e+00 1.176818e+00
183 3.867403e+00 1.177271e+00
184 3.859749e+00 1.181454e+00
185 3.842076e+00 1.193970e+00
186 3.861232e+00 1.216150e+00
187 3.894816e+00 1.171111e+00
188 3.889435e+00 1.169177e+00
189 3.894190e+00 1.177483e+00
190 3.911688e+00 1.209112e+00
191 3.921056e+00 1.216830e+00
192 3.896974e+00 1.221449e+00
193 3.896797e+00 1.221371e+00
194 3.889147e+00 1.233011e+00
195 3.886917e+00 1.231839e+00
196 3.845882e+00 1.228025e+00
197 3.912037e+00 1.181257e+00
198 3.925729e+00 1.178312e+00
199 3.925455e+00 1.180667e+00
200 3.927854e+00 1.186412e+00
201 3.932428e+00 1.122341e+00
202 3.926360e+00 1.122654e+00
203 3.928495e+00 1.124651e+00
204 3.924538e+00 1.128894e+00
205 3.928410e+00 1.124877e+00
206 3.917061e+00 1.145160e+00
207 3.924976e+00 1.148388e+00
208 3.924958e+00 1.147163e+00
209 3.907203e+00 1.105064e+00
210 3.900068e+00 1.125016e+00
211 3.912317e+00 1.187042e+00
212 3.856397e+00 1.163961e+00
213 3.844567e+00 1.152813e+00
214 3.835024e+00 1.151522e+00
215 3.850947e+00 1.147885e+00
216 3.849522e+00 1.148095e+00
217 3.852177e+00 1.150274e+00
218 3.869701e+00 1.136342e+00
219 3.870358e+00 1.137646e+00
220 3.869896e+00 1.114394e+00
221 3.938064e+00 1.067290e+00
222 3.940889e+00 1.071286e+00
223 3.943770e+00 1.079550e+00
224 3.970615e+00 1.092255e+00
225 3.968052e+00 1.099039e+00
226 3.968706e+00 1.101042e+00
227 3.968429e+00 1.100488e+00
228 3.966713e+00 1.100910e+00
229 3.944822e+00 1.117591e+00
230 3.946157e+00 1.115695e+00
231 3.926045e+00 1.072033e+00
232 3.926169e+00 1.082666e+00
233 3.923179e+00 1.080610e+00
234 3.909588e+00 1.078285e+00
235 3.914040e+00 1.096907e+00
236 3.914916e+00 1.094988e+00
237 3.910946e+00 1.098400e+00
238 3.901959e+00 1.111652e+00
239 3.887484e+00 1.108319e+00
240 3.901580e+00 1.114182e+00
241 3.897937e+00 1.121686e+00
242 3.912828e+00 1.115828e+00
243 3.912721e+00 1.115801e+00
244 3.791456e+00 1.077514e+00
245 3.809902e+00 1.074916e+00
246 3.827256e+00 1.070023e+00
247 3.824979e+00 1.065970e+00
248 3.824343e+00 1.067024e+00
249 3.844902e+00 1.061052e+00
250 3.841898e+00 1.059319e+00
251 3.843933e+00 1.056866e+00
252 3.858287e+00 1.058004e+00
253 3.803259e+00 1.045738e+00
254 3.794671e+00 1.042575e+00
255 3.786228e+00 1.075427e+00
256 3.828169e+00 1.061281e+00
257 3.848120e+00 1.088940e+00
258 3.853776e+00 1.102274e+00
259 3.851589e+00 1.097190e+00
260 3.869243e+00 1.098111e+00
261 3.861658e+00 1.103756e+00
262 3.838223e+00 1.104090e+00
263 3.837405e+00 1.104584e+00
264 3.868818e+00 1.093392e+00
265 3.873072e+00 1.090949e+00
266 3.872401e+00 1.092755e+00
267 3.723035e+00 1.044342e+00
268 3.689044e+00 1.046817e+00
269 3.712025e+00 1.063618e+00
270 3.713796e+00 1.065325e+00
271 3.709504e+00 1.059130e+00
272 3.708078e+00 1.054752e+00
273 3.706095e+00 1.075459e+00
274 3.711106e+00 1.078440e+00
275 3.713129e+00 1.078907e+00
276 3.699026e+00 1.076565e+00
277 3.673540e+00 1.057224e+00
278 3.675092e+00 1.044623e+00
279 3.681290e+00 1.039722e+00
280 3.648788e+00 1.021092e+00
281 3.658224e+00 1.019152e+00
282 3.607466e+00 1.001832e+00
283 3.607484e+00 1.001763e+00
284 3.650184e+00 1.047459e+00
285 3.643806e+00 1.066601e+00
286 3.619627e+00 1.074009e+00
287 3.591675e+00 1.041366e+00
288 3.613246e+00 1.021709e+00
289 3.597771e+00 1.061278e+00
290 3.599874e+00 1.044274e+00
291 3.598457e+00 1.044487e+00
292 3.598808e+00 1.036249e+00
293 3.602029e+00 1.026094e+00
294 3.581380e+00 1.010614e+00
295 3.584766e+00 1.013465e+00
296 3.661772e+00 9.793089e-01
297 3.662939e+00 9.789705e-01
298 3.658796e+00 9.850663e-01
299 3.669728e+00 9.707865e-01
300 3.662137e+00 9.642285e-01
301 3.661182e+00 9.598415e-01
302 3.655800e+00 9.582575e-01
303 3.627420e+00 9.707611e-01
304 3.620682e+00 9.550562e-01
305 3.602239e+00 9.966668e-01
306 3.602355e+00 9.967538e-01
307 3.597425e+00 9.990365e-01
308 3.617715e+00 1.015331e+00
309 3.627566e+00 1.016666e+00
310 3.624456e+00 1.013515e+00
311 3.602583e+00 1.026044e+00
312 3.606603e+00 1.034295e+00
313 3.641562e+00 1.044221e+00
314 3.667174e+00 1.034524e+00
315 3.606115e+00 1.098876e+00
316 3.615901e+00 1.100917e+00
317 3.609895e+00 1.092145e+00
318 3.611046e+00 1.093342e+00
319 3.622697e+00 1.068459e+00
320 3.618722e+00 1.063062e+00
321 3.613999e+00 1.062291e+00
322 3.627344e+00 1.091526e+00
323 3.614239e+00 1.081394e+00
324 3.612375e+00 1.084306e+00
325 3.604085e+00 1.088083e+00
326 3.603208e+00 1.088615e+00
327 3.620438e+00 1.103725e+00
328 3.620446e+00 1.104806e+00
329 3.597386e+00 1.102051e+00
330 3.600370e+00 1.099952e+00
331 3.569279e+00 1.151668e+00
332 3.555730e+00 1.141752e+00
333 3.495028e+00 1.141697e+00
334 3.496096e+00 1.141187e+00
335 3.545136e+00 1.172598e+00
336 3.513339e+00 1.155419e+00
337 3.510083e+00 1.166320e+00
338 3.515915e+00 1.170456e+00
339 3.506313e+00 1.179521e+00
340 3.482431e+00 1.181214e+00
341 3.497102e+00 1.155259e+00
342 3.498052e+00 1.155277e+00
343 3.500619e+00 1.151849e+00
344 3.500036e+00 1.151730e+00
345 3.514149e+00 1.145430e+00
346 3.506225e+00 1.133893e+00
347 3.525202e+00 1.136988e+00
348 3.529873e+00 1.133979e+00
349 3.485507e+00 1.127090e+00
350 3.483931e+00 1.126247e+00
351 3.497246e+00 1.129199e+00
352 3.500194e+00 1.133543e+00
353 3.472353e+00 1.108249e+00
354 3.468596e+00 1.109655e+00
355 3.462619e+00 1.115729e+00
356 3.456248e+00 1.111683e+00
357 3.460367e+00 1.108769e+00
358 3.431572e+00 1.191735e+00
359 3.428473e+00 1.201039e+00
360 3.425125e+00 1.200905e+00
361 3.429736e+00 1.204575e+00
362 3.473477e+00 1.226174e+00
363 3.453108e+00 1.267986e+00
364 3.452991e+00 1.270013e+00
365 3.451727e+00 1.267528e+00
366 3.433709e+00 1.246875e+00
367 3.400242e+00 1.260550e+00
368 3.388172e+00 1.160892e+00
369 3.387548e+00 1.157771e+00
370 3.387877e+00 1.157938e+00
371 3.385913e+00 1.154827e+00
372 3.385501e+00 1.149483e+00
373 3.381065e+00 1.142106e+00
374 3.408152e+00 1.113527e+00
375 3.374956e+00 1.083924e+00
376 3.381368e+00 1.071605e+00
377 3.368087e+00 1.073913e+00
378 3.366145e+00 1.073156e+00
379 3.438234e+00 1.050327e+00
380 3.420831e+00 1.043722e+00
381 3.421430e+00 1.042720e+00
382 3.421390e+00 1.052215e+00
383 3.408577e+00 1.038862e+00
384 3.422338e+00 1.010844e+00
385 3.417301e+00 1.042107e+00
386 3.400281e+00 1.022594e+00
387 3.403048e+00 1.026241e+00
388 3.438158e+00 1.014012e+00
389 3.425388e+00 9.927668e-01
390 3.420853e+00 9.905501e-01
391 3.425972e+00 1.001840e+00
392 3.414760e+00 1.018114e+00
393 3.409066e+00 1.070703e+00
394 3.413032e+00 1.074476e+00
395 3.418497e+00 1.080175e+00
396 3.413260e+00 1.109510e+00
397 3.413733e+00 1.109694e+00
398 3.416573e+00 1.108704e+00
399 3.405976e+00 1.105294e+00
400 3.412755e+00 1.080674e+00
401 3.409450e+00 1.066354e+00
402 3.405408e+00 1.074085e+00
403 3.375339e+00 1.048277e+00
404 3.365257e+00 1.065085e+00
405 3.362553e+00 1.067620e+00
406 3.357006e+00 1.062213e+00
407 3.361725e+00 1.068645e+00
408 3.356326e+00 1.065512e+00
409 3.366065e+00 1.070343e+00
410 3.366403e+00 1.070260e+00
411 3.397179e+00 1.097556e+00
412 3.418861e+00 1.096160e+00
413 3.418703e+00 1.097227e+00
414 3.434274e+00 1.101098e+00
415 3.437251e+00 1.098191e+00
416 3.442517e+00 1.127933e+00
417 3.451853e+00 1.135904e+00
418 3.428173e+00 1.147018e+00
419 3.437439e+00 1.141249e+00
420 3.451678e+00 1.156182e+00
421 3.447358e+00 1.161991e+00
422 3.436016e+00 1.161738e+00
423 3.436582e+00 1.188753e+00
424 3.473802e+00 1.227768e+00
425 3.477366e+00 1.240728e+00
426 3.482824e+00 1.243220e+00
427 3.491508e+00 1.264242e+00
428 3.495843e+00 1.262921e+00
429 3.502615e+00 1.261146e+00
430 3.502798e+00 1.261521e+00
431 3.500135e+00 1.257155e+00
432 3.426763e+00 1.268674e+00
433 3.430044e+00 1.279101e+00
434 3.440541e+00 1.286003e+00
435 3.441375e+00 1.284398e+00
436 3.443004e+00 1.284061e+00
437 3.435393e+00 1.282552e+00
438 3.432510e+00 1.340761e+00
439 3.429002e+00 1.343758e+00
440 3.374986e+00 1.347294e+00
441 3.348327e+00 1.355031e+00
442 3.340078e+00 1.376199e+00
443 3.313999e+00 1.374537e+00
444 3.307672e+00 1.407580e+00
445 3.298015e+00 1.436622e+00
446 3.261414e+00 1.430990e+00
447 3.354676e+00 1.442786e+00
448 3.374091e+00 1.437314e+00
449 3.405824e+00 1.429252e+00
450 3.427086e+00 1.402659e+00
451 3.460897e+00 1.425020e+00
452 3.467591e+00 1.427029e+00
453 3.411532e+00 1.496180e+00
454 3.400812e+00 1.477259e+00
455 3.350249e+00 1.458792e+00
456 3.356069e+00 1.453519e+00
457 3.343046e+00 1.434221e+00
458 3.338027e+00 1.433260e+00
459 3.332372e+00 1.436119e+00
460 3.336135e+00 1.442375e+00
461 3.317393e+00 1.488519e+00
462 3.321391e+00 1.489820e+00
463 3.310262e+00 1.507555e+00
464 3.301935e+00 1.504456e+00
465 3.294038e+00 1.523463e+00
466 3.251238e+00 1.536499e+00
467 3.277706e+00 1.550581e+00
468 3.222952e+00 1.529095e+00
469 3.224249e+00 1.529600e+00
470 3.237471e+00 1.495336e+00
471 3.168491e+00 1.504357e+00
472 3.162545e+00 1.505722e+00
473 3.156981e+00 1.499650e+00
474 3.165466e+00 1.512549e+00
475 3.162141e+00 1.507914e+00
476 3.153956e+00 1.492832e+00
477 3.149410e+00 1.495109e+00
478 3.132786e+00 1.498205e+00
479 3.130043e+00 1.497461e+00
480 3.130950e+00 1.494271e+00
481 3.125247e+00 1.497491e+00
482 3.112053e+00 1.519904e+00
483 3.084169e+00 1.494402e+00
484 3.104598e+00 1.489991e+00
485 3.089446e+00 1.464729e+00
486 3.077363e+00 1.466193e+00
487 3.063882e+00 1.457874e+00
488 3.057260e+00 1.457865e+00
489 3.065749e+00 1.456282e+00
490 3.065779e+00 1.456196e+00
491 3.070996e+00 1.451646e+00
492 3.056309e+00 1.440556e+00
493 3.094566e+00 1.459662e+00
494 3.092315e+00 1.465863e+00
495 3.094425e+00 1.463605e+00
496 3.097681e+00 1.467671e+00
497 3.101726e+00 1.469379e+00
498 3.077458e+00 1.472394e+00
499 3.063844e+00 1.470564e+00
500 3.044261e+00 1.461064e+00
501 3.043932e+00 1.486795e+00
502 3.048456e+00 1.487481e+00
503 3.048560e+00 1.485014e+00
504 3.138163e+00 1.475226e+00
505 3.172571e+00 1.521114e+00
506 3.134334e+00 1.557345e+00
507 3.118867e+00 1.585880e+00
508 3.123335e+00 1.583556e+00
509 3.120512e+00 1.570136e+00
510 3.113296e+00 1.566942e+00
511 3.108137e+00 1.549202e+00
512 3.174808e+00 1.572939e+00
513 3.167336e+00 1.562675e+00
514 3.201677e+00 1.549027e+00
515 3.204967e+00 1.571597e+00
516 3.207937e+00 1.570117e+00
517 3.256117e+00 1.541807e+00
518 3.282259e+00 1.542971e+00
519 3.273429e+00 1.558135e+00
520 3.282714e+00 1.578784e+00
521 3.277389e+00 1.578700e+00
522 3.279387e+00 1.585457e+00
523 3.265508e+00 1.574401e+00
524 3.265446e+00 1.579346e+00
525 3.279377e+00 1.563934e+00
526 3.272323e+00 1.560251e+00
527 3.273337e+00 1.559791e+00
528 3.281046e+00 1.574602e+00
529 3.279503e+00 1.583279e+00
530 3.272494e+00 1.574961e+00
531 3.279780e+00 1.582289e+00
532 3.267798e+00 1.579398e+00
533 3.274614e+00 1.577086e+00
534 3.269339e+00 1.593686e+00
535 3.274971e+00 1.592047e+00
536 3.269653e+00 1.584948e+00
537 3.257950e+00 1.580264e+00
538 3.243001e+00 1.564708e+00
539 3.229298e+00 1.553130e+00
540 3.232806e+00 1.551263e+00
541 3.211663e+00 1.541334e+00
542 3.169080e+00 1.565619e+00
543 3.162233e+00 1.578082e+00
544 3.164340e+00 1.611315e+00
545 3.150598e+00 1.617556e+00
546 3.162459e+00 1.612432e+00
547 3.163176e+00 1.612612e+00
548 3.117731e+00 1.644598e+00
549 3.117782e+00 1.643085e+00
550 3.128120e+00 1.644202e+00
551 3.086917e+00 1.593971e+00
552 3.102727e+00 1.612735e+00
553 3.108560e+00 1.631565e+00
554 3.097616e+00 1.616281e+00
555 3.097566e+00 1.612147e+00
556 3.114552e+00 1.626164e+00
557 3.119849e+00 1.620277e+00
558 3.118187e+00 1.620230e+00
559 3.112495e+00 1.620240e+00
560 3.119356e+00 1.636150e+00
561 3.120112e+00 1.624406e+00
562 3.100741e+00 1.633199e+00
563 3.059000e+00 1.681916e+00
564 3.079788e+00 1.654402e+00
565 3.124248e+00 1.651317e+00
566 3.148813e+00 1.619941e+00
567 3.128987e+00 1.576654e+00
568 3.140281e+00 1.577330e+00
569 3.162805e+00 1.625000e+00
570 3.171503e+00 1.627798e+00
571 3.184554e+00 1.636460e+00
572 3.180864e+00 1.635882e+00
573 3.179071e+00 1.624591e+00
574 3.179295e+00 1.623759e+00
575 3.179972e+00 1.622532e+00
576 3.190889e+00 1.616589e+00
577 3.182930e+00 1.619034e+00
578 3.137252e+00 1.606650e+00
579 3.136784e+00 1.607182e+00
580 3.140522e+00 1.627473e+00
581 3.113804e+00 1.646538e+00
582 3.105726e+00 1.676164e+00
583 3.114085e+00 1.653711e+00
584 3.097928e+00 1.650810e+00
585 3.073469e+00 1.653493e+00
586 2.998815e+00 1.650642e+00
587 3.015516e+00 1.646818e+00
588 3.019744e+00 1.654486e+00
589 3.039629e+00 1.647225e+00
590 3.040663e+00 1.648044e+00
591 3.053714e+00 1.647733e+00
592 3.053095e+00 1.649149e+00
593 3.051174e+00 1.639760e+00
594 3.045770e+00 1.654511e+00
595 3.051864e+00 1.662625e+00
596 3.061421e+00 1.641242e+00
597 3.089993e+00 1.626748e+00
598 3.090412e+00 1.627555e+00
599 3.091425e+00 1.628738e+00
600 3.089529e+00 1.626501e+00
601 3.093545e+00 1.627793e+00
602 3.094360e+00 1.646187e+00
603 3.043165e+00 1.685144e+00
604 3.042069e+00 1.683243e+00
605 3.036854e+00 1.682140e+00
606 3.058918e+00 1.700696e+00
607 3.050212e+00 1.701089e+00
608 3.060249e+00 1.690136e+00
609 3.067262e+00 1.681339e+00
610 3.070675e+00 1.680600e+00
611 3.070867e+00 1.679004e+00
612 3.070860e+00 1.678957e+00
613 3.062774e+00 1.680247e+00
614 3.072307e+00 1.700810e+00
615 3.038337e+00 1.717652e+00
616 3.018398e+00 1.685652e+00
617 3.008500e+00 1.704018e+00
618 3.002428e+00 1.694506e+00
619 3.027812e+00 1.699860e+00
620 3.004655e+00 1.668961e+00
621 3.024816e+00 1.676857e+00
622 3.016622e+00 1.683196e+00
623 3.012570e+00 1.669306e+00
624 2.997442e+00 1.662708e+00
625 2.933878e+00 1.690309e+00
626 2.946004e+00 1.647464e+00
627 3.000229e+00 1.655853e+00
628 3.009852e+00 1.650696e+00
629 3.020741e+00 1.648577e+00
630 3.008638e+00 1.626080e+00
631 3.021938e+00 1.633895e+00
632 3.020747e+00 1.634333e+00
633 3.025380e+00 1.645114e+00
634 3.002601e+00 1.648885e+00
635 3.048975e+00 1.624562e+00
636 3.043109e+00 1.599473e+00
637 3.028549e+00 1.601980e+00
638 3.035910e+00 1.622532e+00
639 3.067094e+00 1.624725e+00
640 3.026876e+00 1.641058e+00
641 3.046407e+00 1.647158e+00
642 3.038767e+00 1.633252e+00
643 3.030083e+00 1.640785e+00
644 3.031380e+00 1.644276e+00
645 3.051529e+00 1.655412e+00
646 3.046068e+00 1.659211e+00
647 3.041920e+00 1.659571e+00
648 3.013751e+00 1.670270e+00
649 3.006901e+00 1.659816e+00
650 3.010414e+00 1.655963e+00
651 3.005445e+00 1.614748e+00
652 2.954288e+00 1.628361e+00
653 2.956845e+00 1.626525e+00
654 2.957139e+00 1.636270e+00
655 2.957138e+00 1.636270e+00
656 2.956246e+00 1.638719e+00
657 2.975867e+00 1.692050e+00
658 2.977413e+00 1.691193e+00
659 2.956515e+00 1.674479e+00
660 2.946004e+00 1.682867e+00
661 2.961179e+00 1.729791e+00
662 2.955530e+00 1.723356e+00
663 3.000707e+00 1.743880e+00
664 3.000708e+00 1.744113e+00
665 3.011388e+00 1.748275e+00
666 3.016060e+00 1.753624e+00
667 3.023618e+00 1.743894e+00
668 3.023635e+00 1.743902e+00
669 3.035630e+00 1.736941e+00
670 3.034824e+00 1.769769e+00
671 3.033727e+00 1.779964e+00
672 3.052174e+00 1.847680e+00
673 3.050443e+00 1.832099e+00
674 3.097410e+00 1.797802e+00
675 3.079235e+00 1.799879e+00
676 3.046446e+00 1.800815e+00
677 3.062693e+00 1.819165e+00
678 3.088671e+00 1.840111e+00
679 3.083201e+00 1.820742e+00
680 3.084668e+00 1.821398e+00
681 3.102599e+00 1.812924e+00
682 3.084476e+00 1.841870e+00
683 3.085284e+00 1.841652e+00
684 3.091779e+00 1.839327e+00
685 3.098656e+00 1.801304e+00
686 3.069391e+00 1.798969e+00
687 3.068173e+00 1.800136e+00
688 3.068496e+00 1.800212e+00
689 3.041944e+00 1.808846e+00
690 3.057276e+00 1.785942e+00
691 3.055098e+00 1.805734e+00
692 3.113828e+00 1.797872e+00
693 3.128818e+00 1.799485e+00
694 3.124336e+00 1.802650e+00
695 3.134054e+00 1.793919e+00
696 3.128483e+00 1.789239e+00
697 3.122460e+00 1.799543e+00
698 3.087223e+00 1.808201e+00
699 3.078585e+00 1.814036e+00
700 3.084968e+00 1.813839e+00
701 3.099681e+00 1.833144e+00
702 3.106999e+00 1.841060e+00
703 3.086152e+00 1.865344e+00
704 3.101438e+00 1.845196e+00
705 3.105128e+00 1.863566e+00
706 3.070796e+00 1.873032e+00
707 3.069876e+00 1.881545e+00
708 3.116898e+00 1.886578e+00
709 3.153545e+00 1.873572e+00
710 3.171420e+00 1.909963e+00
711 3.179008e+00 1.918905e+00
712 3.200572e+00 1.914649e+00
713 3.211355e+00 1.915192e+00
714 3.196533e+00 1.908013e+00
715 3.202137e+00 1.912985e+00
716 3.203846e+00 1.910784e+00
717 3.204926e+00 1.899156e+00
718 3.172877e+00 1.921567e+00
719 3.152682e+00 1.943388e+00
720 3.151871e+00 1.943996e+00
721 3.151831e+00 1.946465e+00
722 3.152192e+00 1.943044e+00
723 3.167240e+00 1.950328e+00
724 3.187147e+00 1.949277e+00
725 3.204474e+00 1.923373e+00
726 3.206355e+00 1.915794e+00
727 3.199023e+00 1.938793e+00
728 3.225579e+00 1.916482e+00
729 3.225944e+00 1.915986e+00
730 3.212187e+00 1.917156e+00
731 3.211323e+00 1.919016e+00
732 3.211938e+00 1.915969e+00
733 3.206316e+00 1.910490e+00
734 3.208690e+00 1.902906e+00
735 3.252843e+00 1.872542e+00
736 3.250889e+00 1.880160e+00
737 3.253355e+00 1.879609e+00
738 3.253143e+00 1.878188e+00
739 3.271314e+00 1.873777e+00
740 3.275376e+00 1.865075e+00
741 3.298307e+00 1.871258e+00
742 3.301856e+00 1.854342e+00
743 3.304756e+00 1.854489e+00
744 3.306608e+00 1.854676e+00
745 3.306568e+00 1.855004e+00
746 3.302297e+00 1.856680e+00
747 3.297309e+00 1.816797e+00
748 3.288804e+00 1.812950e+00
749 3.291813e+00 1.814763e+00
750 3.298184e+00 1.818716e+00
751 3.298877e+00 1.820371e+00
752 3.278531e+00 1.830837e+00
753 3.284810e+00 1.827330e+00
754 3.293908e+00 1.831930e+00
755 3.329671e+00 1.825497e+00
756 3.327767e+00 1.824180e+00
757 3.335480e+00 1.828620e+00
758 3.338412e+00 1.808339e+00
759 3.354942e+00 1.810794e+00
760 3.324539e+00 1.796776e+00
761 3.332807e+00 1.787122e+00
762 3.332646e+00 1.790047e+00
763 3.312970e+00 1.770467e+00
764 3.315529e+00 1.770975e+00
765 3.308637e+00 1.770979e+00
766 3.311680e+00 1.773081e+00
767 3.294550e+00 1.769679e+00
768 3.319496e+00 1.778206e+00
769 3.292998e+00 1.803565e+00
770 3.304012e+00 1.799714e+00
771 3.304449e+00 1.800071e+00
772 3.313743e+00 1.803531e+00
773 3.313721e+00 1.806731e+00
774 3.318240e+00 1.818443e+00
775 3.319721e+00 1.814861e+00
776 3.341625e+00 1.808602e+00
777 3.350918e+00 1.806442e+00
778 3.348710e+00 1.805978e+00
779 3.335272e+00 1.829838e+00
780 3.313111e+00 1.818983e+00
781 3.313855e+00 1.811438e+00
782 3.291667e+00 1.799721e+00
783 3.286738e+00 1.842578e+00
784 3.328060e+00 1.858635e+00
785 3.331779e+00 1.857597e+00
786 3.331389e+00 1.851189e+00
787 3.331430e+00 1.851972e+00
788 3.325365e+00 1.860179e+00
789 3.315581e+00 1.880871e+00
790 3.299085e+00 1.889409e+00
791 3.316996e+00 1.880453e+00
792 3.322705e+00 1.870735e+00
793 3.322007e+00 1.870648e+00
794 3.309628e+00 1.906898e+00
795 3.296781e+00 1.892550e+00
796 3.296678e+00 1.892901e+00
797 3.295302e+00 1.894021e+00
798 3.294371e+00 1.886799e+00
799 3.288783e+00 1.868832e+00
800 3.324245e+00 1.851987e+00
801 3.331606e+00 1.843200e+00
802 3.327049e+00 1.788279e+00
803 3.332226e+00 1.794276e+00
804 3.325195e+00 1.785849e+00
805 3.339663e+00 1.788567e+00
806 3.340384e+00 1.787039e+00
807 3.334747e+00 1.777943e+00
808 3.345160e+00 1.786837e+00
809 3.361404e+00 1.755519e+00
810 3.361049e+00 1.751025e+00
811 3.352335e+00 1.746412e+00
812 3.355216e+00 1.754688e+00
813 3.343017e+00 1.753715e+00
814 3.364275e+00 1.715873e+00
815 3.352529e+00 1.707234e+00
816 3.378422e+00 1.690328e+00
817 3.386105e+00 1.782481e+00
818 3.451306e+00 1.771444e+00
819 3.466490e+00 1.797836e+00
820 3.477331e+00 1.797729e+00
821 3.478896e+00 1.788791e+00
822 3.586771e+00 1.851528e+00
823 3.550900e+00 1.849824e+00
824 3.550114e+00 1.850491e+00
825 3.505446e+00 1.815508e+00
826 3.501392e+00 1.823008e+00
827 3.516762e+00 1.864787e+00
828 3.518330e+00 1.863937e+00
829 3.512565e+00 1.868817e+00
830 3.497521e+00 1.867921e+00
831 3.488154e+00 1.811124e+00
832 3.498544e+00 1.796351e+00
833 3.514265e+00 1.809037e+00
834 3.535006e+00 1.787305e+00
835 3.539474e+00 1.795696e+00
836 3.541006e+00 1.797811e+00
837 3.546792e+00 1.799355e+00
838 3.537647e+00 1.796831e+00
839 3.541932e+00 1.792585e+00
840 3.498590e+00 1.867400e+00
841 3.508323e+00 1.863243e+00
842 3.531159e+00 1.875636e+00
843 3.499015e+00 1.841543e+00
844 3.484140e+00 1.833111e+00
845 3.489606e+00 1.827011e+00
846 3.529428e+00 1.871844e+00
847 3.532449e+00 1.869092e+00
848 3.531874e+00 1.939649e+00
849 3.485979e+00 1.966282e+00
850 3.494306e+00 1.973920e+00
851 3.497797e+00 1.973551e+00
852 3.493621e+00 1.973476e+00
853 3.501201e+00 1.974345e+00
854 3.508790e+00 1.949427e+00
855 3.508180e+00 1.948868e+00
856 3.500951e+00 1.947924e+00
857 3.499038e+00 1.947646e+00
858 3.499113e+00 1.947873e+00
859 3.502402e+00 1.955906e+00
860 3.530958e+00 1.996117e+00
861 3.530566e+00 1.996884e+00
862 3.538501e+00 1.985453e+00
863 3.546370e+00 1.987283e+00
864 3.561494e+00 1.987759e+00
865 3.559692e+00 1.985049e+00
866 3.558148e+00 1.989548e+00
867 3.558934e+00 1.990164e+00
868 3.601072e+00 1.992669e+00
869 3.613186e+00 1.991735e+00
870 3.614270e+00 2.028735e+00
871 3.623411e+00 2.011645e+00
872 3.627754e+00 2.021714e+00
873 3.627771e+00 2.021682e+00
874 3.636088e+00 1.999593e+00
875 3.636460e+00 1.997667e+00
876 3.687023e+00 1.966938e+00
877 3.671582e+00 1.957674e+00
878 3.670764e+00 1.954505e+00
879 3.671795e+00 1.953995e+00
880 3.665164e+00 1.973831e+00
881 3.657366e+00 1.967255e+00
882 3.663341e+00 1.950408e+00
883 3.724675e+00 1.976588e+00
884 3.707162e+00 2.002980e+00
885 3.723445e+00 1.991206e+00
886 3.731455e+00 1.990798e+00
887 3.723262e+00 1.994760e+00
888 3.682044e+00 2.012549e+00
889 3.666295e+00 2.009798e+00
890 3.686318e+00 2.032475e+00
891 3.679619e+00 2.061038e+00
892 3.677966e+00 2.061225e+00
893 3.666693e+00 2.098057e+00
894 3.610739e+00 2.099997e+00
895 3.609034e+00 2.063964e+00
896 3.608626e+00 2.076029e+00
897 3.605214e+00 2.068446e+00
898 3.604410e+00 2.068784e+00
899 3.630095e+00 2.051247e+00
900 3.632600e+00 2.049152e+00
901 3.631628e+00 2.046903e+00
902 3.625268e+00 2.040045e+00
903 3.642005e+00 2.044506e+00
904 3.640925e+00 2.045300e+00
905 3.642937e+00 2.042443e+00
906 3.642696e+00 2.040290e+00
907 3.640190e+00 2.044992e+00
908 3.647932e+00 2.038919e+00
909 3.646614e+00 2.043609e+00
910 3.637513e+00 2.037878e+00
911 3.636172e+00 2.040633e+00
912 3.632899e+00 2.027390e+00
913 3.632280e+00 2.028700e+00
914 3.629661e+00 2.032534e+00
915 3.616641e+00 2.048221e+00
916 3.618448e+00 2.048828e+00
917 3.619490e+00 2.043659e+00
918 3.615270e+00 2.046302e+00
919 3.612270e+00 2.042246e+00
920 3.613361e+00 2.039784e+00
921 3.619923e+00 2.068565e+00
922 3.630494e+00 2.091680e+00
923 3.631600e+00 2.091301e+00
924 3.630811e+00 2.106228e+00
925 3.610136e+00 2.116626e+00
926 3.594347e+00 2.112279e+00
927 3.593217e+00 2.113192e+00
928 3.592295e+00 2.096010e+00
929 3.611362e+00 2.102148e+00
930 3.584449e+00 2.061084e+00
931 3.616699e+00 2.124135e+00
932 3.605141e+00 2.135145e+00
933 3.602296e+00 2.137348e+00
934 3.594465e+00 2.183698e+00
935 3.559451e+00 2.176716e+00
936 3.557598e+00 2.175863e+00
937 3.561563e+00 2.149753e+00
938 3.581606e+00 2.101220e+00
939 3.576256e+00 2.083677e+00
940 3.528056e+00 2.090634e+00
941 3.510745e+00 2.110374e+00
942 3.508151e+00 2.088194e+00
943 3.482325e+00 2.130345e+00
944 3.479248e+00 2.135568e+00
945 3.461118e+00 2.123161e+00
946 3.448518e+00 2.133725e+00
947 3.448608e+00 2.133780e+00
948 3.451971e+00 2.133857e+00
949 3.457272e+00 2.132939e+00
950 3.451102e+00 2.156019e+00
951 3.454006e+00 2.156000e+00
952 3.451105e+00 2.151853e+00
953 3.450774e+00 2.169295e+00
954 3.459251e+00 2.164630e+00
955 3.457402e+00 2.161379e+00
956 3.432471e+00 2.156200e+00
957 3.439558e+00 2.149191e+00
958 3.424014e+00 2.124647e+00
959 3.428623e+00 2.125009e+00
960 3.431394e+00 2.109980e+00
961 3.412992e+00 2.095672e+00
962 3.419789e+00 2.100684e+00
963 3.495841e+00 2.089025e+00
964 3.513900e+00 2.075954e+00
965 3.509999e+00 2.078651e+00
966 3.538652e+00 2.066905e+00
967 3.505654e+00 2.090364e+00
968 3.511396e+00 2.094285e+00
969 3.509042e+00 2.090233e+00
970 3.543939e+00 2.088117e+00
971 3.559054e+00 2.065539e+00
972 3.560872e+00 2.062649e+00
973 3.563899e+00 2.064072e+00
974 3.526457e+00 2.095648e+00
975 3.546402e+00 2.106678e+00
976 3.546734e+00 2.109789e+00
977 3.532611e+00 2.112722e+00
978 3.547991e+00 2.077476e+00
979 3.534927e+00 2.055697e+00
980 3.521725e+00 2.059231e+00
981 3.519453e+00 2.060101e+00
982 3.526378e+00 2.037321e+00
983 3.532556e+00 2.034329e+00
984 3.529253e+00 2.043004e+00
985 3.495698e+00 2.077382e+00
986 3.453593e+00 2.098228e+00
987 3.425050e+00 2.101099e+00
988 3.432991e+00 2.114324e+00
989 3.434124e+00 2.115420e+00
990 3.432436e+00 2.114382e+00
991 3.412959e+00 2.129856e+00
992 3.415314e+00 2.129716e+00
993 3.414374e+00 2.122133e+00
994 3.408253e+00 2.109205e+00
995 3.408937e+00 2.108595e+00
996 3.424685e+00 2.092343e+00
997 3.425352e+00 2.091424e+00
998 3.464496e+00 2.122118e+00
999 3.447200e+00 2.079137e+00
1000 3.438281e+00 2.087025e+00
1001 3.472763e+00 2.082981e+00
1002 3.469046e+00 2.101739e+00
1003 3.475496e+00 2.088835e+00
1004 3.459371e+00 2.075442e+00
1005 3.482277e+00 2.070733e+00
1006 3.482239e+00 2.070487e+00
1007 3.501556e+00 2.057170e+00
1008 3.542783e+00 2.039510e+00
1009 3.516825e+00 2.016114e+00
1010 3.523924e+00 2.010090e+00
1011 3.534875e+00 2.002411e+00
1012 3.534953e+00 2.002301e+00
1013 3.536874e+00 1.985740e+00
1014 3.534601e+00 1.979245e+00
1015 3.501748e+00 1.959941e+00
1016 3.509601e+00 1.947752e+00
1017 3.504676e+00 1.944214e+00
1018 3.467935e+00 1.946815e+00
1019 3.465170e+00 1.929816e+00
1020 3.487987e+00 1.972524e+00
1021 3.484706e+00 1.973222e+00
1022 3.492187e+00 1.966373e+00
1023 3.464184e+00 1.941502e+00
1024 3.454255e+00 1.916786e+00
1025 3.456361e+00 1.919222e+00
1026 3.437341e+00 1.943233e+00
1027 3.424651e+00 1.977770e+00
1028 3.438265e+00 1.991713e+00
1029 3.458647e+00 1.934986e+00
1030 3.465663e+00 1.917509e+00
1031 3.449976e+00 1.921747e+00
1032 3.445718e+00 1.937070e+00
1033 3.455497e+00 1.932703e+00
1034 3.466169e+00 1.941307e+00
1035 3.460475e+00 1.904713e+00
1036 3.439969e+00 1.932932e+00
1037 3.436231e+00 1.931858e+00
1038 3.433712e+00 1.925544e+00
1039 3.434155e+00 1.925732e+00
1040 3.455389e+00 1.918498e+00
1041 3.447266e+00 1.944885e+00
1042 3.441487e+00 1.936775e+00
1043 3.440873e+00 1.936995e+00
1044 3.431143e+00 1.957430e+00
1045 3.429247e+00 1.960119e+00
1046 3.412165e+00 2.017264e+00
1047 3.412371e+00 2.017309e+00
1048 3.369121e+00 1.993739e+00
1049 3.363795e+00 1.931623e+00
1050 3.391472e+00 1.943153e+00
1051 3.410372e+00 1.944119e+00
1052 3.407720e+00 1.948374e+00
1053 3.409098e+00 1.944432e+00
1054 3.435288e+00 1.927407e+00
1055 3.460009e+00 1.886561e+00
1056 3.434969e+00 1.884616e+00
1057 3.435741e+00 1.884150e+00
1058 3.435639e+00 1.883961e+00
1059 3.468418e+00 1.892784e+00
1060 3.454443e+00 1.885957e+00
1061 3.439041e+00 1.874563e+00
1062 3.436764e+00 1.869748e+00
1063 3.441096e+00 1.875323e+00
1064 3.451776e+00 1.853898e+00
1065 3.452169e+00 1.854191e+00
1066 3.452474e+00 1.853939e+00
1067 3.453163e+00 1.847826e+00
1068 3.447969e+00 1.879268e+00
1069 3.453318e+00 1.883535e+00
1070 3.477753e+00 1.907938e+00
1071 3.474662e+00 1.904792e+00
1072 3.451874e+00 1.903371e+00
1073 3.448569e+00 1.903165e+00
1074 3.416588e+00 1.885016e+00
1075 3.385619e+00 1.894390e+00
1076 3.384733e+00 1.894252e+00
1077 3.397750e+00 1.875038e+00
1078 3.386692e+00 1.864621e+00
1079 3.383345e+00 1.832544e+00
1080 3.394037e+00 1.828204e+00
1081 3.395672e+00 1.829488e+00
1082 3.417358e+00 1.827977e+00
1083 3.417187e+00 1.827980e+00
1084 3.428008e+00 1.832405e+00
1085 3.420181e+00 1.823254e+00
1086 3.427272e+00 1.827359e+00
1087 3.425051e+00 1.832040e+00
1088 3.423336e+00 1.836751e+00
1089 3.426247e+00 1.831247e+00
1090 3.410294e+00 1.830125e+00
1091 3.415807e+00 1.834064e+00
1092 3.420708e+00 1.838119e+00
1093 3.331889e+00 1.892572e+00
1094 3.332856e+00 1.910026e+00
1095 3.343726e+00 1.925646e+00
1096 3.372125e+00 1.939527e+00
1097 3.370438e+00 1.945187e+00
1098 3.394595e+00 1.921937e+00
1099 3.392809e+00 1.918004e+00
1100 3.395047e+00 1.959029e+00
1101 3.406832e+00 1.952964e+00
1102 3.415954e+00 1.964574e+00
1103 3.404843e+00 1.953542e+00
1104 3.393993e+00 1.944985e+00
1105 3.390605e+00 1.946765e+00
1106 3.366253e+00 1.948741e+00
1107 3.355201e+00 1.945495e+00
1108 3.349479e+00 1.937156e+00
1109 3.356906e+00 1.931627e+00
1110 3.357451e+00 1.930776e+00
1111 3.358198e+00 1.951774e+00
1112 3.338983e+00 1.952437e+00
1113 3.331524e+00 1.951004e+00
1114 3.379455e+00 1.935980e+00
1115 3.359401e+00 1.950616e+00
1116 3.358750e+00 1.950799e+00
1117 3.355267e+00 1.955656e+00
1118 3.346042e+00 1.965504e+00
1119 3.337130e+00 1.916849e+00
1120 3.337104e+00 1.917503e+00
1121 3.344054e+00 1.909973e+00
1122 3.344811e+00 1.910890e+00
1123 3.344992e+00 1.904504e+00
1124 3.345291e+00 1.903555e+00
1125 3.370536e+00 1.917626e+00
1126 3.370392e+00 1.917643e+00
1127 3.351213e+00 1.860499e+00
1128 3.297081e+00 1.888038e+00
1129 3.292056e+00 1.880028e+00
1130 3.292098e+00 1.881039e+00
1131 3.260048e+00 1.933431e+00
1132 3.293571e+00 1.925160e+00
1133 3.275943e+00 1.908981e+00
1134 3.274018e+00 1.853326e+00
1135 3.266460e+00 1.854982e+00
1136 3.267272e+00 1.859830e+00
1137 3.280816e+00 1.864020e+00
1138 3.278405e+00 1.860541e+00
1139 3.366344e+00 1.853399e+00
1140 3.364149e+00 1.826660e+00
1141 3.384270e+00 1.836817e+00
1142 3.387664e+00 1.835909e+00
1143 3.393764e+00 1.858675e+00
1144 3.389835e+00 1.869763e+00
1145 3.385050e+00 1.867581e+00
1146 3.382737e+00 1.861503e+00
1147 3.373917e+00 1.822548e+00
1148 3.369352e+00 1.805698e+00
1149 3.369212e+00 1.805118e+00
1150 3.376038e+00 1.805863e+00
1151 3.369484e+00 1.800136e+00
1152 3.369436e+00 1.800411e+00
1153 3.369659e+00 1.800482e+00
1154 3.369331e+00 1.800546e+00
1155 3.370630e+00 1.799183e+00
1156 3.366435e+00 1.833110e+00
1157 3.372308e+00 1.850504e+00
1158 3.368205e+00 1.844973e+00
1159 3.376372e+00 1.839218e+00
1160 3.399073e+00 1.839675e+00
1161 3.402786e+00 1.840627e+00
1162 3.383858e+00 1.852181e+00
1163 3.372031e+00 1.841538e+00
1164 3.325663e+00 1.843699e+00
1165 3.336533e+00 1.813969e+00
1166 3.320995e+00 1.782279e+00
1167 3.305679e+00 1.772626e+00
1168 3.310087e+00 1.767292e+00
1169 3.316465e+00 1.777318e+00
1170 3.316678e+00 1.797276e+00
1171 3.344892e+00 1.826490e+00
1172 3.351039e+00 1.838368e+00
1173 3.424647e+00 1.874223e+00
1174 3.423522e+00 1.862958e+00
1175 3.391853e+00 1.849467e+00
1176 3.341164e+00 1.856711e+00
1177 3.364975e+00 1.856789e+00
1178 3.355532e+00 1.858590e+00
1179 3.360096e+00 1.926231e+00
1180 3.358047e+00 1.922222e+00
1181 3.356649e+00 1.920005e+00
1182 3.350131e+00 1.917541e+00
1183 3.347977e+00 1.928946e+00
1184 3.342369e+00 1.921920e+00
1185 3.340996e+00 1.922348e+00
1186 3.340552e+00 1.922092e+00
1187 3.318282e+00 1.928093e+00
1188 3.311942e+00 1.933239e+00
1189 3.308180e+00 1.934911e+00
1190 3.305734e+00 1.941022e+00
1191 3.307060e+00 1.942579e+00
1192 3.286636e+00 1.967247e+00
1193 3.272551e+00 1.958857e+00
1194 3.267681e+00 1.951535e+00
1195 3.263502e+00 1.950378e+00
1196 3.282014e+00 1.945436e+00
1197 3.311154e+00 1.943773e+00
1198 3.299347e+00 1.938614e+00
1199 3.272346e+00 1.965878e+00
1200 3.271640e+00 1.969183e+00
1201 3.249122e+00 1.973130e+00
1202 3.252261e+00 1.972472e+00
1203 3.266948e+00 1.981813e+00
1204 3.213001e+00 1.971370e+00
1205 3.243564e+00 2.032294e+00
1206 3.249079e+00 2.026335e+00
1207 3.262890e+00 2.027867e+00
1208 3.271998e+00 2.027741e+00
1209 3.245176e+00 2.015980e+00
1210 3.245619e+00 2.013222e+00
1211 3.257648e+00 1.986469e+00
1212 3.256388e+00 1.964354e+00
1213 3.253001e+00 1.974111e+00
1214 3.259085e+00 1.975936e+00
1215 3.257228e+00 1.958100e+00
1216 3.269123e+00 1.944974e+00
1217 3.266757e+00 1.944582e+00
1218 3.231429e+00 1.941506e+00
1219 3.205599e+00 1.943798e+00
1220 3.236609e+00 2.016459e+00
1221 3.290124e+00 2.062352e+00
1222 3.286885e+00 2.057283e+00
1223 3.277732e+00 2.048287e+00
1224 3.275288e+00 2.049487e+00
1225 3.237936e+00 2.015176e+00
1226 3.243035e+00 2.012582e+00
1227 3.232943e+00 1.997635e+00
1228 3.227525e+00 1.996655e+00
1229 3.221172e+00 1.974479e+00
1230 3.217492e+00 2.001699e+00
1231 3.214935e+00 2.010647e+00
1232 3.198177e+00 2.006163e+00
1233 3.230988e+00 2.018910e+00
1234 3.232096e+00 2.018423e+00
1235 3.231114e+00 2.014746e+00
1236 3.220340e+00 2.009235e+00
1237 3.245772e+00 2.002846e+00
1238 3.142714e+00 2.048003e+00
1239 3.143290e+00 2.040248e+00
1240 3.146549e+00 2.028800e+00
1241 3.157626e+00 2.024790e+00
1242 3.150077e+00 2.053807e+00
1243 3.178660e+00 2.008536e+00
1244 3.185499e+00 2.004659e+00
1245 3.191378e+00 2.020286e+00
1246 3.171873e+00 2.012905e+00
1247 3.184956e+00 2.013754e+00
1248 3.188221e+00 2.008888e+00
1249 3.185835e+00 2.006098e+00
1250 3.185619e+00 2.008414e+00
1251 3.196862e+00 2.004729e+00
1252 3.205538e+00 2.004266e+00
1253 3.227461e+00 2.011153e+00
1254 3.229014e+00 2.011849e+00
1255 3.228701e+00 2.014394e+00
1256 3.217738e+00 1.970016e+00
1257 3.217345e+00 1.964798e+00
1258 3.227498e+00 1.960459e+00
1259 3.184725e+00 1.911839e+00
1260 3.183596e+00 1.910387e+00
1261 3.191553e+00 1.904729e+00
1262 3.141698e+00 1.899889e+00
1263 3.137764e+00 1.907308e+00
1264 3.143829e+00 1.938088e+00
1265 3.170021e+00 1.942472e+00
1266 3.170459e+00 1.941881e+00
1267 3.167961e+00 1.930016e+00
1268 3.157263e+00 1.924877e+00
1269 3.157890e+00 1.948495e+00
1270 3.134277e+00 1.940197e+00
1271 3.127256e+00 1.942652e+00
1272 3.127363e+00 1.942695e+00
1273 3.130299e+00 1.942626e+00
1274 3.154097e+00 1.960408e+00
1275 3.164884e+00 1.960154e+00
1276 3.172839e+00 1.983611e+00
1277 3.175389e+00 1.979640e+00
1278 3.196105e+00 1.969164e+00
1279 3.190997e+00 1.954824e+00
1280 3.192765e+00 1.967197e+00
1281 3.199770e+00 1.959214e+00
1282 3.199929e+00 1.959310e+00
1283 3.202028e+00 1.963933e+00
1284 3.215095e+00 1.951714e+00
1285 3.201845e+00 1.939656e+00
1286 3.202539e+00 1.939088e+00
1287 3.204330e+00 1.925149e+00
1288 3.200688e+00 1.870339e+00
1289 3.218925e+00 1.911880e+00
1290 3.216552e+00 1.911733e+00
1291 3.230005e+00 1.940759e+00
1292 3.214992e+00 1.940732e+00
1293 3.169013e+00 1.910616e+00
1294 3.168821e+00 1.905311e+00
1295 3.148418e+00 1.887864e+00
1296 3.156027e+00 1.885245e+00
1297 3.142590e+00 1.890808e+00
1298 3.142292e+00 1.891030e+00
1299 3.166617e+00 1.950580e+00
1300 3.167140e+00 1.949380e+00
1301 3.165614e+00 1.954241e+00
1302 3.163449e+00 1.958008e+00
1303 3.097459e+00 2.007309e+00
1304 3.106253e+00 1.992205e+00
1305 3.108378e+00 2.038304e+00
1306 3.113194e+00 2.046220e+00
1307 3.109704e+00 2.066916e+00
1308 3.146823e+00 2.122477e+00
1309 3.125220e+00 2.124478e+00
1310 3.124385e+00 2.112928e+00
1311 3.123382e+00 2.109257e+00
1312 3.125326e+00 2.110110e+00
1313 3.142571e+00 2.115463e+00
1314 3.153610e+00 2.115408e+00
1315 3.107876e+00 2.141274e+00
1316 3.102456e+00 2.152492e+00
1317 3.114601e+00 2.160353e+00
1318 3.100274e+00 2.157650e+00
1319 3.109906e+00 2.154592e+00
1320 3.110525e+00 2.137218e+00
1321 3.101806e+00 2.140312e+00
1322 3.113699e+00 2.158925e+00
1323 3.120980e+00 2.167242e+00
1324 3.123746e+00 2.139165e+00
1325 3.122442e+00 2.105277e+00
1326 3.122477e+00 2.110242e+00
1327 3.088714e+00 2.153435e+00
1328 3.100142e+00 2.172198e+00
1329 3.091634e+00 2.173045e+00
1330 3.121260e+00 2.145518e+00
1331 3.125061e+00 2.166937e+00
1332 3.106413e+00 2.175989e+00
1333 3.106254e+00 2.176631e+00
1334 3.122506e+00 2.180856e+00
1335 3.125450e+00 2.182684e+00
1336 3.134045e+00 2.157603e+00
1337 3.125454e+00 2.150942e+00
1338 3.190628e+00 2.152554e+00
1339 3.192573e+00 2.163028e+00
1340 3.215461e+00 2.097595e+00
1341 3.227937e+00 2.107436e+00
1342 3.218172e+00 2.101891e+00
1343 3.201615e+00 2.132056e+00
1344 3.188760e+00 2.101723e+00
1345 3.192610e+00 2.104049e+00
1346 3.191961e+00 2.103747e+00
1347 3.191921e+00 2.103716e+00
1348 3.195418e+00 2.106175e+00
1349 3.199229e+00 2.123187e+00
1350 3.198215e+00 2.115386e+00
1351 3.197545e+00 2.116180e+00
1352 3.193068e+00 2.108281e+00
1353 3.203012e+00 2.117852e+00
1354 3.209318e+00 2.114630e+00
1355 3.213048e+00 2.110220e+00
1356 3.206248e+00 2.107165e+00
1357 3.169567e+00 2.128135e+00
1358 3.141843e+00 2.122355e+00
1359 3.143542e+00 2.122227e+00
1360 3.155564e+00 2.133086e+00
1361 3.155649e+00 2.133032e+00
1362 3.176215e+00 2.155119e+00
1363 3.184854e+00 2.147343e+00
1364 3.140431e+00 2.182079e+00
1365 3.147426e+00 2.181789e+00
1366 3.144689e+00 2.181118e+00
1367 3.153586e+00 2.169885e+00
1368 3.152370e+00 2.170889e+00
1369 3.132374e+00 2.187822e+00
1370 3.131052e+00 2.184095e+00
1371 3.118869e+00 2.190740e+00
1372 3.116831e+00 2.185716e+00
1373 3.115949e+00 2.183342e+00
1374 3.113993e+00 2.182939e+00
1375 3.093899e+00 2.183745e+00
1376 3.106299e+00 2.160492e+00
1377 3.097003e+00 2.161277e+00
1378 3.098757e+00 2.160478e+00
1379 3.091411e+00 2.161591e+00
1380 3.090650e+00 2.161746e+00
1381 3.117172e+00 2.167692e+00
1382 3.143263e+00 2.198677e+00
1383 3.145424e+00 2.200739e+00
1384 3.145874e+00 2.212189e+00
1385 3.165256e+00 2.216211e+00
1386 3.150829e+00 2.219875e+00
1387 3.172913e+00 2.195761e+00
1388 3.171040e+00 2.187513e+00
1389 3.171492e+00 2.188225e+00
1390 3.211468e+00 2.169342e+00
1391 3.207055e+00 2.167146e+00
1392 3.209333e+00 2.169662e+00
1393 3.207925e+00 2.166503e+00
1394 3.201438e+00 2.156905e+00
1395 3.196199e+00 2.161176e+00
1396 3.196881e+00 2.160274e+00
1397 3.196864e+00 2.144266e+00
1398 3.234935e+00 2.135200e+00
1399 3.265306e+00 2.105369e+00
1400 3.266839e+00 2.106103e+00
1401 3.242585e+00 2.103536e+00
1402 3.267871e+00 2.113776e+00
1403 3.267551e+00 2.116286e+00
1404 3.267436e+00 2.132863e+00
1405 3.268009e+00 2.125132e+00
1406 3.329678e+00 2.079308e+00
1407 3.329644e+00 2.079397e+00
1408 3.329878e+00 2.079436e+00
1409 3.338993e+00 2.093648e+00
1410 3.392619e+00 2.117528e+00
1411 3.406926e+00 2.096673e+00
1412 3.389895e+00 2.086489e+00
1413 3.390542e+00 2.086409e+00
1414 3.390614e+00 2.086471e+00
1415 3.401927e+00 2.087448e+00
1416 3.377167e+00 2.078232e+00
1417 3.366214e+00 2.072377e+00
1418 3.358768e+00 2.080060e+00
1419 3.353076e+00 2.066975e+00
1420 3.362051e+00 2.085299e+00
1421 3.345943e+00 2.064134e+00
1422 3.336039e+00 2.065838e+00
1423 3.332861e+00 2.066542e+00
1424 3.366143e+00 2.096330e+00
1425 3.375553e+00 2.091135e+00
1426 3.429974e+00 2.104158e+00
1427 3.423937e+00 2.101908e+00
1428 3.421657e+00 2.099254e+00
1429 3.417362e+00 2.092475e+00
1430 3.405567e+00 2.075073e+00
1431 3.399820e+00 2.080655e+00
1432 3.418677e+00 2.073490e+00
1433 3.425127e+00 2.074307e+00
1434 3.425939e+00 2.075250e+00
1435 3.426715e+00 2.075089e+00
1436 3.417330e+00 2.079986e+00
1437 3.431603e+00 2.093257e+00
1438 3.436291e+00 2.114819e+00
1439 3.455430e+00 2.088391e+00
1440 3.455434e+00 2.088579e+00
1441 3.357879e+00 2.108388e+00
1442 3.354285e+00 2.115895e+00
1443 3.358441e+00 2.126533e+00
1444 3.358919e+00 2.127303e+00
1445 3.365163e+00 2.143234e+00
1446 3.368930e+00 2.120836e+00
1447 3.371611e+00 2.116079e+00
1448 3.351847e+00 2.072158e+00
1449 3.338997e+00 2.089750e+00
1450 3.344418e+00 2.074962e+00
1451 3.349109e+00 2.074666e+00
1452 3.352849e+00 2.065972e+00
1453 3.350810e+00 2.064988e+00
1454 3.352773e+00 2.065135e+00
1455 3.353077e+00 2.066429e+00
1456 3.352560e+00 2.067674e+00
1457 3.354760e+00 2.068473e+00
1458 3.345119e+00 2.062911e+00
1459 3.338767e+00 2.064021e+00
1460 3.394015e+00 2.087251e+00
1461 3.409151e+00 2.091683e+00
1462 3.404636e+00 2.098574e+00
1463 3.450377e+00 2.138343e+00
1464 3.442673e+00 2.136112e+00
1465 3.443883e+00 2.125035e+00
1466 3.456233e+00 2.114131e+00
1467 3.457536e+00 2.100483e+00
1468 3.456320e+00 2.100605e+00
1469 3.469254e+00 2.088809e+00
1470 3.455898e+00 2.089568e+00
1471 3.459876e+00 2.098216e+00
1472 3.460648e+00 2.091068e+00
1473 3.433590e+00 2.086354e+00
1474 3.438074e+00 2.096823e+00
1475 3.435924e+00 2.097446e+00
1476 3.421065e+00 2.111650e+00
1477 3.428266e+00 2.116477e+00
1478 3.425410e+00 2.122909e+00
1479 3.442307e+00 2.119857e+00
1480 3.442168e+00 2.119676e+00
1481 3.446819e+00 2.119462e+00
1482 3.441768e+00 2.145195e+00
1483 3.453460e+00 2.144144e+00
1484 3.440879e+00 2.161485e+00
1485 3.457519e+00 2.098005e+00
1486 3.413170e+00 2.073024e+00
1487 3.404962e+00 2.027464e+00
1488 3.403008e+00 2.031804e+00
1489 3.398366e+00 2.069126e+00
1490 3.400819e+00 2.083705e+00
1491 3.390637e+00 2.087033e+00
1492 3.427254e+00 2.080826e+00
1493 3.438749e+00 2.096554e+00
1494 3.428355e+00 2.091888e+00
1495 3.437911e+00 2.097586e+00
1496 3.451373e+00 2.091846e+00
1497 3.406424e+00 2.105378e+00
1498 3.424926e+00 2.132681e+00
1499 3.388503e+00 2.139431e+00
1500 3.395884e+00 2.150991e+00
1501 3.395718e+00 2.147016e+00
1502 3.376062e+00 2.095414e+00
1503 3.371891e+00 2.089873e+00
1504 3.367639e+00 2.099819e+00
1505 3.367610e+00 2.071435e+00
1506 3.360114e+00 2.087911e+00
1507 3.375639e+00 2.101619e+00
1508 3.394894e+00 2.109049e+00
1509 3.396651e+00 2.133546e+00
1510 3.359820e+00 2.121636e+00
1511 3.359395e+00 2.124003e+00
1512 3.325629e+00 2.093604e+00
1513 3.320650e+00 2.106121e+00
1514 3.323164e+00 2.092868e+00
1515 3.336019e+00 2.094793e+00
1516 3.312482e+00 2.077572e+00
1517 3.309517e+00 2.065317e+00
1518 3.336282e+00 2.068767e+00
1519 3.329061e+00 2.058104e+00
1520 3.326549e+00 2.062458e+00
1521 3.343792e+00 2.088852e+00
1522 3.336988e+00 2.077910e+00
1523 3.338795e+00 2.084585e+00
1524 3.396494e+00 2.092705e+00
1525 3.404685e+00 2.098194e+00
1526 3.390711e+00 2.113140e+00
1527 3.382671e+00 2.112819e+00
1528 3.385039e+00 2.112950e+00
1529 3.397598e+00 2.091444e+00
1530 3.404103e+00 2.086546e+00
1531 3.422952e+00 2.143395e+00
1532 3.424219e+00 2.143212e+00
1533 3.381806e+00 2.146729e+00
1534 3.339162e+00 2.148324e+00
1535 3.310860e+00 2.169130e+00
1536 3.303503e+00 2.171762e+00
1537 3.296265e+00 2.162539e+00
1538 3.318308e+00 2.113600e+00
1539 3.283173e+00 2.115194e+00
1540 3.294187e+00 2.120893e+00
1541 3.281255e+00 2.134655e+00
1542 3.275436e+00 2.100638e+00
1543 3.299583e+00 2.129714e+00
1544 3.293006e+00 2.138235e+00
1545 3.290314e+00 2.135350e+00
1546 3.295816e+00 2.138590e+00
1547 3.294260e+00 2.138775e+00
1548 3.298510e+00 2.137530e+00
1549 3.315308e+00 2.130667e+00
1550 3.340118e+00 2.090359e+00
1551 3.346964e+00 2.095190e+00
1552 3.345081e+00 2.091157e+00
1553 3.330744e+00 2.070263e+00
1554 3.330959e+00 2.068806e+00
1555 3.308792e+00 2.122151e+00
1556 3.313973e+00 2.149297e+00
1557 3.335627e+00 2.161369e+00
1558 3.336037e+00 2.163332e+00
1559 3.340322e+00 2.163997e+00
1560 3.342850e+00 2.165096e+00
1561 3.344822e+00 2.173017e+00
1562 3.340759e+00 2.169103e+00
1563 3.334661e+00 2.175462e+00
1564 3.359578e+00 2.148209e+00
1565 3.360045e+00 2.135714e+00
1566 3.358249e+00 2.149274e+00
1567 3.360402e+00 2.153786e+00
1568 3.369319e+00 2.173519e+00
1569 3.371072e+00 2.171484e+00
1570 3.370970e+00 2.154407e+00
1571 3.362593e+00 2.172372e+00
1572 3.392975e+00 2.176832e+00
1573 3.394504e+00 2.154744e+00
1574 3.368779e+00 2.142703e+00
1575 3.376539e+00 2.128994e+00
1576 3.383348e+00 2.124564e+00
1577 3.353945e+00 2.142321e+00
1578 3.346671e+00 2.150734e+00
1579 3.347083e+00 2.150381e+00
1580 3.355862e+00 2.156649e+00
1581 3.360243e+00 2.163291e+00
1582 3.351539e+00 2.178409e+00
1583 3.340864e+00 2.181256e+00
1584 3.339449e+00 2.180753e+00
1585 3.348159e+00 2.210628e+00
1586 3.347845e+00 2.217617e+00
1587 3.358555e+00 2.205377e+00
1588 3.355244e+00 2.187745e+00
1589 3.379201e+00 2.153981e+00
1590 3.382962e+00 2.162773e+00
1591 3.385570e+00 2.169656e+00
1592 3.306108e+00 2.077891e+00
1593 3.318627e+00 2.099983e+00
1594 3.331148e+00 2.110839e+00
1595 3.334863e+00 2.110107e+00
1596 3.368056e+00 2.113871e+00
1597 3.384596e+00 2.121574e+00
1598 3.353008e+00 2.171826e+00
1599 3.339694e+00 2.189485e+00
1600 3.360975e+00 2.173337e+00
1601 3.356508e+00 2.173288e+00
1602 3.378271e+00 2.161094e+00
1603 3.371166e+00 2.158825e+00
1604 3.378434e+00 2.166162e+00
1605 3.389259e+00 2.124232e+00
1606 3.371114e+00 2.108163e+00
1607 3.407449e+00 2.139663e+00
1608 3.407380e+00 2.139636e+00
1609 3.410631e+00 2.142407e+00
1610 3.460994e+00 2.144674e+00
1611 3.457628e+00 2.155221e+00
1612 3.467178e+00 2.154917e+00
1613 3.463245e+00 2.172661e+00
1614 3.495129e+00 2.165208e+00
1615 3.488656e+00 2.158358e+00
1616 3.550186e+00 2.172160e+00
1617 3.551038e+00 2.174321e+00
1618 3.524771e+00 2.168921e+00
1619 3.476051e+00 2.189381e+00
1620 3.502077e+00 2.158717e+00
1621 3.484063e+00 2.177216e+00
1622 3.479220e+00 2.181252e+00
1623 3.481778e+00 2.187267e+00
1624 3.464262e+00 2.181096e+00
1625 3.464254e+00 2.181093e+00
1626 3.458203e+00 2.185980e+00
1627 3.483952e+00 2.191048e+00
1628 3.509656e+00 2.186562e+00
1629 3.512574e+00 2.188357e+00
1630 3.476456e+00 2.199778e+00
1631 3.476948e+00 2.201038e+00
1632 3.471418e+00 2.203163e+00
1633 3.470747e+00 2.202303e+00
1634 3.478353e+00 2.196544e+00
1635 3.472912e+00 2.199433e+00
1636 3.446363e+00 2.216925e+00
1637 3.446865e+00 2.213261e+00
1638 3.446153e+00 2.206333e+00
1639 3.459744e+00 2.212806e+00
1640 3.491141e+00 2.216679e+00
1641 3.488957e+00 2.226981e+00
1642 3.481981e+00 2.193960e+00
1643 3.503117e+00 2.183498e+00
1644 3.528513e+00 2.204283e+00
1645 3.583779e+00 2.133568e+00
1646 3.590801e+00 2.131846e+00
1647 3.571730e+00 2.147031e+00
1648 3.568152e+00 2.152252e+00
1649 3.567913e+00 2.152081e+00
1650 3.589617e+00 2.133877e+00
1651 3.587422e+00 2.157102e+00
1652 3.520543e+00 2.175479e+00
1653 3.527930e+00 2.161113e+00
1654 3.525067e+00 2.156428e+00
1655 3.526376e+00 2.148159e+00
1656 3.526110e+00 2.150128e+00
1657 3.512296e+00 2.066354e+00
1658 3.521885e+00 2.061349e+00
1659 3.449247e+00 2.109073e+00
1660 3.479173e+00 2.106690e+00
1661 3.484054e+00 2.111915e+00
1662 3.472963e+00 2.109239e+00
1663 3.461699e+00 2.117302e+00
1664 3.429091e+00 2.109557e+00
1665 3.442485e+00 2.131830e+00
1666 3.420678e+00 2.210145e+00
1667 3.423950e+00 2.192303e+00
1668 3.433639e+00 2.199775e+00
1669 3.451493e+00 2.203614e+00
1670 3.471765e+00 2.197310e+00
1671 3.475615e+00 2.212811e+00
1672 3.480005e+00 2.208555e+00
1673 3.508341e+00 2.198609e+00
1674 3.515603e+00 2.187259e+00
1675 3.524391e+00 2.187845e+00
1676 3.527683e+00 2.185053e+00
1677 3.525537e+00 2.181413e+00
1678 3.525864e+00 2.182541e+00
1679 3.543986e+00 2.192285e+00
1680 3.532408e+00 2.206092e+00
1681 3.534614e+00 2.205343e+00
1682 3.541984e+00 2.199049e+00
1683 3.539639e+00 2.193650e+00
1684 3.539517e+00 2.193861e+00
1685 3.543557e+00 2.167905e+00
1686 3.518602e+00 2.169509e+00
1687 3.508221e+00 2.166699e+00
1688 3.498233e+00 2.170959e+00
1689 3.507777e+00 2.171910e+00
1690 3.511679e+00 2.174192e+00
1691 3.513109e+00 2.151954e+00
1692 3.469243e+00 2.104091e+00
1693 3.475704e+00 2.101615e+00
1694 3.471426e+00 2.088031e+00
1695 3.483269e+00 2.080689e+00
1696 3.481078e+00 2.082214e+00
1697 3.481978e+00 2.073943e+00
1698 3.478475e+00 2.091564e+00
1699 3.469449e+00 2.082870e+00
1700 3.430172e+00 2.151707e+00
1701 3.430313e+00 2.163042e+00
1702 3.430085e+00 2.163032e+00
1703 3.430978e+00 2.160781e+00
1704 3.430510e+00 2.162434e+00
1705 3.433918e+00 2.171971e+00
1706 3.452116e+00 2.167316e+00
1707 3.468275e+00 2.161623e+00
1708 3.450525e+00 2.163098e+00
1709 3.448324e+00 2.159566e+00
1710 3.438744e+00 2.176262e+00
1711 3.410180e+00 2.181666e+00
1712 3.405778e+00 2.186514e+00
1713 3.404458e+00 2.186852e+00
1714 3.487322e+00 2.191055e+00
1715 3.494198e+00 2.176507e+00
1716 3.498880e+00 2.181021e+00
1717 3.497654e+00 2.179543e+00
1718 3.498215e+00 2.180859e+00
1719 3.469215e+00 2.219250e+00
1720 3.463990e+00 2.199623e+00
1721 3.434494e+00 2.200886e+00
1722 3.459089e+00 2.175085e+00
1723 3.460733e+00 2.171155e+00
1724 3.457140e+00 2.166721e+00
1725 3.456723e+00 2.165173e+00
1726 3.453851e+00 2.165901e+00
1727 3.454460e+00 2.165472e+00
1728 3.454164e+00 2.165096e+00
1729 3.452524e+00 2.170624e+00
1730 3.401981e+00 2.222854e+00
1731 3.405536e+00 2.221226e+00
1732 3.449328e+00 2.221044e+00
1733 3.489779e+00 2.223300e+00
1734 3.490779e+00 2.224671e+00
1735 3.475332e+00 2.224313e+00
1736 3.498912e+00 2.216412e+00
1737 3.512640e+00 2.221740e+00
1738 3.507545e+00 2.184964e+00
1739 3.501795e+00 2.175820e+00
1740 3.501749e+00 2.173598e+00
1741 3.505883e+00 2.176055e+00
1742 3.508741e+00 2.178575e+00
1743 3.517615e+00 2.176536e+00
1744 3.548572e+00 2.191077e+00
1745 3.545145e+00 2.191451e+00
1746 3.524208e+00 2.184699e+00
1747 3.511420e+00 2.182851e+00
1748 3.508081e+00 2.193322e+00
1749 3.506881e+00 2.194227e+00
1750 3.502224e+00 2.202986e+00
1751 3.508107e+00 2.206029e+00
1752 3.543975e+00 2.147053e+00
1753 3.551740e+00 2.143244e+00
1754 3.557663e+00 2.136463e+00
1755 3.561652e+00 2.131194e+00
1756 3.573995e+00 2.132784e+00
1757 3.565756e+00 2.149190e+00
1758 3.565854e+00 2.150927e+00
1759 3.570766e+00 2.153897e+00
1760 3.567699e+00 2.156753e+00
1761 3.557597e+00 2.229302e+00
1762 3.549017e+00 2.232658e+00
1763 3.548962e+00 2.232272e+00
1764 3.553621e+00 2.231426e+00
1765 3.545173e+00 2.217718e+00
1766 3.543911e+00 2.213599e+00
1767 3.547697e+00 2.217880e+00
1768 3.550649e+00 2.252641e+00
1769 3.534262e+00 2.239088e+00
1770 3.542423e+00 2.236698e+00
1771 3.545352e+00 2.279600e+00
1772 3.541661e+00 2.281556e+00
1773 3.549449e+00 2.272650e+00
1774 3.557565e+00 2.276455e+00
1775 3.574028e+00 2.273838e+00
1776 3.611146e+00 2.224401e+00
1777 3.619806e+00 2.238418e+00
1778 3.621994e+00 2.226865e+00
1779 3.619997e+00 2.226082e+00
1780 3.608646e+00 2.227867e+00
1781 3.590802e+00 2.224210e+00
1782 3.524003e+00 2.253429e+00
1783 3.515930e+00 2.250701e+00
1784 3.533306e+00 2.247981e+00
1785 3.543353e+00 2.250121e+00
1786 3.526498e+00 2.257013e+00
1787 3.516228e+00 2.258178e+00
1788 3.474253e+00 2.291467e+00
1789 3.510772e+00 2.268106e+00
1790 3.510774e+00 2.268108e+00
1791 3.512823e+00 2.333295e+00
1792 3.499536e+00 2.317870e+00
1793 3.486942e+00 2.281554e+00
1794 3.487685e+00 2.281539e+00
1795 3.459489e+00 2.306776e+00
1796 3.425005e+00 2.309273e+00
1797 3.396999e+00 2.334179e+00
1798 3.399459e+00 2.331362e+00
1799 3.406571e+00 2.321171e+00
1800 3.403614e+00 2.308208e+00
1801 3.398677e+00 2.317654e+00
1802 3.464909e+00 2.293634e+00
1803 3.472074e+00 2.271565e+00
1804 3.461109e+00 2.254269e+00
1805 3.460927e+00 2.266518e+00
1806 3.443039e+00 2.297925e+00
1807 3.439450e+00 2.295520e+00
1808 3.435975e+00 2.310581e+00
1809 3.429423e+00 2.317918e+00
1810 3.427908e+00 2.320522e+00
1811 3.448078e+00 2.327256e+00
1812 3.455926e+00 2.323880e+00
1813 3.456758e+00 2.348950e+00
1814 3.470412e+00 2.338700e+00
1815 3.473565e+00 2.331219e+00
1816 3.473418e+00 2.334926e+00
1817 3.487625e+00 2.330807e+00
1818 3.491290e+00 2.353572e+00
1819 3.456762e+00 2.322549e+00
1820 3.424936e+00 2.296552e+00
1821 3.390830e+00 2.279054e+00
1822 3.394886e+00 2.270683e+00
1823 3.444071e+00 2.272682e+00
1824 3.509375e+00 2.260526e+00
1825 3.519783e+00 2.267953e+00
1826 3.516351e+00 2.253245e+00
1827 3.520524e+00 2.263916e+00
1828 3.527453e+00 2.251045e+00
1829 3.492132e+00 2.248395e+00
1830 3.486429e+00 2.309575e+00
1831 3.468801e+00 2.317900e+00
1832 3.469207e+00 2.316542e+00
1833 3.468421e+00 2.313987e+00
1834 3.473226e+00 2.316800e+00
1835 3.451541e+00 2.296169e+00
1836 3.449965e+00 2.286558e+00
1837 3.448112e+00 2.276100e+00
1838 3.450635e+00 2.258759e+00
1839 3.440239e+00 2.259030e+00
1840 3.442664e+00 2.256960e+00
1841 3.450987e+00 2.246588e+00
1842 3.451626e+00 2.245858e+00
1843 3.454239e+00 2.250085e+00
1844 3.433886e+00 2.259758e+00
1845 3.496946e+00 2.215517e+00
1846 3.502527e+00 2.224628e+00
1847 3.480364e+00 2.216568e+00
1848 3.476783e+00 2.213509e+00
1849 3.495654e+00 2.213595e+00
1850 3.501146e+00 2.202579e+00
1851 3.498127e+00 2.156391e+00
1852 3.485073e+00 2.147825e+00
1853 3.442793e+00 2.164061e+00
1854 3.447162e+00 2.162771e+00
1855 3.468418e+00 2.142970e+00
1856 3.463551e+00 2.148867e+00
1857 3.480305e+00 2.118507e+00
1858 3.488826e+00 2.143772e+00
1859 3.496518e+00 2.157661e+00
1860 3.502838e+00 2.194746e+00
1861 3.503848e+00 2.195697e+00
1862 3.515292e+00 2.114486e+00
1863 3.529989e+00 2.105550e+00
1864 3.513104e+00 2.052820e+00
1865 3.516355e+00 2.055403e+00
1866 3.515574e+00 2.053787e+00
1867 3.496558e+00 2.051895e+00
1868 3.581923e+00 2.038604e+00
1869 3.582119e+00 2.038759e+00
1870 3.523764e+00 2.105157e+00
1871 3.524557e+00 2.105702e+00
1872 3.532705e+00 2.114206e+00
1873 3.517871e+00 2.043947e+00
1874 3.525659e+00 2.040921e+00
1875 3.530203e+00 2.041968e+00
1876 3.535120e+00 2.061984e+00
1877 3.534671e+00 2.044162e+00
1878 3.563995e+00 2.089713e+00
1879 3.576891e+00 2.072913e+00
1880 3.577498e+00 2.072047e+00
1881 3.565186e+00 2.059222e+00
1882 3.566794e+00 2.043427e+00
1883 3.514464e+00 2.080624e+00
1884 3.511835e+00 2.081531e+00
1885 3.515568e+00 2.078903e+00
1886 3.503211e+00 2.078193e+00
1887 3.468434e+00 2.069195e+00
1888 3.466765e+00 2.072038e+00
1889 3.462971e+00 2.068598e+00
1890 3.484242e+00 2.071181e+00
1891 3.504821e+00 2.094713e+00
1892 3.528194e+00 2.097957e+00
1893 3.529669e+00 2.095998e+00
1894 3.537203e+00 2.098341e+00
1895 3.524961e+00 2.105911e+00
1896 3.500375e+00 2.073621e+00
1897 3.503312e+00 2.071346e+00
1898 3.509906e+00 2.072895e+00
1899 3.505406e+00 2.074078e+00
1900 3.546125e+00 2.103058e+00
1901 3.550617e+00 2.102789e+00
1902 3.557282e+00 2.083171e+00
1903 3.586605e+00 2.075143e+00
1904 3.584201e+00 2.068624e+00
1905 3.599417e+00 2.069979e+00
1906 3.601112e+00 2.075081e+00
1907 3.617828e+00 2.073811e+00
1908 3.616502e+00 2.076181e+00
1909 3.620038e+00 2.070701e+00
1910 3.626958e+00 2.069882e+00
1911 3.636864e+00 2.081419e+00
1912 3.659784e+00 2.074977e+00
1913 3.641434e+00 2.035547e+00
1914 3.640723e+00 2.030958e+00
1915 3.653199e+00 2.028668e+00
1916 3.656822e+00 2.019161e+00
1917 3.679170e+00 2.047361e+00
1918 3.674263e+00 2.043734e+00
1919 3.663375e+00 2.058050e+00
1920 3.647626e+00 2.076664e+00
1921 3.588049e+00 2.153038e+00
1922 3.645797e+00 2.145431e+00
1923 3.650167e+00 2.145758e+00
1924 3.664498e+00 2.157362e+00
1925 3.695392e+00 2.157302e+00
1926 3.685796e+00 2.170149e+00
1927 3.689494e+00 2.190316e+00
1928 3.687940e+00 2.195212e+00
1929 3.690588e+00 2.173344e+00
1930 3.700329e+00 2.149491e+00
1931 3.660287e+00 2.158887e+00
1932 3.645025e+00 2.150621e+00
1933 3.633798e+00 2.165611e+00
1934 3.597750e+00 2.204486e+00
1935 3.538492e+00 2.224216e+00
1936 3.557587e+00 2.223132e+00
1937 3.556248e+00 2.210728e+00
1938 3.553223e+00 2.166310e+00
1939 3.578997e+00 2.156077e+00
1940 3.583310e+00 2.164138e+00
1941 3.571007e+00 2.218933e+00
1942 3.579437e+00 2.200801e+00
1943 3.553749e+00 2.218798e+00
1944 3.551024e+00 2.210594e+00
1945 3.566248e+00 2.194660e+00
1946 3.617878e+00 2.188012e+00
1947 3.596064e+00 2.163059e+00
1948 3.594497e+00 2.163640e+00
1949 3.607414e+00 2.155255e+00
1950 3.574266e+00 2.163080e+00
1951 3.599613e+00 2.206432e+00
1952 3.594257e+00 2.207142e+00
1953 3.614352e+00 2.238459e+00
1954 3.611699e+00 2.235267e+00
1955 3.598727e+00 2.245728e+00
1956 3.561009e+00 2.229675e+00
1957 3.562621e+00 2.226654e+00
1958 3.555334e+00 2.221398e+00
1959 3.565820e+00 2.238034e+00
1960 3.523082e+00 2.247177e+00
1961 3.486466e+00 2.278340e+00
1962 3.479476e+00 2.274227e+00
1963 3.471109e+00 2.245947e+00
1964 3.469764e+00 2.246562e+00
1965 3.443458e+00 2.254145e+00
1966 3.450376e+00 2.256725e+00
1967 3.447428e+00 2.252620e+00
1968 3.447565e+00 2.252532e+00
1969 3.458939e+00 2.248241e+00
1970 3.459227e+00 2.246597e+00
1971 3.467695e+00 2.253648e+00
1972 3.468243e+00 2.264554e+00
1973 3.468006e+00 2.264186e+00
1974 3.468797e+00 2.265131e+00
1975 3.455223e+00 2.230555e+00
1976 3.432317e+00 2.243315e+00
1977 3.399042e+00 2.239219e+00
1978 3.420119e+00 2.259649e+00
1979 3.416924e+00 2.255062e+00
1980 3.417198e+00 2.255285e+00
1981 3.409340e+00 2.254502e+00
1982 3.408369e+00 2.252172e+00
1983 3.407513e+00 2.253673e+00
1984 3.407695e+00 2.254047e+00
1985 3.406766e+00 2.252605e+00
1986 3.452531e+00 2.284014e+00
1987 3.442815e+00 2.296656e+00
1988 3.434792e+00 2.291953e+00
1989 3.439094e+00 2.298704e+00
1990 3.403753e+00 2.238839e+00
1991 3.418042e+00 2.264400e+00
1992 3.465347e+00 2.278702e+00
1993 3.465684e+00 2.281000e+00
1994 3.455248e+00 2.246753e+00
1995 3.458527e+00 2.244274e+00
1996 3.469239e+00 2.266131e+00
1997 3.534051e+00 2.261901e+00
1998 3.543672e+00 2.257578e+00
1999 3.495535e+00 2.253357e+00
2000 3.496515e+00 2.251423e+00
2001 3.497065e+00 2.254466e+00
2002 3.480112e+00 2.249583e+00
2003 3.532858e+00 2.233758e+00
2004 3.534873e+00 2.242799e+00
2005 3.532618e+00 2.221395e+00
2006 3.540843e+00 2.228545e+00
2007 3.546707e+00 2.210510e+00
2008 3.548341e+00 2.211989e+00
2009 3.528072e+00 2.207421e+00
2010 3.540864e+00 2.209584e+00
2011 3.551205e+00 2.195833e+00
2012 3.550466e+00 2.194849e+00
2013 3.573589e+00 2.218045e+00
2014 3.571789e+00 2.208643e+00
2015 3.585581e+00 2.208724e+00
2016 3.584040e+00 2.208346e+00
2017 3.570864e+00 2.204163e+00
2018 3.584886e+00 2.204182e+00
2019 3.571363e+00 2.202041e+00
2020 3.569559e+00 2.199767e+00
2021 3.586825e+00 2.254377e+00
2022 3.591509e+00 2.252527e+00
2023 3.625023e+00 2.298245e+00
2024 3.639559e+00 2.382592e+00
2025 3.633277e+00 2.366823e+00
2026 3.630368e+00 2.370042e+00
2027 3.644180e+00 2.362687e+00
2028 3.649954e+00 2.365457e+00
2029 3.647183e+00 2.366104e+00
2030 3.648997e+00 2.330224e+00
2031 3.648707e+00 2.333247e+00
2032 3.663916e+00 2.316312e+00
2033 3.659070e+00 2.325166e+00
2034 3.650540e+00 2.328915e+00
2035 3.641939e+00 2.341358e+00
2036 3.643194e+00 2.347784e+00
2037 3.628801e+00 2.355665e+00
2038 3.618458e+00 2.385007e+00
2039 3.615845e+00 2.421336e+00
2040 3.616109e+00 2.419291e+00
2041 3.610090e+00 2.410389e+00
2042 3.617045e+00 2.412874e+00
2043 3.604988e+00 2.423490e+00
2044 3.591259e+00 2.443651e+00
2045 3.591115e+00 2.449135e+00
2046 3.586931e+00 2.445925e+00
2047 3.583908e+00 2.442151e+00
2048 3.567449e+00 2.428281e+00
2049 3.566684e+00 2.428951e+00
2050 3.573577e+00 2.417809e+00
2051 3.573051e+00 2.418234e+00
2052 3.592215e+00 2.405741e+00
2053 3.584087e+00 2.397845e+00
2054 3.592803e+00 2.407994e+00
2055 3.598536e+00 2.410418e+00
2056 3.612468e+00 2.401545e+00
2057 3.596985e+00 2.404735e+00
2058 3.636331e+00 2.396467e+00
2059 3.635067e+00 2.392443e+00
2060 3.633605e+00 2.391650e+00
2061 3.635015e+00 2.389579e+00
2062 3.650827e+00 2.369395e+00
2063 3.672963e+00 2.379146e+00
2064 3.659854e+00 2.386535e+00
2065 3.665883e+00 2.393083e+00
2066 3.654945e+00 2.400696e+00
2067 3.662170e+00 2.401957e+00
2068 3.629770e+00 2.433309e+00
2069 3.650064e+00 2.430702e+00
2070 3.627910e+00 2.417036e+00
2071 3.625151e+00 2.416051e+00
2072 3.629756e+00 2.412947e+00
2073 3.643098e+00 2.406497e+00
2074 3.622802e+00 2.403788e+00
2075 3.622790e+00 2.403708e+00
2076 3.609462e+00 2.401103e+00
2077 3.600296e+00 2.398478e+00
2078 3.621291e+00 2.394875e+00
2079 3.623111e+00 2.391802e+00
2080 3.636064e+00 2.396421e+00
2081 3.631955e+00 2.391784e+00
2082 3.631318e+00 2.391985e+00
2083 3.638454e+00 2.384099e+00
2084 3.640234e+00 2.382889e+00
2085 3.640893e+00 2.382321e+00
2086 3.637277e+00 2.387581e+00
2087 3.634500e+00 2.403598e+00
2088 3.602080e+00 2.414020e+00
2089 3.622962e+00 2.442882e+00
2090 3.610031e+00 2.419289e+00
2091 3.586704e+00 2.465393e+00
2092 3.605076e+00 2.479930e+00
2093 3.546883e+00 2.497134e+00
2094 3.547075e+00 2.498605e+00
2095 3.566239e+00 2.487901e+00
2096 3.567194e+00 2.487014e+00
2097 3.567861e+00 2.481446e+00
2098 3.549512e+00 2.463820e+00
2099 3.536790e+00 2.517892e+00
2100 3.534896e+00 2.516551e+00
2101 3.524422e+00 2.518412e+00
2102 3.520666e+00 2.524054e+00
2103 3.491907e+00 2.508493e+00
2104 3.486316e+00 2.511619e+00
2105 3.472986e+00 2.515974e+00
2106 3.466762e+00 2.520215e+00
2107 3.491782e+00 2.506469e+00
2108 3.488820e+00 2.507864e+00
2109 3.488934e+00 2.507236e+00
2110 3.482998e+00 2.529079e+00
2111 3.482068e+00 2.532257e+00
2112 3.512101e+00 2.534904e+00
2113 3.523050e+00 2.532797e+00
2114 3.543435e+00 2.483314e+00
2115 3.557877e+00 2.494070e+00
2116 3.517529e+00 2.511884e+00
2117 3.525785e+00 2.496320e+00
2118 3.515785e+00 2.512248e+00
2119 3.523316e+00 2.523168e+00
2120 3.516357e+00 2.520282e+00
2121 3.518762e+00 2.521719e+00
2122 3.516849e+00 2.563635e+00
2123 3.511344e+00 2.566501e+00
2124 3.523616e+00 2.564568e+00
2125 3.548962e+00 2.583856e+00
2126 3.577982e+00 2.570373e+00
2127 3.591076e+00 2.544656e+00
2128 3.581360e+00 2.524035e+00
2129 3.617206e+00 2.544949e+00
2130 3.616959e+00 2.545207e+00
2131 3.619258e+00 2.543588e+00
2132 3.616576e+00 2.541270e+00
2133 3.614148e+00 2.541847e+00
2134 3.634633e+00 2.521998e+00
2135 3.627868e+00 2.528889e+00
2136 3.625431e+00 2.525626e+00
2137 3.609219e+00 2.548607e+00
2138 3.599561e+00 2.572862e+00
2139 3.605280e+00 2.576701e+00
2140 3.603819e+00 2.589910e+00
2141 3.609659e+00 2.597730e+00
2142 3.589437e+00 2.624055e+00
2143 3.599524e+00 2.640055e+00
2144 3.596909e+00 2.683817e+00
2145 3.602337e+00 2.672241e+00
2146 3.610117e+00 2.674725e+00
2147 3.608401e+00 2.674179e+00
2148 3.606845e+00 2.659568e+00
2149 3.545889e+00 2.666980e+00
2150 3.548569e+00 2.669785e+00
2151 3.560783e+00 2.660921e+00
2152 3.550057e+00 2.658591e+00
2153 3.546686e+00 2.658783e+00
2154 3.566651e+00 2.735737e+00
2155 3.570844e+00 2.722989e+00
2156 3.551242e+00 2.695740e+00
2157 3.530978e+00 2.696963e+00
2158 3.523920e+00 2.682365e+00
2159 3.528927e+00 2.695227e+00
2160 3.487920e+00 2.688759e+00
2161 3.469051e+00 2.758633e+00
2162 3.475836e+00 2.777795e+00
2163 3.457906e+00 2.810480e+00
2164 3.455419e+00 2.828537e+00
2165 3.474186e+00 2.825795e+00
2166 3.477323e+00 2.828299e+00
2167 3.530958e+00 2.860638e+00
2168 3.530821e+00 2.860273e+00
2169 3.531131e+00 2.860309e+00
2170 3.521048e+00 2.838861e+00
2171 3.521853e+00 2.841154e+00
2172 3.521471e+00 2.840797e+00
2173 3.521660e+00 2.838975e+00
2174 3.527065e+00 2.839680e+00
2175 3.525253e+00 2.839438e+00
2176 3.483951e+00 2.820749e+00
2177 3.495010e+00 2.839972e+00
2178 3.493531e+00 2.832149e+00
2179 3.490977e+00 2.847342e+00
2180 3.515154e+00 2.828624e+00
2181 3.520191e+00 2.836701e+00
2182 3.520684e+00 2.832740e+00
2183 3.509416e+00 2.814936e+00
2184 3.502716e+00 2.802736e+00
2185 3.507697e+00 2.790650e+00
2186 3.525985e+00 2.796111e+00
2187 3.522785e+00 2.805452e+00
2188 3.523759e+00 2.810691e+00
2189 3.537724e+00 2.788247e+00
2190 3.536623e+00 2.781247e+00
2191 3.536207e+00 2.781282e+00
2192 3.538050e+00 2.780237e+00
2193 3.541901e+00 2.777579e+00
2194 3.541526e+00 2.778772e+00
2195 3.545179e+00 2.783230e+00
2196 3.608216e+00 2.815842e+00
2197 3.608170e+00 2.815694e+00
2198 3.590462e+00 2.816736e+00
2199 3.592140e+00 2.821331e+00
2200 3.603358e+00 2.820474e+00
2201 3.589441e+00 2.808826e+00
2202 3.589424e+00 2.809266e+00
2203 3.646509e+00 2.810330e+00
2204 3.657285e+00 2.811487e+00
2205 3.656184e+00 2.811924e+00
2206 3.662411e+00 2.840265e+00
2207 3.666310e+00 2.853100e+00
2208 3.646810e+00 2.877998e+00
2209 3.646210e+00 2.877593e+00
2210 3.643851e+00 2.881426e+00
2211 3.642415e+00 2.881140e+00
2212 3.603457e+00 2.873451e+00
2213 3.606615e+00 2.862143e+00
2214 3.532551e+00 2.904074e+00
2215 3.549130e+00 2.884298e+00
2216 3.583331e+00 2.881930e+00
2217 3.581711e+00 2.884647e+00
2218 3.584973e+00 2.882589e+00
2219 3.617638e+00 2.871479e+00
2220 3.618549e+00 2.872353e+00
2221 3.626812e+00 2.839880e+00
2222 3.644878e+00 2.837293e+00
2223 3.660754e+00 2.859689e+00
2224 3.669023e+00 2.854631e+00
2225 3.736149e+00 2.805581e+00
2226 3.743318e+00 2.825069e+00
2227 3.740433e+00 2.813609e+00
2228 3.747574e+00 2.812434e+00
2229 3.746621e+00 2.812786e+00
2230 3.746694e+00 2.813049e+00
2231 3.752888e+00 2.811976e+00
2232 3.804693e+00 2.861947e+00
2233 3.805420e+00 2.853064e+00
2234 3.816413e+00 2.813117e+00
2235 3.804444e+00 2.826113e+00
2236 3.809288e+00 2.809945e+00
2237 3.808688e+00 2.808639e+00
2238 3.815422e+00 2.820709e+00
2239 3.815944e+00 2.819091e+00
2240 3.803862e+00 2.813797e+00
2241 3.792017e+00 2.806846e+00
2242 3.800354e+00 2.817293e+00
2243 3.791433e+00 2.814233e+00
2244 3.789976e+00 2.810827e+00
2245 3.752878e+00 2.813302e+00
2246 3.744037e+00 2.803313e+00
2247 3.753002e+00 2.779176e+00
2248 3.755588e+00 2.783793e+00
2249 3.755947e+00 2.783902e+00
2250 3.740027e+00 2.794420e+00
2251 3.717920e+00 2.859696e+00
2252 3.797626e+00 2.931440e+00
2253 3.797157e+00 2.931305e+00
2254 3.781139e+00 2.950182e+00
2255 3.781817e+00 2.924137e+00
2256 3.798404e+00 2.940234e+00
2257 3.845314e+00 3.005365e+00
