0 1.764270e+00 7.188430e-01
1 1.759675e+00 7.187552e-01
2 1.732915e+00 7.286988e-01
3 1.717228e+00 7.269863e-01
4 1.707118e+00 7.355151e-01
5 1.649329e+00 7.405894e-01
6 1.648898e+00 7.452813e-01
7 1.643100e+00 7.514004e-01
8 1.681571e+00 7.978855e-01
9 1.657085e+00 8.034126e-01
10 1.674654e+00 8.263208e-01
11 1.665748e+00 8.269978e-01
12 1.665762e+00 8.269664e-01
13 1.701700e+00 8.337537e-01
14 1.699347e+00 8.631561e-01
15 1.692192e+00 8.592218e-01
16 1.691994e+00 8.584593e-01
17 1.685801e+00 8.584962e-01
18 1.691536e+00 8.355198e-01
19 1.698025e+00 8.170846e-01
20 1.689542e+00 8.149042e-01
21 1.688981e+00 8.116858e-01
22 1.682366e+00 8.193685e-01
23 1.669014e+00 8.413594e-01
24 1.668330e+00 8.529117e-01
25 1.696730e+00 8.442687e-01
26 1.667802e+00 8.963864e-01
27 1.692286e+00 8.783134e-01
28 1.696823e+00 8.829908e-01
29 1.669288e+00 8.975386e-01
30 1.622777e+00 8.959404e-01
31 1.646916e+00 9.107932e-01
32 1.649117e+00 9.093766e-01
33 1.655614e+00 9.542898e-01
34 1.647868e+00 9.315892e-01
35 1.611941e+00 9.317667e-01
36 1.608159e+00 9.466868e-01
37 1.598813e+00 9.388400e-01
38 1.582821e+00 9.353974e-01
39 1.581668e+00 9.257719e-01
40 1.587936e+00 9.353584e-01
41 1.589466e+00 9.258802e-01
42 1.590335e+00 9.272715e-01
43 1.580571e+00 9.245362e-01
44 1.581374e+00 9.331905e-01
45 1.600368e+00 9.153126e-01
46 1.597168e+00 9.376409e-01
47 1.581896e+00 9.198011e-01
48 1.578032e+00 9.151749e-01
49 1.630042e+00 9.163575e-01
50 1.628838e+00 9.162621e-01
51 1.628250e+00 9.028394e-01
52 1.563413e+00 9.792080e-01
53 1.555467e+00 9.821081e-01
54 1.555453e+00 9.819684e-01
55 1.557291e+00 9.816316e-01
56 1.550100e+00 9.975855e-01
57 1.552063e+00 9.958028e-01
58 1.558186e+00 9.155301e-01
59 1.555111e+00 9.103473e-01
60 1.531273e+00 9.004561e-01
61 1.517342e+00 8.865281e-01
62 1.514608e+00 8.952040e-01
63 1.499512e+00 9.292671e-01
64 1.498213e+00 9.289492e-01
65 1.481570e+00 9.535876e-01
66 1.473658e+00 9.675345e-01
67 1.452458e+00 9.725193e-01
68 1.451875e+00 9.711763e-01
69 1.428743e+00 9.731518e-01
70 1.447007e+00 9.707135e-01
71 1.451790e+00 9.649305e-01
72 1.410193e+00 9.370722e-01
73 1.413152e+00 9.192788e-01
74 1.441258e+00 9.136405e-01
75 1.422099e+00 8.899578e-01
76 1.423650e+00 8.892120e-01
77 1.457664e+00 9.071141e-01
78 1.485309e+00 9.264787e-01
79 1.433849e+00 8.661561e-01
80 1.432886e+00 8.622537e-01
81 1.434273e+00 8.650907e-01
82 1.434819e+00 8.642591e-01
83 1.427789e+00 8.655421e-01
84 1.428095e+00 8.669569e-01
85 1.440526e+00 8.638051e-01
86 1.452044e+00 8.630978e-01
87 1.448832e+00 8.608990e-01
88 1.445571e+00 8.576358e-01
89 1.449938e+00 8.445838e-01
90 1.429975e+00 8.358129e-01
91 1.438102e+00 8.329504e-01
92 1.473872e+00 7.549305e-01
93 1.474093e+00 7.549016e-01
94 1.458337e+00 7.463830e-01
95 1.457427e+00 7.465427e-01
96 1.489937e+00 7.871665e-01
97 1.461990e+00 8.315718e-01
98 1.462577e+00 8.319519e-01
99 1.442290e+00 8.457502e-01
100 1.444193e+00 8.348851e-01
101 1.441828e+00 8.357488e-01
102 1.471094e+00 8.159378e-01
103 1.471177e+00 8.126851e-01
104 1.467291e+00 8.169823e-01
105 1.491751e+00 8.129055e-01
106 1.488410e+00 7.937384e-01
107 1.488919e+00 7.951984e-01
108 1.529300e+00 7.675948e-01
109 1.529962e+00 7.692088e-01
110 1.533793e+00 7.687922e-01
111 1.542495e+00 8.007314e-01
112 1.522079e+00 8.030945e-01
113 1.540786e+00 7.796848e-01
114 1.536242e+00 7.646713e-01
115 1.589520e+00 7.710749e-01
116 1.528825e+00 8.201467e-01
117 1.544775e+00 8.525597e-01
118 1.543181e+00 8.519622e-01
119 1.543175e+00 8.517553e-01
120 1.541616e+00 8.752987e-01
121 1.558410e+00 8.494305e-01
122 1.608443e+00 8.922083e-01
123 1.609873e+00 8.886490e-01
124 1.608377e+00 8.916378e-01
125 1.600616e+00 8.841495e-01
126 1.584022e+00 8.672254e-01
127 1.573525e+00 8.566337e-01
128 1.571857e+00 8.495291e-01
129 1.522168e+00 8.441066e-01
130 1.522484e+00 8.441778e-01
131 1.515670e+00 8.578626e-01
132 1.484370e+00 8.277153e-01
133 1.487430e+00 8.100210e-01
134 1.494448e+00 7.948567e-01
135 1.495306e+00 8.115489e-01
136 1.465938e+00 8.068197e-01
137 1.473750e+00 7.998412e-01
138 1.477429e+00 8.302724e-01
139 1.477842e+00 8.163394e-01
140 1.478199e+00 8.176330e-01
141 1.478470e+00 8.173530e-01
142 1.502409e+00 8.131089e-01
143 1.504413e+00 8.131813e-01
144 1.515265e+00 8.490007e-01
145 1.519489e+00 8.686761e-01
146 1.522221e+00 8.520118e-01
147 1.527141e+00 8.543050e-01
148 1.511809e+00 8.630894e-01
149 1.513752e+00 8.609583e-01
150 1.496542e+00 8.591819e-01
151 1.514767e+00 8.688991e-01
152 1.530618e+00 8.781772e-01
153 1.537140e+00 8.757074e-01
154 1.526020e+00 8.839003e-01
155 1.544551e+00 8.685583e-01
156 1.548370e+00 8.676603e-01
157 1.571282e+00 8.634792e-01
158 1.557241e+00 8.628396e-01
159 1.562561e+00 8.610701e-01
160 1.545185e+00 8.439860e-01
161 1.493730e+00 8.065556e-01
162 1.489456e+00 8.069864e-01
163 1.549410e+00 8.410837e-01
164 1.559928e+00 8.383992e-01
165 1.573195e+00 8.500010e-01
166 1.561923e+00 8.577468e-01
167 1.587013e+00 8.829304e-01
168 1.580002e+00 8.767480e-01
169 1.580411e+00 8.777709e-01
170 1.581362e+00 8.775443e-01
171 1.569317e+00 8.843130e-01
172 1.578224e+00 8.643783e-01
173 1.583581e+00 8.533615e-01
174 1.597043e+00 8.484922e-01
175 1.592743e+00 8.506637e-01
176 1.592612e+00 8.532206e-01
177 1.591328e+00 8.533350e-01
178 1.583487e+00 8.496679e-01
179 1.612191e+00 8.390256e-01
180 1.619788e+00 8.400009e-01
181 1.621034e+00 8.423739e-01
182 1.614912e+00 8.177424e-01
183 1.606289e+00 8.075868e-01
184 1.606529e+00 8.097230e-01
185 1.615499e+00 8.194496e-01
186 1.618239e+00 8.254236e-01
187 1.637036e+00 8.159150e-01
188 1.654111e+00 8.283970e-01
189 1.664388e+00 7.876388e-01
190 1.664661e+00 7.909646e-01
191 1.652758e+00 7.874645e-01
192 1.661122e+00 8.067162e-01
193 1.627072e+00 7.905384e-01
194 1.630149e+00 8.046909e-01
195 1.626054e+00 8.042015e-01
196 1.625062e+00 8.067457e-01
197 1.630184e+00 8.082957e-01
198 1.630459e+00 7.572672e-01
199 1.617625e+00 7.510622e-01
200 1.615507e+00 7.579403e-01
201 1.636770e+00 7.858651e-01
202 1.636759e+00 7.858952e-01
203 1.498619e+00 7.693819e-01
204 1.513140e+00 7.244906e-01
205 1.530834e+00 7.185849e-01
206 1.560489e+00 6.990007e-01
207 1.520630e+00 6.859164e-01
208 1.526259e+00 6.768199e-01
209 1.531047e+00 6.743450e-01
210 1.530948e+00 6.720983e-01
211 1.534964e+00 6.653694e-01
212 1.534821e+00 6.655909e-01
213 1.534564e+00 6.659280e-01
214 1.535916e+00 6.668838e-01
215 1.529300e+00 6.734785e-01
216 1.531674e+00 6.705667e-01
217 1.543493e+00 6.750481e-01
218 1.540771e+00 6.783049e-01
219 1.537125e+00 6.766438e-01
220 1.542321e+00 6.698202e-01
221 1.505972e+00 6.704570e-01
222 1.509318e+00 6.801735e-01
223 1.509275e+00 6.801656e-01
224 1.492863e+00 6.853575e-01
225 1.495163e+00 6.642666e-01
226 1.502746e+00 6.596309e-01
227 1.508670e+00 6.434513e-01
228 1.504767e+00 6.560835e-01
229 1.507192e+00 6.561423e-01
230 1.522871e+00 6.285863e-01
231 1.524378e+00 5.795016e-01
232 1.529718e+00 6.062025e-01
233 1.530609e+00 6.239098e-01
234 1.567704e+00 6.462342e-01
235 1.555084e+00 6.431355e-01
236 1.538189e+00 5.821059e-01
237 1.538601e+00 5.812761e-01
238 1.513529e+00 5.761428e-01
239 1.495051e+00 5.992006e-01
240 1.506477e+00 5.877434e-01
241 1.511374e+00 5.888686e-01
242 1.503040e+00 5.725079e-01
243 1.502836e+00 5.731512e-01
244 1.491347e+00 5.821560e-01
245 1.496317e+00 5.623620e-01
246 1.489949e+00 5.712818e-01
247 1.498351e+00 5.660148e-01
248 1.508613e+00 5.770149e-01
249 1.509487e+00 5.710903e-01
250 1.505557e+00 5.676528e-01
251 1.499535e+00 5.707255e-01
252 1.489408e+00 5.613184e-01
253 1.488153e+00 5.451445e-01
254 1.496063e+00 5.208531e-01
255 1.492363e+00 5.256360e-01
256 1.490329e+00 5.376000e-01
257 1.490733e+00 5.406616e-01
258 1.498185e+00 5.311759e-01
259 1.506055e+00 5.343269e-01
260 1.505918e+00 5.413334e-01
261 1.485063e+00 5.610961e-01
262 1.486456e+00 5.738824e-01
263 1.486332e+00 5.667790e-01
264 1.488240e+00 5.687099e-01
265 1.499278e+00 5.768872e-01
266 1.497776e+00 5.811209e-01
267 1.492122e+00 6.077687e-01
268 1.495303e+00 6.271720e-01
269 1.487647e+00 6.359912e-01
270 1.501867e+00 6.313401e-01
271 1.529247e+00 6.823198e-01
272 1.530303e+00 6.879049e-01
273 1.559911e+00 6.961032e-01
274 1.557217e+00 7.075938e-01
275 1.570317e+00 7.059742e-01
276 1.570442e+00 7.052962e-01
277 1.571314e+00 7.126098e-01
278 1.561055e+00 6.781567e-01
279 1.549783e+00 6.741965e-01
280 1.541966e+00 6.757669e-01
281 1.544828e+00 6.475301e-01
282 1.542164e+00 6.608913e-01
283 1.496501e+00 7.177157e-01
284 1.516844e+00 6.884199e-01
285 1.518964e+00 6.936466e-01
286 1.516747e+00 6.951907e-01
287 1.461964e+00 7.386653e-01
288 1.459350e+00 7.362107e-01
289 1.442382e+00 8.022100e-01
290 1.453709e+00 7.907153e-01
291 1.464546e+00 8.290909e-01
292 1.475491e+00 8.317854e-01
293 1.528024e+00 7.969554e-01
294 1.532093e+00 8.010015e-01
295 1.514431e+00 7.727971e-01
296 1.514762e+00 7.770525e-01
297 1.508813e+00 7.693291e-01
298 1.509623e+00 7.707260e-01
299 1.504981e+00 7.830099e-01
300 1.530618e+00 7.951950e-01
301 1.530670e+00 7.948539e-01
302 1.531033e+00 7.932913e-01
303 1.492984e+00 8.341358e-01
304 1.524262e+00 8.509014e-01
305 1.478113e+00 8.160334e-01
306 1.480565e+00 8.181147e-01
307 1.473205e+00 8.122833e-01
308 1.470237e+00 8.085322e-01
309 1.465585e+00 8.221453e-01
310 1.483054e+00 8.310653e-01
311 1.466030e+00 8.233948e-01
312 1.483794e+00 8.281946e-01
313 1.484559e+00 8.423202e-01
314 1.434078e+00 8.436673e-01
315 1.437908e+00 8.444100e-01
316 1.446033e+00 8.477926e-01
317 1.443151e+00 8.448419e-01
318 1.415367e+00 8.492919e-01
319 1.417632e+00 8.250098e-01
320 1.433561e+00 8.365501e-01
321 1.417631e+00 8.447838e-01
322 1.378006e+00 8.354632e-01
323 1.404425e+00 8.502898e-01
324 1.408777e+00 8.554939e-01
325 1.402594e+00 8.820271e-01
326 1.383857e+00 8.824625e-01
327 1.387829e+00 8.834784e-01
328 1.408806e+00 8.581876e-01
329 1.366735e+00 8.588524e-01
330 1.361985e+00 8.671599e-01
331 1.348527e+00 8.592387e-01
332 1.354702e+00 8.676484e-01
333 1.351490e+00 8.397560e-01
334 1.331313e+00 8.455068e-01
335 1.319919e+00 8.651292e-01
336 1.307930e+00 8.375880e-01
337 1.309175e+00 8.309853e-01
338 1.273696e+00 7.978283e-01
339 1.273759e+00 7.981448e-01
340 1.273829e+00 7.980909e-01
341 1.273878e+00 8.052641e-01
342 1.219807e+00 8.460552e-01
343 1.218632e+00 8.432826e-01
344 1.206980e+00 8.424145e-01
345 1.204757e+00 8.391576e-01
346 1.178294e+00 8.265913e-01
347 1.175346e+00 8.158859e-01
348 1.202558e+00 8.515344e-01
349 1.202967e+00 8.589270e-01
350 1.207415e+00 8.591654e-01
351 1.204655e+00 8.607687e-01
352 1.211870e+00 8.391833e-01
353 1.167702e+00 9.091036e-01
354 1.163464e+00 9.058511e-01
355 1.176386e+00 8.670467e-01
356 1.176722e+00 8.670471e-01
357 1.181104e+00 8.687893e-01
358 1.177055e+00 8.644870e-01
359 1.172649e+00 8.644631e-01
360 1.172017e+00 8.795264e-01
361 1.168224e+00 8.749168e-01
362 1.152851e+00 8.824651e-01
363 1.074489e+00 9.185969e-01
364 1.099516e+00 9.096474e-01
365 1.103828e+00 9.015506e-01
366 1.096705e+00 8.803830e-01
367 1.095477e+00 8.785107e-01
368 1.100077e+00 9.381273e-01
369 1.100058e+00 9.383729e-01
370 1.100912e+00 9.344113e-01
371 1.092135e+00 9.209390e-01
372 1.089094e+00 9.159564e-01
373 1.099662e+00 9.118047e-01
374 1.100480e+00 9.185372e-01
375 1.107307e+00 9.123334e-01
376 1.168044e+00 9.211812e-01
377 1.133242e+00 9.225821e-01
378 1.106115e+00 8.932208e-01
379 1.104242e+00 8.989784e-01
380 1.109679e+00 8.916573e-01
381 1.114817e+00 9.062734e-01
382 1.121433e+00 9.227177e-01
383 1.119494e+00 9.233457e-01
384 1.107364e+00 9.449095e-01
385 1.107001e+00 9.456250e-01
386 1.106870e+00 9.449220e-01
387 1.092997e+00 9.602716e-01
388 1.082701e+00 9.514403e-01
389 1.082683e+00 9.511900e-01
390 1.102834e+00 9.134463e-01
391 1.075290e+00 8.856582e-01
392 1.080208e+00 8.333676e-01
393 1.079336e+00 8.350905e-01
394 1.081820e+00 8.271314e-01
395 1.063762e+00 7.891611e-01
396 1.073910e+00 8.095954e-01
397 1.073903e+00 8.098886e-01
398 1.071142e+00 8.127788e-01
399 1.057505e+00 8.031280e-01
400 1.073620e+00 8.119061e-01
401 1.088302e+00 7.875272e-01
402 1.140376e+00 7.525420e-01
403 1.121872e+00 8.078819e-01
404 1.122777e+00 8.079355e-01
405 1.127552e+00 8.125090e-01
406 1.119402e+00 8.052885e-01
407 1.115448e+00 8.088613e-01
408 1.064220e+00 8.261289e-01
409 1.049256e+00 8.637942e-01
410 1.031889e+00 8.638051e-01
411 1.026753e+00 8.548879e-01
412 9.965314e-01 8.371721e-01
413 9.564255e-01 8.514347e-01
414 9.526951e-01 8.614474e-01
415 9.512229e-01 8.564739e-01
416 9.515906e-01 8.568407e-01
417 9.674037e-01 8.322342e-01
418 9.395404e-01 8.650949e-01
419 9.158763e-01 8.610224e-01
420 9.154468e-01 8.616016e-01
421 9.250430e-01 8.805184e-01
422 9.071633e-01 8.948596e-01
423 9.143934e-01 9.002828e-01
424 9.247415e-01 9.179739e-01
425 9.276652e-01 9.359464e-01
426 8.750675e-01 9.277024e-01
427 9.029877e-01 9.478869e-01
428 8.998290e-01 9.395781e-01
429 8.984323e-01 9.112283e-01
430 8.979502e-01 9.112609e-01
431 9.088961e-01 8.548697e-01
432 9.108057e-01 8.567897e-01
433 9.133401e-01 8.586589e-01
434 8.998350e-01 8.272144e-01
435 9.232037e-01 8.341707e-01
436 9.484790e-01 8.140411e-01
437 9.597989e-01 8.071347e-01
438 9.661465e-01 8.189262e-01
439 9.834689e-01 8.114356e-01
440 9.890438e-01 8.062652e-01
441 1.027114e+00 8.070202e-01
442 1.035268e+00 7.918621e-01
443 1.047058e+00 8.102322e-01
444 1.042059e+00 8.127923e-01
445 1.043772e+00 8.070081e-01
446 1.046028e+00 8.058124e-01
447 1.029717e+00 7.968233e-01
448 1.117871e+00 7.960658e-01
449 1.114354e+00 7.998558e-01
450 1.115249e+00 8.000376e-01
451 1.141520e+00 7.775067e-01
452 1.181363e+00 7.935543e-01
453 1.186155e+00 8.069193e-01
454 1.197640e+00 7.912013e-01
455 1.220857e+00 8.122093e-01
456 1.219462e+00 8.164037e-01
457 1.235830e+00 7.925723e-01
458 1.232909e+00 7.865895e-01
459 1.238257e+00 7.892755e-01
460 1.234544e+00 7.856983e-01
461 1.234815e+00 7.551464e-01
462 1.200769e+00 7.522735e-01
463 1.209816e+00 7.652210e-01
464 1.193560e+00 7.603362e-01
465 1.191872e+00 7.609803e-01
466 1.164744e+00 7.536858e-01
467 1.156133e+00 7.511357e-01
468 1.154091e+00 7.530807e-01
469 1.146180e+00 7.498670e-01
470 1.130667e+00 7.546035e-01
471 1.126242e+00 7.634885e-01
472 1.119650e+00 7.697881e-01
473 1.088706e+00 8.123248e-01
474 1.081902e+00 8.130374e-01
475 1.064692e+00 8.224667e-01
476 1.063990e+00 8.229616e-01
477 1.064445e+00 8.252887e-01
478 1.062161e+00 8.361647e-01
479 1.102870e+00 8.758822e-01
480 1.145017e+00 8.648561e-01
481 1.140467e+00 8.647627e-01
482 1.135616e+00 8.467486e-01
483 1.130781e+00 8.846017e-01
484 1.122461e+00 8.912448e-01
485 1.104542e+00 8.948288e-01
486 1.093269e+00 8.998554e-01
487 1.109254e+00 8.993710e-01
488 1.125533e+00 8.931691e-01
489 1.127582e+00 8.977958e-01
490 1.148098e+00 8.588875e-01
491 1.134010e+00 8.572039e-01
492 1.149969e+00 7.628246e-01
493 1.157402e+00 7.579848e-01
494 1.174197e+00 7.444867e-01
495 1.184257e+00 7.697418e-01
496 1.170710e+00 7.294476e-01
497 1.171100e+00 7.669520e-01
498 1.180375e+00 7.884289e-01
499 1.172191e+00 7.653243e-01
500 1.181043e+00 7.719130e-01
501 1.089995e+00 8.063655e-01
502 1.089662e+00 8.062579e-01
503 1.094342e+00 8.117469e-01
504 1.112606e+00 8.065133e-01
505 1.113192e+00 8.042141e-01
506 1.114759e+00 8.074580e-01
507 1.113970e+00 8.078143e-01
508 1.123261e+00 8.090182e-01
509 1.101262e+00 8.214627e-01
510 1.111895e+00 8.205189e-01
511 1.100871e+00 8.356634e-01
512 1.100077e+00 8.525498e-01
513 1.094223e+00 8.722902e-01
514 1.083980e+00 8.697563e-01
515 1.081016e+00 8.753749e-01
516 1.079166e+00 8.768523e-01
517 1.077463e+00 8.748496e-01
518 1.082204e+00 8.611848e-01
519 1.096680e+00 8.708294e-01
520 1.109732e+00 8.622306e-01
521 1.081705e+00 8.329086e-01
522 1.084969e+00 8.232626e-01
523 1.100238e+00 8.290275e-01
524 1.098464e+00 8.349655e-01
525 1.092905e+00 8.199281e-01
526 1.102967e+00 8.063272e-01
527 1.098094e+00 8.134268e-01
528 1.083051e+00 8.567774e-01
529 1.054588e+00 8.821602e-01
530 1.025186e+00 8.942979e-01
531 1.005814e+00 9.154515e-01
532 1.010124e+00 9.148467e-01
533 1.007912e+00 9.204697e-01
534 1.033278e+00 9.106509e-01
535 1.036327e+00 8.978216e-01
536 1.043657e+00 8.838030e-01
537 1.037649e+00 8.855894e-01
538 1.024432e+00 9.017778e-01
539 1.024594e+00 9.014086e-01
540 1.028151e+00 9.021181e-01
541 1.023585e+00 8.967852e-01
542 1.030455e+00 8.914444e-01
543 1.035338e+00 8.825897e-01
544 1.023430e+00 8.500847e-01
545 1.045192e+00 8.209971e-01
546 1.051199e+00 7.962099e-01
547 1.037450e+00 8.065204e-01
548 1.033729e+00 8.125996e-01
549 1.024628e+00 7.880863e-01
550 1.028545e+00 7.888625e-01
551 1.035173e+00 7.863166e-01
552 1.015214e+00 7.955675e-01
553 1.018818e+00 7.991511e-01
554 9.904439e-01 7.159985e-01
555 9.729432e-01 7.225668e-01
556 8.948192e-01 6.971204e-01
557 8.773542e-01 7.129597e-01
558 8.543881e-01 7.231630e-01
559 8.563584e-01 6.944242e-01
560 8.583859e-01 6.925069e-01
561 8.630176e-01 6.894510e-01
562 8.577205e-01 7.040638e-01
563 8.462003e-01 7.128190e-01
564 8.482942e-01 7.164002e-01
565 8.509155e-01 7.077070e-01
566 7.919731e-01 6.665420e-01
567 7.958579e-01 6.344280e-01
568 7.967537e-01 6.337775e-01
569 7.587626e-01 6.459704e-01
570 7.324904e-01 6.897135e-01
571 6.957986e-01 7.265325e-01
572 6.519931e-01 7.380553e-01
573 6.470600e-01 7.014714e-01
574 6.448047e-01 7.078464e-01
575 6.441675e-01 7.077961e-01
576 6.502388e-01 7.198573e-01
577 6.542159e-01 7.276987e-01
578 6.750155e-01 7.321098e-01
579 6.683107e-01 7.258839e-01
580 6.762727e-01 7.092996e-01
581 6.635545e-01 7.000958e-01
582 6.655856e-01 6.960738e-01
583 6.608773e-01 6.908428e-01
584 6.617034e-01 6.866456e-01
585 6.467448e-01 6.789214e-01
586 6.549692e-01 6.884002e-01
587 6.560237e-01 6.972374e-01
588 6.523919e-01 7.128623e-01
589 6.543491e-01 7.304529e-01
590 6.564016e-01 7.221105e-01
591 6.649073e-01 7.587639e-01
592 6.601577e-01 7.612496e-01
593 6.641305e-01 7.622516e-01
594 6.601717e-01 7.747915e-01
595 6.640856e-01 7.654618e-01
596 6.631985e-01 7.701376e-01
597 6.665720e-01 7.760581e-01
598 6.360954e-01 8.306345e-01
599 6.579708e-01 8.809549e-01
600 6.391987e-01 8.785318e-01
601 6.296197e-01 8.859815e-01
602 6.248145e-01 8.772783e-01
603 6.257659e-01 8.765627e-01
604 6.277520e-01 8.745805e-01
605 6.033376e-01 8.802244e-01
606 5.978735e-01 8.873486e-01
607 6.017087e-01 8.769015e-01
608 5.927533e-01 8.757384e-01
609 5.910491e-01 9.015614e-01
610 5.843867e-01 8.959482e-01
611 5.832477e-01 9.005424e-01
612 5.862804e-01 9.025580e-01
613 6.140858e-01 9.539197e-01
614 6.371877e-01 9.545027e-01
615 6.065094e-01 9.606468e-01
616 6.183085e-01 9.727712e-01
617 5.858998e-01 9.718596e-01
618 5.863732e-01 9.687902e-01
619 5.860086e-01 9.675706e-01
620 6.144367e-01 9.731664e-01
621 6.259654e-01 9.668119e-01
622 6.225303e-01 9.521876e-01
623 6.147766e-01 9.672438e-01
624 6.112032e-01 9.729823e-01
625 5.714755e-01 1.007663e+00
626 6.062683e-01 1.008599e+00
627 5.991573e-01 1.021055e+00
628 6.155466e-01 9.987668e-01
629 5.921664e-01 1.049725e+00
630 5.850639e-01 1.054658e+00
631 5.808272e-01 1.054514e+00
632 5.758197e-01 1.055721e+00
633 5.956742e-01 1.107823e+00
634 6.124546e-01 1.059128e+00
635 6.128349e-01 1.060357e+00
636 6.420034e-01 1.044923e+00
637 7.020797e-01 1.087434e+00
638 6.863373e-01 1.042627e+00
639 7.065322e-01 1.029496e+00
640 6.746417e-01 1.026761e+00
641 6.369858e-01 1.041577e+00
642 6.182726e-01 1.085299e+00
643 6.127809e-01 1.086258e+00
644 6.001330e-01 1.070045e+00
645 6.007852e-01 1.071957e+00
646 6.053881e-01 1.112975e+00
647 6.245978e-01 1.084551e+00
648 6.080464e-01 1.058627e+00
649 6.093742e-01 1.058261e+00
650 6.201405e-01 1.062695e+00
651 6.270455e-01 1.064511e+00
652 6.260535e-01 1.052087e+00
653 6.295381e-01 1.081926e+00
654 6.140196e-01 1.087792e+00
655 6.238896e-01 1.088748e+00
656 6.020659e-01 1.068686e+00
657 5.865062e-01 1.079253e+00
658 6.074066e-01 1.065270e+00
659 6.237268e-01 1.075265e+00
660 6.305016e-01 1.076952e+00
661 6.314840e-01 1.077126e+00
662 6.251706e-01 1.083605e+00
663 6.238290e-01 1.082756e+00
664 6.250765e-01 1.085139e+00
665 6.393358e-01 1.091846e+00
666 6.730546e-01 1.079725e+00
667 6.711195e-01 1.080541e+00
668 6.764568e-01 1.083930e+00
669 6.817392e-01 1.095792e+00
670 6.765302e-01 1.099201e+00
671 6.362181e-01 1.134859e+00
672 6.367087e-01 1.136925e+00
673 6.431247e-01 1.136084e+00
674 6.427812e-01 1.136658e+00
675 6.527001e-01 1.125605e+00
676 6.961644e-01 1.137991e+00
677 6.982232e-01 1.133742e+00
678 7.197527e-01 1.132412e+00
679 7.162945e-01 1.134989e+00
680 7.266261e-01 1.132081e+00
681 7.253383e-01 1.129960e+00
682 7.252541e-01 1.135768e+00
683 7.246664e-01 1.120263e+00
684 7.023958e-01 1.068076e+00
685 7.158832e-01 1.068178e+00
686 7.138952e-01 1.063365e+00
687 7.167938e-01 1.072769e+00
688 7.154884e-01 1.081235e+00
689 7.387102e-01 1.105528e+00
690 7.319550e-01 1.107404e+00
691 7.036255e-01 1.082630e+00
692 6.935761e-01 1.075872e+00
693 6.600001e-01 1.084930e+00
694 6.663833e-01 1.104574e+00
695 6.851238e-01 1.098546e+00
696 6.846716e-01 1.102864e+00
697 6.959213e-01 1.089374e+00
698 7.011260e-01 1.108030e+00
699 6.806964e-01 1.087850e+00
700 6.806044e-01 1.086744e+00
701 6.640266e-01 1.068552e+00
702 6.693597e-01 1.076644e+00
703 6.919875e-01 1.076342e+00
704 6.709078e-01 1.075707e+00
705 7.244882e-01 1.045438e+00
706 7.110894e-01 1.048208e+00
707 7.136117e-01 1.046524e+00
708 7.266443e-01 1.048760e+00
709 7.358180e-01 1.063941e+00
710 7.493014e-01 1.026834e+00
711 7.459367e-01 1.029397e+00
712 7.362723e-01 1.022181e+00
713 7.254704e-01 1.026425e+00
714 7.248563e-01 1.025478e+00
715 7.209925e-01 1.035523e+00
716 7.194979e-01 1.033872e+00
717 7.156581e-01 1.046030e+00
718 7.382693e-01 1.035005e+00
719 7.385204e-01 1.031606e+00
720 7.467383e-01 1.032584e+00
721 7.757423e-01 1.063694e+00
722 7.646183e-01 1.071878e+00
723 7.685584e-01 1.074333e+00
724 7.969441e-01 1.087759e+00
725 8.041295e-01 1.082932e+00
726 7.614612e-01 1.052435e+00
727 7.598510e-01 1.065212e+00
728 7.594900e-01 1.068986e+00
729 7.045187e-01 1.057487e+00
730 7.166924e-01 1.056118e+00
731 6.904699e-01 1.062363e+00
732 6.832983e-01 1.070334e+00
733 6.923779e-01 1.072167e+00
734 6.904288e-01 1.070355e+00
735 6.915759e-01 1.065383e+00
736 7.174731e-01 1.048897e+00
737 7.184128e-01 1.050591e+00
738 7.119868e-01 1.048693e+00
739 7.128869e-01 1.049633e+00
740 7.331247e-01 1.013001e+00
741 7.363580e-01 1.022276e+00
742 7.356832e-01 1.017051e+00
743 7.356051e-01 1.017125e+00
744 7.734591e-01 1.031012e+00
745 7.751198e-01 1.028841e+00
746 7.904627e-01 1.054593e+00
747 8.086910e-01 1.078688e+00
748 8.110568e-01 1.088143e+00
749 8.171969e-01 1.081447e+00
750 8.250379e-01 1.078860e+00
751 8.234390e-01 1.067592e+00
752 8.575605e-01 1.161599e+00
753 8.565597e-01 1.095559e+00
754 8.470636e-01 1.111316e+00
755 8.584158e-01 1.082710e+00
756 8.559912e-01 1.093566e+00
757 8.650071e-01 1.067890e+00
758 8.578330e-01 1.059230e+00
759 8.690065e-01 1.078948e+00
760 8.543045e-01 1.069075e+00
761 8.617213e-01 1.067864e+00
762 8.520217e-01 1.062200e+00
763 8.481810e-01 1.066132e+00
764 8.593255e-01 1.081989e+00
765 8.665933e-01 1.107127e+00
766 8.724168e-01 1.114105e+00
767 8.576871e-01 1.125837e+00
768 8.507668e-01 1.117675e+00
769 8.598512e-01 1.106868e+00
770 8.692062e-01 1.119236e+00
771 8.743543e-01 1.092153e+00
772 8.764881e-01 1.081172e+00
773 8.788607e-01 1.078797e+00
774 8.837572e-01 1.080931e+00
775 9.402514e-01 1.099385e+00
776 9.465257e-01 1.049532e+00
777 9.562762e-01 1.058957e+00
778 9.665593e-01 1.057832e+00
779 9.675459e-01 1.044649e+00
780 9.586807e-01 1.039975e+00
781 9.618852e-01 1.032761e+00
782 8.989676e-01 9.605594e-01
783 8.987628e-01 9.470522e-01
784 9.115907e-01 9.433842e-01
785 8.773700e-01 9.326509e-01
786 8.634165e-01 9.276311e-01
787 8.886207e-01 9.172949e-01
788 8.979241e-01 9.192251e-01
789 8.988239e-01 9.190576e-01
790 8.221711e-01 8.611259e-01
791 8.235437e-01 8.677780e-01
792 8.289210e-01 8.570843e-01
793 8.338813e-01 8.578289e-01
794 8.440172e-01 8.682224e-01
795 8.449398e-01 8.650748e-01
796 8.259420e-01 7.891744e-01
797 8.494202e-01 7.933023e-01
798 8.290972e-01 7.655174e-01
799 8.234398e-01 7.581014e-01
800 8.319236e-01 7.515502e-01
801 8.627924e-01 7.376905e-01
802 8.578750e-01 7.365964e-01
803 8.519660e-01 7.243132e-01
804 8.533911e-01 7.258384e-01
805 8.514263e-01 7.257401e-01
806 8.422224e-01 7.392933e-01
807 8.334521e-01 7.442019e-01
808 8.285762e-01 7.423841e-01
809 8.267490e-01 7.538559e-01
810 8.223417e-01 7.466092e-01
811 8.486193e-01 7.933762e-01
812 8.454685e-01 8.008504e-01
813 8.330072e-01 7.965961e-01
814 8.418251e-01 7.970917e-01
815 8.432550e-01 7.910547e-01
816 8.360939e-01 7.698150e-01
817 8.471143e-01 7.736690e-01
818 8.818320e-01 7.972606e-01
819 8.809378e-01 7.973916e-01
820 9.018829e-01 8.035998e-01
821 9.340116e-01 8.313328e-01
822 9.952852e-01 8.646537e-01
823 1.000575e+00 8.865349e-01
824 1.012670e+00 9.069159e-01
825 1.013263e+00 8.798680e-01
826 1.008971e+00 8.730119e-01
827 1.003982e+00 8.080785e-01
828 1.017886e+00 8.222464e-01
829 9.958731e-01 8.238637e-01
830 1.005710e+00 8.067046e-01
831 1.004588e+00 8.076661e-01
832 9.791376e-01 8.180460e-01
833 9.885637e-01 8.167779e-01
834 9.983360e-01 8.043761e-01
835 9.912385e-01 8.184813e-01
836 1.023016e+00 8.598279e-01
837 1.021415e+00 8.612032e-01
838 1.012120e+00 8.577439e-01
839 1.016836e+00 8.699412e-01
840 1.021448e+00 8.872116e-01
841 1.004804e+00 8.805829e-01
842 9.953780e-01 8.932398e-01
843 9.871189e-01 8.895039e-01
844 9.840928e-01 8.879488e-01
845 9.872682e-01 8.874224e-01
846 9.485760e-01 8.832552e-01
847 9.536385e-01 8.861516e-01
848 9.526375e-01 8.682812e-01
849 9.512271e-01 8.633896e-01
850 9.775118e-01 8.760644e-01
851 9.252037e-01 8.723723e-01
852 9.260418e-01 8.754735e-01
853 8.914431e-01 8.573760e-01
854 8.724060e-01 8.953717e-01
855 8.647182e-01 8.785275e-01
856 8.671234e-01 8.872758e-01
857 8.671762e-01 8.872763e-01
858 8.491501e-01 8.807008e-01
859 8.392421e-01 8.756999e-01
860 8.394468e-01 8.770438e-01
861 8.419747e-01 8.771086e-01
862 8.202959e-01 8.717240e-01
863 8.054723e-01 8.669747e-01
864 7.994729e-01 8.725639e-01
865 7.596380e-01 9.322255e-01
866 7.569767e-01 9.305995e-01
867 7.540507e-01 9.897673e-01
868 7.487520e-01 9.917746e-01
869 7.406898e-01 9.788395e-01
870 7.326925e-01 9.710151e-01
871 7.190651e-01 9.793114e-01
872 7.089505e-01 9.909222e-01
873 7.115399e-01 9.928325e-01
874 7.088979e-01 1.000864e+00
875 7.034855e-01 1.047617e+00
876 6.905938e-01 1.048228e+00
877 7.167816e-01 1.031047e+00
878 7.087822e-01 1.026868e+00
879 7.071679e-01 1.029173e+00
880 7.061772e-01 1.053963e+00
881 7.091498e-01 1.055779e+00
882 7.093601e-01 1.064115e+00
883 7.082499e-01 1.061227e+00
884 7.111063e-01 1.061484e+00
885 6.967248e-01 1.082531e+00
886 7.168750e-01 1.057794e+00
887 7.163114e-01 1.056909e+00
888 7.306194e-01 1.048831e+00
889 7.371651e-01 1.058204e+00
890 7.455160e-01 1.067551e+00
891 8.135632e-01 1.112423e+00
892 8.225704e-01 1.119227e+00
893 8.769326e-01 1.113477e+00
894 8.556809e-01 1.120696e+00
895 8.086646e-01 1.124304e+00
896 8.089574e-01 1.148479e+00
897 8.038761e-01 1.149531e+00
898 8.038802e-01 1.149564e+00
899 8.023567e-01 1.146662e+00
900 7.825875e-01 1.136869e+00
901 7.560804e-01 1.143055e+00
902 7.706697e-01 1.158365e+00
903 7.650387e-01 1.165220e+00
904 7.503109e-01 1.149906e+00
905 7.551327e-01 1.136157e+00
906 7.537534e-01 1.134787e+00
907 7.592787e-01 1.128212e+00
908 7.612965e-01 1.123631e+00
909 7.691404e-01 1.097810e+00
910 7.556026e-01 1.113884e+00
911 7.561804e-01 1.117274e+00
912 7.020212e-01 1.134807e+00
913 6.885006e-01 1.145434e+00
914 6.895409e-01 1.143954e+00
915 7.419382e-01 1.133780e+00
916 7.366064e-01 1.158105e+00
917 7.350540e-01 1.163512e+00
918 7.289688e-01 1.175480e+00
919 7.193566e-01 1.146309e+00
920 7.212923e-01 1.144540e+00
921 7.345782e-01 1.170221e+00
922 7.272640e-01 1.167550e+00
923 7.405792e-01 1.118324e+00
924 7.529590e-01 1.108393e+00
925 7.438550e-01 1.097547e+00
926 7.441756e-01 1.097522e+00
927 7.364793e-01 1.094564e+00
928 7.347364e-01 1.102432e+00
929 7.013866e-01 1.106736e+00
930 7.012425e-01 1.109389e+00
931 6.997890e-01 1.118321e+00
932 7.204718e-01 1.094830e+00
933 7.185335e-01 1.103190e+00
934 7.077073e-01 1.138936e+00
935 7.075614e-01 1.138634e+00
936 7.270269e-01 1.130743e+00
937 7.044726e-01 1.128782e+00
938 6.990891e-01 1.142030e+00
939 6.834864e-01 1.122958e+00
940 6.839483e-01 1.121981e+00
941 6.703761e-01 1.105462e+00
942 6.805870e-01 1.089999e+00
943 6.877046e-01 1.089403e+00
944 6.974391e-01 1.088995e+00
945 7.120036e-01 1.109272e+00
946 6.853374e-01 1.075236e+00
947 6.615672e-01 1.061626e+00
948 6.896532e-01 1.089253e+00
949 6.730631e-01 1.046952e+00
950 6.664884e-01 1.043075e+00
951 6.811183e-01 1.060829e+00
952 6.815762e-01 1.059259e+00
953 7.034812e-01 1.041701e+00
954 7.274326e-01 1.034202e+00
955 7.209904e-01 1.037206e+00
956 7.276703e-01 1.014055e+00
957 7.435684e-01 1.019475e+00
958 7.357282e-01 1.019706e+00
959 7.517144e-01 1.014132e+00
960 7.853940e-01 1.015881e+00
961 7.940884e-01 1.018330e+00
962 7.667631e-01 1.081085e+00
963 7.497584e-01 1.094368e+00
964 7.270094e-01 1.093661e+00
965 7.222946e-01 1.089871e+00
966 7.302807e-01 1.128131e+00
967 7.347820e-01 1.105132e+00
968 7.362163e-01 1.108483e+00
969 7.298036e-01 1.111771e+00
970 6.973751e-01 1.115662e+00
971 6.948639e-01 1.129338e+00
972 6.810997e-01 1.133742e+00
973 6.925011e-01 1.158280e+00
974 6.958929e-01 1.160150e+00
975 6.932904e-01 1.160111e+00
976 6.825278e-01 1.125536e+00
977 6.827061e-01 1.125939e+00
978 6.797271e-01 1.158870e+00
979 6.727923e-01 1.185111e+00
980 6.772334e-01 1.190208e+00
981 6.820861e-01 1.188371e+00
982 7.195368e-01 1.207590e+00
983 6.960337e-01 1.183896e+00
984 7.052272e-01 1.217805e+00
985 6.813004e-01 1.213119e+00
986 6.908352e-01 1.187787e+00
987 6.991705e-01 1.171143e+00
988 6.969497e-01 1.174184e+00
989 6.667171e-01 1.176735e+00
990 6.455431e-01 1.152150e+00
991 6.454742e-01 1.148697e+00
992 6.704858e-01 1.151209e+00
993 6.670806e-01 1.152250e+00
994 6.567742e-01 1.136608e+00
995 6.374540e-01 1.166489e+00
996 6.387318e-01 1.165267e+00
997 6.401248e-01 1.152952e+00
998 6.311404e-01 1.170725e+00
999 6.301721e-01 1.170828e+00
1000 6.376760e-01 1.174871e+00
1001 6.356214e-01 1.155137e+00
1002 6.472847e-01 1.145835e+00
1003 6.466414e-01 1.114127e+00
1004 6.369550e-01 1.055590e+00
1005 6.236217e-01 1.075954e+00
1006 6.237416e-01 1.074065e+00
1007 6.140092e-01 1.078886e+00
1008 6.132940e-01 1.079031e+00
1009 6.160663e-01 1.074600e+00
1010 6.185432e-01 1.052484e+00
1011 6.185683e-01 1.052454e+00
1012 6.189792e-01 1.052090e+00
1013 6.184482e-01 1.051691e+00
1014 6.099082e-01 1.057071e+00
1015 6.136400e-01 1.052997e+00
1016 6.118899e-01 1.052792e+00
1017 5.882399e-01 1.054552e+00
1018 5.821329e-01 1.050333e+00
1019 5.853151e-01 1.047787e+00
1020 5.999019e-01 1.044467e+00
1021 6.014340e-01 1.043970e+00
1022 6.081782e-01 1.047047e+00
1023 6.047641e-01 1.059881e+00
1024 6.091531e-01 1.061007e+00
1025 6.263767e-01 1.058131e+00
1026 6.397234e-01 1.040312e+00
1027 7.361654e-01 1.053606e+00
1028 7.421572e-01 1.062471e+00
1029 7.546832e-01 1.070903e+00
1030 7.996246e-01 1.115643e+00
1031 8.094837e-01 1.108349e+00
1032 8.091671e-01 1.111598e+00
1033 8.076144e-01 1.111098e+00
1034 8.064989e-01 1.107190e+00
1035 6.280378e-01 1.119970e+00
1036 6.256912e-01 1.122265e+00
1037 6.369249e-01 1.116118e+00
1038 6.440144e-01 1.115543e+00
1039 6.343259e-01 1.099676e+00
1040 6.133842e-01 1.107842e+00
1041 6.103832e-01 1.108766e+00
1042 6.025971e-01 1.110402e+00
1043 6.072464e-01 1.096862e+00
1044 5.824236e-01 1.077625e+00
1045 5.783089e-01 1.073880e+00
1046 5.826514e-01 1.114225e+00
1047 5.727687e-01 1.097149e+00
1048 5.762834e-01 1.113635e+00
1049 5.642194e-01 1.126035e+00
1050 5.628712e-01 1.123773e+00
1051 5.726430e-01 1.121273e+00
1052 5.638509e-01 1.102437e+00
1053 5.915070e-01 1.104116e+00
1054 5.889461e-01 1.107551e+00
1055 5.870310e-01 1.092662e+00
1056 5.867990e-01 1.103836e+00
1057 5.812579e-01 1.105963e+00
1058 5.812421e-01 1.105860e+00
1059 5.965985e-01 1.053229e+00
1060 6.051079e-01 1.061946e+00
1061 5.963878e-01 1.110915e+00
1062 5.964980e-01 1.111125e+00
1063 5.463799e-01 1.084082e+00
1064 5.430349e-01 1.073775e+00
1065 5.616572e-01 1.079895e+00
1066 5.428917e-01 1.081514e+00
1067 5.487271e-01 1.072827e+00
1068 5.518219e-01 1.042327e+00
1069 5.303107e-01 1.039687e+00
1070 5.284344e-01 1.043453e+00
1071 5.632098e-01 1.058103e+00
1072 5.601336e-01 1.058978e+00
1073 5.644968e-01 1.061032e+00
1074 5.903375e-01 1.060862e+00
1075 5.635249e-01 1.096753e+00
1076 5.641882e-01 1.097891e+00
1077 5.726247e-01 1.082454e+00
1078 5.467015e-01 1.139898e+00
1079 5.536801e-01 1.153181e+00
1080 5.452579e-01 1.161598e+00
1081 5.396550e-01 1.187393e+00
1082 5.325511e-01 1.195560e+00
1083 5.277277e-01 1.210211e+00
1084 5.316587e-01 1.223994e+00
1085 5.357790e-01 1.218646e+00
1086 5.648047e-01 1.246816e+00
1087 5.704969e-01 1.239677e+00
1088 5.801658e-01 1.220807e+00
1089 5.804956e-01 1.221065e+00
1090 5.784373e-01 1.220311e+00
1091 5.738281e-01 1.217581e+00
1092 5.637957e-01 1.253977e+00
1093 6.361714e-01 1.253947e+00
1094 6.301615e-01 1.271606e+00
1095 6.633402e-01 1.249071e+00
1096 6.617618e-01 1.272330e+00
1097 7.002598e-01 1.240659e+00
1098 6.988799e-01 1.240943e+00
1099 6.965051e-01 1.227868e+00
1100 7.115702e-01 1.229565e+00
1101 7.099940e-01 1.199176e+00
1102 7.235864e-01 1.206598e+00
1103 6.764412e-01 1.247359e+00
1104 6.762178e-01 1.246278e+00
1105 6.455276e-01 1.263923e+00
1106 6.308608e-01 1.244864e+00
1107 6.199818e-01 1.202510e+00
1108 6.083704e-01 1.258465e+00
1109 5.973312e-01 1.182065e+00
1110 6.151391e-01 1.172749e+00
1111 6.041290e-01 1.179828e+00
1112 5.924452e-01 1.188947e+00
1113 5.835898e-01 1.202046e+00
1114 5.725499e-01 1.206710e+00
1115 5.856251e-01 1.201225e+00
1116 5.962669e-01 1.225823e+00
1117 5.454920e-01 1.184171e+00
1118 5.422514e-01 1.184149e+00
1119 5.462593e-01 1.195201e+00
1120 5.458703e-01 1.192457e+00
1121 5.427226e-01 1.174916e+00
1122 5.361010e-01 1.174018e+00
1123 5.362385e-01 1.176149e+00
1124 5.385457e-01 1.182982e+00
1125 5.475017e-01 1.158730e+00
1126 5.515274e-01 1.161601e+00
1127 5.503211e-01 1.151740e+00
1128 5.292772e-01 1.132338e+00
1129 5.312786e-01 1.129804e+00
1130 5.336002e-01 1.130701e+00
1131 4.837784e-01 1.124490e+00
1132 4.835834e-01 1.124587e+00
1133 4.803312e-01 1.121312e+00
1134 4.833408e-01 1.117329e+00
1135 4.831528e-01 1.117331e+00
1136 4.815391e-01 1.105458e+00
1137 4.888071e-01 1.112074e+00
1138 5.012890e-01 1.103686e+00
1139 4.842830e-01 1.100992e+00
1140 5.112050e-01 1.097037e+00
1141 4.891645e-01 1.104826e+00
1142 4.756206e-01 1.115129e+00
1143 5.095601e-01 1.122112e+00
1144 5.133333e-01 1.122013e+00
1145 4.912519e-01 1.124392e+00
1146 4.751836e-01 1.103108e+00
1147 4.732363e-01 1.098382e+00
1148 4.670923e-01 1.059520e+00
1149 4.702353e-01 1.057179e+00
1150 4.707325e-01 1.049038e+00
1151 4.636254e-01 1.064838e+00
1152 4.698596e-01 1.040004e+00
1153 5.518463e-01 9.803976e-01
1154 5.368596e-01 9.917428e-01
1155 5.902372e-01 1.058171e+00
1156 6.071741e-01 1.060354e+00
1157 6.081399e-01 1.070596e+00
1158 5.888858e-01 1.049859e+00
1159 5.857922e-01 1.072278e+00
1160 5.856087e-01 1.072514e+00
1161 5.893014e-01 1.050185e+00
1162 5.852368e-01 1.047150e+00
1163 5.819074e-01 1.056860e+00
1164 5.908291e-01 1.063803e+00
1165 5.691900e-01 1.101084e+00
1166 5.599900e-01 1.120725e+00
1167 5.730342e-01 1.096003e+00
1168 5.346016e-01 1.103141e+00
1169 5.356541e-01 1.104922e+00
1170 5.335335e-01 1.109710e+00
1171 5.271960e-01 1.102979e+00
1172 5.250862e-01 1.111108e+00
1173 5.302036e-01 1.111753e+00
1174 5.371232e-01 1.112743e+00
1175 5.333353e-01 1.117748e+00
1176 5.325504e-01 1.117931e+00
1177 5.323187e-01 1.117983e+00
1178 5.319726e-01 1.117366e+00
1179 5.008961e-01 1.123898e+00
1180 5.053029e-01 1.131825e+00
1181 4.965965e-01 1.118603e+00
1182 4.966458e-01 1.119245e+00
1183 4.730758e-01 1.129682e+00
1184 4.799862e-01 1.129795e+00
1185 4.706948e-01 1.102923e+00
1186 4.540584e-01 1.103028e+00
1187 5.035638e-01 1.126748e+00
1188 5.001749e-01 1.129020e+00
1189 5.090652e-01 1.152131e+00
1190 5.076177e-01 1.152843e+00
1191 5.076727e-01 1.187469e+00
1192 5.014912e-01 1.198636e+00
1193 4.969330e-01 1.189704e+00
1194 4.949275e-01 1.191501e+00
1195 4.956594e-01 1.195373e+00
1196 4.957317e-01 1.195308e+00
1197 5.230591e-01 1.213181e+00
1198 5.229171e-01 1.214136e+00
1199 5.463940e-01 1.225072e+00
1200 5.465033e-01 1.224891e+00
1201 5.367776e-01 1.212947e+00
1202 5.179757e-01 1.210184e+00
1203 5.436902e-01 1.214458e+00
1204 5.438294e-01 1.220899e+00
1205 5.438618e-01 1.220870e+00
1206 5.447192e-01 1.221774e+00
1207 5.405210e-01 1.218673e+00
1208 5.489217e-01 1.228613e+00
1209 5.546015e-01 1.240277e+00
1210 5.550041e-01 1.242073e+00
1211 5.603672e-01 1.232325e+00
1212 5.696655e-01 1.241272e+00
1213 5.779832e-01 1.266597e+00
1214 5.509797e-01 1.265553e+00
1215 5.538213e-01 1.278240e+00
1216 5.841741e-01 1.294840e+00
1217 5.485310e-01 1.303493e+00
1218 5.583038e-01 1.294694e+00
1219 5.494452e-01 1.316914e+00
1220 5.076705e-01 1.301066e+00
1221 4.724892e-01 1.283202e+00
1222 4.707619e-01 1.277567e+00
1223 4.674170e-01 1.294028e+00
1224 4.612661e-01 1.311949e+00
1225 4.765095e-01 1.346114e+00
1226 5.206999e-01 1.310118e+00
1227 5.240881e-01 1.317684e+00
1228 5.220298e-01 1.318223e+00
1229 5.186269e-01 1.321479e+00
1230 5.242149e-01 1.318224e+00
1231 5.262961e-01 1.320772e+00
1232 5.231304e-01 1.329063e+00
1233 4.982712e-01 1.270294e+00
1234 4.970131e-01 1.269343e+00
1235 5.121433e-01 1.283674e+00
1236 5.282254e-01 1.290234e+00
1237 5.092437e-01 1.273036e+00
1238 4.959176e-01 1.278477e+00
1239 4.552977e-01 1.293862e+00
1240 4.694532e-01 1.316660e+00
1241 4.762882e-01 1.327362e+00
1242 4.742578e-01 1.328405e+00
1243 4.745456e-01 1.326369e+00
1244 4.705781e-01 1.303426e+00
1245 4.694661e-01 1.303237e+00
1246 4.703072e-01 1.299157e+00
1247 4.762571e-01 1.293124e+00
1248 4.759663e-01 1.300148e+00
1249 4.825893e-01 1.297094e+00
1250 4.888571e-01 1.272902e+00
1251 5.058282e-01 1.273986e+00
1252 4.607115e-01 1.252376e+00
1253 4.655950e-01 1.259381e+00
1254 4.751495e-01 1.243654e+00
1255 4.483104e-01 1.239609e+00
1256 4.638176e-01 1.185134e+00
1257 4.645763e-01 1.187182e+00
1258 4.642490e-01 1.187846e+00
1259 4.723835e-01 1.149854e+00
1260 4.733591e-01 1.146495e+00
1261 4.628847e-01 1.159113e+00
1262 4.451892e-01 1.172471e+00
1263 4.326218e-01 1.183756e+00
1264 4.386325e-01 1.178763e+00
1265 4.369221e-01 1.170250e+00
1266 4.346632e-01 1.167716e+00
1267 4.455356e-01 1.209572e+00
1268 4.375877e-01 1.203223e+00
1269 4.528548e-01 1.199163e+00
1270 4.521070e-01 1.197821e+00
1271 4.520973e-01 1.197528e+00
1272 4.052520e-01 1.207342e+00
1273 4.031100e-01 1.209269e+00
1274 4.028402e-01 1.209277e+00
1275 4.154410e-01 1.136558e+00
1276 4.159513e-01 1.137502e+00
1277 4.406628e-01 1.118140e+00
1278 4.321668e-01 1.112306e+00
1279 4.045301e-01 1.113323e+00
1280 3.999197e-01 1.119654e+00
1281 3.737770e-01 1.106901e+00
1282 3.648796e-01 1.120595e+00
1283 3.650035e-01 1.120186e+00
1284 4.126260e-01 1.126741e+00
1285 4.079797e-01 1.114920e+00
1286 4.170787e-01 1.121678e+00
1287 4.055512e-01 1.117067e+00
1288 4.072968e-01 1.124066e+00
1289 4.083741e-01 1.114481e+00
1290 3.970975e-01 1.130822e+00
1291 3.876458e-01 1.132604e+00
1292 3.887434e-01 1.123982e+00
1293 3.838820e-01 1.121168e+00
1294 3.750947e-01 1.114408e+00
1295 3.801971e-01 1.114972e+00
1296 3.785413e-01 1.121919e+00
1297 3.832198e-01 1.118679e+00
1298 3.477568e-01 1.114629e+00
1299 3.603725e-01 1.170173e+00
1300 3.659059e-01 1.175518e+00
1301 4.465060e-01 1.198333e+00
1302 4.451486e-01 1.199452e+00
1303 4.316440e-01 1.190185e+00
1304 4.500078e-01 1.193121e+00
1305 4.478922e-01 1.201466e+00
1306 4.379898e-01 1.197106e+00
1307 4.510679e-01 1.208478e+00
1308 4.463885e-01 1.208462e+00
1309 4.411723e-01 1.203340e+00
1310 4.364686e-01 1.188023e+00
1311 4.123173e-01 1.168272e+00
1312 4.259467e-01 1.173989e+00
1313 4.330491e-01 1.188878e+00
1314 3.784475e-01 1.193480e+00
1315 3.782284e-01 1.193235e+00
1316 3.853671e-01 1.172234e+00
1317 3.770777e-01 1.189307e+00
1318 3.656264e-01 1.175744e+00
1319 3.640410e-01 1.175245e+00
1320 3.782344e-01 1.232189e+00
1321 3.752741e-01 1.242466e+00
1322 3.780286e-01 1.244655e+00
1323 4.081988e-01 1.238890e+00
1324 4.808826e-01 1.278186e+00
1325 4.817886e-01 1.277622e+00
1326 4.917260e-01 1.310824e+00
1327 4.943334e-01 1.307067e+00
1328 4.887233e-01 1.315995e+00
1329 4.932861e-01 1.311447e+00
1330 5.093705e-01 1.316769e+00
1331 4.938836e-01 1.289559e+00
1332 4.998032e-01 1.301055e+00
1333 5.135441e-01 1.292703e+00
1334 5.307670e-01 1.309466e+00
1335 4.747520e-01 1.283772e+00
1336 4.692724e-01 1.292979e+00
1337 4.811558e-01 1.298281e+00
1338 4.867004e-01 1.291048e+00
1339 4.684806e-01 1.307167e+00
1340 4.654973e-01 1.304905e+00
1341 4.855768e-01 1.339532e+00
1342 4.855052e-01 1.354079e+00
1343 5.132549e-01 1.359584e+00
1344 4.933592e-01 1.354448e+00
1345 4.885824e-01 1.331532e+00
1346 4.992505e-01 1.363071e+00
1347 5.021893e-01 1.361708e+00
1348 5.072792e-01 1.380737e+00
1349 5.099462e-01 1.386444e+00
1350 5.004578e-01 1.364271e+00
1351 4.672378e-01 1.337941e+00
1352 4.635857e-01 1.345514e+00
1353 4.767924e-01 1.335458e+00
1354 4.664876e-01 1.336255e+00
1355 4.779603e-01 1.333334e+00
1356 4.622890e-01 1.348066e+00
1357 4.600696e-01 1.338895e+00
1358 4.636988e-01 1.337162e+00
1359 4.654977e-01 1.344479e+00
1360 4.654873e-01 1.344449e+00
1361 4.618472e-01 1.332173e+00
1362 4.619515e-01 1.334966e+00
1363 4.702663e-01 1.332112e+00
1364 4.772400e-01 1.324896e+00
1365 4.769992e-01 1.328561e+00
1366 4.716133e-01 1.314349e+00
1367 4.719345e-01 1.318755e+00
1368 4.727627e-01 1.320257e+00
1369 4.881328e-01 1.356038e+00
1370 5.217561e-01 1.363652e+00
1371 5.210306e-01 1.365106e+00
1372 4.817141e-01 1.364026e+00
1373 4.771204e-01 1.366638e+00
1374 4.788914e-01 1.371586e+00
1375 4.878386e-01 1.367432e+00
1376 4.933177e-01 1.377867e+00
1377 4.815630e-01 1.384552e+00
1378 4.896308e-01 1.380065e+00
1379 5.006392e-01 1.372680e+00
1380 5.004573e-01 1.373727e+00
1381 4.956926e-01 1.408046e+00
1382 5.001561e-01 1.409707e+00
1383 4.855453e-01 1.413591e+00
1384 4.952767e-01 1.387808e+00
1385 5.160279e-01 1.400383e+00
1386 5.102757e-01 1.395177e+00
1387 5.174691e-01 1.394877e+00
1388 5.160864e-01 1.390964e+00
1389 5.148517e-01 1.394875e+00
1390 5.268449e-01 1.406519e+00
1391 5.356137e-01 1.430866e+00
1392 5.381021e-01 1.383283e+00
1393 5.442874e-01 1.388935e+00
1394 5.460552e-01 1.387588e+00
1395 5.482945e-01 1.360685e+00
1396 5.399677e-01 1.376347e+00
1397 5.332654e-01 1.379229e+00
1398 5.337418e-01 1.378383e+00
1399 5.552535e-01 1.371404e+00
1400 5.442146e-01 1.366527e+00
1401 5.446208e-01 1.367378e+00
1402 5.789482e-01 1.335249e+00
1403 5.962533e-01 1.309416e+00
1404 6.037380e-01 1.302942e+00
1405 6.037060e-01 1.303112e+00
1406 6.310574e-01 1.296627e+00
1407 6.530244e-01 1.334138e+00
1408 6.485244e-01 1.327364e+00
1409 6.497619e-01 1.328557e+00
1410 6.463366e-01 1.385812e+00
1411 6.475476e-01 1.389133e+00
1412 6.470237e-01 1.389667e+00
1413 6.459345e-01 1.388855e+00
1414 6.480203e-01 1.386548e+00
1415 6.450908e-01 1.392394e+00
1416 6.487307e-01 1.378251e+00
1417 6.332683e-01 1.346780e+00
1418 6.171544e-01 1.330077e+00
1419 6.073254e-01 1.312728e+00
1420 6.125157e-01 1.314898e+00
1421 5.926781e-01 1.297275e+00
1422 5.872208e-01 1.296423e+00
1423 5.951294e-01 1.300414e+00
1424 6.015296e-01 1.290545e+00
1425 6.226518e-01 1.286619e+00
1426 6.181515e-01 1.289295e+00
1427 6.218338e-01 1.286304e+00
1428 5.901823e-01 1.321224e+00
1429 5.742622e-01 1.278376e+00
1430 5.980446e-01 1.283425e+00
1431 6.114330e-01 1.260261e+00
1432 6.146400e-01 1.261800e+00
1433 5.994728e-01 1.231023e+00
1434 6.271065e-01 1.262936e+00
1435 6.210748e-01 1.273025e+00
1436 6.224779e-01 1.271414e+00
1437 5.973873e-01 1.275478e+00
1438 5.958350e-01 1.277183e+00
1439 6.098493e-01 1.260172e+00
1440 6.026247e-01 1.285198e+00
1441 6.136340e-01 1.274505e+00
1442 6.350047e-01 1.266216e+00
1443 6.279550e-01 1.239101e+00
1444 6.326498e-01 1.239861e+00
1445 6.202021e-01 1.235708e+00
1446 6.010909e-01 1.234267e+00
1447 6.441785e-01 1.251221e+00
1448 6.412324e-01 1.248629e+00
1449 6.514890e-01 1.244239e+00
1450 6.456892e-01 1.234243e+00
1451 6.630011e-01 1.240196e+00
1452 6.354032e-01 1.253182e+00
1453 6.356619e-01 1.253721e+00
1454 6.192122e-01 1.292614e+00
1455 6.194182e-01 1.292649e+00
1456 6.168046e-01 1.290094e+00
1457 6.173212e-01 1.289974e+00
1458 6.257522e-01 1.282575e+00
1459 6.529978e-01 1.325687e+00
1460 6.333405e-01 1.326468e+00
1461 6.051162e-01 1.244804e+00
1462 5.834191e-01 1.214031e+00
1463 5.835891e-01 1.214112e+00
1464 5.837583e-01 1.215733e+00
1465 5.644894e-01 1.169839e+00
1466 5.417435e-01 1.132346e+00
1467 5.421776e-01 1.134250e+00
1468 5.505807e-01 1.134652e+00
1469 5.341129e-01 1.121282e+00
1470 5.401481e-01 1.083006e+00
1471 5.450343e-01 1.126176e+00
1472 5.410123e-01 1.124722e+00
1473 5.474284e-01 1.091582e+00
1474 6.281171e-01 1.089133e+00
1475 6.283143e-01 1.079983e+00
1476 6.332121e-01 1.080415e+00
1477 6.269574e-01 1.080340e+00
1478 6.288812e-01 1.078832e+00
1479 6.192036e-01 1.075541e+00
1480 6.139669e-01 1.076560e+00
1481 6.328807e-01 1.075582e+00
1482 6.516037e-01 1.101629e+00
1483 6.414003e-01 1.114148e+00
1484 6.428386e-01 1.110372e+00
1485 6.427705e-01 1.111179e+00
1486 6.312592e-01 1.119931e+00
1487 6.362751e-01 1.122869e+00
1488 6.399432e-01 1.114382e+00
1489 6.367890e-01 1.111661e+00
1490 6.216799e-01 1.123239e+00
1491 6.176906e-01 1.113936e+00
1492 6.236936e-01 1.118238e+00
1493 6.234164e-01 1.120827e+00
1494 6.229536e-01 1.129724e+00
1495 6.118076e-01 1.136550e+00
1496 6.041882e-01 1.147492e+00
1497 6.148697e-01 1.158212e+00
1498 6.195728e-01 1.147383e+00
1499 6.106907e-01 1.104345e+00
1500 6.105229e-01 1.104190e+00
1501 5.984925e-01 1.105288e+00
1502 5.872961e-01 1.104028e+00
1503 5.770000e-01 1.083308e+00
1504 5.824097e-01 1.077978e+00
1505 5.933334e-01 1.083385e+00
1506 5.989433e-01 1.104176e+00
1507 5.890049e-01 1.113888e+00
1508 5.749569e-01 1.062613e+00
1509 5.743783e-01 1.060143e+00
1510 5.860000e-01 1.051835e+00
1511 5.783872e-01 1.061202e+00
1512 5.780395e-01 1.088147e+00
1513 5.058438e-01 1.090005e+00
1514 5.053111e-01 1.092748e+00
1515 5.061362e-01 1.091789e+00
1516 5.042859e-01 1.088451e+00
1517 4.923254e-01 1.106679e+00
1518 4.978603e-01 1.104818e+00
1519 4.972734e-01 1.105816e+00
1520 5.042197e-01 1.110540e+00
1521 5.025368e-01 1.110833e+00
1522 4.983304e-01 1.107535e+00
1523 4.807644e-01 1.130028e+00
1524 4.894808e-01 1.125608e+00
1525 4.786919e-01 1.135383e+00
1526 4.787552e-01 1.136256e+00
1527 4.859167e-01 1.133705e+00
1528 4.852070e-01 1.133968e+00
1529 4.721639e-01 1.124176e+00
1530 4.918139e-01 1.134344e+00
1531 5.054866e-01 1.130300e+00
1532 5.047908e-01 1.165604e+00
1533 4.989940e-01 1.155075e+00
1534 4.943524e-01 1.153193e+00
1535 4.984063e-01 1.155788e+00
1536 4.969288e-01 1.147658e+00
1537 4.969066e-01 1.147660e+00
1538 5.139313e-01 1.110075e+00
1539 5.347334e-01 1.108722e+00
1540 5.281849e-01 1.099741e+00
1541 5.024869e-01 1.108404e+00
1542 5.260221e-01 1.134408e+00
1543 5.106575e-01 1.123456e+00
1544 5.036305e-01 1.105815e+00
1545 4.990111e-01 1.105073e+00
1546 5.034378e-01 1.089617e+00
1547 5.246119e-01 1.101312e+00
1548 5.138302e-01 1.093659e+00
1549 5.156737e-01 1.082127e+00
1550 5.232185e-01 1.106763e+00
1551 5.202550e-01 1.109589e+00
1552 5.179943e-01 1.118586e+00
1553 5.010539e-01 1.106327e+00
1554 4.852891e-01 1.099154e+00
1555 4.625761e-01 1.089017e+00
1556 4.650517e-01 1.074792e+00
1557 4.111414e-01 1.098395e+00
1558 3.937862e-01 1.074518e+00
1559 4.028098e-01 1.081777e+00
1560 3.918314e-01 1.079172e+00
1561 3.747577e-01 1.084406e+00
1562 3.806173e-01 1.082170e+00
1563 3.829741e-01 1.089633e+00
1564 3.733288e-01 1.089796e+00
1565 3.643641e-01 1.117108e+00
1566 3.554558e-01 1.122196e+00
1567 3.462004e-01 1.124942e+00
1568 3.575673e-01 1.115038e+00
1569 3.596027e-01 1.111662e+00
1570 3.281966e-01 1.119760e+00
1571 3.319467e-01 1.140362e+00
1572 3.120881e-01 1.155395e+00
1573 3.103041e-01 1.157899e+00
1574 3.310282e-01 1.138237e+00
1575 3.356640e-01 1.141412e+00
1576 3.291211e-01 1.118337e+00
1577 3.284331e-01 1.104765e+00
1578 3.355563e-01 1.103855e+00
1579 3.428422e-01 1.121239e+00
1580 3.450445e-01 1.126647e+00
1581 3.450333e-01 1.126206e+00
1582 3.382219e-01 1.126575e+00
1583 3.459796e-01 1.128225e+00
1584 3.502062e-01 1.115448e+00
1585 3.484548e-01 1.125154e+00
1586 3.592140e-01 1.092029e+00
1587 3.607455e-01 1.097893e+00
1588 3.389911e-01 1.100036e+00
1589 3.371919e-01 1.089897e+00
1590 3.329835e-01 1.098521e+00
1591 3.691681e-01 1.088300e+00
1592 3.987467e-01 1.114724e+00
1593 4.204915e-01 1.117038e+00
1594 4.268282e-01 1.119373e+00
1595 4.198348e-01 1.121535e+00
1596 4.671244e-01 1.118800e+00
1597 4.685587e-01 1.120878e+00
1598 4.633065e-01 1.134071e+00
1599 4.581438e-01 1.126064e+00
1600 4.653263e-01 1.128496e+00
1601 4.898189e-01 1.101261e+00
1602 4.888482e-01 1.102371e+00
1603 5.205992e-01 1.108676e+00
1604 5.172492e-01 1.106111e+00
1605 5.364659e-01 1.113892e+00
1606 5.026411e-01 1.162119e+00
1607 5.033117e-01 1.156477e+00
1608 5.204058e-01 1.160853e+00
1609 5.259214e-01 1.143551e+00
1610 5.597700e-01 1.127951e+00
1611 5.494373e-01 1.100451e+00
1612 5.509139e-01 1.104476e+00
1613 5.421202e-01 1.107211e+00
1614 4.348403e-01 1.083435e+00
1615 4.171387e-01 1.162518e+00
1616 3.945552e-01 1.245687e+00
1617 4.168892e-01 1.243911e+00
1618 3.885322e-01 1.221751e+00
1619 3.922911e-01 1.219086e+00
1620 4.495207e-01 1.267342e+00
1621 4.529601e-01 1.280280e+00
1622 4.548385e-01 1.287575e+00
1623 4.452867e-01 1.266371e+00
1624 4.488029e-01 1.263332e+00
1625 4.614622e-01 1.288294e+00
1626 4.469532e-01 1.278823e+00
1627 4.523486e-01 1.302822e+00
1628 4.422532e-01 1.270607e+00
1629 4.541968e-01 1.267370e+00
1630 4.289430e-01 1.251022e+00
1631 3.849882e-01 1.224082e+00
1632 3.821209e-01 1.222152e+00
1633 3.706911e-01 1.238904e+00
1634 3.868496e-01 1.190778e+00
1635 4.093360e-01 1.201145e+00
1636 3.815625e-01 1.233820e+00
1637 3.983915e-01 1.248616e+00
1638 4.511389e-01 1.312194e+00
1639 4.491280e-01 1.325015e+00
1640 4.520363e-01 1.327520e+00
1641 4.802056e-01 1.327390e+00
1642 5.053514e-01 1.337266e+00
1643 5.046488e-01 1.338060e+00
1644 5.168915e-01 1.332135e+00
1645 4.913291e-01 1.325128e+00
1646 4.980450e-01 1.324345e+00
1647 4.959901e-01 1.324412e+00
1648 4.800154e-01 1.310387e+00
1649 4.567482e-01 1.288529e+00
1650 4.416393e-01 1.268873e+00
1651 4.328690e-01 1.270133e+00
1652 4.253018e-01 1.274152e+00
1653 4.082596e-01 1.272036e+00
1654 4.084853e-01 1.272028e+00
1655 4.072584e-01 1.273168e+00
1656 4.139808e-01 1.205814e+00
1657 4.141262e-01 1.205968e+00
1658 4.150789e-01 1.205150e+00
1659 4.032809e-01 1.200602e+00
1660 3.166157e-01 1.228349e+00
1661 3.228979e-01 1.226531e+00
1662 3.187464e-01 1.229373e+00
1663 3.124332e-01 1.231749e+00
1664 3.097676e-01 1.228681e+00
1665 2.993976e-01 1.235365e+00
1666 2.999248e-01 1.232441e+00
1667 2.905015e-01 1.275727e+00
1668 2.927721e-01 1.265639e+00
1669 2.989543e-01 1.267421e+00
1670 3.032183e-01 1.266921e+00
1671 3.551825e-01 1.228459e+00
1672 4.072440e-01 1.299360e+00
1673 4.093421e-01 1.305940e+00
1674 4.127826e-01 1.301214e+00
1675 4.126447e-01 1.301313e+00
1676 4.239449e-01 1.294442e+00
1677 4.271408e-01 1.285915e+00
1678 4.309397e-01 1.297378e+00
1679 4.381185e-01 1.287714e+00
1680 4.697603e-01 1.285648e+00
1681 4.995758e-01 1.276853e+00
1682 4.996951e-01 1.274942e+00
1683 4.967006e-01 1.260253e+00
1684 4.704576e-01 1.243500e+00
1685 4.788640e-01 1.266646e+00
1686 4.799748e-01 1.266203e+00
1687 5.017867e-01 1.275333e+00
1688 5.447595e-01 1.318434e+00
1689 5.179392e-01 1.330267e+00
1690 5.071725e-01 1.350732e+00
1691 4.987571e-01 1.355843e+00
1692 4.857349e-01 1.325335e+00
1693 4.807793e-01 1.302090e+00
1694 4.707158e-01 1.294745e+00
1695 4.703323e-01 1.295484e+00
1696 4.603744e-01 1.308374e+00
1697 4.709779e-01 1.324367e+00
1698 4.967914e-01 1.321902e+00
1699 4.974475e-01 1.319228e+00
1700 5.104774e-01 1.300586e+00
1701 5.117141e-01 1.290569e+00
1702 5.106969e-01 1.287612e+00
1703 4.986265e-01 1.253437e+00
1704 4.933364e-01 1.252055e+00
1705 5.762367e-01 1.239348e+00
1706 5.935573e-01 1.221395e+00
1707 5.998472e-01 1.212669e+00
1708 5.999974e-01 1.211837e+00
1709 6.546755e-01 1.259195e+00
1710 6.403992e-01 1.293224e+00
1711 6.683858e-01 1.308004e+00
1712 6.026855e-01 1.334485e+00
1713 5.549774e-01 1.383718e+00
1714 5.593858e-01 1.384782e+00
1715 5.562701e-01 1.389609e+00
1716 5.638331e-01 1.401776e+00
1717 5.659664e-01 1.406943e+00
1718 5.675380e-01 1.406830e+00
1719 5.687161e-01 1.406242e+00
1720 5.631875e-01 1.432137e+00
1721 5.619553e-01 1.438704e+00
1722 5.578487e-01 1.439244e+00
1723 5.585078e-01 1.439832e+00
1724 5.023972e-01 1.437551e+00
1725 5.044803e-01 1.444652e+00
1726 5.106146e-01 1.440330e+00
1727 5.264255e-01 1.447509e+00
1728 5.079232e-01 1.443150e+00
1729 4.789174e-01 1.443805e+00
1730 4.870325e-01 1.443303e+00
1731 5.039036e-01 1.439377e+00
1732 4.932020e-01 1.441547e+00
1733 5.031216e-01 1.489012e+00
1734 4.554607e-01 1.507868e+00
1735 4.563589e-01 1.507071e+00
1736 4.358565e-01 1.511239e+00
1737 4.400330e-01 1.511672e+00
1738 4.592945e-01 1.516244e+00
1739 4.556395e-01 1.532488e+00
1740 4.320041e-01 1.547085e+00
1741 3.855400e-01 1.514443e+00
1742 3.521656e-01 1.514776e+00
1743 3.332608e-01 1.532585e+00
1744 3.193520e-01 1.535593e+00
1745 3.221739e-01 1.530505e+00
1746 3.359009e-01 1.547021e+00
1747 3.365028e-01 1.553156e+00
1748 3.336434e-01 1.583298e+00
1749 3.291340e-01 1.579103e+00
1750 3.357026e-01 1.585428e+00
1751 3.508408e-01 1.569134e+00
1752 3.508949e-01 1.603811e+00
1753 3.560110e-01 1.604615e+00
1754 3.394690e-01 1.607084e+00
1755 3.424553e-01 1.618626e+00
1756 3.790861e-01 1.603630e+00
1757 4.052205e-01 1.619513e+00
1758 4.042908e-01 1.621456e+00
1759 4.011035e-01 1.630338e+00
1760 3.812118e-01 1.647917e+00
1761 3.826444e-01 1.666132e+00
1762 3.784984e-01 1.655821e+00
1763 3.873102e-01 1.638249e+00
1764 3.924008e-01 1.631475e+00
1765 3.954993e-01 1.641125e+00
1766 3.970538e-01 1.643853e+00
1767 3.607445e-01 1.647139e+00
1768 3.607596e-01 1.647004e+00
1769 3.673269e-01 1.623340e+00
1770 3.798265e-01 1.633381e+00
1771 3.789883e-01 1.626194e+00
1772 3.579667e-01 1.652246e+00
1773 3.636399e-01 1.656349e+00
1774 3.521874e-01 1.655070e+00
1775 3.475859e-01 1.648059e+00
1776 3.754736e-01 1.645603e+00
1777 3.798044e-01 1.647929e+00
1778 3.799017e-01 1.647824e+00
1779 4.056865e-01 1.637729e+00
1780 4.182514e-01 1.644283e+00
1781 4.225156e-01 1.618765e+00
1782 4.295264e-01 1.616838e+00
1783 4.279945e-01 1.645483e+00
1784 4.240186e-01 1.626631e+00
1785 4.788184e-01 1.619188e+00
1786 4.741729e-01 1.612711e+00
1787 4.610037e-01 1.613454e+00
1788 4.576370e-01 1.614393e+00
1789 4.563961e-01 1.618219e+00
1790 4.686571e-01 1.591927e+00
1791 5.020251e-01 1.508845e+00
1792 4.332973e-01 1.475511e+00
1793 4.273414e-01 1.477987e+00
1794 4.321044e-01 1.477941e+00
1795 4.228495e-01 1.468652e+00
1796 4.257149e-01 1.470112e+00
1797 4.048929e-01 1.464269e+00
1798 3.868460e-01 1.483383e+00
1799 3.949379e-01 1.520390e+00
1800 4.077797e-01 1.524529e+00
1801 3.976602e-01 1.527063e+00
1802 3.752991e-01 1.533298e+00
1803 3.927711e-01 1.502662e+00
1804 3.689811e-01 1.507580e+00
1805 3.755053e-01 1.499193e+00
1806 3.048677e-01 1.493502e+00
1807 3.228830e-01 1.488154e+00
1808 3.214788e-01 1.488097e+00
1809 3.535295e-01 1.521908e+00
1810 3.542557e-01 1.521872e+00
1811 3.488303e-01 1.526154e+00
1812 3.306785e-01 1.522804e+00
1813 3.249543e-01 1.529393e+00
1814 3.143504e-01 1.521432e+00
1815 3.622306e-01 1.504518e+00
1816 3.615814e-01 1.506333e+00
1817 3.521595e-01 1.510644e+00
1818 3.411349e-01 1.516861e+00
1819 3.407895e-01 1.517775e+00
1820 3.420860e-01 1.501586e+00
1821 3.429174e-01 1.500607e+00
1822 3.459667e-01 1.522581e+00
1823 3.773827e-01 1.538520e+00
1824 3.658694e-01 1.534942e+00
1825 3.843654e-01 1.534351e+00
1826 3.868577e-01 1.527139e+00
1827 3.844838e-01 1.511651e+00
1828 3.889159e-01 1.509124e+00
1829 3.886543e-01 1.509196e+00
1830 3.990601e-01 1.512537e+00
1831 3.964595e-01 1.509829e+00
1832 4.203550e-01 1.520426e+00
1833 4.382001e-01 1.522405e+00
1834 4.434412e-01 1.525102e+00
1835 4.425902e-01 1.530206e+00
1836 4.476964e-01 1.513426e+00
1837 4.355656e-01 1.518957e+00
1838 4.363593e-01 1.519183e+00
1839 4.438390e-01 1.531198e+00
1840 4.272186e-01 1.524780e+00
1841 4.362760e-01 1.523597e+00
1842 4.235516e-01 1.555035e+00
1843 4.397554e-01 1.543830e+00
1844 4.395425e-01 1.545150e+00
1845 4.467225e-01 1.545394e+00
1846 4.476884e-01 1.526600e+00
1847 4.377975e-01 1.524423e+00
1848 4.428141e-01 1.526145e+00
1849 4.433180e-01 1.525946e+00
1850 4.392956e-01 1.528477e+00
1851 5.109153e-01 1.584823e+00
1852 5.190000e-01 1.562826e+00
1853 5.258490e-01 1.559985e+00
1854 5.221470e-01 1.562342e+00
1855 5.371213e-01 1.578354e+00
1856 5.469713e-01 1.585076e+00
1857 4.755363e-01 1.586734e+00
1858 4.782779e-01 1.590599e+00
1859 4.736856e-01 1.577484e+00
1860 4.766253e-01 1.576664e+00
1861 4.802257e-01 1.582810e+00
1862 4.810509e-01 1.582502e+00
1863 3.919970e-01 1.579812e+00
1864 3.826082e-01 1.596696e+00
1865 3.819301e-01 1.594057e+00
1866 3.912698e-01 1.577920e+00
1867 3.622164e-01 1.583855e+00
1868 3.628472e-01 1.571555e+00
1869 3.866093e-01 1.558209e+00
1870 3.727571e-01 1.571067e+00
1871 4.211242e-01 1.563240e+00
1872 4.022424e-01 1.581579e+00
1873 2.791334e-01 1.516036e+00
1874 2.932687e-01 1.514655e+00
1875 2.914616e-01 1.516102e+00
1876 3.203333e-01 1.495170e+00
1877 3.362779e-01 1.494621e+00
1878 3.389711e-01 1.495896e+00
1879 3.420052e-01 1.493544e+00
1880 3.447959e-01 1.498173e+00
1881 3.460894e-01 1.496535e+00
1882 3.549046e-01 1.486017e+00
1883 3.584374e-01 1.514759e+00
1884 3.784275e-01 1.522699e+00
1885 3.939495e-01 1.543829e+00
1886 3.932687e-01 1.542493e+00
1887 3.635724e-01 1.508840e+00
1888 3.686268e-01 1.514517e+00
1889 3.683757e-01 1.515165e+00
1890 3.657151e-01 1.506005e+00
1891 3.639841e-01 1.502263e+00
1892 3.954776e-01 1.479466e+00
1893 3.999207e-01 1.457620e+00
1894 4.151803e-01 1.458177e+00
1895 4.143608e-01 1.458190e+00
1896 4.582775e-01 1.453719e+00
1897 4.557280e-01 1.447056e+00
1898 4.573886e-01 1.446907e+00
1899 3.960568e-01 1.465952e+00
1900 3.942057e-01 1.465750e+00
1901 3.874162e-01 1.473599e+00
1902 4.101216e-01 1.479594e+00
1903 4.146329e-01 1.482673e+00
1904 4.202821e-01 1.472705e+00
1905 4.367035e-01 1.477656e+00
1906 4.753677e-01 1.504905e+00
1907 5.186830e-01 1.463658e+00
1908 5.117283e-01 1.470101e+00
1909 5.114122e-01 1.471180e+00
1910 5.089784e-01 1.448700e+00
1911 5.380373e-01 1.435731e+00
1912 5.498339e-01 1.435500e+00
1913 5.507726e-01 1.436298e+00
1914 5.511716e-01 1.441175e+00
1915 5.894666e-01 1.433767e+00
1916 5.962169e-01 1.435801e+00
1917 6.023249e-01 1.443474e+00
1918 5.910971e-01 1.447375e+00
1919 5.959812e-01 1.461990e+00
1920 5.963160e-01 1.460148e+00
1921 5.990237e-01 1.458791e+00
1922 5.938110e-01 1.461263e+00
1923 5.977935e-01 1.461439e+00
1924 6.086705e-01 1.482555e+00
1925 6.063696e-01 1.483566e+00
1926 6.226879e-01 1.501830e+00
1927 6.564490e-01 1.505931e+00
1928 6.657361e-01 1.500322e+00
1929 6.764747e-01 1.495340e+00
1930 6.941004e-01 1.487444e+00
1931 7.002505e-01 1.491131e+00
1932 6.876393e-01 1.474939e+00
1933 6.777649e-01 1.477265e+00
1934 6.510105e-01 1.462246e+00
1935 6.381170e-01 1.431391e+00
1936 6.350947e-01 1.428966e+00
1937 6.359142e-01 1.430088e+00
1938 6.090884e-01 1.432530e+00
1939 6.100370e-01 1.436624e+00
1940 6.104074e-01 1.435519e+00
1941 6.161772e-01 1.415115e+00
1942 6.147594e-01 1.417353e+00
1943 5.709757e-01 1.383107e+00
1944 5.706813e-01 1.383839e+00
1945 5.706613e-01 1.397119e+00
1946 5.739479e-01 1.400381e+00
1947 6.096417e-01 1.354170e+00
1948 6.133467e-01 1.357205e+00
1949 5.942545e-01 1.370952e+00
1950 6.061774e-01 1.394594e+00
1951 6.064314e-01 1.394535e+00
1952 5.809114e-01 1.362969e+00
1953 5.673243e-01 1.357339e+00
1954 5.282082e-01 1.345797e+00
1955 5.317485e-01 1.346838e+00
1956 5.318334e-01 1.345467e+00
1957 5.149824e-01 1.324773e+00
1958 5.328333e-01 1.347760e+00
1959 5.219627e-01 1.357084e+00
1960 5.270177e-01 1.361981e+00
1961 5.218697e-01 1.367758e+00
1962 5.222328e-01 1.370580e+00
1963 4.825706e-01 1.380191e+00
1964 4.848894e-01 1.380396e+00
1965 4.500927e-01 1.380282e+00
1966 4.487156e-01 1.378669e+00
1967 4.490132e-01 1.378827e+00
1968 4.325985e-01 1.360267e+00
1969 4.369280e-01 1.360623e+00
1970 4.453866e-01 1.336141e+00
1971 4.557401e-01 1.340686e+00
1972 4.540194e-01 1.344871e+00
1973 4.615509e-01 1.321009e+00
1974 4.780366e-01 1.319828e+00
1975 4.881733e-01 1.344040e+00
1976 4.887345e-01 1.331249e+00
1977 4.791620e-01 1.296405e+00
1978 4.308752e-01 1.353989e+00
1979 4.398403e-01 1.386993e+00
1980 4.241094e-01 1.393347e+00
1981 4.223148e-01 1.398488e+00
1982 4.184094e-01 1.398368e+00
1983 3.996553e-01 1.406808e+00
1984 3.540991e-01 1.443543e+00
1985 3.589727e-01 1.443492e+00
1986 3.576618e-01 1.435767e+00
1987 3.572915e-01 1.436535e+00
1988 3.467730e-01 1.491504e+00
1989 3.735829e-01 1.480747e+00
1990 3.912077e-01 1.481182e+00
1991 3.969962e-01 1.505371e+00
1992 3.852419e-01 1.522366e+00
1993 3.833651e-01 1.526779e+00
1994 3.936340e-01 1.511245e+00
1995 3.781281e-01 1.502526e+00
1996 3.901141e-01 1.498799e+00
1997 3.864130e-01 1.498009e+00
1998 3.895998e-01 1.511865e+00
1999 3.887583e-01 1.508072e+00
2000 3.910311e-01 1.490656e+00
2001 4.134625e-01 1.505843e+00
2002 4.186472e-01 1.498343e+00
2003 4.229304e-01 1.504804e+00
2004 3.828505e-01 1.565652e+00
2005 3.868474e-01 1.550882e+00
2006 3.551217e-01 1.516367e+00
2007 3.631760e-01 1.481215e+00
2008 3.470882e-01 1.465690e+00
2009 3.131387e-01 1.515248e+00
2010 3.091453e-01 1.517419e+00
2011 3.099937e-01 1.517078e+00
2012 2.985115e-01 1.533360e+00
2013 2.889390e-01 1.536768e+00
2014 2.872160e-01 1.532768e+00
2015 2.411315e-01 1.518066e+00
2016 2.195264e-01 1.509800e+00
2017 2.062631e-01 1.484182e+00
2018 1.573085e-01 1.475473e+00
2019 1.771527e-01 1.455574e+00
2020 1.764956e-01 1.456652e+00
2021 1.768814e-01 1.448025e+00
2022 1.688581e-01 1.471866e+00
2023 2.060238e-01 1.482292e+00
2024 2.094362e-01 1.480466e+00
2025 2.333543e-01 1.505357e+00
2026 1.980342e-01 1.448344e+00
2027 1.969891e-01 1.454686e+00
2028 1.859266e-01 1.441772e+00
2029 1.892120e-01 1.436093e+00
2030 1.901107e-01 1.441615e+00
2031 1.871934e-01 1.444708e+00
2032 1.859654e-01 1.435055e+00
2033 1.706202e-01 1.445628e+00
2034 1.803425e-01 1.455312e+00
2035 1.797476e-01 1.425653e+00
2036 2.351495e-01 1.449384e+00
2037 2.226037e-01 1.455188e+00
2038 2.197575e-01 1.449163e+00
2039 2.244097e-01 1.453130e+00
2040 2.561322e-01 1.388382e+00
2041 2.567703e-01 1.395248e+00
2042 3.209918e-01 1.414763e+00
2043 3.129685e-01 1.409240e+00
2044 3.130890e-01 1.408811e+00
2045 3.199625e-01 1.428986e+00
2046 3.206914e-01 1.441135e+00
2047 3.335790e-01 1.443198e+00
2048 3.308509e-01 1.441572e+00
2049 3.500623e-01 1.445879e+00
2050 3.514965e-01 1.447190e+00
2051 3.874857e-01 1.408654e+00
2052 4.312066e-01 1.439952e+00
2053 4.294521e-01 1.439471e+00
2054 4.328832e-01 1.439078e+00
2055 4.324784e-01 1.450047e+00
2056 4.445131e-01 1.441876e+00
2057 4.773019e-01 1.466988e+00
2058 4.765782e-01 1.490287e+00
2059 4.683546e-01 1.497873e+00
2060 4.684094e-01 1.461112e+00
2061 4.675237e-01 1.460668e+00
2062 4.657790e-01 1.469535e+00
2063 4.227222e-01 1.441622e+00
2064 4.202028e-01 1.468652e+00
2065 4.388191e-01 1.465270e+00
2066 4.313943e-01 1.449117e+00
2067 3.897609e-01 1.493703e+00
2068 4.003552e-01 1.501533e+00
2069 4.221875e-01 1.431641e+00
2070 4.249050e-01 1.428092e+00
2071 3.637898e-01 1.430420e+00
2072 3.836125e-01 1.456363e+00
2073 3.616825e-01 1.404123e+00
2074 3.788425e-01 1.423947e+00
2075 3.417616e-01 1.366763e+00
2076 3.593345e-01 1.392353e+00
2077 3.357161e-01 1.389280e+00
2078 3.537897e-01 1.372686e+00
2079 4.045532e-01 1.345459e+00
2080 4.125091e-01 1.355247e+00
2081 4.191287e-01 1.362049e+00
2082 4.200183e-01 1.364265e+00
2083 4.156080e-01 1.365533e+00
2084 4.253486e-01 1.376739e+00
2085 4.295970e-01 1.381760e+00
2086 4.114195e-01 1.421137e+00
2087 4.262407e-01 1.462511e+00
2088 4.204735e-01 1.464810e+00
2089 4.117068e-01 1.454571e+00
2090 4.144020e-01 1.452064e+00
2091 4.304684e-01 1.477542e+00
2092 4.162502e-01 1.492229e+00
2093 4.217728e-01 1.444745e+00
2094 4.161330e-01 1.383941e+00
2095 4.093878e-01 1.388287e+00
2096 4.079604e-01 1.387299e+00
2097 4.067402e-01 1.386739e+00
2098 4.231022e-01 1.414426e+00
2099 4.231439e-01 1.414335e+00
2100 3.926581e-01 1.415778e+00
2101 4.471988e-01 1.377557e+00
2102 4.446227e-01 1.387943e+00
2103 4.458101e-01 1.389419e+00
2104 4.457456e-01 1.386404e+00
2105 4.374774e-01 1.384668e+00
2106 4.388654e-01 1.383252e+00
2107 4.424948e-01 1.385541e+00
2108 4.424451e-01 1.389161e+00
2109 4.480382e-01 1.390163e+00
2110 4.439122e-01 1.382265e+00
2111 4.354590e-01 1.383530e+00
2112 3.916605e-01 1.303179e+00
2113 3.729629e-01 1.310565e+00
2114 3.790075e-01 1.322097e+00
2115 3.852458e-01 1.316043e+00
2116 3.572148e-01 1.314414e+00
2117 2.909796e-01 1.357824e+00
2118 2.923467e-01 1.359585e+00
2119 2.824263e-01 1.355029e+00
2120 2.584571e-01 1.379104e+00
2121 2.533178e-01 1.373558e+00
2122 2.522598e-01 1.338809e+00
2123 2.690026e-01 1.336203e+00
2124 2.770417e-01 1.345414e+00
2125 2.764166e-01 1.345575e+00
2126 2.780809e-01 1.345235e+00
2127 2.759896e-01 1.353779e+00
2128 2.783422e-01 1.355378e+00
2129 2.777782e-01 1.354229e+00
2130 2.949395e-01 1.378097e+00
2131 2.838463e-01 1.388625e+00
2132 3.085521e-01 1.371582e+00
2133 2.955937e-01 1.377539e+00
2134 3.088005e-01 1.365713e+00
2135 3.068369e-01 1.362162e+00
2136 3.240275e-01 1.347148e+00
2137 3.066583e-01 1.319258e+00
2138 3.113618e-01 1.323292e+00
2139 3.186055e-01 1.331190e+00
2140 3.168606e-01 1.329360e+00
2141 3.098732e-01 1.350190e+00
2142 2.775775e-01 1.361323e+00
2143 2.822759e-01 1.371981e+00
2144 2.831565e-01 1.374770e+00
2145 3.097860e-01 1.375318e+00
2146 3.088362e-01 1.373240e+00
2147 3.101420e-01 1.371073e+00
2148 3.294968e-01 1.386141e+00
2149 3.512739e-01 1.404431e+00
2150 3.481353e-01 1.410287e+00
2151 3.548531e-01 1.414282e+00
2152 3.878245e-01 1.450805e+00
2153 3.932316e-01 1.458536e+00
2154 3.263076e-01 1.453970e+00
2155 3.309423e-01 1.472556e+00
2156 3.073619e-01 1.449787e+00
2157 3.111867e-01 1.455673e+00
2158 3.240173e-01 1.449489e+00
2159 3.156458e-01 1.463642e+00
2160 3.165532e-01 1.467232e+00
2161 3.126823e-01 1.451878e+00
2162 3.117655e-01 1.448135e+00
2163 2.964020e-01 1.480607e+00
2164 3.167085e-01 1.493559e+00
2165 3.166297e-01 1.456744e+00
2166 3.356459e-01 1.444218e+00
2167 3.624698e-01 1.410074e+00
2168 3.911729e-01 1.395936e+00
2169 3.988352e-01 1.370407e+00
2170 4.061503e-01 1.371087e+00
2171 4.009214e-01 1.377775e+00
2172 4.187187e-01 1.385982e+00
2173 4.124383e-01 1.387942e+00
2174 3.961785e-01 1.391258e+00
2175 4.129504e-01 1.407918e+00
2176 4.122809e-01 1.408399e+00
2177 4.117735e-01 1.404401e+00
2178 4.134627e-01 1.410162e+00
2179 4.428868e-01 1.431330e+00
2180 4.457997e-01 1.449555e+00
2181 4.509038e-01 1.450592e+00
2182 4.035650e-01 1.450561e+00
2183 4.003206e-01 1.455029e+00
2184 4.372121e-01 1.387913e+00
2185 4.236249e-01 1.408733e+00
2186 4.332434e-01 1.412260e+00
2187 4.317883e-01 1.412757e+00
2188 4.748398e-01 1.416242e+00
2189 3.499822e-01 1.392750e+00
2190 3.527400e-01 1.391363e+00
2191 3.526334e-01 1.377078e+00
2192 3.523369e-01 1.376648e+00
2193 3.498219e-01 1.376949e+00
2194 3.498526e-01 1.377455e+00
2195 3.213053e-01 1.349408e+00
2196 3.122144e-01 1.342135e+00
2197 3.159772e-01 1.347476e+00
2198 3.170523e-01 1.345958e+00
2199 3.085011e-01 1.331463e+00
2200 3.040255e-01 1.329032e+00
2201 2.838882e-01 1.324976e+00
2202 2.861289e-01 1.323882e+00
2203 2.911729e-01 1.322469e+00
2204 2.738682e-01 1.339864e+00
2205 2.855824e-01 1.334739e+00
2206 2.404470e-01 1.398070e+00
2207 2.394405e-01 1.397793e+00
2208 2.772303e-01 1.362737e+00
2209 3.106278e-01 1.365264e+00
2210 3.149696e-01 1.366817e+00
2211 2.958031e-01 1.390040e+00
2212 2.828638e-01 1.397292e+00
2213 2.780812e-01 1.403725e+00
2214 2.782449e-01 1.403758e+00
2215 2.804425e-01 1.403792e+00
2216 2.781623e-01 1.401025e+00
2217 2.537902e-01 1.390142e+00
2218 2.212442e-01 1.393662e+00
2219 2.212566e-01 1.393651e+00
2220 3.090306e-01 1.386807e+00
2221 3.051566e-01 1.393446e+00
2222 3.024300e-01 1.388652e+00
2223 2.545254e-01 1.380417e+00
2224 2.718128e-01 1.347470e+00
2225 2.875048e-01 1.338979e+00
2226 2.627285e-01 1.335941e+00
2227 3.459967e-01 1.320908e+00
2228 3.489732e-01 1.300581e+00
2229 3.205363e-01 1.332909e+00
2230 3.047717e-01 1.331107e+00
2231 2.840757e-01 1.329595e+00
2232 2.736715e-01 1.338408e+00
2233 2.417495e-01 1.311350e+00
2234 2.380184e-01 1.310817e+00
2235 2.285596e-01 1.337720e+00
2236 2.247260e-01 1.340854e+00
2237 2.134037e-01 1.331297e+00
2238 2.256566e-01 1.385346e+00
2239 2.203977e-01 1.374570e+00
2240 2.205200e-01 1.369492e+00
2241 1.959066e-01 1.358824e+00
2242 1.760184e-01 1.350223e+00
2243 1.725490e-01 1.355094e+00
2244 1.343855e-01 1.335540e+00
2245 1.329229e-01 1.343962e+00
2246 1.318387e-01 1.355248e+00
2247 1.587362e-01 1.377675e+00
2248 1.552782e-01 1.379651e+00
2249 1.597555e-01 1.371723e+00
2250 1.345057e-01 1.396353e+00
2251 1.549099e-01 1.397351e+00
2252 1.702535e-01 1.381915e+00
2253 1.587073e-01 1.371764e+00
2254 1.499296e-01 1.368827e+00
2255 1.378797e-01 1.375506e+00
2256 1.206588e-01 1.375146e+00
2257 1.272251e-01 1.377406e+00
2258 1.598744e-01 1.386585e+00
2259 1.711196e-01 1.385360e+00
2260 1.825309e-01 1.374687e+00
2261 1.717241e-01 1.412721e+00
2262 1.476752e-01 1.429007e+00
2263 1.511516e-01 1.408635e+00
2264 1.483554e-01 1.408963e+00
2265 1.455747e-01 1.409572e+00
2266 1.456683e-01 1.409760e+00
2267 1.436047e-01 1.382956e+00
2268 1.418627e-01 1.392404e+00
2269 1.459222e-01 1.394214e+00
2270 1.479032e-01 1.396064e+00
2271 1.488122e-01 1.394645e+00
2272 1.370025e-01 1.399531e+00
2273 1.364456e-01 1.399451e+00
2274 7.592074e-02 1.386057e+00
2275 8.065606e-02 1.398725e+00
2276 7.969844e-02 1.419480e+00
2277 1.001207e-01 1.407600e+00
2278 1.383403e-01 1.403950e+00
2279 1.489751e-01 1.377865e+00
2280 1.132726e-01 1.363461e+00
2281 7.424934e-02 1.380382e+00
2282 4.873400e-02 1.438766e+00
2283 3.642694e-02 1.436892e+00
2284 5.497651e-02 1.442809e+00
2285 1.143606e-01 1.511108e+00
2286 1.150555e-01 1.513406e+00
2287 1.297570e-01 1.529401e+00
2288 1.300874e-01 1.523889e+00
2289 1.308773e-01 1.526780e+00
2290 1.133485e-01 1.515548e+00
2291 1.081474e-01 1.500595e+00
2292 9.875399e-02 1.486180e+00
2293 1.231442e-01 1.490738e+00
2294 1.175699e-01 1.525034e+00
2295 1.170219e-01 1.524749e+00
2296 1.003494e-01 1.518048e+00
2297 1.235300e-01 1.516164e+00
2298 1.134736e-01 1.508198e+00
2299 1.030705e-01 1.498688e+00
2300 1.042944e-01 1.499011e+00
2301 1.052377e-01 1.500664e+00
2302 1.045184e-01 1.497840e+00
2303 1.042258e-01 1.488000e+00
2304 9.221841e-02 1.438783e+00
2305 9.279758e-02 1.435912e+00
2306 1.479194e-01 1.408006e+00
2307 1.521481e-01 1.408782e+00
2308 1.504133e-01 1.415835e+00
2309 1.412679e-01 1.422289e+00
2310 1.504284e-01 1.434987e+00
2311 1.621966e-01 1.473967e+00
2312 1.699367e-01 1.482821e+00
2313 1.812903e-01 1.471414e+00
2314 1.792663e-01 1.469351e+00
2315 1.132980e-01 1.460064e+00
2316 1.045127e-01 1.454939e+00
2317 1.327054e-01 1.468672e+00
2318 1.309525e-01 1.483291e+00
2319 1.380114e-01 1.446244e+00
2320 1.663241e-01 1.487963e+00
2321 1.552855e-01 1.488248e+00
2322 1.706171e-01 1.492471e+00
2323 1.601935e-01 1.518943e+00
2324 1.857708e-01 1.516364e+00
2325 1.880196e-01 1.517865e+00
2326 1.955262e-01 1.519115e+00
2327 2.005139e-01 1.489085e+00
2328 2.392296e-01 1.539252e+00
2329 2.300093e-01 1.535019e+00
2330 2.305471e-01 1.511662e+00
2331 2.291091e-01 1.510303e+00
2332 2.198351e-01 1.542255e+00
2333 2.373521e-01 1.525596e+00
2334 2.415241e-01 1.530737e+00
2335 2.734620e-01 1.549948e+00
2336 3.238721e-01 1.557590e+00
2337 3.223080e-01 1.556513e+00
2338 3.319393e-01 1.531087e+00
2339 3.671389e-01 1.488116e+00
2340 3.518781e-01 1.478386e+00
2341 3.496864e-01 1.493949e+00
2342 3.805939e-01 1.462083e+00
2343 3.548310e-01 1.464329e+00
2344 3.566216e-01 1.489068e+00
2345 3.568494e-01 1.489078e+00
2346 3.550238e-01 1.490458e+00
2347 3.586382e-01 1.487903e+00
2348 3.755676e-01 1.510639e+00
2349 3.821889e-01 1.508269e+00
2350 3.747093e-01 1.510512e+00
2351 3.558044e-01 1.497703e+00
2352 3.633040e-01 1.510117e+00
2353 3.536071e-01 1.508459e+00
2354 2.961454e-01 1.524121e+00
2355 3.001688e-01 1.530436e+00
2356 3.104811e-01 1.515450e+00
2357 3.302129e-01 1.508221e+00
2358 3.315321e-01 1.502735e+00
2359 3.301568e-01 1.527453e+00
2360 3.386013e-01 1.531103e+00
2361 3.298697e-01 1.539063e+00
2362 3.586451e-01 1.522303e+00
2363 3.578771e-01 1.525572e+00
2364 3.516749e-01 1.545508e+00
2365 3.484933e-01 1.551478e+00
2366 3.487378e-01 1.555792e+00
2367 3.405991e-01 1.564642e+00
2368 3.417098e-01 1.564955e+00
2369 3.320607e-01 1.570082e+00
2370 3.312261e-01 1.569771e+00
2371 3.281903e-01 1.564582e+00
2372 3.189941e-01 1.637310e+00
2373 3.883339e-01 1.682437e+00
2374 3.739864e-01 1.665172e+00
2375 3.718780e-01 1.667908e+00
2376 3.527825e-01 1.650502e+00
2377 3.440681e-01 1.653027e+00
2378 3.422907e-01 1.636862e+00
2379 3.438315e-01 1.637316e+00
2380 3.653420e-01 1.669456e+00
2381 3.682704e-01 1.662646e+00
2382 3.843372e-01 1.623201e+00
2383 4.116547e-01 1.595947e+00
2384 4.152103e-01 1.591226e+00
2385 4.045270e-01 1.601467e+00
2386 4.018481e-01 1.603682e+00
2387 4.285196e-01 1.597197e+00
2388 4.218057e-01 1.594832e+00
2389 4.215543e-01 1.593345e+00
2390 4.180100e-01 1.614980e+00
2391 4.037482e-01 1.620537e+00
2392 4.051967e-01 1.625299e+00
2393 4.359726e-01 1.606741e+00
2394 4.453706e-01 1.617206e+00
2395 4.536373e-01 1.599757e+00
2396 4.567898e-01 1.617514e+00
2397 4.655778e-01 1.625309e+00
2398 4.683387e-01 1.623896e+00
2399 4.684498e-01 1.623886e+00
2400 4.682780e-01 1.623919e+00
2401 5.052108e-01 1.627224e+00
2402 5.021516e-01 1.636700e+00
2403 5.038269e-01 1.622529e+00
2404 5.387337e-01 1.612671e+00
2405 5.333907e-01 1.622257e+00
2406 5.338241e-01 1.620813e+00
2407 5.169932e-01 1.600856e+00
2408 5.057342e-01 1.597941e+00
2409 5.056306e-01 1.599390e+00
2410 4.999651e-01 1.656957e+00
2411 4.993227e-01 1.646491e+00
2412 5.009015e-01 1.649277e+00
2413 5.006571e-01 1.648202e+00
2414 4.903906e-01 1.692079e+00
2415 5.007193e-01 1.719603e+00
2416 5.236374e-01 1.667565e+00
2417 5.315828e-01 1.649525e+00
2418 4.815836e-01 1.661383e+00
2419 4.808422e-01 1.663963e+00
2420 4.809187e-01 1.664209e+00
2421 4.797775e-01 1.681686e+00
2422 4.785341e-01 1.682639e+00
2423 5.023476e-01 1.688580e+00
2424 5.002079e-01 1.688714e+00
2425 4.992124e-01 1.668882e+00
2426 5.010075e-01 1.665125e+00
2427 5.026802e-01 1.667042e+00
2428 4.752934e-01 1.611152e+00
2429 4.840556e-01 1.603038e+00
2430 4.857622e-01 1.601023e+00
2431 4.836381e-01 1.600308e+00
2432 4.874506e-01 1.602568e+00
2433 4.900099e-01 1.579104e+00
2434 4.889851e-01 1.578247e+00
2435 4.775700e-01 1.582981e+00
2436 4.673873e-01 1.591794e+00
2437 4.362188e-01 1.593699e+00
2438 4.346985e-01 1.605152e+00
2439 4.517525e-01 1.652916e+00
2440 4.518457e-01 1.652858e+00
2441 4.568048e-01 1.637506e+00
2442 4.593306e-01 1.635998e+00
2443 4.454570e-01 1.654696e+00
2444 4.444488e-01 1.654450e+00
2445 4.210234e-01 1.690037e+00
2446 3.817474e-01 1.689558e+00
2447 4.100344e-01 1.648603e+00
2448 3.730638e-01 1.697875e+00
2449 3.747128e-01 1.678801e+00
2450 3.841775e-01 1.702207e+00
2451 3.839999e-01 1.702516e+00
2452 3.777159e-01 1.708361e+00
2453 3.679713e-01 1.728546e+00
2454 3.816779e-01 1.737708e+00
2455 4.496895e-01 1.778749e+00
2456 4.577231e-01 1.789341e+00
2457 4.003828e-01 1.760539e+00
2458 4.002296e-01 1.760322e+00
2459 4.020877e-01 1.763075e+00
2460 3.932384e-01 1.763751e+00
2461 3.996331e-01 1.769451e+00
2462 3.819944e-01 1.784098e+00
2463 3.325821e-01 1.791719e+00
2464 3.357265e-01 1.793028e+00
2465 3.348625e-01 1.795075e+00
2466 3.080471e-01 1.802217e+00
2467 3.081164e-01 1.780698e+00
2468 3.096493e-01 1.822074e+00
2469 2.937669e-01 1.824369e+00
2470 2.615601e-01 1.813316e+00
2471 2.633630e-01 1.813921e+00
2472 2.409678e-01 1.786895e+00
2473 2.567236e-01 1.779540e+00
2474 2.788914e-01 1.761558e+00
2475 2.793800e-01 1.782223e+00
2476 2.759834e-01 1.790033e+00
2477 3.028938e-01 1.789927e+00
2478 3.048635e-01 1.783913e+00
2479 3.046354e-01 1.783815e+00
2480 3.047128e-01 1.783757e+00
2481 3.063686e-01 1.783997e+00
2482 3.374017e-01 1.792190e+00
2483 3.400316e-01 1.787839e+00
2484 3.476400e-01 1.796806e+00
2485 3.713311e-01 1.816820e+00
2486 3.484700e-01 1.822894e+00
2487 3.567627e-01 1.848536e+00
2488 3.584117e-01 1.851866e+00
2489 3.304380e-01 1.847329e+00
2490 3.238874e-01 1.829738e+00
2491 3.238801e-01 1.829747e+00
2492 3.204762e-01 1.814889e+00
2493 3.252139e-01 1.846067e+00
2494 3.191926e-01 1.833487e+00
2495 3.255304e-01 1.811500e+00
2496 3.046166e-01 1.808711e+00
2497 2.644868e-01 1.853476e+00
2498 2.028520e-01 1.897378e+00
2499 1.987499e-01 1.882806e+00
2500 1.987707e-01 1.883489e+00
2501 2.018321e-01 1.909548e+00
2502 2.060442e-01 1.907198e+00
2503 2.070179e-01 1.903716e+00
2504 2.063839e-01 1.913581e+00
2505 1.984852e-01 1.918739e+00
2506 2.058683e-01 1.917005e+00
2507 1.912257e-01 1.920315e+00
2508 1.845954e-01 1.925702e+00
2509 1.861322e-01 1.916123e+00
2510 1.690694e-01 1.912406e+00
2511 1.270694e-01 1.922739e+00
2512 1.212894e-01 1.903098e+00
2513 1.221379e-01 1.920929e+00
2514 1.221713e-01 1.920719e+00
2515 1.176931e-01 1.924777e+00
2516 1.294934e-01 1.955668e+00
2517 1.548556e-01 1.959611e+00
2518 1.580875e-01 1.961288e+00
2519 1.592229e-01 1.962083e+00
2520 1.688567e-01 1.970120e+00
2521 1.654762e-01 1.965234e+00
2522 1.693741e-01 1.949054e+00
2523 1.605331e-01 1.944409e+00
2524 1.946991e-01 1.928143e+00
2525 2.061268e-01 1.911625e+00
2526 2.218304e-01 1.932808e+00
2527 2.212657e-01 2.005227e+00
2528 2.131076e-01 2.020071e+00
2529 2.188502e-01 2.006771e+00
2530 2.254524e-01 2.008234e+00
2531 2.207669e-01 2.005531e+00
2532 2.125321e-01 2.006828e+00
2533 1.938821e-01 1.993031e+00
2534 2.101102e-01 1.983307e+00
2535 2.105833e-01 1.985140e+00
2536 2.206493e-01 1.952381e+00
2537 2.074281e-01 1.949200e+00
2538 2.082479e-01 1.948978e+00
2539 2.061759e-01 1.946344e+00
2540 2.324528e-01 1.927597e+00
2541 2.408426e-01 1.927085e+00
2542 2.030277e-01 1.897735e+00
2543 2.031622e-01 1.900100e+00
2544 2.051829e-01 1.886552e+00
2545 2.234369e-01 1.908126e+00
2546 2.312852e-01 1.908111e+00
2547 2.419158e-01 1.894156e+00
2548 2.028243e-01 1.925562e+00
2549 1.840990e-01 1.901551e+00
2550 1.811522e-01 1.898396e+00
2551 1.703595e-01 1.911307e+00
2552 1.734343e-01 1.911270e+00
2553 1.730620e-01 1.905868e+00
2554 1.814547e-01 1.926436e+00
2555 2.319989e-01 1.941572e+00
2556 2.311372e-01 1.923392e+00
2557 2.263181e-01 1.926722e+00
2558 2.273018e-01 1.927776e+00
2559 2.092097e-01 1.910201e+00
2560 2.171724e-01 1.923892e+00
2561 2.668222e-01 1.946972e+00
2562 2.654704e-01 1.943788e+00
2563 2.593179e-01 1.941778e+00
2564 2.717127e-01 1.939901e+00
2565 2.515993e-01 1.943737e+00
2566 2.756129e-01 1.956038e+00
2567 2.758433e-01 1.956554e+00
2568 2.792040e-01 1.953658e+00
2569 2.891224e-01 1.959392e+00
2570 2.744011e-01 1.957111e+00
2571 2.830445e-01 1.979276e+00
2572 2.941543e-01 1.967792e+00
2573 3.087726e-01 1.954356e+00
2574 3.083939e-01 1.967618e+00
2575 3.022659e-01 1.959322e+00
2576 3.090867e-01 1.960812e+00
2577 3.097935e-01 1.960645e+00
2578 3.129494e-01 1.960614e+00
2579 3.211715e-01 1.975551e+00
2580 3.059045e-01 1.982434e+00
2581 3.283313e-01 1.982050e+00
2582 3.292242e-01 1.960880e+00
2583 2.712511e-01 1.976637e+00
2584 2.698670e-01 1.974686e+00
2585 2.697141e-01 1.975020e+00
2586 2.262551e-01 1.991371e+00
2587 2.245901e-01 1.986167e+00
2588 2.241148e-01 1.985930e+00
2589 2.438229e-01 1.976777e+00
2590 2.477678e-01 1.959486e+00
2591 2.299645e-01 2.013949e+00
2592 2.333826e-01 2.006567e+00
2593 2.280480e-01 1.998722e+00
2594 2.129974e-01 2.016312e+00
2595 1.766753e-01 2.010137e+00
2596 1.748900e-01 2.009105e+00
2597 2.167690e-01 2.054099e+00
2598 2.322114e-01 2.044509e+00
2599 2.357623e-01 2.038146e+00
2600 2.483555e-01 2.053687e+00
2601 2.478634e-01 2.053937e+00
2602 2.487079e-01 2.054983e+00
2603 2.472835e-01 2.050135e+00
2604 2.885264e-01 2.090478e+00
2605 2.840616e-01 2.089242e+00
2606 3.166025e-01 2.114058e+00
2607 3.282522e-01 2.138210e+00
2608 3.311403e-01 2.119865e+00
2609 3.321454e-01 2.126603e+00
2610 3.349579e-01 2.118087e+00
2611 3.339188e-01 2.124038e+00
2612 3.582343e-01 2.064773e+00
2613 3.617195e-01 2.065915e+00
2614 4.083095e-01 2.125282e+00
2615 4.165083e-01 2.125516e+00
2616 4.430950e-01 2.157780e+00
2617 4.476029e-01 2.156804e+00
2618 4.442069e-01 2.156245e+00
2619 4.359320e-01 2.109248e+00
2620 4.347700e-01 2.106858e+00
2621 4.403215e-01 2.112694e+00
2622 4.394425e-01 2.120408e+00
2623 4.447360e-01 2.125272e+00
2624 4.434015e-01 2.069385e+00
2625 5.119025e-01 2.095326e+00
2626 6.298076e-01 2.054275e+00
2627 6.159930e-01 2.103357e+00
2628 6.268244e-01 2.104244e+00
2629 6.296154e-01 2.102554e+00
2630 6.466302e-01 2.120709e+00
2631 6.485623e-01 2.119267e+00
2632 6.487340e-01 2.118002e+00
2633 6.634589e-01 2.114753e+00
2634 6.414563e-01 2.136014e+00
2635 5.566448e-01 2.020186e+00
2636 4.634312e-01 2.076138e+00
2637 4.668740e-01 2.079064e+00
2638 4.223362e-01 2.095657e+00
2639 4.280949e-01 2.096568e+00
2640 4.243734e-01 2.104017e+00
2641 4.234156e-01 2.102424e+00
2642 4.204269e-01 2.102359e+00
2643 3.961200e-01 2.124571e+00
2644 4.117741e-01 2.129336e+00
2645 3.986834e-01 2.132272e+00
2646 4.230535e-01 2.111556e+00
2647 4.212518e-01 2.119843e+00
2648 3.969855e-01 2.115009e+00
2649 3.989218e-01 2.111337e+00
2650 4.032824e-01 2.138713e+00
2651 4.017311e-01 2.141211e+00
2652 3.987550e-01 2.142846e+00
2653 3.861000e-01 2.114919e+00
2654 3.976157e-01 2.128851e+00
2655 3.905077e-01 2.132027e+00
2656 4.004629e-01 2.122597e+00
2657 4.062582e-01 2.109830e+00
2658 3.990148e-01 2.100824e+00
2659 4.011080e-01 2.098055e+00
2660 4.036362e-01 2.105475e+00
2661 4.258654e-01 2.114310e+00
2662 4.286294e-01 2.116744e+00
2663 3.791982e-01 2.154141e+00
2664 3.450699e-01 2.165136e+00
2665 3.484068e-01 2.151036e+00
2666 3.377289e-01 2.159158e+00
2667 3.351677e-01 2.173550e+00
2668 3.390338e-01 2.167861e+00
2669 3.491877e-01 2.207456e+00
2670 3.508115e-01 2.196614e+00
2671 3.409541e-01 2.236556e+00
2672 3.412492e-01 2.236518e+00
2673 3.122096e-01 2.244565e+00
2674 3.192990e-01 2.233680e+00
2675 2.948575e-01 2.244246e+00
2676 3.102319e-01 2.261432e+00
2677 2.996085e-01 2.254119e+00
2678 3.066236e-01 2.258702e+00
2679 3.554550e-01 2.262477e+00
2680 3.694228e-01 2.250111e+00
2681 3.618250e-01 2.255688e+00
2682 3.645750e-01 2.235635e+00
2683 3.669918e-01 2.233062e+00
2684 3.843955e-01 2.177828e+00
2685 4.078971e-01 2.128533e+00
2686 4.100209e-01 2.129046e+00
2687 3.994983e-01 2.132287e+00
2688 3.799264e-01 2.091007e+00
2689 4.046773e-01 2.066493e+00
2690 3.982971e-01 2.054685e+00
2691 4.099743e-01 2.057599e+00
2692 4.170178e-01 2.050531e+00
2693 4.260292e-01 2.038465e+00
2694 4.207392e-01 2.030850e+00
2695 3.838882e-01 2.030627e+00
2696 3.836817e-01 2.030716e+00
2697 3.712516e-01 2.025799e+00
2698 3.699414e-01 2.019146e+00
2699 3.723195e-01 2.012393e+00
2700 3.513917e-01 2.011504e+00
2701 3.463323e-01 2.006165e+00
2702 3.271590e-01 1.993102e+00
2703 3.055333e-01 2.003464e+00
2704 3.150918e-01 2.028887e+00
2705 3.132124e-01 2.022669e+00
2706 3.273776e-01 2.023661e+00
2707 3.598243e-01 1.988287e+00
2708 3.574226e-01 2.027115e+00
2709 3.569266e-01 2.014164e+00
2710 3.539683e-01 1.997402e+00
2711 3.293622e-01 2.029237e+00
2712 2.608207e-01 2.031065e+00
2713 2.565948e-01 2.029260e+00
2714 2.551244e-01 2.018720e+00
2715 2.658993e-01 2.020703e+00
2716 2.746304e-01 2.067378e+00
2717 2.772331e-01 2.070294e+00
2718 2.537151e-01 2.056291e+00
2719 2.625216e-01 2.035655e+00
2720 2.589963e-01 2.036965e+00
2721 2.595928e-01 2.037989e+00
2722 2.617888e-01 2.049396e+00
2723 2.564632e-01 2.054556e+00
2724 2.397737e-01 2.063435e+00
2725 2.475361e-01 2.062658e+00
2726 2.618314e-01 2.054134e+00
2727 2.596046e-01 2.049005e+00
2728 2.702713e-01 2.044194e+00
2729 2.684778e-01 2.038779e+00
2730 2.754785e-01 2.097169e+00
2731 2.805879e-01 2.087033e+00
2732 2.696250e-01 2.097456e+00
2733 2.627559e-01 2.146374e+00
2734 2.443686e-01 2.152625e+00
2735 2.474794e-01 2.152021e+00
2736 3.533108e-01 2.148524e+00
2737 3.667656e-01 2.163908e+00
2738 3.655391e-01 2.148331e+00
2739 3.602598e-01 2.145454e+00
2740 3.647214e-01 2.100266e+00
2741 3.646439e-01 2.100151e+00
2742 3.641817e-01 2.098464e+00
2743 3.661259e-01 2.103677e+00
2744 3.654730e-01 2.104228e+00
2745 3.943946e-01 2.073960e+00
2746 3.950907e-01 2.074599e+00
2747 3.825172e-01 2.077310e+00
2748 3.467102e-01 2.071440e+00
2749 3.433302e-01 2.067636e+00
2750 3.391294e-01 2.065928e+00
2751 3.328128e-01 2.069621e+00
2752 3.445074e-01 2.055149e+00
2753 3.303444e-01 2.058580e+00
2754 3.073111e-01 2.032572e+00
2755 3.276997e-01 2.092152e+00
2756 3.628582e-01 2.079807e+00
2757 3.682231e-01 2.093828e+00
2758 3.672450e-01 2.091882e+00
2759 3.903593e-01 2.112631e+00
2760 3.870771e-01 2.095777e+00
2761 3.871306e-01 2.095374e+00
2762 3.869839e-01 2.095430e+00
2763 4.263442e-01 2.093774e+00
2764 4.219875e-01 2.094316e+00
2765 4.118129e-01 2.110419e+00
2766 4.201818e-01 2.137032e+00
2767 3.864940e-01 2.147610e+00
2768 3.856022e-01 2.145714e+00
2769 3.931691e-01 2.150657e+00
2770 3.599754e-01 2.126636e+00
2771 3.630389e-01 2.132077e+00
2772 3.447799e-01 2.154959e+00
2773 3.443263e-01 2.158014e+00
2774 3.370045e-01 2.184103e+00
2775 3.312282e-01 2.176916e+00
2776 3.335430e-01 2.177806e+00
2777 3.682540e-01 2.193868e+00
2778 3.717857e-01 2.185495e+00
2779 3.520571e-01 2.176284e+00
2780 3.512163e-01 2.187894e+00
2781 3.727170e-01 2.198145e+00
2782 3.702973e-01 2.204011e+00
2783 2.982868e-01 2.207080e+00
2784 3.053863e-01 2.188462e+00
2785 2.954154e-01 2.190252e+00
2786 3.072670e-01 2.177538e+00
2787 3.114485e-01 2.177289e+00
2788 3.105696e-01 2.176485e+00
2789 3.126612e-01 2.178633e+00
2790 3.166859e-01 2.166745e+00
2791 3.093063e-01 2.190112e+00
2792 3.097767e-01 2.190138e+00
2793 3.142038e-01 2.196330e+00
2794 3.348948e-01 2.195403e+00
2795 3.454421e-01 2.191561e+00
2796 3.433464e-01 2.210813e+00
2797 3.473752e-01 2.178086e+00
2798 3.065172e-01 2.149973e+00
2799 3.037578e-01 2.146719e+00
2800 3.025692e-01 2.133092e+00
2801 3.015135e-01 2.121372e+00
2802 2.953328e-01 2.116872e+00
2803 2.915230e-01 2.118925e+00
2804 2.879039e-01 2.117295e+00
2805 2.865207e-01 2.094566e+00
2806 2.854603e-01 2.093197e+00
2807 2.946783e-01 2.072237e+00
2808 2.827016e-01 2.074821e+00
2809 2.843107e-01 2.073434e+00
2810 2.878362e-01 2.079488e+00
2811 2.725379e-01 2.078390e+00
2812 2.778195e-01 2.097095e+00
2813 2.655946e-01 2.097709e+00
2814 2.151863e-01 2.126131e+00
2815 2.423088e-01 2.117321e+00
2816 2.316604e-01 2.122410e+00
2817 2.335473e-01 2.126464e+00
2818 2.715616e-01 2.208145e+00
2819 3.445546e-01 2.217996e+00
2820 3.441220e-01 2.224748e+00
2821 3.390437e-01 2.225254e+00
2822 3.396331e-01 2.225145e+00
2823 3.402564e-01 2.224989e+00
2824 3.023114e-01 2.207310e+00
2825 3.172716e-01 2.200468e+00
2826 3.115252e-01 2.203744e+00
2827 2.893798e-01 2.208910e+00
2828 2.887305e-01 2.211882e+00
2829 2.905390e-01 2.210958e+00
2830 3.154021e-01 2.215819e+00
2831 3.609608e-01 2.206508e+00
2832 3.872529e-01 2.210592e+00
2833 3.831311e-01 2.209964e+00
2834 3.983769e-01 2.208646e+00
2835 3.994935e-01 2.208983e+00
2836 3.481866e-01 2.219397e+00
2837 3.478361e-01 2.218936e+00
2838 3.439893e-01 2.207506e+00
2839 3.479584e-01 2.201611e+00
2840 3.479526e-01 2.201641e+00
2841 3.497241e-01 2.202449e+00
2842 3.790606e-01 2.178812e+00
2843 3.789083e-01 2.178766e+00
2844 3.876847e-01 2.190033e+00
2845 4.107455e-01 2.199193e+00
2846 4.064870e-01 2.195736e+00
2847 4.606219e-01 2.172917e+00
2848 4.519298e-01 2.178015e+00
2849 4.036245e-01 2.194306e+00
2850 4.110042e-01 2.198034e+00
2851 4.236717e-01 2.229099e+00
2852 4.272736e-01 2.237340e+00
2853 4.240382e-01 2.240554e+00
2854 4.139430e-01 2.226235e+00
2855 4.188186e-01 2.241411e+00
2856 4.436670e-01 2.257871e+00
2857 4.544284e-01 2.263608e+00
2858 4.901639e-01 2.311961e+00
2859 4.983927e-01 2.306868e+00
2860 5.374512e-01 2.323038e+00
2861 5.109083e-01 2.317532e+00
2862 4.899030e-01 2.301118e+00
2863 4.849030e-01 2.379779e+00
2864 4.862322e-01 2.385101e+00
2865 5.122744e-01 2.372704e+00
2866 5.117799e-01 2.373725e+00
2867 5.070195e-01 2.366191e+00
2868 4.432034e-01 2.296182e+00
2869 4.032345e-01 2.287790e+00
2870 3.993443e-01 2.334215e+00
2871 4.047728e-01 2.340780e+00
2872 3.831413e-01 2.363540e+00
2873 3.740565e-01 2.350642e+00
2874 3.846328e-01 2.387858e+00
2875 3.784311e-01 2.385337e+00
2876 3.829984e-01 2.381660e+00
2877 4.097156e-01 2.405008e+00
2878 4.370917e-01 2.391206e+00
2879 4.307655e-01 2.378008e+00
2880 4.288753e-01 2.377040e+00
2881 4.773092e-01 2.311830e+00
2882 4.685202e-01 2.311695e+00
2883 4.925959e-01 2.338638e+00
2884 4.909411e-01 2.347997e+00
2885 5.301841e-01 2.337397e+00
2886 5.208375e-01 2.353214e+00
2887 5.304411e-01 2.343563e+00
2888 5.402434e-01 2.320324e+00
2889 5.414267e-01 2.318352e+00
2890 5.432693e-01 2.308074e+00
2891 5.730562e-01 2.285985e+00
2892 5.675672e-01 2.330097e+00
2893 5.970720e-01 2.299529e+00
2894 5.860904e-01 2.306495e+00
2895 5.745312e-01 2.286155e+00
2896 5.443629e-01 2.296635e+00
2897 5.323166e-01 2.304554e+00
2898 5.330020e-01 2.302755e+00
2899 5.499924e-01 2.305024e+00
2900 5.444646e-01 2.313075e+00
2901 5.342225e-01 2.300487e+00
2902 5.087493e-01 2.325397e+00
2903 5.092790e-01 2.325084e+00
2904 5.056475e-01 2.323851e+00
2905 4.555096e-01 2.321728e+00
2906 4.590197e-01 2.333566e+00
2907 4.690767e-01 2.322690e+00
2908 4.546539e-01 2.316055e+00
2909 3.932650e-01 2.322353e+00
2910 3.952092e-01 2.324742e+00
2911 3.848735e-01 2.320786e+00
2912 3.795366e-01 2.314707e+00
2913 3.889303e-01 2.267017e+00
2914 3.855367e-01 2.275857e+00
2915 3.683319e-01 2.262576e+00
2916 3.416087e-01 2.304571e+00
2917 3.402958e-01 2.307970e+00
2918 3.462007e-01 2.308127e+00
2919 3.523128e-01 2.422850e+00
2920 3.384056e-01 2.436951e+00
2921 3.040457e-01 2.465362e+00
2922 2.203327e-01 2.428779e+00
2923 2.354686e-01 2.479242e+00
2924 2.367998e-01 2.480335e+00
2925 2.397976e-01 2.493306e+00
2926 2.414710e-01 2.494015e+00
2927 2.441930e-01 2.491529e+00
2928 2.338603e-01 2.524268e+00
2929 2.336904e-01 2.524111e+00
2930 2.348068e-01 2.522670e+00
2931 2.255050e-01 2.521727e+00
2932 2.510451e-01 2.533504e+00
2933 2.561869e-01 2.530483e+00
2934 2.640996e-01 2.525075e+00
2935 2.756586e-01 2.521075e+00
2936 2.520583e-01 2.508933e+00
2937 2.686906e-01 2.522519e+00
2938 2.599881e-01 2.522584e+00
2939 2.596697e-01 2.528414e+00
2940 2.956183e-01 2.563705e+00
2941 3.029921e-01 2.566183e+00
2942 2.623851e-01 2.588311e+00
2943 2.458036e-01 2.594926e+00
2944 2.397222e-01 2.614669e+00
2945 2.460232e-01 2.585157e+00
2946 2.517640e-01 2.582189e+00
2947 2.518794e-01 2.582236e+00
2948 2.517014e-01 2.581910e+00
2949 2.274464e-01 2.573891e+00
2950 2.303536e-01 2.570778e+00
2951 2.344010e-01 2.565390e+00
2952 2.557549e-01 2.557766e+00
2953 2.559412e-01 2.556240e+00
2954 2.577101e-01 2.561308e+00
2955 2.963778e-01 2.549084e+00
2956 3.352868e-01 2.541793e+00
2957 3.334950e-01 2.541714e+00
2958 3.015696e-01 2.540406e+00
2959 2.724268e-01 2.522624e+00
2960 2.801097e-01 2.519013e+00
2961 3.123224e-01 2.494371e+00
2962 3.125421e-01 2.494218e+00
2963 3.269839e-01 2.483121e+00
2964 3.419325e-01 2.503294e+00
2965 3.413656e-01 2.544416e+00
2966 3.278454e-01 2.555015e+00
2967 3.239084e-01 2.552300e+00
2968 2.601413e-01 2.616756e+00
2969 2.563732e-01 2.614703e+00
2970 2.789904e-01 2.631507e+00
2971 2.746434e-01 2.646488e+00
2972 2.968682e-01 2.664851e+00
2973 2.886288e-01 2.661080e+00
2974 2.896764e-01 2.674702e+00
2975 2.894789e-01 2.697319e+00
2976 2.631704e-01 2.689760e+00
2977 2.682801e-01 2.697681e+00
2978 2.670988e-01 2.700359e+00
2979 2.665950e-01 2.700225e+00
2980 3.050925e-01 2.673941e+00
2981 3.053921e-01 2.676309e+00
2982 3.049288e-01 2.677019e+00
2983 2.979404e-01 2.658218e+00
2984 2.910531e-01 2.653517e+00
2985 2.950377e-01 2.653658e+00
2986 2.964731e-01 2.648377e+00
2987 3.277209e-01 2.654736e+00
2988 3.202532e-01 2.669095e+00
2989 3.181367e-01 2.673671e+00
2990 3.211350e-01 2.674402e+00
2991 3.271779e-01 2.684311e+00
2992 2.965691e-01 2.678154e+00
2993 3.033057e-01 2.676731e+00
2994 2.923604e-01 2.677153e+00
2995 2.843917e-01 2.809605e+00
2996 2.964285e-01 2.747887e+00
2997 3.185136e-01 2.748201e+00
2998 3.207520e-01 2.752750e+00
2999 3.412461e-01 2.762640e+00
3000 3.082735e-01 2.750980e+00
3001 3.303825e-01 2.745727e+00
3002 3.270357e-01 2.744454e+00
3003 3.585321e-01 2.707882e+00
3004 3.578476e-01 2.705289e+00
3005 3.544661e-01 2.690123e+00
3006 3.240080e-01 2.682125e+00
3007 3.310934e-01 2.665501e+00
3008 3.378993e-01 2.684421e+00
3009 3.389806e-01 2.681324e+00
3010 3.483498e-01 2.701847e+00
3011 3.494304e-01 2.690583e+00
3012 3.588205e-01 2.697508e+00
3013 4.018945e-01 2.680409e+00
3014 4.000961e-01 2.704019e+00
3015 3.991456e-01 2.703528e+00
3016 4.031513e-01 2.700808e+00
3017 4.006560e-01 2.700164e+00
3018 4.151212e-01 2.725564e+00
3019 4.152593e-01 2.724718e+00
3020 4.275709e-01 2.713781e+00
3021 4.495374e-01 2.716994e+00
3022 4.122294e-01 2.686756e+00
3023 4.106357e-01 2.684833e+00
3024 4.226011e-01 2.684956e+00
3025 4.312978e-01 2.680228e+00
3026 4.266402e-01 2.677185e+00
3027 4.202604e-01 2.701206e+00
3028 4.205960e-01 2.703054e+00
3029 4.163637e-01 2.679804e+00
3030 4.135727e-01 2.664032e+00
3031 4.158689e-01 2.663257e+00
3032 4.311099e-01 2.681445e+00
3033 4.320940e-01 2.667847e+00
3034 4.150456e-01 2.699141e+00
3035 4.151258e-01 2.699125e+00
3036 4.205191e-01 2.699269e+00
3037 3.749023e-01 2.725356e+00
3038 3.804455e-01 2.734974e+00
3039 4.054837e-01 2.721140e+00
3040 4.023030e-01 2.708823e+00
3041 3.871051e-01 2.750622e+00
3042 3.783018e-01 2.757392e+00
3043 3.699310e-01 2.757367e+00
3044 3.783782e-01 2.761945e+00
3045 3.817060e-01 2.771837e+00
3046 3.763236e-01 2.777106e+00
3047 3.813759e-01 2.750074e+00
3048 3.907074e-01 2.735059e+00
3049 3.915245e-01 2.734305e+00
3050 3.901253e-01 2.736497e+00
3051 3.927266e-01 2.733897e+00
3052 3.988272e-01 2.733349e+00
3053 3.996028e-01 2.743399e+00
3054 3.764100e-01 2.772275e+00
3055 4.080036e-01 2.750391e+00
3056 4.283314e-01 2.730593e+00
3057 4.234318e-01 2.732889e+00
3058 4.279870e-01 2.739702e+00
3059 4.275145e-01 2.726421e+00
3060 4.275377e-01 2.731853e+00
3061 4.514684e-01 2.776043e+00
3062 4.530282e-01 2.794381e+00
3063 4.645773e-01 2.789219e+00
3064 4.499320e-01 2.783145e+00
3065 4.471605e-01 2.770175e+00
3066 4.470029e-01 2.770250e+00
3067 4.470265e-01 2.770141e+00
3068 4.151982e-01 2.768813e+00
3069 4.013609e-01 2.777821e+00
3070 3.606809e-01 2.776176e+00
3071 3.594210e-01 2.774181e+00
3072 3.595089e-01 2.778848e+00
3073 3.586831e-01 2.782117e+00
3074 3.528858e-01 2.761942e+00
3075 3.734306e-01 2.799566e+00
3076 3.809004e-01 2.799779e+00
3077 3.762059e-01 2.797443e+00
3078 3.783301e-01 2.798398e+00
3079 3.853226e-01 2.795777e+00
3080 4.028259e-01 2.774629e+00
3081 4.026015e-01 2.774613e+00
3082 3.957600e-01 2.801240e+00
3083 3.683812e-01 2.790910e+00
3084 3.677577e-01 2.814258e+00
3085 3.613717e-01 2.813685e+00
3086 3.595059e-01 2.814930e+00
3087 3.974314e-01 2.865851e+00
3088 3.908262e-01 2.865267e+00
3089 3.949329e-01 2.887116e+00
3090 4.251552e-01 2.879341e+00
3091 4.348268e-01 2.898913e+00
3092 4.418818e-01 2.892060e+00
3093 4.389961e-01 2.890708e+00
3094 4.295474e-01 2.889527e+00
3095 4.788751e-01 2.844445e+00
3096 4.916763e-01 2.836539e+00
3097 5.261164e-01 2.782696e+00
3098 5.080514e-01 2.832183e+00
3099 5.388842e-01 2.821592e+00
3100 5.390640e-01 2.821505e+00
3101 5.534031e-01 2.825371e+00
3102 5.478033e-01 2.828462e+00
3103 5.874213e-01 2.830468e+00
3104 6.559347e-01 2.816603e+00
3105 6.679592e-01 2.817407e+00
3106 6.677655e-01 2.817003e+00
3107 6.642978e-01 2.801574e+00
3108 6.656770e-01 2.811373e+00
3109 6.800062e-01 2.816982e+00
3110 6.621658e-01 2.851018e+00
3111 6.683058e-01 2.872675e+00
3112 6.679481e-01 2.873714e+00
3113 6.738615e-01 2.875395e+00
3114 6.916794e-01 2.871536e+00
3115 6.918329e-01 2.871544e+00
3116 6.427002e-01 2.872732e+00
3117 6.401133e-01 2.888599e+00
3118 6.505256e-01 2.880523e+00
3119 6.470197e-01 2.878584e+00
3120 6.339551e-01 2.877074e+00
3121 6.433058e-01 2.839149e+00
3122 6.068312e-01 2.778591e+00
3123 6.524040e-01 2.759812e+00
3124 6.471369e-01 2.772090e+00
3125 6.650519e-01 2.784071e+00
3126 6.896734e-01 2.794867e+00
3127 6.994773e-01 2.799236e+00
3128 6.900127e-01 2.804379e+00
3129 6.865086e-01 2.793570e+00
3130 7.020208e-01 2.791062e+00
3131 7.394029e-01 2.822074e+00
3132 7.418968e-01 2.830905e+00
3133 7.229520e-01 2.854531e+00
3134 7.221956e-01 2.855077e+00
3135 7.219384e-01 2.854752e+00
3136 7.187202e-01 2.852599e+00
3137 7.199460e-01 2.856418e+00
3138 7.208055e-01 2.855788e+00
3139 7.186468e-01 2.849145e+00
3140 6.957375e-01 2.873612e+00
3141 6.952787e-01 2.872127e+00
3142 6.984580e-01 2.871888e+00
3143 6.721758e-01 2.852563e+00
3144 6.999138e-01 2.850253e+00
3145 6.918460e-01 2.841508e+00
3146 6.863405e-01 2.839822e+00
3147 7.331169e-01 2.853381e+00
3148 7.361574e-01 2.849163e+00
3149 7.374501e-01 2.849207e+00
3150 7.361940e-01 2.857253e+00
3151 7.232540e-01 2.870303e+00
3152 7.190526e-01 2.872402e+00
3153 7.062716e-01 2.885424e+00
3154 7.114177e-01 2.891326e+00
3155 6.914360e-01 2.905622e+00
3156 6.943692e-01 2.911674e+00
3157 6.810407e-01 2.897757e+00
3158 6.804074e-01 2.898130e+00
3159 6.777881e-01 2.891495e+00
3160 6.855978e-01 2.923977e+00
3161 6.881683e-01 2.923095e+00
3162 6.878596e-01 2.923307e+00
3163 6.875945e-01 2.920511e+00
3164 6.883362e-01 2.916506e+00
3165 6.654572e-01 2.934892e+00
3166 6.693921e-01 2.934694e+00
3167 6.895102e-01 2.939114e+00
3168 6.923302e-01 2.949778e+00
3169 6.962481e-01 2.956043e+00
3170 6.911599e-01 2.959148e+00
3171 6.865911e-01 2.949514e+00
3172 6.862017e-01 2.948904e+00
3173 6.235359e-01 2.958193e+00
3174 6.271318e-01 2.969346e+00
3175 6.260343e-01 2.966367e+00
3176 6.390832e-01 2.974311e+00
3177 6.310045e-01 2.966588e+00
3178 6.582804e-01 2.957820e+00
3179 6.686984e-01 2.960272e+00
3180 6.690483e-01 2.961055e+00
3181 6.674105e-01 2.957257e+00
3182 6.716078e-01 2.951211e+00
3183 6.758031e-01 2.947008e+00
3184 6.325065e-01 2.897606e+00
3185 6.368181e-01 2.906245e+00
3186 6.874312e-01 2.913900e+00
3187 6.724438e-01 2.918523e+00
3188 7.256125e-01 2.903313e+00
3189 7.261881e-01 2.898401e+00
3190 7.269025e-01 2.884039e+00
3191 7.169248e-01 2.869447e+00
3192 7.164765e-01 2.871057e+00
3193 7.201810e-01 2.873853e+00
3194 7.576797e-01 2.925259e+00
3195 8.017026e-01 2.980473e+00
3196 8.342866e-01 3.007234e+00
