0 4.055222e+00 2.760649e+00
1 3.991032e+00 2.698220e+00
2 3.965925e+00 2.682016e+00
3 3.960191e+00 2.674872e+00
4 3.932023e+00 2.710356e+00
5 3.852610e+00 2.724500e+00
6 3.842499e+00 2.734553e+00
7 3.843246e+00 2.729500e+00
8 3.856399e+00 2.694992e+00
9 3.855552e+00 2.698639e+00
10 3.842783e+00 2.711833e+00
11 3.836025e+00 2.704245e+00
12 3.815740e+00 2.684515e+00
13 3.815754e+00 2.680195e+00
14 3.797738e+00 2.642543e+00
15 3.792456e+00 2.639725e+00
16 3.796172e+00 2.640367e+00
17 3.795678e+00 2.628124e+00
18 3.829904e+00 2.593610e+00
19 3.845676e+00 2.581071e+00
20 3.841762e+00 2.604177e+00
21 3.851371e+00 2.603535e+00
22 3.857677e+00 2.610575e+00
23 3.860885e+00 2.610386e+00
24 3.879668e+00 2.634157e+00
25 3.892147e+00 2.658353e+00
26 3.897377e+00 2.658538e+00
27 3.900758e+00 2.653273e+00
28 3.907418e+00 2.637778e+00
29 3.932108e+00 2.636977e+00
30 3.917372e+00 2.633544e+00
31 3.920977e+00 2.604922e+00
32 3.915021e+00 2.652033e+00
33 3.918718e+00 2.657501e+00
34 3.916579e+00 2.671989e+00
35 3.935491e+00 2.662368e+00
36 3.934997e+00 2.663311e+00
37 3.927390e+00 2.667573e+00
38 3.920179e+00 2.689865e+00
39 3.920959e+00 2.689579e+00
40 3.922117e+00 2.688941e+00
41 3.913017e+00 2.692821e+00
42 3.927897e+00 2.676377e+00
43 3.922876e+00 2.671470e+00
44 3.926663e+00 2.667401e+00
45 3.933291e+00 2.712161e+00
46 3.893429e+00 2.753104e+00
47 3.892878e+00 2.752118e+00
48 3.873326e+00 2.786529e+00
49 3.879057e+00 2.780029e+00
50 3.854860e+00 2.795792e+00
51 3.860219e+00 2.793581e+00
52 3.823672e+00 2.828809e+00
53 3.825635e+00 2.831047e+00
54 3.825434e+00 2.831349e+00
55 3.827042e+00 2.830520e+00
56 3.811056e+00 2.811723e+00
57 3.809372e+00 2.808748e+00
58 3.803810e+00 2.810127e+00
59 3.799326e+00 2.804840e+00
60 3.803358e+00 2.784869e+00
61 3.798206e+00 2.793372e+00
62 3.821476e+00 2.785320e+00
63 3.811980e+00 2.790014e+00
64 3.810958e+00 2.788618e+00
65 3.795634e+00 2.787770e+00
66 3.823262e+00 2.829840e+00
67 3.823652e+00 2.771976e+00
68 3.827579e+00 2.801653e+00
69 3.828137e+00 2.801924e+00
70 3.826895e+00 2.802321e+00
71 3.821546e+00 2.806889e+00
72 3.808223e+00 2.838922e+00
73 3.818948e+00 2.841109e+00
74 3.811007e+00 2.839914e+00
75 3.816336e+00 2.841854e+00
76 3.808367e+00 2.837140e+00
77 3.835863e+00 2.810139e+00
78 3.829980e+00 2.802779e+00
79 3.841323e+00 2.802282e+00
80 3.857872e+00 2.814744e+00
81 3.871770e+00 2.787638e+00
82 3.871157e+00 2.788294e+00
83 3.838266e+00 2.769129e+00
84 3.832759e+00 2.764566e+00
85 3.817830e+00 2.758831e+00
86 3.798557e+00 2.774826e+00
87 3.796991e+00 2.744312e+00
88 3.824677e+00 2.724285e+00
89 3.837579e+00 2.723811e+00
90 3.853786e+00 2.692721e+00
91 3.829434e+00 2.714048e+00
92 3.826374e+00 2.714407e+00
93 3.827331e+00 2.721475e+00
94 3.841905e+00 2.720998e+00
95 3.858918e+00 2.722128e+00
96 3.875998e+00 2.741480e+00
97 3.879881e+00 2.725747e+00
98 3.898588e+00 2.709926e+00
99 3.900886e+00 2.710743e+00
100 3.873181e+00 2.698747e+00
101 3.880514e+00 2.696301e+00
102 3.886704e+00 2.683288e+00
103 3.836387e+00 2.688995e+00
104 3.839976e+00 2.714268e+00
105 3.844047e+00 2.713649e+00
106 3.830683e+00 2.709253e+00
107 3.830684e+00 2.709251e+00
108 3.816827e+00 2.698975e+00
109 3.833892e+00 2.658359e+00
110 3.892094e+00 2.619427e+00
111 3.889278e+00 2.626152e+00
112 3.878308e+00 2.615811e+00
113 3.879941e+00 2.614623e+00
114 3.875362e+00 2.618117e+00
115 3.882216e+00 2.613309e+00
116 3.876291e+00 2.588232e+00
117 3.873366e+00 2.587636e+00
118 3.872503e+00 2.587381e+00
119 3.893919e+00 2.626998e+00
120 3.895615e+00 2.626156e+00
121 3.891186e+00 2.628776e+00
122 3.888403e+00 2.611180e+00
123 3.880644e+00 2.641139e+00
124 3.880970e+00 2.640881e+00
125 3.891462e+00 2.621660e+00
126 3.916714e+00 2.630948e+00
127 3.905720e+00 2.629709e+00
128 3.923044e+00 2.628458e+00
129 3.923082e+00 2.628504e+00
130 3.921112e+00 2.627505e+00
131 3.935780e+00 2.621405e+00
132 3.939903e+00 2.617966e+00
133 3.943691e+00 2.645598e+00
134 3.951665e+00 2.670764e+00
135 3.952040e+00 2.667835e+00
136 3.952710e+00 2.667156e+00
137 3.951801e+00 2.657407e+00
138 3.952182e+00 2.660718e+00
139 3.933257e+00 2.637394e+00
140 3.910926e+00 2.610979e+00
141 3.937111e+00 2.616191e+00
142 3.938805e+00 2.616194e+00
143 3.959562e+00 2.713027e+00
144 3.990392e+00 2.736111e+00
145 4.007358e+00 2.747490e+00
146 4.025083e+00 2.757072e+00
147 4.024365e+00 2.754688e+00
148 4.015320e+00 2.739587e+00
149 3.983371e+00 2.724404e+00
150 3.996499e+00 2.713482e+00
151 3.997775e+00 2.710575e+00
152 3.966714e+00 2.677062e+00
153 3.965074e+00 2.665133e+00
154 3.988511e+00 2.642326e+00
155 4.015120e+00 2.627661e+00
156 4.030342e+00 2.638663e+00
157 4.040711e+00 2.641273e+00
158 4.035373e+00 2.642578e+00
159 4.034481e+00 2.653179e+00
160 4.029512e+00 2.657344e+00
161 4.017018e+00 2.618929e+00
162 4.017400e+00 2.618239e+00
163 4.012920e+00 2.622765e+00
164 4.013802e+00 2.638224e+00
165 3.994085e+00 2.641830e+00
166 3.993883e+00 2.648102e+00
167 3.998032e+00 2.646595e+00
168 3.965282e+00 2.672996e+00
169 3.967239e+00 2.670088e+00
170 3.970835e+00 2.670780e+00
171 3.973967e+00 2.652956e+00
172 3.974104e+00 2.652492e+00
173 3.962054e+00 2.623405e+00
174 3.958474e+00 2.631742e+00
175 3.956868e+00 2.629111e+00
176 3.956635e+00 2.627572e+00
177 3.961437e+00 2.645137e+00
178 3.982876e+00 2.667022e+00
179 3.972041e+00 2.679449e+00
180 3.976755e+00 2.725849e+00
181 3.970265e+00 2.769304e+00
182 3.963571e+00 2.769339e+00
183 3.962433e+00 2.780754e+00
184 3.974499e+00 2.775321e+00
185 3.995202e+00 2.758900e+00
186 3.985477e+00 2.777479e+00
187 3.972025e+00 2.768553e+00
188 3.982118e+00 2.761650e+00
189 3.987716e+00 2.757864e+00
190 3.987788e+00 2.756090e+00
191 3.972649e+00 2.750985e+00
192 3.961195e+00 2.744587e+00
193 3.962523e+00 2.722131e+00
194 3.964242e+00 2.722865e+00
195 3.983144e+00 2.755268e+00
196 3.997686e+00 2.726076e+00
197 3.990184e+00 2.721358e+00
198 3.994333e+00 2.714592e+00
199 4.028547e+00 2.734027e+00
200 4.076415e+00 2.754613e+00
201 4.069197e+00 2.743820e+00
202 4.069437e+00 2.743726e+00
203 4.075987e+00 2.748852e+00
204 4.074266e+00 2.754415e+00
205 4.061758e+00 2.740335e+00
206 4.064490e+00 2.745742e+00
207 4.066530e+00 2.735883e+00
208 4.072325e+00 2.731888e+00
209 4.082742e+00 2.745776e+00
210 4.094692e+00 2.687534e+00
211 4.101072e+00 2.683460e+00
212 4.102239e+00 2.679141e+00
213 4.085947e+00 2.688057e+00
214 4.107804e+00 2.672051e+00
215 4.085322e+00 2.678234e+00
216 4.088582e+00 2.680396e+00
217 4.145490e+00 2.642622e+00
218 4.149997e+00 2.640106e+00
219 4.166355e+00 2.642512e+00
220 4.152848e+00 2.599866e+00
221 4.148124e+00 2.624088e+00
222 4.150868e+00 2.633923e+00
223 4.140967e+00 2.626638e+00
224 4.135769e+00 2.659230e+00
225 4.137487e+00 2.671302e+00
226 4.141892e+00 2.671828e+00
227 4.205802e+00 2.752912e+00
228 4.208159e+00 2.751919e+00
229 4.219671e+00 2.756961e+00
230 4.212672e+00 2.753820e+00
231 4.225698e+00 2.767880e+00
232 4.226213e+00 2.765081e+00
233 4.222381e+00 2.770884e+00
234 4.224630e+00 2.772307e+00
235 4.238793e+00 2.783103e+00
236 4.216603e+00 2.784996e+00
237 4.217515e+00 2.787921e+00
238 4.212185e+00 2.788595e+00
239 4.240926e+00 2.773777e+00
240 4.246633e+00 2.758418e+00
241 4.180046e+00 2.761627e+00
242 4.177322e+00 2.761855e+00
243 4.173733e+00 2.767447e+00
244 4.171877e+00 2.769617e+00
245 4.161805e+00 2.793012e+00
246 4.161832e+00 2.792481e+00
247 4.159280e+00 2.804476e+00
248 4.156249e+00 2.813170e+00
249 4.196776e+00 2.793720e+00
250 4.204949e+00 2.795162e+00
251 4.205798e+00 2.798269e+00
252 4.198859e+00 2.793841e+00
253 4.197553e+00 2.783337e+00
254 4.120216e+00 2.752492e+00
255 4.119447e+00 2.749070e+00
256 4.115672e+00 2.761608e+00
257 4.111366e+00 2.773035e+00
258 4.108820e+00 2.771980e+00
259 4.041678e+00 2.706192e+00
260 4.050688e+00 2.719507e+00
261 4.040066e+00 2.725011e+00
262 4.037976e+00 2.722236e+00
263 4.024162e+00 2.704520e+00
264 4.024138e+00 2.704195e+00
265 4.031427e+00 2.713795e+00
266 4.030584e+00 2.713236e+00
267 4.032439e+00 2.709558e+00
268 4.037165e+00 2.711560e+00
269 4.040566e+00 2.738190e+00
270 4.015273e+00 2.724502e+00
271 4.100265e+00 2.698520e+00
272 4.126612e+00 2.729816e+00
273 4.099901e+00 2.804801e+00
274 4.112509e+00 2.761305e+00
275 4.114739e+00 2.771093e+00
276 4.151083e+00 2.754032e+00
277 4.137175e+00 2.767073e+00
278 4.142284e+00 2.758057e+00
279 4.135749e+00 2.759986e+00
280 4.130577e+00 2.759333e+00
281 4.125504e+00 2.751452e+00
282 4.125470e+00 2.751445e+00
283 4.113397e+00 2.745700e+00
284 4.113326e+00 2.736462e+00
285 4.101354e+00 2.706730e+00
286 4.122430e+00 2.714356e+00
287 4.117161e+00 2.695826e+00
288 4.090518e+00 2.698375e+00
289 4.073466e+00 2.705500e+00
290 4.070422e+00 2.683905e+00
291 4.095298e+00 2.704270e+00
292 4.098806e+00 2.658899e+00
293 4.105841e+00 2.656523e+00
294 4.113051e+00 2.653540e+00
295 4.115592e+00 2.630412e+00
296 4.089489e+00 2.643716e+00
297 4.095489e+00 2.638138e+00
298 4.090777e+00 2.631332e+00
299 4.099458e+00 2.645355e+00
300 4.097928e+00 2.644445e+00
301 4.071917e+00 2.680439e+00
302 4.070764e+00 2.681156e+00
303 4.071233e+00 2.679611e+00
304 4.121374e+00 2.761033e+00
305 4.126918e+00 2.776299e+00
306 4.041413e+00 2.754376e+00
307 4.038946e+00 2.754830e+00
308 4.043432e+00 2.754691e+00
309 4.048856e+00 2.754826e+00
310 4.063339e+00 2.778954e+00
311 4.037316e+00 2.757987e+00
312 4.033472e+00 2.756662e+00
313 4.043768e+00 2.754171e+00
314 4.067487e+00 2.761955e+00
315 4.063366e+00 2.767250e+00
316 4.078448e+00 2.771818e+00
317 4.079470e+00 2.770710e+00
318 4.074196e+00 2.759923e+00
319 4.073669e+00 2.759680e+00
320 4.133006e+00 2.670429e+00
321 4.108111e+00 2.673895e+00
322 4.124992e+00 2.674113e+00
323 4.125661e+00 2.736751e+00
324 4.122023e+00 2.738539e+00
325 4.099040e+00 2.705720e+00
326 4.095858e+00 2.725791e+00
327 4.090690e+00 2.726757e+00
328 4.091502e+00 2.724723e+00
329 4.088901e+00 2.719119e+00
330 4.092636e+00 2.716935e+00
331 4.070333e+00 2.741385e+00
332 4.080510e+00 2.775321e+00
333 4.054636e+00 2.772512e+00
334 4.068760e+00 2.760590e+00
335 4.068915e+00 2.769267e+00
336 4.137599e+00 2.756884e+00
337 4.107622e+00 2.723039e+00
338 4.107780e+00 2.742749e+00
339 4.082684e+00 2.740341e+00
340 4.073807e+00 2.748748e+00
341 4.052694e+00 2.725559e+00
342 4.025835e+00 2.720771e+00
343 4.016859e+00 2.704467e+00
344 4.014545e+00 2.706116e+00
345 4.012785e+00 2.652393e+00
346 4.002174e+00 2.659683e+00
347 4.001727e+00 2.664812e+00
348 4.056487e+00 2.633366e+00
349 4.058274e+00 2.632300e+00
350 4.054751e+00 2.625764e+00
351 4.022153e+00 2.648863e+00
352 4.048132e+00 2.638346e+00
353 4.055411e+00 2.648867e+00
354 4.060210e+00 2.643623e+00
355 4.064716e+00 2.644621e+00
356 4.098293e+00 2.684362e+00
357 4.065205e+00 2.683938e+00
358 4.100196e+00 2.694193e+00
359 4.100902e+00 2.694360e+00
360 4.116865e+00 2.659861e+00
361 4.138104e+00 2.660577e+00
362 4.173831e+00 2.676898e+00
363 4.179705e+00 2.664076e+00
364 4.174344e+00 2.655534e+00
365 4.176000e+00 2.649821e+00
366 4.168783e+00 2.648620e+00
367 4.191109e+00 2.649172e+00
368 4.202026e+00 2.650415e+00
369 4.167059e+00 2.645638e+00
370 4.173576e+00 2.628133e+00
371 4.167718e+00 2.626470e+00
372 4.167309e+00 2.628464e+00
373 4.169982e+00 2.630831e+00
374 4.189333e+00 2.650637e+00
375 4.158246e+00 2.657774e+00
376 4.164249e+00 2.648627e+00
377 4.170770e+00 2.652229e+00
378 4.160394e+00 2.664877e+00
379 4.158094e+00 2.668022e+00
380 4.142094e+00 2.670835e+00
381 4.141868e+00 2.671373e+00
382 4.130311e+00 2.709872e+00
383 4.111203e+00 2.699075e+00
384 4.105533e+00 2.697226e+00
385 4.105330e+00 2.694566e+00
386 4.095484e+00 2.688073e+00
387 4.091846e+00 2.731717e+00
388 4.089822e+00 2.733562e+00
389 4.100441e+00 2.723575e+00
390 4.140312e+00 2.724659e+00
391 4.159486e+00 2.661079e+00
392 4.166493e+00 2.662811e+00
393 4.202600e+00 2.631768e+00
394 4.192970e+00 2.604520e+00
395 4.199666e+00 2.605842e+00
396 4.171434e+00 2.600033e+00
397 4.164658e+00 2.606118e+00
398 4.156532e+00 2.620723e+00
399 4.177000e+00 2.617491e+00
400 4.189729e+00 2.606067e+00
401 4.234476e+00 2.603475e+00
402 4.232616e+00 2.605379e+00
403 4.239708e+00 2.612574e+00
404 4.237850e+00 2.611462e+00
405 4.237131e+00 2.613641e+00
406 4.222253e+00 2.610109e+00
407 4.212569e+00 2.605328e+00
408 4.210910e+00 2.621925e+00
409 4.193015e+00 2.611235e+00
410 4.192582e+00 2.610932e+00
411 4.193976e+00 2.613201e+00
412 4.197310e+00 2.609816e+00
413 4.176309e+00 2.602802e+00
414 4.189661e+00 2.581151e+00
415 4.196638e+00 2.597283e+00
416 4.153695e+00 2.577504e+00
417 4.217415e+00 2.574821e+00
418 4.210259e+00 2.635142e+00
419 4.210410e+00 2.636630e+00
420 4.209772e+00 2.636301e+00
421 4.202923e+00 2.653729e+00
422 4.175045e+00 2.692667e+00
423 4.195663e+00 2.710164e+00
424 4.192579e+00 2.703250e+00
425 4.191167e+00 2.703878e+00
426 4.183143e+00 2.711128e+00
427 4.186650e+00 2.709492e+00
428 4.184740e+00 2.699582e+00
429 4.198366e+00 2.690314e+00
430 4.263042e+00 2.660419e+00
431 4.269948e+00 2.646626e+00
432 4.269677e+00 2.647367e+00
433 4.265791e+00 2.647875e+00
434 4.257281e+00 2.645351e+00
435 4.293087e+00 2.652475e+00
436 4.291150e+00 2.653687e+00
437 4.294057e+00 2.650938e+00
438 4.312720e+00 2.638480e+00
439 4.299369e+00 2.643006e+00
440 4.301370e+00 2.617595e+00
441 4.331313e+00 2.626737e+00
442 4.433049e+00 2.588287e+00
443 4.462311e+00 2.619888e+00
444 4.476641e+00 2.615167e+00
445 4.458272e+00 2.612962e+00
446 4.469392e+00 2.600321e+00
447 4.457562e+00 2.581427e+00
448 4.463907e+00 2.589816e+00
449 4.454817e+00 2.600818e+00
450 4.455908e+00 2.601646e+00
451 4.452685e+00 2.590367e+00
452 4.452046e+00 2.570077e+00
453 4.447076e+00 2.572664e+00
454 4.451964e+00 2.573875e+00
455 4.443318e+00 2.566395e+00
456 4.444402e+00 2.563373e+00
457 4.439339e+00 2.560660e+00
458 4.440330e+00 2.561091e+00
459 4.426762e+00 2.576269e+00
460 4.430688e+00 2.586967e+00
461 4.442263e+00 2.581867e+00
462 4.473104e+00 2.574583e+00
463 4.479315e+00 2.516205e+00
464 4.471068e+00 2.518769e+00
465 4.517088e+00 2.530487e+00
466 4.522462e+00 2.498653e+00
467 4.514878e+00 2.518206e+00
468 4.520518e+00 2.515231e+00
469 4.509691e+00 2.516570e+00
470 4.488583e+00 2.532108e+00
471 4.496932e+00 2.465323e+00
472 4.451823e+00 2.476686e+00
473 4.451098e+00 2.479116e+00
474 4.463012e+00 2.460957e+00
475 4.466415e+00 2.476164e+00
476 4.476467e+00 2.480249e+00
477 4.477050e+00 2.481321e+00
478 4.476944e+00 2.479842e+00
479 4.478609e+00 2.428327e+00
480 4.498232e+00 2.442262e+00
481 4.486442e+00 2.451586e+00
482 4.487352e+00 2.451343e+00
483 4.532846e+00 2.484836e+00
484 4.483448e+00 2.498332e+00
485 4.485235e+00 2.502332e+00
486 4.470781e+00 2.518309e+00
487 4.461571e+00 2.497118e+00
488 4.461613e+00 2.495718e+00
489 4.484022e+00 2.508483e+00
490 4.483768e+00 2.508205e+00
491 4.491781e+00 2.500445e+00
492 4.511759e+00 2.499043e+00
493 4.512059e+00 2.497515e+00
494 4.510545e+00 2.492481e+00
495 4.507030e+00 2.489109e+00
496 4.501506e+00 2.491135e+00
497 4.526549e+00 2.473688e+00
498 4.534642e+00 2.475541e+00
499 4.530587e+00 2.471844e+00
500 4.493671e+00 2.503975e+00
501 4.523766e+00 2.506768e+00
502 4.526766e+00 2.504377e+00
503 4.530157e+00 2.505688e+00
504 4.579475e+00 2.548235e+00
505 4.578817e+00 2.549343e+00
506 4.579962e+00 2.550097e+00
507 4.585214e+00 2.529547e+00
508 4.586800e+00 2.539753e+00
509 4.573068e+00 2.546126e+00
510 4.564623e+00 2.554891e+00
511 4.563996e+00 2.553519e+00
512 4.546810e+00 2.548363e+00
513 4.524330e+00 2.555009e+00
514 4.536344e+00 2.569922e+00
515 4.539215e+00 2.569174e+00
516 4.581403e+00 2.569789e+00
517 4.569341e+00 2.586841e+00
518 4.584933e+00 2.511966e+00
519 4.592271e+00 2.533554e+00
520 4.610846e+00 2.519418e+00
521 4.620269e+00 2.476553e+00
522 4.630147e+00 2.425512e+00
523 4.629419e+00 2.422495e+00
524 4.628416e+00 2.422867e+00
525 4.602941e+00 2.419126e+00
526 4.612226e+00 2.416343e+00
527 4.626765e+00 2.427616e+00
528 4.644774e+00 2.447368e+00
529 4.644369e+00 2.448819e+00
530 4.644113e+00 2.446991e+00
531 4.645066e+00 2.444306e+00
532 4.603648e+00 2.451858e+00
533 4.602684e+00 2.459214e+00
534 4.603877e+00 2.458608e+00
535 4.596910e+00 2.457047e+00
536 4.603529e+00 2.454150e+00
537 4.601417e+00 2.444769e+00
538 4.609006e+00 2.427508e+00
539 4.610132e+00 2.423248e+00
540 4.586875e+00 2.426489e+00
541 4.584964e+00 2.429084e+00
542 4.588134e+00 2.472310e+00
543 4.585522e+00 2.471516e+00
544 4.587429e+00 2.467747e+00
545 4.586620e+00 2.466703e+00
546 4.583012e+00 2.467970e+00
547 4.576945e+00 2.460431e+00
548 4.579374e+00 2.455298e+00
549 4.588620e+00 2.481620e+00
550 4.631712e+00 2.470729e+00
551 4.587350e+00 2.471042e+00
552 4.585938e+00 2.470414e+00
553 4.619971e+00 2.495802e+00
554 4.631512e+00 2.506028e+00
555 4.645397e+00 2.515058e+00
556 4.640785e+00 2.501978e+00
557 4.631228e+00 2.540484e+00
558 4.631267e+00 2.540559e+00
559 4.628214e+00 2.543423e+00
560 4.652346e+00 2.566193e+00
561 4.640459e+00 2.566979e+00
562 4.682404e+00 2.513444e+00
563 4.681019e+00 2.500696e+00
564 4.689394e+00 2.479689e+00
565 4.689502e+00 2.477705e+00
566 4.699222e+00 2.469589e+00
567 4.700929e+00 2.482788e+00
568 4.697459e+00 2.474581e+00
569 4.699830e+00 2.478186e+00
570 4.696824e+00 2.470756e+00
571 4.701718e+00 2.474572e+00
572 4.615743e+00 2.477500e+00
573 4.583824e+00 2.473944e+00
574 4.572242e+00 2.461680e+00
575 4.594106e+00 2.464565e+00
576 4.593417e+00 2.463874e+00
577 4.601204e+00 2.463871e+00
578 4.575812e+00 2.474152e+00
579 4.570661e+00 2.496685e+00
580 4.570870e+00 2.497172e+00
581 4.514317e+00 2.499313e+00
582 4.543104e+00 2.527599e+00
583 4.533215e+00 2.515152e+00
584 4.529147e+00 2.532079e+00
585 4.547674e+00 2.443146e+00
586 4.536948e+00 2.442845e+00
587 4.533542e+00 2.418390e+00
588 4.510660e+00 2.429710e+00
589 4.514167e+00 2.414844e+00
590 4.562832e+00 2.358594e+00
591 4.572953e+00 2.345577e+00
592 4.573833e+00 2.345798e+00
593 4.584770e+00 2.359058e+00
594 4.584139e+00 2.359322e+00
595 4.579662e+00 2.364500e+00
596 4.582520e+00 2.356053e+00
597 4.600625e+00 2.306215e+00
598 4.580288e+00 2.308767e+00
599 4.569489e+00 2.325012e+00
600 4.602602e+00 2.328533e+00
601 4.577175e+00 2.339430e+00
602 4.534761e+00 2.362791e+00
603 4.538244e+00 2.377041e+00
604 4.537082e+00 2.377351e+00
605 4.510151e+00 2.275103e+00
606 4.520140e+00 2.292102e+00
607 4.517055e+00 2.335285e+00
608 4.515783e+00 2.336220e+00
609 4.537575e+00 2.324745e+00
610 4.561157e+00 2.325113e+00
611 4.569602e+00 2.325462e+00
612 4.586544e+00 2.344742e+00
613 4.568892e+00 2.265701e+00
614 4.551864e+00 2.250977e+00
615 4.581882e+00 2.223000e+00
616 4.583493e+00 2.235087e+00
617 4.610725e+00 2.216570e+00
618 4.607515e+00 2.209839e+00
619 4.588518e+00 2.197751e+00
620 4.593390e+00 2.191169e+00
621 4.609869e+00 2.201835e+00
622 4.614608e+00 2.217265e+00
623 4.615196e+00 2.222112e+00
624 4.650302e+00 2.239166e+00
625 4.655911e+00 2.228465e+00
626 4.664234e+00 2.242969e+00
627 4.676449e+00 2.249903e+00
628 4.674928e+00 2.247247e+00
629 4.697697e+00 2.230540e+00
630 4.652774e+00 2.266971e+00
631 4.723027e+00 2.180953e+00
632 4.738678e+00 2.185573e+00
633 4.676202e+00 2.186873e+00
634 4.664076e+00 2.188648e+00
635 4.672608e+00 2.192925e+00
636 4.673090e+00 2.193919e+00
637 4.677505e+00 2.180998e+00
638 4.654972e+00 2.173297e+00
639 4.662997e+00 2.178132e+00
640 4.667584e+00 2.178278e+00
641 4.687061e+00 2.159015e+00
642 4.689619e+00 2.161587e+00
643 4.684454e+00 2.168275e+00
644 4.679311e+00 2.161096e+00
645 4.648310e+00 2.159011e+00
646 4.642791e+00 2.136124e+00
647 4.642007e+00 2.136763e+00
648 4.645582e+00 2.134791e+00
649 4.647487e+00 2.136800e+00
650 4.653864e+00 2.140731e+00
651 4.657823e+00 2.138604e+00
652 4.672707e+00 2.135131e+00
653 4.654325e+00 2.100361e+00
654 4.662124e+00 2.096545e+00
655 4.669940e+00 2.071378e+00
656 4.667758e+00 2.055756e+00
657 4.677605e+00 2.046124e+00
658 4.654442e+00 2.084421e+00
659 4.650116e+00 2.107728e+00
660 4.651228e+00 2.077010e+00
661 4.643211e+00 2.113551e+00
662 4.642091e+00 2.128513e+00
663 4.625974e+00 2.140195e+00
664 4.629479e+00 2.151354e+00
665 4.640924e+00 2.133146e+00
666 4.641173e+00 2.133253e+00
667 4.625835e+00 2.210659e+00
668 4.609870e+00 2.215177e+00
669 4.630252e+00 2.205823e+00
670 4.624294e+00 2.201928e+00
671 4.606385e+00 2.215520e+00
672 4.582112e+00 2.195643e+00
673 4.571972e+00 2.218023e+00
674 4.579020e+00 2.215284e+00
675 4.592162e+00 2.216768e+00
676 4.596220e+00 2.219320e+00
677 4.531909e+00 2.249861e+00
678 4.518918e+00 2.193560e+00
679 4.510236e+00 2.262463e+00
680 4.514562e+00 2.279461e+00
681 4.520469e+00 2.297093e+00
682 4.546928e+00 2.296826e+00
683 4.451390e+00 2.293462e+00
684 4.465551e+00 2.296031e+00
685 4.458778e+00 2.281799e+00
686 4.457141e+00 2.282118e+00
687 4.480125e+00 2.280052e+00
688 4.481030e+00 2.279054e+00
689 4.472218e+00 2.283396e+00
690 4.544149e+00 2.280876e+00
691 4.552130e+00 2.297447e+00
692 4.572809e+00 2.312652e+00
693 4.581822e+00 2.288061e+00
694 4.600812e+00 2.267976e+00
695 4.595299e+00 2.276379e+00
696 4.585998e+00 2.300220e+00
697 4.599985e+00 2.316928e+00
698 4.579204e+00 2.344998e+00
699 4.541490e+00 2.359867e+00
700 4.538369e+00 2.348726e+00
701 4.554623e+00 2.335880e+00
702 4.496725e+00 2.358579e+00
703 4.506505e+00 2.345003e+00
704 4.521743e+00 2.318988e+00
705 4.548898e+00 2.297164e+00
706 4.554381e+00 2.297780e+00
707 4.555380e+00 2.291759e+00
708 4.560835e+00 2.285320e+00
709 4.563354e+00 2.283146e+00
710 4.564967e+00 2.332386e+00
711 4.566902e+00 2.308680e+00
712 4.545816e+00 2.310805e+00
713 4.544694e+00 2.307962e+00
714 4.561583e+00 2.284774e+00
715 4.574466e+00 2.313517e+00
716 4.564242e+00 2.333060e+00
717 4.562906e+00 2.333303e+00
718 4.562597e+00 2.333819e+00
719 4.566668e+00 2.340187e+00
720 4.583418e+00 2.337562e+00
721 4.581859e+00 2.316536e+00
722 4.564892e+00 2.336070e+00
723 4.573572e+00 2.331082e+00
724 4.582178e+00 2.386893e+00
725 4.625306e+00 2.388114e+00
726 4.617844e+00 2.383755e+00
727 4.635953e+00 2.418380e+00
728 4.641977e+00 2.415366e+00
729 4.652222e+00 2.425569e+00
730 4.660921e+00 2.422669e+00
731 4.665759e+00 2.411904e+00
732 4.669692e+00 2.404030e+00
733 4.670631e+00 2.401499e+00
734 4.671232e+00 2.402038e+00
735 4.671657e+00 2.399807e+00
736 4.681635e+00 2.415398e+00
737 4.685587e+00 2.411029e+00
738 4.705347e+00 2.396639e+00
739 4.701276e+00 2.382507e+00
740 4.678008e+00 2.408338e+00
741 4.677682e+00 2.408628e+00
742 4.678629e+00 2.407044e+00
743 4.678942e+00 2.382860e+00
744 4.681655e+00 2.385384e+00
745 4.682724e+00 2.385490e+00
746 4.706282e+00 2.356010e+00
747 4.702697e+00 2.352736e+00
748 4.711984e+00 2.364856e+00
749 4.709733e+00 2.366454e+00
750 4.709565e+00 2.358928e+00
751 4.680935e+00 2.308131e+00
752 4.671616e+00 2.285861e+00
753 4.671618e+00 2.285804e+00
754 4.669130e+00 2.285694e+00
755 4.684914e+00 2.269525e+00
756 4.690804e+00 2.286968e+00
757 4.687398e+00 2.287820e+00
758 4.696602e+00 2.290999e+00
759 4.732098e+00 2.317795e+00
760 4.750228e+00 2.309227e+00
761 4.750107e+00 2.308823e+00
762 4.748637e+00 2.307117e+00
763 4.749143e+00 2.310887e+00
764 4.748278e+00 2.313539e+00
765 4.749579e+00 2.313672e+00
766 4.748948e+00 2.323810e+00
767 4.741057e+00 2.331643e+00
768 4.705414e+00 2.315170e+00
769 4.719143e+00 2.286777e+00
770 4.733093e+00 2.276158e+00
771 4.709954e+00 2.251033e+00
772 4.723551e+00 2.275268e+00
773 4.726513e+00 2.274915e+00
774 4.726260e+00 2.269110e+00
775 4.688844e+00 2.271338e+00
776 4.689035e+00 2.271945e+00
777 4.659217e+00 2.214990e+00
778 4.683926e+00 2.185387e+00
779 4.681035e+00 2.192108e+00
780 4.693750e+00 2.194146e+00
781 4.710383e+00 2.170857e+00
782 4.672304e+00 2.167274e+00
783 4.674325e+00 2.169819e+00
784 4.657132e+00 2.162863e+00
785 4.667417e+00 2.158042e+00
786 4.672410e+00 2.242618e+00
787 4.672542e+00 2.248458e+00
788 4.682818e+00 2.244207e+00
789 4.627714e+00 2.289012e+00
790 4.651955e+00 2.325670e+00
791 4.652408e+00 2.325436e+00
792 4.641579e+00 2.339587e+00
793 4.633486e+00 2.352427e+00
794 4.633263e+00 2.352766e+00
795 4.639121e+00 2.366034e+00
796 4.613758e+00 2.348857e+00
797 4.610275e+00 2.479321e+00
798 4.625774e+00 2.498614e+00
799 4.630863e+00 2.502216e+00
800 4.607698e+00 2.509367e+00
801 4.600667e+00 2.505124e+00
802 4.601759e+00 2.506182e+00
803 4.610557e+00 2.491318e+00
804 4.488678e+00 2.548734e+00
805 4.502421e+00 2.549705e+00
806 4.518150e+00 2.551667e+00
807 4.516243e+00 2.550484e+00
808 4.507337e+00 2.551329e+00
809 4.507099e+00 2.539464e+00
810 4.455100e+00 2.563603e+00
811 4.486053e+00 2.536259e+00
812 4.486087e+00 2.538917e+00
813 4.485046e+00 2.538929e+00
814 4.485990e+00 2.541073e+00
815 4.507016e+00 2.547142e+00
816 4.527829e+00 2.563374e+00
817 4.527710e+00 2.564386e+00
818 4.521629e+00 2.583056e+00
819 4.536841e+00 2.569913e+00
820 4.541027e+00 2.535877e+00
821 4.536112e+00 2.536154e+00
822 4.538257e+00 2.543144e+00
823 4.549716e+00 2.554292e+00
824 4.519531e+00 2.558797e+00
825 4.489328e+00 2.499244e+00
826 4.462015e+00 2.528974e+00
827 4.458772e+00 2.549245e+00
828 4.458819e+00 2.540311e+00
829 4.462911e+00 2.541470e+00
830 4.479081e+00 2.533072e+00
831 4.475006e+00 2.538249e+00
832 4.475011e+00 2.538024e+00
833 4.473131e+00 2.538902e+00
834 4.478089e+00 2.518620e+00
835 4.545488e+00 2.520562e+00
836 4.523910e+00 2.506669e+00
837 4.557510e+00 2.518795e+00
838 4.560732e+00 2.513487e+00
839 4.560748e+00 2.514558e+00
840 4.554050e+00 2.509373e+00
841 4.547356e+00 2.499014e+00
842 4.548296e+00 2.503973e+00
843 4.533277e+00 2.497680e+00
844 4.518443e+00 2.488949e+00
845 4.533211e+00 2.474364e+00
846 4.518404e+00 2.483929e+00
847 4.517151e+00 2.484244e+00
848 4.525959e+00 2.487096e+00
849 4.514306e+00 2.468742e+00
850 4.514392e+00 2.466249e+00
851 4.509447e+00 2.471357e+00
852 4.512610e+00 2.498862e+00
853 4.588436e+00 2.513397e+00
854 4.573576e+00 2.529536e+00
855 4.574253e+00 2.538953e+00
856 4.596328e+00 2.571534e+00
857 4.581577e+00 2.580630e+00
858 4.584668e+00 2.577226e+00
859 4.602414e+00 2.540346e+00
860 4.601183e+00 2.553739e+00
861 4.592707e+00 2.564152e+00
862 4.599794e+00 2.575735e+00
863 4.598639e+00 2.576287e+00
864 4.593807e+00 2.581410e+00
865 4.576837e+00 2.581332e+00
866 4.574882e+00 2.552391e+00
867 4.560903e+00 2.557797e+00
868 4.554945e+00 2.575674e+00
869 4.567047e+00 2.594396e+00
870 4.576872e+00 2.597912e+00
871 4.576850e+00 2.596205e+00
872 4.541641e+00 2.587404e+00
873 4.547522e+00 2.598065e+00
874 4.544702e+00 2.596827e+00
875 4.565756e+00 2.593407e+00
876 4.563953e+00 2.601137e+00
877 4.643719e+00 2.685865e+00
878 4.642946e+00 2.685372e+00
879 4.644943e+00 2.688315e+00
880 4.679967e+00 2.651924e+00
881 4.677501e+00 2.653044e+00
882 4.672763e+00 2.643631e+00
883 4.659433e+00 2.664379e+00
884 4.665816e+00 2.671196e+00
885 4.683713e+00 2.723791e+00
886 4.672209e+00 2.731944e+00
887 4.652408e+00 2.735110e+00
888 4.641610e+00 2.741413e+00
889 4.628658e+00 2.747162e+00
890 4.625539e+00 2.745611e+00
891 4.627522e+00 2.704476e+00
892 4.634613e+00 2.727760e+00
893 4.577629e+00 2.717300e+00
894 4.572613e+00 2.714782e+00
895 4.534469e+00 2.669337e+00
896 4.537425e+00 2.660871e+00
897 4.531840e+00 2.660520e+00
898 4.531983e+00 2.668313e+00
899 4.514846e+00 2.666929e+00
900 4.479851e+00 2.641808e+00
901 4.478781e+00 2.644900e+00
902 4.542579e+00 2.663166e+00
903 4.546800e+00 2.672359e+00
904 4.536603e+00 2.694092e+00
905 4.531602e+00 2.688725e+00
906 4.520629e+00 2.705547e+00
907 4.534682e+00 2.724893e+00
908 4.503881e+00 2.782422e+00
909 4.511972e+00 2.785725e+00
910 4.512893e+00 2.771438e+00
911 4.515892e+00 2.767987e+00
912 4.466465e+00 2.744393e+00
913 4.471998e+00 2.754069e+00
914 4.475104e+00 2.754962e+00
915 4.476289e+00 2.755488e+00
916 4.482307e+00 2.746528e+00
917 4.476819e+00 2.730632e+00
918 4.462332e+00 2.724322e+00
919 4.461823e+00 2.724124e+00
920 4.447159e+00 2.783835e+00
921 4.447373e+00 2.784308e+00
922 4.456954e+00 2.728277e+00
923 4.460318e+00 2.709540e+00
924 4.447738e+00 2.703434e+00
925 4.444339e+00 2.705942e+00
926 4.457217e+00 2.709152e+00
927 4.459628e+00 2.692976e+00
928 4.482675e+00 2.701516e+00
929 4.482122e+00 2.700423e+00
930 4.519872e+00 2.712308e+00
931 4.514879e+00 2.718532e+00
932 4.514243e+00 2.719486e+00
933 4.526088e+00 2.731229e+00
934 4.531014e+00 2.642196e+00
935 4.506469e+00 2.652154e+00
936 4.552657e+00 2.651095e+00
937 4.492424e+00 2.657753e+00
938 4.492495e+00 2.657782e+00
939 4.500500e+00 2.630093e+00
940 4.515318e+00 2.619563e+00
941 4.503265e+00 2.627196e+00
942 4.503252e+00 2.627142e+00
943 4.519204e+00 2.603617e+00
944 4.502229e+00 2.559219e+00
945 4.503632e+00 2.544547e+00
946 4.509053e+00 2.541768e+00
947 4.500713e+00 2.574302e+00
948 4.506060e+00 2.569408e+00
949 4.504881e+00 2.568662e+00
950 4.506102e+00 2.566527e+00
951 4.540976e+00 2.520466e+00
952 4.573171e+00 2.495041e+00
953 4.569236e+00 2.512102e+00
954 4.566893e+00 2.511288e+00
955 4.566723e+00 2.510085e+00
956 4.570133e+00 2.508603e+00
957 4.568529e+00 2.492504e+00
958 4.585989e+00 2.472040e+00
959 4.586097e+00 2.470283e+00
960 4.591299e+00 2.446977e+00
961 4.608124e+00 2.435945e+00
962 4.598320e+00 2.424669e+00
963 4.614722e+00 2.398379e+00
964 4.623534e+00 2.391474e+00
965 4.640596e+00 2.376136e+00
966 4.649670e+00 2.379343e+00
967 4.614921e+00 2.392251e+00
968 4.620105e+00 2.384730e+00
969 4.651778e+00 2.386373e+00
970 4.653611e+00 2.403687e+00
971 4.659025e+00 2.388127e+00
972 4.659848e+00 2.389398e+00
973 4.654636e+00 2.394141e+00
974 4.654343e+00 2.394376e+00
975 4.649695e+00 2.385338e+00
976 4.624033e+00 2.366527e+00
977 4.626073e+00 2.314592e+00
978 4.630799e+00 2.309753e+00
979 4.615510e+00 2.359108e+00
980 4.615269e+00 2.358526e+00
981 4.614720e+00 2.358976e+00
982 4.610695e+00 2.365769e+00
983 4.609073e+00 2.358626e+00
984 4.609799e+00 2.354953e+00
985 4.593973e+00 2.362014e+00
986 4.595231e+00 2.381515e+00
987 4.596175e+00 2.400591e+00
988 4.594651e+00 2.408609e+00
989 4.634168e+00 2.371225e+00
990 4.632750e+00 2.377930e+00
991 4.625790e+00 2.373772e+00
992 4.621670e+00 2.362124e+00
993 4.621730e+00 2.367099e+00
994 4.630379e+00 2.339251e+00
995 4.630279e+00 2.329707e+00
996 4.638606e+00 2.331968e+00
997 4.626173e+00 2.302838e+00
998 4.625366e+00 2.314673e+00
999 4.609021e+00 2.295310e+00
1000 4.617804e+00 2.280822e+00
1001 4.598006e+00 2.315056e+00
1002 4.600199e+00 2.314420e+00
1003 4.605838e+00 2.315369e+00
1004 4.618578e+00 2.357869e+00
1005 4.585771e+00 2.371598e+00
1006 4.556072e+00 2.367503e+00
1007 4.555382e+00 2.369835e+00
1008 4.563031e+00 2.370216e+00
1009 4.563782e+00 2.369370e+00
1010 4.554378e+00 2.361910e+00
1011 4.554066e+00 2.404702e+00
1012 4.543055e+00 2.374763e+00
1013 4.502070e+00 2.399701e+00
1014 4.610552e+00 2.441034e+00
1015 4.613583e+00 2.443389e+00
1016 4.609512e+00 2.443004e+00
1017 4.565606e+00 2.443266e+00
1018 4.573697e+00 2.456682e+00
1019 4.568592e+00 2.450382e+00
1020 4.573051e+00 2.455740e+00
1021 4.567604e+00 2.446581e+00
1022 4.571161e+00 2.477357e+00
1023 4.556635e+00 2.479747e+00
1024 4.561950e+00 2.495170e+00
1025 4.551846e+00 2.491282e+00
1026 4.524943e+00 2.508861e+00
1027 4.524354e+00 2.517178e+00
1028 4.526128e+00 2.521713e+00
1029 4.540559e+00 2.517109e+00
1030 4.544754e+00 2.517253e+00
1031 4.541610e+00 2.500404e+00
1032 4.518575e+00 2.537442e+00
1033 4.508099e+00 2.516162e+00
1034 4.515077e+00 2.473890e+00
1035 4.515046e+00 2.474014e+00
1036 4.490050e+00 2.514293e+00
1037 4.484444e+00 2.527291e+00
1038 4.479968e+00 2.527565e+00
1039 4.474601e+00 2.539594e+00
1040 4.471565e+00 2.464246e+00
1041 4.475000e+00 2.457603e+00
1042 4.487259e+00 2.450511e+00
1043 4.488398e+00 2.438351e+00
1044 4.481909e+00 2.431263e+00
1045 4.479816e+00 2.433708e+00
1046 4.481638e+00 2.425904e+00
1047 4.479563e+00 2.426534e+00
1048 4.470996e+00 2.425897e+00
1049 4.473590e+00 2.424508e+00
1050 4.459582e+00 2.411456e+00
1051 4.494393e+00 2.428118e+00
1052 4.495826e+00 2.427724e+00
1053 4.477295e+00 2.419988e+00
1054 4.467183e+00 2.436079e+00
1055 4.455909e+00 2.467606e+00
1056 4.453097e+00 2.476850e+00
1057 4.433258e+00 2.482099e+00
1058 4.401120e+00 2.489161e+00
1059 4.376558e+00 2.459636e+00
1060 4.377669e+00 2.454764e+00
1061 4.384854e+00 2.462614e+00
1062 4.383081e+00 2.471467e+00
1063 4.370803e+00 2.458951e+00
1064 4.390355e+00 2.470649e+00
1065 4.390467e+00 2.470501e+00
1066 4.396274e+00 2.450007e+00
1067 4.391159e+00 2.442650e+00
1068 4.363675e+00 2.433041e+00
1069 4.351587e+00 2.457540e+00
1070 4.330180e+00 2.459404e+00
1071 4.313964e+00 2.453265e+00
1072 4.321397e+00 2.416086e+00
1073 4.272900e+00 2.434653e+00
1074 4.276616e+00 2.428198e+00
1075 4.276215e+00 2.423424e+00
1076 4.281696e+00 2.426602e+00
1077 4.283159e+00 2.429874e+00
1078 4.280508e+00 2.437589e+00
1079 4.280935e+00 2.432012e+00
1080 4.296541e+00 2.447972e+00
1081 4.284227e+00 2.470939e+00
1082 4.296032e+00 2.479105e+00
1083 4.297852e+00 2.477640e+00
1084 4.296415e+00 2.472449e+00
1085 4.336864e+00 2.501027e+00
1086 4.368740e+00 2.593077e+00
1087 4.364284e+00 2.611615e+00
1088 4.364445e+00 2.603628e+00
1089 4.356419e+00 2.602812e+00
1090 4.321653e+00 2.632941e+00
1091 4.342247e+00 2.681793e+00
1092 4.382146e+00 2.680958e+00
1093 4.380785e+00 2.677733e+00
1094 4.381620e+00 2.671325e+00
1095 4.382538e+00 2.662952e+00
1096 4.379922e+00 2.665146e+00
1097 4.381867e+00 2.665400e+00
1098 4.388153e+00 2.665754e+00
1099 4.393742e+00 2.663566e+00
1100 4.393433e+00 2.665730e+00
1101 4.402192e+00 2.655891e+00
1102 4.410863e+00 2.647792e+00
1103 4.423166e+00 2.630573e+00
1104 4.420599e+00 2.630359e+00
1105 4.433270e+00 2.621421e+00
1106 4.436464e+00 2.622276e+00
1107 4.410202e+00 2.635392e+00
1108 4.406495e+00 2.650495e+00
1109 4.406515e+00 2.650522e+00
1110 4.406543e+00 2.650471e+00
1111 4.411038e+00 2.649686e+00
1112 4.474750e+00 2.646064e+00
1113 4.458284e+00 2.656440e+00
1114 4.459733e+00 2.618749e+00
1115 4.446508e+00 2.644767e+00
1116 4.447308e+00 2.632208e+00
1117 4.444562e+00 2.632202e+00
1118 4.469899e+00 2.603082e+00
1119 4.484366e+00 2.590438e+00
1120 4.461056e+00 2.594461e+00
1121 4.440209e+00 2.548227e+00
1122 4.407149e+00 2.539426e+00
1123 4.406216e+00 2.539725e+00
1124 4.403533e+00 2.536165e+00
1125 4.395791e+00 2.563127e+00
1126 4.388779e+00 2.567310e+00
1127 4.386296e+00 2.567078e+00
1128 4.332349e+00 2.529705e+00
1129 4.307178e+00 2.471104e+00
1130 4.308267e+00 2.470560e+00
1131 4.264160e+00 2.472397e+00
1132 4.256989e+00 2.482990e+00
1133 4.258536e+00 2.493877e+00
1134 4.258975e+00 2.493351e+00
1135 4.272414e+00 2.500612e+00
1136 4.271073e+00 2.509612e+00
1137 4.262072e+00 2.522909e+00
1138 4.227195e+00 2.512329e+00
1139 4.234380e+00 2.479707e+00
1140 4.238458e+00 2.491951e+00
1141 4.244843e+00 2.521128e+00
1142 4.244358e+00 2.515858e+00
1143 4.225624e+00 2.506910e+00
1144 4.200950e+00 2.489408e+00
1145 4.238030e+00 2.501676e+00
1146 4.271770e+00 2.555111e+00
1147 4.265791e+00 2.564652e+00
1148 4.306433e+00 2.565803e+00
1149 4.300960e+00 2.560910e+00
1150 4.292628e+00 2.552380e+00
1151 4.310263e+00 2.551032e+00
1152 4.314626e+00 2.558032e+00
1153 4.330285e+00 2.556481e+00
1154 4.339878e+00 2.559450e+00
1155 4.333231e+00 2.545413e+00
1156 4.303929e+00 2.567939e+00
1157 4.301323e+00 2.572700e+00
1158 4.302115e+00 2.581239e+00
1159 4.332400e+00 2.568358e+00
1160 4.337588e+00 2.554409e+00
1161 4.342878e+00 2.552718e+00
1162 4.271813e+00 2.599058e+00
1163 4.273875e+00 2.604671e+00
1164 4.273660e+00 2.605542e+00
1165 4.273196e+00 2.605184e+00
1166 4.272890e+00 2.605901e+00
1167 4.239866e+00 2.607447e+00
1168 4.253147e+00 2.618969e+00
1169 4.250913e+00 2.614992e+00
1170 4.238343e+00 2.607223e+00
1171 4.275672e+00 2.614903e+00
1172 4.289950e+00 2.554284e+00
1173 4.259975e+00 2.531067e+00
1174 4.246300e+00 2.534161e+00
1175 4.226576e+00 2.540392e+00
1176 4.229296e+00 2.543762e+00
1177 4.217923e+00 2.509750e+00
1178 4.218048e+00 2.520212e+00
1179 4.223111e+00 2.503301e+00
1180 4.223293e+00 2.504056e+00
1181 4.223807e+00 2.504269e+00
1182 4.248091e+00 2.505510e+00
1183 4.224804e+00 2.546929e+00
1184 4.225165e+00 2.548968e+00
1185 4.211404e+00 2.552534e+00
1186 4.221332e+00 2.526704e+00
1187 4.195793e+00 2.522662e+00
1188 4.208555e+00 2.544519e+00
1189 4.202788e+00 2.541422e+00
1190 4.188461e+00 2.550792e+00
1191 4.192667e+00 2.527983e+00
1192 4.194271e+00 2.525062e+00
1193 4.233099e+00 2.529582e+00
1194 4.235713e+00 2.514344e+00
1195 4.233999e+00 2.500225e+00
1196 4.234185e+00 2.499368e+00
1197 4.229448e+00 2.503407e+00
1198 4.301103e+00 2.486484e+00
1199 4.303024e+00 2.512692e+00
1200 4.345072e+00 2.432235e+00
1201 4.336246e+00 2.425962e+00
1202 4.338504e+00 2.419613e+00
1203 4.311862e+00 2.421305e+00
1204 4.297742e+00 2.411260e+00
1205 4.281590e+00 2.386439e+00
1206 4.281555e+00 2.379192e+00
1207 4.312486e+00 2.384062e+00
1208 4.308419e+00 2.381019e+00
1209 4.316405e+00 2.380812e+00
1210 4.310651e+00 2.378394e+00
1211 4.314583e+00 2.372282e+00
1212 4.291775e+00 2.337254e+00
1213 4.282128e+00 2.326064e+00
1214 4.290302e+00 2.327357e+00
1215 4.308734e+00 2.363891e+00
1216 4.356496e+00 2.331900e+00
1217 4.348493e+00 2.343242e+00
1218 4.350395e+00 2.337641e+00
1219 4.382333e+00 2.336758e+00
1220 4.390193e+00 2.321966e+00
1221 4.393450e+00 2.334497e+00
1222 4.380477e+00 2.327341e+00
1223 4.369574e+00 2.286687e+00
1224 4.334536e+00 2.312065e+00
1225 4.343980e+00 2.308305e+00
1226 4.348595e+00 2.316471e+00
1227 4.444197e+00 2.400601e+00
1228 4.395230e+00 2.428443e+00
1229 4.394458e+00 2.426348e+00
1230 4.394011e+00 2.399641e+00
1231 4.416525e+00 2.438496e+00
1232 4.419295e+00 2.453484e+00
1233 4.429108e+00 2.453329e+00
1234 4.421604e+00 2.443078e+00
1235 4.394120e+00 2.402108e+00
1236 4.379521e+00 2.396330e+00
1237 4.436001e+00 2.368667e+00
1238 4.442837e+00 2.370789e+00
1239 4.441986e+00 2.370318e+00
1240 4.443259e+00 2.371045e+00
1241 4.439409e+00 2.365509e+00
1242 4.439100e+00 2.362699e+00
1243 4.416784e+00 2.356605e+00
1244 4.420209e+00 2.356333e+00
1245 4.436085e+00 2.353477e+00
1246 4.427690e+00 2.328615e+00
1247 4.431937e+00 2.353929e+00
1248 4.421398e+00 2.312060e+00
1249 4.405496e+00 2.309315e+00
1250 4.401518e+00 2.305396e+00
1251 4.395065e+00 2.294931e+00
1252 4.398151e+00 2.298132e+00
1253 4.408926e+00 2.297735e+00
1254 4.395799e+00 2.302422e+00
1255 4.400152e+00 2.285414e+00
1256 4.399063e+00 2.284142e+00
1257 4.394082e+00 2.279683e+00
1258 4.411009e+00 2.298007e+00
1259 4.408616e+00 2.298843e+00
1260 4.404012e+00 2.290013e+00
1261 4.420664e+00 2.312695e+00
1262 4.385806e+00 2.322053e+00
1263 4.400503e+00 2.307623e+00
1264 4.397788e+00 2.304105e+00
1265 4.352774e+00 2.324761e+00
1266 4.379193e+00 2.334588e+00
1267 4.367838e+00 2.331933e+00
1268 4.374011e+00 2.333260e+00
1269 4.371595e+00 2.332944e+00
1270 4.371859e+00 2.339202e+00
1271 4.378701e+00 2.333912e+00
1272 4.377197e+00 2.335049e+00
1273 4.370043e+00 2.331335e+00
1274 4.385087e+00 2.371127e+00
1275 4.385352e+00 2.369980e+00
1276 4.366602e+00 2.402073e+00
1277 4.365992e+00 2.402296e+00
1278 4.371497e+00 2.388605e+00
1279 4.374911e+00 2.377072e+00
1280 4.394639e+00 2.380824e+00
1281 4.402837e+00 2.408400e+00
1282 4.401007e+00 2.420325e+00
1283 4.406671e+00 2.425057e+00
1284 4.416033e+00 2.415156e+00
1285 4.418124e+00 2.402165e+00
1286 4.371534e+00 2.382882e+00
1287 4.371733e+00 2.384234e+00
1288 4.373311e+00 2.354798e+00
1289 4.394225e+00 2.361748e+00
1290 4.381274e+00 2.363041e+00
1291 4.418806e+00 2.345976e+00
1292 4.442395e+00 2.394153e+00
1293 4.461749e+00 2.383618e+00
1294 4.454770e+00 2.376828e+00
1295 4.460345e+00 2.377377e+00
1296 4.460400e+00 2.376737e+00
1297 4.474323e+00 2.375142e+00
1298 4.409947e+00 2.458809e+00
1299 4.414286e+00 2.485538e+00
1300 4.436303e+00 2.507088e+00
1301 4.432467e+00 2.496196e+00
1302 4.407991e+00 2.480968e+00
1303 4.465503e+00 2.519813e+00
1304 4.477502e+00 2.511827e+00
1305 4.477569e+00 2.512975e+00
1306 4.479861e+00 2.516976e+00
1307 4.435135e+00 2.543164e+00
1308 4.433939e+00 2.540163e+00
1309 4.429126e+00 2.548671e+00
1310 4.501092e+00 2.507440e+00
1311 4.500936e+00 2.515506e+00
1312 4.501195e+00 2.515596e+00
1313 4.517359e+00 2.493515e+00
1314 4.519067e+00 2.498812e+00
1315 4.474900e+00 2.439635e+00
1316 4.472958e+00 2.442384e+00
1317 4.476937e+00 2.452106e+00
1318 4.469610e+00 2.455680e+00
1319 4.464395e+00 2.463406e+00
1320 4.491706e+00 2.470538e+00
1321 4.492734e+00 2.469119e+00
1322 4.489002e+00 2.471345e+00
1323 4.491521e+00 2.474816e+00
1324 4.495340e+00 2.484574e+00
1325 4.501923e+00 2.484507e+00
1326 4.477745e+00 2.456313e+00
1327 4.492700e+00 2.427508e+00
1328 4.447858e+00 2.403550e+00
1329 4.446335e+00 2.407473e+00
1330 4.417851e+00 2.420750e+00
1331 4.417495e+00 2.418215e+00
1332 4.422260e+00 2.455326e+00
1333 4.418222e+00 2.440557e+00
1334 4.431199e+00 2.431590e+00
1335 4.432653e+00 2.413209e+00
1336 4.393067e+00 2.381814e+00
1337 4.392740e+00 2.382515e+00
1338 4.425812e+00 2.357233e+00
1339 4.410053e+00 2.341664e+00
1340 4.401342e+00 2.340556e+00
1341 4.405586e+00 2.363329e+00
1342 4.403319e+00 2.361652e+00
1343 4.400964e+00 2.357437e+00
1344 4.403100e+00 2.356157e+00
1345 4.372412e+00 2.380291e+00
1346 4.358806e+00 2.372232e+00
1347 4.358804e+00 2.372329e+00
1348 4.363530e+00 2.372953e+00
1349 4.351107e+00 2.359923e+00
1350 4.352801e+00 2.354287e+00
1351 4.368612e+00 2.323744e+00
1352 4.380303e+00 2.326124e+00
1353 4.417686e+00 2.319245e+00
1354 4.427536e+00 2.301946e+00
1355 4.427186e+00 2.301786e+00
1356 4.424859e+00 2.304922e+00
1357 4.422889e+00 2.290772e+00
1358 4.430917e+00 2.301918e+00
1359 4.480105e+00 2.283775e+00
1360 4.479262e+00 2.280884e+00
1361 4.482176e+00 2.280252e+00
1362 4.503727e+00 2.309221e+00
1363 4.504171e+00 2.309365e+00
1364 4.525336e+00 2.282637e+00
1365 4.527140e+00 2.281305e+00
1366 4.555173e+00 2.285184e+00
1367 4.553379e+00 2.290407e+00
1368 4.541488e+00 2.293137e+00
1369 4.523262e+00 2.286219e+00
1370 4.544659e+00 2.304203e+00
1371 4.458480e+00 2.245391e+00
1372 4.452203e+00 2.238243e+00
1373 4.444726e+00 2.226220e+00
1374 4.462084e+00 2.224716e+00
1375 4.462363e+00 2.207803e+00
1376 4.466422e+00 2.210459e+00
1377 4.464472e+00 2.207617e+00
1378 4.477551e+00 2.196464e+00
1379 4.480707e+00 2.183106e+00
1380 4.474576e+00 2.185098e+00
1381 4.471303e+00 2.185622e+00
1382 4.470781e+00 2.208857e+00
1383 4.472433e+00 2.213687e+00
1384 4.485250e+00 2.214824e+00
1385 4.484569e+00 2.209882e+00
1386 4.488649e+00 2.209201e+00
1387 4.487714e+00 2.211549e+00
1388 4.487280e+00 2.210753e+00
1389 4.487275e+00 2.210750e+00
1390 4.479807e+00 2.188086e+00
1391 4.476766e+00 2.189188e+00
1392 4.492408e+00 2.177505e+00
1393 4.568057e+00 2.159287e+00
1394 4.643536e+00 2.164061e+00
1395 4.642553e+00 2.163949e+00
1396 4.638884e+00 2.157627e+00
1397 4.648112e+00 2.160518e+00
1398 4.610972e+00 2.163950e+00
1399 4.582942e+00 2.155305e+00
1400 4.616277e+00 2.155988e+00
1401 4.625829e+00 2.148988e+00
1402 4.627384e+00 2.132326e+00
1403 4.625258e+00 2.133946e+00
1404 4.624653e+00 2.135583e+00
1405 4.639035e+00 2.143235e+00
1406 4.635356e+00 2.143418e+00
1407 4.641961e+00 2.144346e+00
1408 4.652026e+00 2.148332e+00
1409 4.654521e+00 2.148867e+00
1410 4.650072e+00 2.143936e+00
1411 4.637726e+00 2.149044e+00
1412 4.622474e+00 2.151386e+00
1413 4.597896e+00 2.142655e+00
1414 4.609116e+00 2.145195e+00
1415 4.570537e+00 2.128894e+00
1416 4.570476e+00 2.128630e+00
1417 4.576951e+00 2.130279e+00
1418 4.576941e+00 2.131257e+00
1419 4.587197e+00 2.150356e+00
1420 4.595348e+00 2.090675e+00
1421 4.595411e+00 2.093069e+00
1422 4.563402e+00 2.072764e+00
1423 4.564548e+00 2.074225e+00
1424 4.564608e+00 2.074104e+00
1425 4.524477e+00 2.052994e+00
1426 4.525677e+00 2.053595e+00
1427 4.509856e+00 2.072275e+00
1428 4.513168e+00 2.057582e+00
1429 4.520393e+00 2.055940e+00
1430 4.514991e+00 2.056206e+00
1431 4.509426e+00 2.050974e+00
1432 4.542976e+00 2.093570e+00
1433 4.559320e+00 2.074488e+00
1434 4.570504e+00 2.074967e+00
1435 4.591276e+00 2.094093e+00
1436 4.585536e+00 2.087675e+00
1437 4.586283e+00 2.087284e+00
1438 4.590381e+00 2.081298e+00
1439 4.590983e+00 2.085450e+00
1440 4.591675e+00 2.087005e+00
1441 4.589751e+00 2.087582e+00
1442 4.574213e+00 2.092288e+00
1443 4.572532e+00 2.093046e+00
1444 4.563699e+00 2.080983e+00
1445 4.564349e+00 2.080261e+00
1446 4.567169e+00 2.082334e+00
1447 4.561846e+00 2.078834e+00
1448 4.557380e+00 2.125120e+00
1449 4.574777e+00 2.116981e+00
1450 4.573860e+00 2.118095e+00
1451 4.585723e+00 2.107869e+00
1452 4.577546e+00 2.114921e+00
1453 4.583514e+00 2.093134e+00
1454 4.586759e+00 2.093832e+00
1455 4.592486e+00 2.101127e+00
1456 4.601548e+00 2.106418e+00
1457 4.590502e+00 2.112300e+00
1458 4.601455e+00 2.122250e+00
1459 4.550393e+00 2.107896e+00
1460 4.542797e+00 2.117105e+00
1461 4.536697e+00 2.128304e+00
1462 4.560918e+00 2.144179e+00
1463 4.569798e+00 2.146630e+00
1464 4.566517e+00 2.160404e+00
1465 4.569094e+00 2.164876e+00
1466 4.567280e+00 2.165987e+00
1467 4.564037e+00 2.193625e+00
1468 4.585799e+00 2.231308e+00
1469 4.611975e+00 2.247394e+00
1470 4.610947e+00 2.249052e+00
1471 4.620095e+00 2.250270e+00
1472 4.667982e+00 2.199672e+00
1473 4.653404e+00 2.195419e+00
1474 4.650479e+00 2.198328e+00
1475 4.659692e+00 2.197709e+00
1476 4.675745e+00 2.188034e+00
1477 4.670856e+00 2.186410e+00
1478 4.667519e+00 2.187435e+00
1479 4.667720e+00 2.169295e+00
1480 4.656281e+00 2.175440e+00
1481 4.651611e+00 2.198169e+00
1482 4.643732e+00 2.190353e+00
1483 4.636330e+00 2.180689e+00
1484 4.657846e+00 2.195982e+00
1485 4.652065e+00 2.207773e+00
1486 4.650388e+00 2.207454e+00
1487 4.645630e+00 2.202330e+00
1488 4.579554e+00 2.204722e+00
1489 4.579772e+00 2.199146e+00
1490 4.601467e+00 2.206694e+00
1491 4.605712e+00 2.199684e+00
1492 4.592141e+00 2.215764e+00
1493 4.600556e+00 2.186436e+00
1494 4.576045e+00 2.158965e+00
1495 4.591505e+00 2.170101e+00
1496 4.589361e+00 2.167001e+00
1497 4.586745e+00 2.164917e+00
1498 4.586427e+00 2.164998e+00
1499 4.571307e+00 2.174398e+00
1500 4.575164e+00 2.142634e+00
1501 4.573136e+00 2.141888e+00
1502 4.570958e+00 2.145528e+00
1503 4.574198e+00 2.142674e+00
1504 4.577628e+00 2.142078e+00
1505 4.623998e+00 2.169777e+00
1506 4.612976e+00 2.182451e+00
1507 4.478886e+00 2.166095e+00
1508 4.473498e+00 2.164950e+00
1509 4.501687e+00 2.187365e+00
1510 4.487272e+00 2.133590e+00
1511 4.502847e+00 2.077511e+00
1512 4.506648e+00 2.077911e+00
1513 4.573608e+00 1.965803e+00
1514 4.573597e+00 1.965794e+00
1515 4.589776e+00 1.946554e+00
1516 4.567268e+00 1.985896e+00
1517 4.562014e+00 1.972111e+00
1518 4.542273e+00 1.972102e+00
1519 4.547346e+00 1.969446e+00
1520 4.545513e+00 1.968055e+00
1521 4.547728e+00 1.968744e+00
1522 4.514452e+00 1.946311e+00
1523 4.517519e+00 1.950799e+00
1524 4.475729e+00 1.897878e+00
1525 4.453370e+00 1.941938e+00
1526 4.444022e+00 1.944338e+00
1527 4.428855e+00 1.949936e+00
1528 4.438112e+00 1.939981e+00
1529 4.445026e+00 1.955009e+00
1530 4.444978e+00 1.955951e+00
1531 4.460408e+00 1.962158e+00
1532 4.457621e+00 1.916220e+00
1533 4.453367e+00 1.926193e+00
1534 4.464011e+00 1.928666e+00
1535 4.463276e+00 1.930923e+00
1536 4.440998e+00 1.941161e+00
1537 4.434576e+00 1.925405e+00
1538 4.437201e+00 1.927547e+00
1539 4.454114e+00 1.937256e+00
1540 4.442031e+00 2.010773e+00
1541 4.457560e+00 1.992840e+00
1542 4.469624e+00 1.986434e+00
1543 4.462121e+00 1.986987e+00
1544 4.444226e+00 1.950319e+00
1545 4.444200e+00 1.950329e+00
1546 4.458877e+00 1.946404e+00
1547 4.473327e+00 1.978960e+00
1548 4.467503e+00 1.974555e+00
1549 4.371842e+00 1.939397e+00
1550 4.375008e+00 1.945264e+00
1551 4.380326e+00 1.903542e+00
1552 4.361462e+00 1.907029e+00
1553 4.363603e+00 1.898657e+00
1554 4.365922e+00 1.902789e+00
1555 4.372948e+00 1.910305e+00
1556 4.373981e+00 1.948730e+00
1557 4.377572e+00 1.935955e+00
1558 4.385636e+00 1.925385e+00
1559 4.423332e+00 1.916079e+00
1560 4.430830e+00 1.894104e+00
1561 4.407608e+00 1.899110e+00
1562 4.407233e+00 1.899056e+00
1563 4.418691e+00 1.875208e+00
1564 4.431525e+00 1.902963e+00
1565 4.411275e+00 1.902116e+00
1566 4.408457e+00 1.902482e+00
1567 4.410524e+00 1.906247e+00
1568 4.410932e+00 1.907116e+00
1569 4.407023e+00 1.841807e+00
1570 4.427264e+00 1.850902e+00
1571 4.427373e+00 1.850974e+00
1572 4.429999e+00 1.846970e+00
1573 4.426349e+00 1.835780e+00
1574 4.421070e+00 1.827860e+00
1575 4.415311e+00 1.822839e+00
1576 4.434537e+00 1.740617e+00
1577 4.409466e+00 1.731476e+00
1578 4.395438e+00 1.729928e+00
1579 4.399641e+00 1.694485e+00
1580 4.404103e+00 1.694564e+00
1581 4.403626e+00 1.693903e+00
1582 4.396030e+00 1.664171e+00
1583 4.396043e+00 1.664162e+00
1584 4.392574e+00 1.655259e+00
1585 4.379601e+00 1.650038e+00
1586 4.384805e+00 1.653066e+00
1587 4.400367e+00 1.647521e+00
1588 4.414707e+00 1.642877e+00
1589 4.451482e+00 1.573572e+00
1590 4.454867e+00 1.611383e+00
1591 4.463773e+00 1.602985e+00
1592 4.462698e+00 1.601481e+00
1593 4.467423e+00 1.700350e+00
1594 4.498437e+00 1.616596e+00
1595 4.501953e+00 1.597880e+00
1596 4.486815e+00 1.584884e+00
1597 4.490199e+00 1.579840e+00
1598 4.492770e+00 1.572699e+00
1599 4.481802e+00 1.573073e+00
1600 4.480884e+00 1.576475e+00
1601 4.479865e+00 1.575814e+00
1602 4.479878e+00 1.574680e+00
1603 4.473706e+00 1.624135e+00
1604 4.450629e+00 1.616991e+00
1605 4.487929e+00 1.620196e+00
1606 4.483697e+00 1.632803e+00
1607 4.492313e+00 1.653793e+00
1608 4.489475e+00 1.646392e+00
1609 4.494968e+00 1.646491e+00
1610 4.479064e+00 1.618527e+00
1611 4.481358e+00 1.610644e+00
1612 4.517039e+00 1.598722e+00
1613 4.514506e+00 1.603686e+00
1614 4.500489e+00 1.592521e+00
1615 4.502943e+00 1.586507e+00
1616 4.473876e+00 1.536734e+00
1617 4.443665e+00 1.583728e+00
1618 4.449961e+00 1.581391e+00
1619 4.430865e+00 1.593655e+00
1620 4.462143e+00 1.612784e+00
1621 4.471800e+00 1.605887e+00
1622 4.423734e+00 1.566036e+00
1623 4.431332e+00 1.573856e+00
1624 4.429555e+00 1.583103e+00
1625 4.400941e+00 1.613114e+00
1626 4.406709e+00 1.612142e+00
1627 4.418851e+00 1.628093e+00
1628 4.436232e+00 1.602865e+00
1629 4.435842e+00 1.609070e+00
1630 4.436765e+00 1.596652e+00
1631 4.429794e+00 1.622565e+00
1632 4.420163e+00 1.631598e+00
1633 4.425514e+00 1.631347e+00
1634 4.424953e+00 1.635334e+00
1635 4.440809e+00 1.611498e+00
1636 4.440443e+00 1.643000e+00
1637 4.474554e+00 1.630014e+00
1638 4.463375e+00 1.614866e+00
1639 4.474830e+00 1.611392e+00
1640 4.485966e+00 1.631789e+00
1641 4.509074e+00 1.626614e+00
1642 4.510511e+00 1.626020e+00
1643 4.511776e+00 1.635473e+00
1644 4.517955e+00 1.647376e+00
1645 4.499393e+00 1.684260e+00
1646 4.498364e+00 1.686902e+00
1647 4.508432e+00 1.670077e+00
1648 4.529771e+00 1.693329e+00
1649 4.533916e+00 1.695397e+00
1650 4.530454e+00 1.704044e+00
1651 4.516738e+00 1.761941e+00
1652 4.479077e+00 1.737503e+00
1653 4.457723e+00 1.690880e+00
1654 4.452065e+00 1.776407e+00
1655 4.466498e+00 1.771275e+00
1656 4.471988e+00 1.756730e+00
1657 4.477270e+00 1.753839e+00
1658 4.479687e+00 1.752691e+00
1659 4.484369e+00 1.758992e+00
1660 4.485272e+00 1.759626e+00
1661 4.495797e+00 1.736698e+00
1662 4.491849e+00 1.737541e+00
1663 4.496597e+00 1.702516e+00
1664 4.496922e+00 1.718772e+00
1665 4.515335e+00 1.631907e+00
1666 4.520575e+00 1.637114e+00
1667 4.589291e+00 1.641365e+00
1668 4.577814e+00 1.638435e+00
1669 4.582014e+00 1.630903e+00
1670 4.575417e+00 1.604570e+00
1671 4.575419e+00 1.604572e+00
1672 4.578056e+00 1.607784e+00
1673 4.578646e+00 1.615681e+00
1674 4.609505e+00 1.575255e+00
1675 4.653091e+00 1.508088e+00
1676 4.653577e+00 1.507998e+00
1677 4.671805e+00 1.469559e+00
1678 4.696089e+00 1.488279e+00
1679 4.687568e+00 1.492999e+00
1680 4.696432e+00 1.488975e+00
1681 4.693889e+00 1.489293e+00
1682 4.689784e+00 1.485236e+00
1683 4.702140e+00 1.473742e+00
1684 4.698123e+00 1.484547e+00
1685 4.684455e+00 1.471214e+00
1686 4.679835e+00 1.458015e+00
1687 4.679635e+00 1.435406e+00
1688 4.662076e+00 1.442230e+00
1689 4.625270e+00 1.432855e+00
1690 4.615620e+00 1.426051e+00
1691 4.618830e+00 1.431764e+00
1692 4.599042e+00 1.456012e+00
1693 4.601039e+00 1.453914e+00
1694 4.587120e+00 1.462453e+00
1695 4.588151e+00 1.440264e+00
1696 4.590576e+00 1.428699e+00
1697 4.595719e+00 1.419596e+00
1698 4.596501e+00 1.426170e+00
1699 4.594668e+00 1.424123e+00
1700 4.639612e+00 1.488353e+00
1701 4.676410e+00 1.477508e+00
1702 4.677116e+00 1.474987e+00
1703 4.665531e+00 1.499043e+00
1704 4.658691e+00 1.492422e+00
1705 4.658541e+00 1.491044e+00
1706 4.685355e+00 1.498552e+00
1707 4.672525e+00 1.500445e+00
1708 4.667715e+00 1.489166e+00
1709 4.660885e+00 1.469687e+00
1710 4.660126e+00 1.488803e+00
1711 4.657764e+00 1.483747e+00
1712 4.709762e+00 1.497951e+00
1713 4.722785e+00 1.510592e+00
1714 4.695769e+00 1.542124e+00
1715 4.699295e+00 1.537685e+00
1716 4.617148e+00 1.515821e+00
1717 4.630914e+00 1.482229e+00
1718 4.654987e+00 1.448960e+00
1719 4.660070e+00 1.496722e+00
1720 4.657743e+00 1.495693e+00
1721 4.660528e+00 1.497406e+00
1722 4.683959e+00 1.528638e+00
1723 4.707543e+00 1.556907e+00
1724 4.731461e+00 1.559280e+00
1725 4.712288e+00 1.563678e+00
1726 4.711450e+00 1.557635e+00
1727 4.689392e+00 1.584047e+00
1728 4.723110e+00 1.614590e+00
1729 4.724761e+00 1.624155e+00
1730 4.726369e+00 1.637745e+00
1731 4.738557e+00 1.678012e+00
1732 4.730286e+00 1.663195e+00
1733 4.708070e+00 1.665331e+00
1734 4.708364e+00 1.664663e+00
1735 4.723377e+00 1.654940e+00
1736 4.725069e+00 1.654397e+00
1737 4.734226e+00 1.710500e+00
1738 4.724238e+00 1.704425e+00
1739 4.708218e+00 1.697423e+00
1740 4.706480e+00 1.697869e+00
1741 4.717447e+00 1.703573e+00
1742 4.686460e+00 1.730569e+00
1743 4.699167e+00 1.773076e+00
1744 4.730438e+00 1.726789e+00
1745 4.729296e+00 1.721290e+00
1746 4.702049e+00 1.728129e+00
1747 4.696488e+00 1.738918e+00
1748 4.713347e+00 1.722182e+00
1749 4.735069e+00 1.731015e+00
1750 4.723717e+00 1.729527e+00
1751 4.723173e+00 1.721305e+00
1752 4.730173e+00 1.725310e+00
1753 4.724447e+00 1.725049e+00
1754 4.690434e+00 1.731297e+00
1755 4.697057e+00 1.746161e+00
1756 4.694766e+00 1.736156e+00
1757 4.722111e+00 1.735464e+00
1758 4.717830e+00 1.725345e+00
1759 4.727973e+00 1.718224e+00
1760 4.733527e+00 1.718775e+00
1761 4.727667e+00 1.702372e+00
1762 4.745685e+00 1.704704e+00
1763 4.760628e+00 1.707895e+00
1764 4.747351e+00 1.713780e+00
1765 4.747143e+00 1.712920e+00
1766 4.753910e+00 1.706875e+00
1767 4.749928e+00 1.710835e+00
1768 4.749932e+00 1.710875e+00
1769 4.746749e+00 1.715029e+00
1770 4.727628e+00 1.696998e+00
1771 4.731624e+00 1.693887e+00
1772 4.733480e+00 1.705154e+00
1773 4.758235e+00 1.725500e+00
1774 4.761947e+00 1.728461e+00
1775 4.771965e+00 1.734797e+00
1776 4.764300e+00 1.724057e+00
1777 4.756555e+00 1.700807e+00
1778 4.757318e+00 1.700677e+00
1779 4.763006e+00 1.711201e+00
1780 4.787733e+00 1.823154e+00
1781 4.787178e+00 1.836847e+00
1782 4.797592e+00 1.842133e+00
1783 4.813782e+00 1.822965e+00
1784 4.818526e+00 1.822691e+00
1785 4.826482e+00 1.820167e+00
1786 4.834796e+00 1.814980e+00
1787 4.825477e+00 1.814698e+00
1788 4.797672e+00 1.818208e+00
1789 4.799460e+00 1.819980e+00
1790 4.794461e+00 1.821169e+00
1791 4.798067e+00 1.823358e+00
1792 4.796702e+00 1.823083e+00
1793 4.795200e+00 1.825724e+00
1794 4.740304e+00 1.811207e+00
1795 4.737942e+00 1.798280e+00
1796 4.737627e+00 1.793198e+00
1797 4.687631e+00 1.788516e+00
1798 4.721671e+00 1.816275e+00
1799 4.723327e+00 1.817930e+00
1800 4.724099e+00 1.818343e+00
1801 4.730733e+00 1.812173e+00
1802 4.734093e+00 1.820320e+00
1803 4.732486e+00 1.818772e+00
1804 4.791282e+00 1.795921e+00
1805 4.797967e+00 1.795979e+00
1806 4.817976e+00 1.783272e+00
1807 4.817772e+00 1.802754e+00
1808 4.811981e+00 1.803456e+00
1809 4.838523e+00 1.808965e+00
1810 4.846826e+00 1.808405e+00
1811 4.846410e+00 1.807969e+00
1812 4.904329e+00 1.849613e+00
1813 4.976696e+00 1.824980e+00
1814 4.957523e+00 1.841242e+00
1815 4.946297e+00 1.870913e+00
1816 4.946706e+00 1.874012e+00
1817 4.946788e+00 1.874139e+00
1818 4.948460e+00 1.898557e+00
1819 4.931254e+00 1.895053e+00
1820 4.972905e+00 1.920310e+00
1821 5.002434e+00 1.904834e+00
