0 1.182350e+00 1.538079e+00
1 1.180936e+00 1.545739e+00
2 1.183472e+00 1.522386e+00
3 1.184374e+00 1.522091e+00
4 1.196730e+00 1.515043e+00
5 1.189531e+00 1.517240e+00
6 1.191500e+00 1.515903e+00
7 1.201608e+00 1.453280e+00
8 1.263582e+00 1.580281e+00
9 1.244691e+00 1.606096e+00
10 1.234906e+00 1.576227e+00
11 1.248419e+00 1.581489e+00
12 1.252285e+00 1.579456e+00
13 1.251923e+00 1.579736e+00
14 1.295269e+00 1.598957e+00
15 1.251256e+00 1.675440e+00
16 1.257698e+00 1.675721e+00
17 1.261007e+00 1.669835e+00
18 1.267349e+00 1.680207e+00
19 1.266259e+00 1.685603e+00
20 1.239672e+00 1.691717e+00
21 1.236765e+00 1.699638e+00
22 1.243883e+00 1.710374e+00
23 1.237369e+00 1.710044e+00
24 1.241734e+00 1.717580e+00
25 1.260294e+00 1.731355e+00
26 1.272276e+00 1.720857e+00
27 1.273627e+00 1.720091e+00
28 1.278854e+00 1.719134e+00
29 1.273791e+00 1.720170e+00
30 1.241940e+00 1.745476e+00
31 1.235987e+00 1.750363e+00
32 1.247095e+00 1.752658e+00
33 1.244358e+00 1.754931e+00
34 1.234519e+00 1.756860e+00
35 1.231301e+00 1.764095e+00
36 1.226935e+00 1.744818e+00
37 1.222416e+00 1.757004e+00
38 1.230097e+00 1.754299e+00
39 1.229959e+00 1.755614e+00
40 1.227099e+00 1.760720e+00
41 1.227086e+00 1.759238e+00
42 1.225958e+00 1.755534e+00
43 1.224568e+00 1.755254e+00
44 1.225334e+00 1.737340e+00
45 1.217921e+00 1.732517e+00
46 1.250978e+00 1.738942e+00
47 1.200106e+00 1.733175e+00
48 1.205013e+00 1.720446e+00
49 1.184894e+00 1.692555e+00
50 1.184838e+00 1.693688e+00
51 1.243390e+00 1.701499e+00
52 1.247738e+00 1.711283e+00
53 1.245213e+00 1.708805e+00
54 1.233798e+00 1.736159e+00
55 1.244437e+00 1.775757e+00
56 1.241003e+00 1.771258e+00
57 1.251970e+00 1.770548e+00
58 1.255155e+00 1.780192e+00
59 1.254458e+00 1.769938e+00
60 1.256865e+00 1.772026e+00
61 1.243464e+00 1.806532e+00
62 1.244260e+00 1.809083e+00
63 1.269057e+00 1.763695e+00
64 1.269032e+00 1.764392e+00
65 1.265890e+00 1.763887e+00
66 1.272842e+00 1.764324e+00
67 1.282232e+00 1.808930e+00
68 1.283081e+00 1.842761e+00
69 1.279355e+00 1.856033e+00
70 1.297440e+00 1.827021e+00
71 1.389350e+00 1.783836e+00
72 1.380385e+00 1.800747e+00
73 1.393268e+00 1.805128e+00
74 1.399162e+00 1.807675e+00
75 1.381260e+00 1.809897e+00
76 1.388072e+00 1.807324e+00
77 1.381056e+00 1.804826e+00
78 1.386532e+00 1.797700e+00
79 1.350903e+00 1.773115e+00
80 1.349624e+00 1.788741e+00
81 1.355111e+00 1.779068e+00
82 1.354682e+00 1.731502e+00
83 1.368064e+00 1.722089e+00
84 1.373167e+00 1.726086e+00
85 1.377563e+00 1.730062e+00
86 1.379691e+00 1.737921e+00
87 1.442067e+00 1.742610e+00
88 1.438741e+00 1.746065e+00
89 1.453943e+00 1.753620e+00
90 1.441470e+00 1.734625e+00
91 1.435635e+00 1.744027e+00
92 1.432612e+00 1.748084e+00
93 1.439752e+00 1.728228e+00
94 1.429378e+00 1.707609e+00
95 1.408353e+00 1.697868e+00
96 1.365853e+00 1.708468e+00
97 1.330775e+00 1.710367e+00
98 1.323549e+00 1.706471e+00
99 1.325333e+00 1.708631e+00
100 1.326746e+00 1.723052e+00
101 1.330554e+00 1.731604e+00
102 1.333417e+00 1.723596e+00
103 1.333461e+00 1.727471e+00
104 1.315789e+00 1.680117e+00
105 1.317228e+00 1.697441e+00
106 1.324622e+00 1.714512e+00
107 1.326696e+00 1.712980e+00
108 1.325787e+00 1.712853e+00
109 1.331832e+00 1.717591e+00
110 1.321614e+00 1.725322e+00
111 1.321799e+00 1.733621e+00
112 1.323729e+00 1.730854e+00
113 1.321728e+00 1.717457e+00
114 1.283274e+00 1.671422e+00
115 1.286574e+00 1.671665e+00
116 1.294077e+00 1.637762e+00
117 1.283011e+00 1.636011e+00
118 1.287520e+00 1.629341e+00
119 1.293775e+00 1.632390e+00
120 1.290226e+00 1.636933e+00
121 1.298286e+00 1.649832e+00
122 1.267761e+00 1.640047e+00
123 1.252007e+00 1.648218e+00
124 1.257280e+00 1.628435e+00
125 1.248527e+00 1.629703e+00
126 1.263490e+00 1.615197e+00
127 1.259252e+00 1.612853e+00
128 1.259423e+00 1.603173e+00
129 1.262233e+00 1.576866e+00
130 1.272063e+00 1.574596e+00
131 1.294024e+00 1.600518e+00
132 1.274321e+00 1.603623e+00
133 1.259452e+00 1.614347e+00
134 1.202734e+00 1.598970e+00
135 1.192252e+00 1.579451e+00
136 1.177551e+00 1.589298e+00
137 1.213170e+00 1.599341e+00
138 1.210418e+00 1.603071e+00
139 1.208110e+00 1.606469e+00
140 1.199140e+00 1.608430e+00
141 1.206075e+00 1.629156e+00
142 1.201970e+00 1.629702e+00
143 1.199143e+00 1.626850e+00
144 1.187394e+00 1.607070e+00
145 1.153330e+00 1.594310e+00
146 1.153602e+00 1.579132e+00
147 1.151707e+00 1.596376e+00
148 1.118306e+00 1.607554e+00
149 1.113331e+00 1.589763e+00
150 1.122879e+00 1.566621e+00
151 1.118384e+00 1.581943e+00
152 1.123729e+00 1.566555e+00
153 1.226434e+00 1.605753e+00
154 1.199387e+00 1.596399e+00
155 1.213524e+00 1.603035e+00
156 1.218343e+00 1.596370e+00
157 1.140699e+00 1.609396e+00
158 1.142235e+00 1.617886e+00
159 1.139632e+00 1.615119e+00
160 1.135456e+00 1.618683e+00
161 1.204006e+00 1.604189e+00
162 1.193540e+00 1.600459e+00
163 1.178791e+00 1.607642e+00
164 1.171819e+00 1.602404e+00
165 1.174088e+00 1.602668e+00
166 1.177246e+00 1.602832e+00
167 1.177092e+00 1.613054e+00
168 1.177897e+00 1.612759e+00
169 1.176490e+00 1.612719e+00
170 1.151591e+00 1.683241e+00
171 1.112903e+00 1.652422e+00
172 1.136385e+00 1.652616e+00
173 1.138622e+00 1.652211e+00
174 1.138902e+00 1.654109e+00
175 1.158920e+00 1.662742e+00
176 1.181820e+00 1.671603e+00
177 1.205087e+00 1.672780e+00
178 1.239532e+00 1.629553e+00
179 1.242685e+00 1.633791e+00
180 1.254836e+00 1.624033e+00
181 1.255022e+00 1.621037e+00
182 1.267341e+00 1.654433e+00
183 1.305706e+00 1.682503e+00
184 1.303820e+00 1.690161e+00
185 1.307814e+00 1.708307e+00
186 1.270179e+00 1.727675e+00
187 1.251960e+00 1.726904e+00
188 1.249418e+00 1.717128e+00
189 1.249351e+00 1.677406e+00
190 1.253027e+00 1.676073e+00
191 1.266739e+00 1.685993e+00
192 1.253505e+00 1.685260e+00
193 1.237962e+00 1.679825e+00
194 1.230414e+00 1.674975e+00
195 1.232308e+00 1.724753e+00
196 1.252876e+00 1.741145e+00
197 1.314583e+00 1.741873e+00
198 1.253573e+00 1.761313e+00
199 1.250423e+00 1.760745e+00
200 1.213476e+00 1.739849e+00
201 1.211554e+00 1.731248e+00
202 1.238688e+00 1.739991e+00
203 1.209694e+00 1.713544e+00
204 1.210041e+00 1.714476e+00
205 1.215707e+00 1.716490e+00
206 1.208707e+00 1.704282e+00
207 1.210112e+00 1.704417e+00
208 1.200575e+00 1.706239e+00
209 1.209822e+00 1.709950e+00
210 1.230868e+00 1.715391e+00
211 1.223008e+00 1.701044e+00
212 1.207930e+00 1.687156e+00
213 1.172186e+00 1.716760e+00
214 1.166684e+00 1.684922e+00
215 1.156665e+00 1.689832e+00
216 1.159714e+00 1.695801e+00
217 1.153553e+00 1.689193e+00
218 1.158656e+00 1.687008e+00
219 1.188025e+00 1.733869e+00
220 1.192031e+00 1.734478e+00
221 1.181146e+00 1.734528e+00
222 1.182267e+00 1.732336e+00
223 1.214179e+00 1.744864e+00
224 1.216904e+00 1.747854e+00
225 1.221732e+00 1.732664e+00
226 1.206977e+00 1.707384e+00
227 1.213557e+00 1.704830e+00
228 1.119525e+00 1.635038e+00
229 1.110723e+00 1.607617e+00
230 1.103438e+00 1.588728e+00
231 1.099721e+00 1.583150e+00
232 1.128366e+00 1.571851e+00
233 1.158466e+00 1.535765e+00
234 1.162204e+00 1.533810e+00
235 1.149933e+00 1.522369e+00
236 1.152426e+00 1.503891e+00
237 1.170236e+00 1.521629e+00
238 1.160750e+00 1.516975e+00
239 1.160837e+00 1.519843e+00
240 1.145198e+00 1.514985e+00
241 1.185025e+00 1.537105e+00
242 1.178865e+00 1.547173e+00
243 1.172706e+00 1.541752e+00
244 1.179670e+00 1.594858e+00
245 1.178200e+00 1.594608e+00
246 1.185401e+00 1.613167e+00
247 1.189005e+00 1.613080e+00
248 1.166951e+00 1.701598e+00
249 1.198576e+00 1.700632e+00
250 1.246340e+00 1.720821e+00
251 1.261900e+00 1.715197e+00
252 1.265467e+00 1.711401e+00
253 1.275913e+00 1.693613e+00
254 1.276660e+00 1.694686e+00
255 1.263802e+00 1.686775e+00
256 1.226691e+00 1.720845e+00
257 1.263488e+00 1.720048e+00
258 1.257856e+00 1.720915e+00
259 1.247378e+00 1.736007e+00
260 1.236723e+00 1.753258e+00
261 1.195437e+00 1.726245e+00
262 1.193518e+00 1.723366e+00
263 1.195273e+00 1.717552e+00
264 1.196151e+00 1.713272e+00
265 1.180664e+00 1.714248e+00
266 1.185989e+00 1.710532e+00
267 1.140573e+00 1.685685e+00
268 1.152985e+00 1.734894e+00
269 1.140679e+00 1.683659e+00
270 1.137942e+00 1.682665e+00
271 1.136773e+00 1.687751e+00
272 1.117881e+00 1.686388e+00
273 1.157051e+00 1.743689e+00
274 1.156442e+00 1.743210e+00
275 1.179749e+00 1.744103e+00
276 1.207995e+00 1.756960e+00
277 1.216625e+00 1.780521e+00
278 1.218018e+00 1.781614e+00
279 1.218236e+00 1.781111e+00
280 1.240328e+00 1.747619e+00
281 1.271612e+00 1.769070e+00
282 1.215507e+00 1.796140e+00
283 1.215563e+00 1.795953e+00
284 1.254333e+00 1.784070e+00
285 1.252536e+00 1.775458e+00
286 1.293959e+00 1.761902e+00
287 1.293272e+00 1.762946e+00
288 1.293758e+00 1.762865e+00
289 1.322623e+00 1.747690e+00
290 1.330174e+00 1.731819e+00
291 1.317729e+00 1.746286e+00
292 1.322566e+00 1.745489e+00
293 1.320408e+00 1.758745e+00
294 1.327439e+00 1.769861e+00
295 1.326446e+00 1.732356e+00
296 1.350146e+00 1.742143e+00
297 1.350216e+00 1.742161e+00
298 1.362931e+00 1.766368e+00
299 1.366141e+00 1.762269e+00
300 1.422006e+00 1.784343e+00
301 1.420533e+00 1.820833e+00
302 1.394072e+00 1.836990e+00
303 1.398638e+00 1.841743e+00
304 1.398716e+00 1.840321e+00
305 1.397148e+00 1.837140e+00
306 1.381914e+00 1.815535e+00
307 1.401981e+00 1.783095e+00
308 1.408827e+00 1.788810e+00
309 1.407432e+00 1.787382e+00
310 1.401358e+00 1.783162e+00
311 1.410496e+00 1.779577e+00
312 1.293107e+00 1.685469e+00
313 1.276693e+00 1.689425e+00
314 1.277234e+00 1.689362e+00
315 1.245686e+00 1.694893e+00
316 1.263860e+00 1.701966e+00
317 1.266900e+00 1.705612e+00
318 1.262087e+00 1.707644e+00
319 1.236484e+00 1.730533e+00
320 1.251997e+00 1.725805e+00
321 1.233946e+00 1.719914e+00
322 1.247015e+00 1.703437e+00
323 1.248475e+00 1.700375e+00
324 1.195864e+00 1.667291e+00
325 1.182370e+00 1.608383e+00
326 1.196403e+00 1.602532e+00
327 1.197420e+00 1.600420e+00
328 1.198658e+00 1.607839e+00
329 1.131245e+00 1.553347e+00
330 1.133648e+00 1.552343e+00
331 1.134037e+00 1.552664e+00
332 1.100549e+00 1.548285e+00
333 1.095623e+00 1.551441e+00
334 1.093566e+00 1.540173e+00
335 1.099299e+00 1.550328e+00
336 1.090900e+00 1.490316e+00
337 1.096901e+00 1.504937e+00
338 1.080733e+00 1.492086e+00
339 1.103220e+00 1.499874e+00
340 1.114472e+00 1.508919e+00
341 1.097191e+00 1.488128e+00
342 1.093236e+00 1.486179e+00
343 1.081333e+00 1.487337e+00
344 1.069613e+00 1.507020e+00
345 1.068018e+00 1.520481e+00
346 1.129425e+00 1.498433e+00
347 1.111551e+00 1.488344e+00
348 1.112214e+00 1.480082e+00
349 1.100946e+00 1.476139e+00
350 1.101001e+00 1.474698e+00
351 1.101317e+00 1.482312e+00
352 1.101080e+00 1.481822e+00
353 1.109591e+00 1.482218e+00
354 1.108662e+00 1.481578e+00
355 1.050155e+00 1.449252e+00
356 1.051010e+00 1.448991e+00
357 1.048544e+00 1.431000e+00
358 1.102504e+00 1.402824e+00
359 1.106120e+00 1.402718e+00
360 1.106026e+00 1.398899e+00
361 1.154627e+00 1.393195e+00
362 1.137444e+00 1.395157e+00
363 1.114803e+00 1.398866e+00
364 1.113559e+00 1.406160e+00
365 1.054346e+00 1.366598e+00
366 1.053982e+00 1.365800e+00
367 1.041791e+00 1.374183e+00
368 1.085152e+00 1.376112e+00
369 1.081500e+00 1.377078e+00
370 1.056895e+00 1.368892e+00
371 1.068016e+00 1.271374e+00
372 1.083243e+00 1.269009e+00
373 1.083436e+00 1.275083e+00
374 1.093268e+00 1.285676e+00
375 1.099509e+00 1.279418e+00
376 1.077586e+00 1.289186e+00
377 1.044584e+00 1.293142e+00
378 1.096739e+00 1.292861e+00
379 1.104307e+00 1.285973e+00
380 1.103205e+00 1.287040e+00
381 1.093606e+00 1.283662e+00
382 1.094077e+00 1.283481e+00
383 1.095199e+00 1.345900e+00
384 1.136129e+00 1.361436e+00
385 1.145726e+00 1.326606e+00
386 1.137076e+00 1.313406e+00
387 1.143498e+00 1.307751e+00
388 1.168482e+00 1.313942e+00
389 1.166709e+00 1.287140e+00
390 1.171177e+00 1.269652e+00
391 1.167513e+00 1.290439e+00
392 1.178109e+00 1.286535e+00
393 1.188783e+00 1.279365e+00
394 1.174214e+00 1.280178e+00
395 1.199804e+00 1.274622e+00
396 1.196682e+00 1.273069e+00
397 1.204434e+00 1.252724e+00
398 1.205145e+00 1.255846e+00
399 1.207782e+00 1.253446e+00
400 1.187128e+00 1.195905e+00
401 1.190527e+00 1.189718e+00
402 1.177740e+00 1.199933e+00
403 1.177977e+00 1.188565e+00
404 1.161887e+00 1.195212e+00
405 1.113856e+00 1.188740e+00
406 1.120765e+00 1.216639e+00
407 1.120018e+00 1.217515e+00
408 1.127034e+00 1.211320e+00
409 1.126726e+00 1.217976e+00
410 1.124919e+00 1.208120e+00
411 1.137860e+00 1.179671e+00
412 1.151553e+00 1.201838e+00
413 1.160606e+00 1.177362e+00
414 1.167634e+00 1.185413e+00
415 1.183007e+00 1.194656e+00
416 1.210420e+00 1.200503e+00
417 1.210958e+00 1.206427e+00
418 1.210524e+00 1.209935e+00
419 1.227162e+00 1.206086e+00
420 1.227779e+00 1.203870e+00
421 1.229469e+00 1.182878e+00
422 1.224652e+00 1.154117e+00
423 1.180507e+00 1.214248e+00
424 1.196575e+00 1.215626e+00
425 1.159899e+00 1.183800e+00
426 1.122091e+00 1.153222e+00
427 1.153384e+00 1.197775e+00
428 1.152606e+00 1.197545e+00
429 1.146825e+00 1.185019e+00
430 1.144522e+00 1.191765e+00
431 1.122213e+00 1.209260e+00
432 1.129212e+00 1.209777e+00
433 1.131803e+00 1.201348e+00
434 1.171941e+00 1.199316e+00
435 1.177433e+00 1.207888e+00
436 1.211928e+00 1.188136e+00
437 1.206430e+00 1.141610e+00
438 1.173846e+00 1.140337e+00
439 1.183206e+00 1.093420e+00
440 1.175282e+00 1.097509e+00
441 1.138301e+00 1.071494e+00
442 1.132373e+00 1.110314e+00
443 1.119431e+00 1.144239e+00
444 1.121064e+00 1.132920e+00
445 1.122572e+00 1.144906e+00
446 1.123752e+00 1.145388e+00
447 1.100921e+00 1.118530e+00
448 1.096932e+00 1.127355e+00
449 1.100380e+00 1.140098e+00
450 1.097516e+00 1.139764e+00
451 1.097740e+00 1.139561e+00
452 1.114109e+00 1.162507e+00
453 1.110645e+00 1.157718e+00
454 1.105563e+00 1.158994e+00
455 1.098838e+00 1.161072e+00
456 1.091693e+00 1.173628e+00
457 1.090780e+00 1.172989e+00
458 1.090764e+00 1.182994e+00
459 1.093348e+00 1.184136e+00
460 1.095711e+00 1.176598e+00
461 1.098453e+00 1.162045e+00
462 1.093798e+00 1.159177e+00
463 1.091355e+00 1.160502e+00
464 1.098379e+00 1.171236e+00
465 1.111881e+00 1.152648e+00
466 1.080902e+00 1.145211e+00
467 1.067998e+00 1.145661e+00
468 1.059715e+00 1.128639e+00
469 1.054877e+00 1.116468e+00
470 1.050935e+00 1.112941e+00
471 1.049873e+00 1.112544e+00
472 1.053737e+00 1.111499e+00
473 1.054037e+00 1.117662e+00
474 1.049985e+00 1.123620e+00
475 1.050405e+00 1.121933e+00
476 1.073771e+00 1.117450e+00
477 1.053110e+00 1.127612e+00
478 1.051052e+00 1.088669e+00
479 1.052370e+00 1.088985e+00
480 1.044748e+00 1.096383e+00
481 1.048065e+00 1.098396e+00
482 1.057212e+00 1.086056e+00
483 1.056733e+00 1.085395e+00
484 1.025680e+00 1.174193e+00
485 1.011279e+00 1.165745e+00
486 9.603081e-01 1.142293e+00
487 9.542114e-01 1.141915e+00
488 9.790957e-01 1.142686e+00
489 9.776914e-01 1.141137e+00
490 9.767652e-01 1.139420e+00
491 9.541312e-01 1.163663e+00
492 9.559825e-01 1.182579e+00
493 9.723386e-01 1.209067e+00
494 9.798851e-01 1.243839e+00
495 9.489190e-01 1.298826e+00
496 9.340778e-01 1.306304e+00
497 8.601280e-01 1.279275e+00
498 8.881369e-01 1.332196e+00
499 9.037314e-01 1.311456e+00
500 9.099868e-01 1.340057e+00
501 8.910021e-01 1.357398e+00
502 8.780258e-01 1.360920e+00
503 8.925847e-01 1.357650e+00
504 8.936353e-01 1.372582e+00
505 9.079605e-01 1.343327e+00
506 9.028286e-01 1.352201e+00
507 8.871611e-01 1.351904e+00
508 8.816667e-01 1.349340e+00
509 8.798175e-01 1.351457e+00
510 8.785365e-01 1.351726e+00
511 8.857342e-01 1.351678e+00
512 8.690161e-01 1.320979e+00
513 8.888236e-01 1.316668e+00
514 8.995734e-01 1.296168e+00
515 8.797530e-01 1.287622e+00
516 8.987566e-01 1.365293e+00
517 9.166081e-01 1.327731e+00
518 9.320327e-01 1.325522e+00
519 9.182424e-01 1.323406e+00
520 9.076788e-01 1.306227e+00
521 9.107079e-01 1.307334e+00
522 9.098760e-01 1.312426e+00
523 9.113241e-01 1.301040e+00
524 9.585051e-01 1.354492e+00
525 9.605898e-01 1.359305e+00
526 9.855255e-01 1.347521e+00
527 1.013447e+00 1.295555e+00
528 1.013029e+00 1.295390e+00
529 1.025748e+00 1.286086e+00
530 1.027998e+00 1.283708e+00
531 1.008889e+00 1.299386e+00
532 1.018095e+00 1.292751e+00
533 1.019390e+00 1.290483e+00
534 1.042919e+00 1.277709e+00
535 1.041526e+00 1.276035e+00
536 1.043140e+00 1.269382e+00
537 1.042051e+00 1.288928e+00
538 1.045444e+00 1.275633e+00
539 1.055690e+00 1.278234e+00
540 1.038058e+00 1.254241e+00
541 1.035177e+00 1.262679e+00
542 1.044351e+00 1.263763e+00
543 1.026846e+00 1.278848e+00
544 1.029813e+00 1.282048e+00
545 1.037370e+00 1.288928e+00
546 1.042663e+00 1.293590e+00
547 1.065062e+00 1.248045e+00
548 1.053327e+00 1.259511e+00
549 1.043280e+00 1.237839e+00
550 1.044835e+00 1.218628e+00
551 1.055972e+00 1.255654e+00
552 1.049401e+00 1.255284e+00
553 1.046469e+00 1.268555e+00
554 1.051258e+00 1.279130e+00
555 1.045086e+00 1.264645e+00
556 9.811331e-01 1.269834e+00
557 9.746782e-01 1.267314e+00
558 9.347101e-01 1.291046e+00
559 9.169104e-01 1.268588e+00
560 9.124982e-01 1.273448e+00
561 9.161821e-01 1.269483e+00
562 8.454930e-01 1.240623e+00
563 8.507338e-01 1.242545e+00
564 8.516012e-01 1.241598e+00
565 8.593684e-01 1.284907e+00
566 8.614360e-01 1.271998e+00
567 8.341283e-01 1.319184e+00
568 8.423019e-01 1.322885e+00
569 8.384751e-01 1.325270e+00
570 8.442893e-01 1.329717e+00
571 8.545374e-01 1.339836e+00
572 8.577806e-01 1.339859e+00
573 8.886905e-01 1.335555e+00
574 9.047837e-01 1.354000e+00
575 9.368963e-01 1.361591e+00
576 9.544259e-01 1.349418e+00
577 9.495383e-01 1.332716e+00
578 9.494911e-01 1.323095e+00
579 9.488511e-01 1.323798e+00
580 9.681721e-01 1.298687e+00
581 9.717395e-01 1.286961e+00
582 9.817796e-01 1.307838e+00
583 9.869804e-01 1.300347e+00
584 9.814190e-01 1.295044e+00
585 9.643535e-01 1.283378e+00
586 1.007306e+00 1.293507e+00
587 1.016109e+00 1.307368e+00
588 1.007210e+00 1.303559e+00
589 1.003048e+00 1.297437e+00
590 1.018568e+00 1.285221e+00
591 9.953880e-01 1.287551e+00
592 9.934526e-01 1.286533e+00
593 9.922486e-01 1.290873e+00
594 9.914662e-01 1.290833e+00
595 9.423960e-01 1.269976e+00
596 9.481787e-01 1.279179e+00
597 9.481622e-01 1.279655e+00
598 9.731938e-01 1.233262e+00
599 1.013315e+00 1.213028e+00
600 1.016447e+00 1.210903e+00
601 1.046652e+00 1.206751e+00
602 1.037396e+00 1.210164e+00
603 1.029395e+00 1.197852e+00
604 1.042369e+00 1.176517e+00
605 1.054095e+00 1.179044e+00
606 1.056849e+00 1.210608e+00
607 1.070392e+00 1.185289e+00
608 1.060865e+00 1.202828e+00
609 1.057556e+00 1.130406e+00
610 1.025532e+00 1.097401e+00
611 1.033604e+00 1.097069e+00
612 1.026021e+00 1.096022e+00
613 9.822756e-01 1.062801e+00
614 1.032744e+00 1.042175e+00
615 1.032387e+00 1.042227e+00
616 1.032105e+00 1.042236e+00
617 1.033670e+00 1.044290e+00
618 1.035303e+00 1.045138e+00
619 1.044822e+00 1.046689e+00
620 1.045834e+00 1.013510e+00
621 1.064476e+00 1.020539e+00
622 1.083213e+00 1.017228e+00
623 1.083390e+00 1.018681e+00
624 1.106244e+00 1.011498e+00
625 1.113735e+00 1.007782e+00
626 1.209927e+00 9.629542e-01
627 1.202227e+00 9.551785e-01
628 1.206842e+00 9.595090e-01
629 1.207406e+00 9.568152e-01
630 1.206051e+00 9.591506e-01
631 1.195963e+00 9.375741e-01
632 1.238926e+00 1.009417e+00
633 1.229465e+00 9.970430e-01
634 1.237766e+00 9.939694e-01
635 1.282998e+00 9.971121e-01
636 1.282899e+00 9.953229e-01
637 1.278738e+00 9.827568e-01
638 1.269385e+00 9.909409e-01
639 1.324273e+00 9.921212e-01
640 1.327473e+00 9.991213e-01
641 1.310528e+00 1.040789e+00
642 1.310260e+00 1.044280e+00
643 1.300200e+00 1.014739e+00
644 1.291904e+00 1.009105e+00
645 1.302366e+00 1.014895e+00
646 1.301923e+00 9.889487e-01
647 1.302622e+00 9.938762e-01
648 1.326626e+00 9.574357e-01
649 1.325620e+00 1.039308e+00
650 1.313099e+00 1.044111e+00
651 1.302005e+00 1.066976e+00
652 1.280012e+00 1.040138e+00
653 1.270305e+00 1.050141e+00
654 1.268234e+00 1.032532e+00
655 1.258586e+00 1.041373e+00
656 1.248617e+00 1.028274e+00
657 1.252438e+00 1.013272e+00
658 1.258702e+00 1.007686e+00
659 1.248476e+00 1.012848e+00
660 1.284266e+00 1.019081e+00
661 1.245796e+00 9.550476e-01
662 1.224875e+00 9.282683e-01
663 1.225975e+00 9.001392e-01
664 1.199443e+00 8.526044e-01
665 1.185900e+00 8.535685e-01
666 1.208988e+00 8.823517e-01
667 1.191350e+00 8.756988e-01
668 1.215778e+00 8.515779e-01
669 1.213940e+00 8.416963e-01
670 1.190284e+00 8.390147e-01
671 1.189352e+00 8.224247e-01
672 1.218411e+00 8.633439e-01
673 1.248814e+00 8.666079e-01
674 1.263850e+00 7.936578e-01
675 1.260615e+00 8.088257e-01
676 1.238993e+00 8.257511e-01
677 1.238543e+00 7.932287e-01
678 1.270229e+00 8.121805e-01
679 1.271184e+00 8.120123e-01
680 1.269365e+00 8.097232e-01
681 1.271412e+00 8.083808e-01
682 1.269733e+00 7.732659e-01
683 1.273191e+00 7.723229e-01
684 1.272798e+00 7.730680e-01
685 1.267940e+00 7.960110e-01
686 1.292464e+00 8.084613e-01
687 1.292614e+00 7.879650e-01
688 1.293395e+00 7.863383e-01
689 1.293718e+00 7.667002e-01
690 1.253058e+00 8.030343e-01
691 1.244286e+00 8.153778e-01
692 1.331670e+00 8.136682e-01
693 1.358068e+00 7.913821e-01
694 1.359020e+00 7.923320e-01
695 1.390527e+00 7.852159e-01
696 1.365934e+00 8.094287e-01
697 1.363513e+00 8.072504e-01
698 1.361371e+00 8.031856e-01
699 1.343917e+00 8.066071e-01
700 1.315579e+00 8.189570e-01
701 1.314441e+00 8.186383e-01
702 1.324259e+00 8.119374e-01
703 1.324854e+00 8.118476e-01
704 1.308565e+00 8.025801e-01
705 1.304038e+00 7.874556e-01
706 1.310671e+00 8.024527e-01
707 1.325323e+00 8.621765e-01
708 1.323542e+00 8.642747e-01
709 1.382991e+00 8.251003e-01
710 1.383760e+00 8.378447e-01
711 1.384967e+00 8.427750e-01
712 1.355172e+00 8.551484e-01
713 1.349624e+00 8.527884e-01
714 1.352840e+00 8.493111e-01
715 1.352436e+00 8.488947e-01
716 1.392903e+00 8.545477e-01
717 1.417161e+00 8.228202e-01
718 1.392357e+00 8.739770e-01
719 1.390452e+00 8.751370e-01
720 1.339833e+00 8.753572e-01
721 1.338257e+00 8.769529e-01
722 1.339439e+00 8.710950e-01
723 1.358024e+00 8.659630e-01
724 1.361168e+00 8.687516e-01
725 1.373169e+00 8.643185e-01
726 1.366548e+00 8.827640e-01
727 1.367535e+00 8.773872e-01
728 1.373954e+00 8.570078e-01
729 1.422047e+00 8.821521e-01
730 1.422086e+00 8.822705e-01
731 1.423668e+00 8.306293e-01
732 1.419493e+00 8.366985e-01
733 1.418767e+00 8.241905e-01
734 1.421892e+00 8.210467e-01
735 1.374431e+00 8.295247e-01
736 1.368195e+00 8.313449e-01
737 1.349898e+00 8.420080e-01
738 1.351809e+00 8.385387e-01
739 1.347286e+00 8.231433e-01
740 1.337428e+00 8.415409e-01
741 1.347727e+00 8.533981e-01
742 1.290771e+00 8.189324e-01
743 1.301488e+00 8.574756e-01
744 1.317903e+00 8.415499e-01
745 1.336875e+00 8.681940e-01
746 1.394445e+00 8.893875e-01
747 1.445398e+00 8.817177e-01
748 1.445670e+00 8.814046e-01
749 1.467382e+00 8.946530e-01
750 1.485035e+00 9.007705e-01
751 1.503307e+00 8.873550e-01
752 1.502717e+00 8.861320e-01
753 1.522500e+00 8.845468e-01
754 1.512865e+00 8.923934e-01
755 1.513843e+00 8.976695e-01
756 1.516247e+00 8.936362e-01
757 1.514373e+00 8.944782e-01
758 1.514068e+00 8.957113e-01
759 1.508961e+00 8.923459e-01
760 1.483174e+00 8.400766e-01
761 1.491177e+00 8.401464e-01
762 1.487400e+00 8.371828e-01
763 1.453730e+00 8.263291e-01
764 1.453856e+00 8.272564e-01
765 1.452043e+00 8.221541e-01
766 1.453297e+00 8.162525e-01
767 1.472576e+00 8.397078e-01
768 1.472506e+00 8.396385e-01
769 1.405886e+00 7.841910e-01
770 1.410520e+00 7.999369e-01
771 1.427348e+00 8.116987e-01
772 1.463365e+00 8.181052e-01
773 1.511540e+00 8.274367e-01
774 1.517118e+00 8.327390e-01
775 1.475981e+00 8.815049e-01
776 1.475893e+00 8.814916e-01
777 1.471290e+00 8.874597e-01
778 1.472472e+00 8.909531e-01
779 1.474382e+00 8.911270e-01
780 1.503276e+00 8.914558e-01
781 1.498146e+00 8.525763e-01
782 1.501476e+00 8.639414e-01
783 1.490569e+00 8.497679e-01
784 1.481010e+00 8.249992e-01
785 1.485575e+00 8.260964e-01
786 1.483677e+00 8.282609e-01
787 1.500078e+00 8.274048e-01
788 1.487944e+00 8.165400e-01
789 1.517960e+00 8.052756e-01
790 1.501491e+00 8.156513e-01
791 1.504791e+00 8.408252e-01
792 1.526964e+00 8.255968e-01
793 1.559213e+00 8.272743e-01
794 1.555800e+00 8.287110e-01
795 1.551079e+00 8.217262e-01
796 1.534327e+00 8.104468e-01
797 1.494783e+00 8.026149e-01
798 1.498476e+00 8.385806e-01
799 1.476920e+00 8.195611e-01
800 1.474723e+00 8.260225e-01
801 1.466239e+00 8.182978e-01
802 1.466761e+00 8.179643e-01
803 1.443343e+00 8.271557e-01
804 1.452374e+00 8.172177e-01
805 1.453969e+00 8.219059e-01
806 1.454449e+00 8.333222e-01
807 1.466217e+00 8.186437e-01
808 1.495204e+00 7.961419e-01
809 1.517169e+00 8.214066e-01
810 1.515286e+00 8.226026e-01
811 1.518014e+00 8.096706e-01
812 1.570446e+00 7.828303e-01
813 1.565514e+00 7.925394e-01
814 1.531238e+00 8.133785e-01
815 1.526969e+00 8.030155e-01
816 1.552047e+00 7.457198e-01
817 1.549895e+00 7.418832e-01
818 1.564213e+00 7.104520e-01
819 1.563775e+00 7.064264e-01
820 1.572991e+00 6.851035e-01
821 1.599610e+00 7.288400e-01
822 1.623409e+00 7.590790e-01
823 1.615627e+00 7.352932e-01
824 1.612048e+00 7.249865e-01
825 1.618926e+00 7.154328e-01
826 1.612645e+00 7.118808e-01
827 1.597405e+00 7.392196e-01
828 1.596894e+00 7.406749e-01
829 1.590287e+00 7.658631e-01
830 1.556609e+00 7.561062e-01
831 1.587786e+00 7.708718e-01
832 1.587944e+00 7.703569e-01
833 1.584520e+00 7.748498e-01
834 1.594334e+00 7.693596e-01
835 1.583421e+00 7.835931e-01
836 1.587715e+00 7.819094e-01
837 1.587053e+00 7.819056e-01
838 1.587573e+00 7.798291e-01
839 1.587164e+00 7.797300e-01
840 1.587625e+00 7.734469e-01
841 1.553193e+00 7.708427e-01
842 1.556210e+00 7.662416e-01
843 1.554098e+00 7.842098e-01
844 1.580992e+00 7.910889e-01
845 1.569157e+00 7.892767e-01
846 1.566646e+00 7.871975e-01
847 1.541263e+00 7.668264e-01
848 1.576048e+00 8.060345e-01
849 1.575966e+00 8.060018e-01
850 1.577954e+00 8.133675e-01
851 1.558346e+00 8.139335e-01
852 1.585916e+00 7.630780e-01
853 1.585871e+00 7.658158e-01
854 1.582647e+00 8.400883e-01
855 1.601496e+00 9.177638e-01
856 1.607135e+00 9.184290e-01
857 1.603317e+00 9.280092e-01
858 1.606909e+00 9.457801e-01
859 1.567187e+00 1.016162e+00
860 1.562757e+00 1.054304e+00
861 1.538747e+00 1.079908e+00
862 1.529012e+00 1.081624e+00
863 1.519500e+00 1.114749e+00
864 1.513956e+00 1.114872e+00
865 1.513476e+00 1.117164e+00
866 1.538399e+00 1.130520e+00
867 1.543531e+00 1.135869e+00
868 1.535701e+00 1.162193e+00
869 1.504962e+00 1.152098e+00
870 1.494689e+00 1.177479e+00
871 1.499847e+00 1.178818e+00
872 1.497548e+00 1.171984e+00
873 1.494777e+00 1.170561e+00
874 1.494696e+00 1.168153e+00
875 1.493861e+00 1.167772e+00
876 1.489433e+00 1.167707e+00
877 1.488902e+00 1.167085e+00
878 1.495886e+00 1.159379e+00
879 1.492033e+00 1.129515e+00
880 1.490490e+00 1.127478e+00
881 1.507374e+00 1.128902e+00
882 1.529075e+00 1.122926e+00
883 1.540233e+00 1.137695e+00
884 1.534083e+00 1.138176e+00
885 1.529773e+00 1.139291e+00
886 1.551420e+00 1.254898e+00
887 1.459879e+00 1.297721e+00
888 1.459400e+00 1.318451e+00
889 1.459143e+00 1.318759e+00
890 1.490833e+00 1.318014e+00
891 1.492019e+00 1.321693e+00
892 1.460777e+00 1.342513e+00
893 1.463228e+00 1.349378e+00
894 1.465725e+00 1.354449e+00
895 1.473413e+00 1.354926e+00
896 1.486990e+00 1.364819e+00
897 1.486676e+00 1.364489e+00
898 1.497131e+00 1.351256e+00
899 1.523266e+00 1.364949e+00
900 1.521502e+00 1.365478e+00
901 1.520725e+00 1.365738e+00
902 1.480877e+00 1.331513e+00
903 1.488792e+00 1.348918e+00
904 1.500107e+00 1.338201e+00
905 1.501461e+00 1.328262e+00
906 1.510359e+00 1.279026e+00
907 1.494541e+00 1.323379e+00
908 1.491538e+00 1.333965e+00
909 1.487469e+00 1.335524e+00
910 1.482184e+00 1.335836e+00
911 1.481383e+00 1.335478e+00
912 1.479373e+00 1.333396e+00
913 1.474883e+00 1.350747e+00
914 1.419756e+00 1.450503e+00
915 1.420408e+00 1.449587e+00
916 1.413519e+00 1.431322e+00
917 1.432548e+00 1.429964e+00
918 1.444383e+00 1.416637e+00
919 1.478617e+00 1.412903e+00
920 1.482605e+00 1.417065e+00
921 1.456104e+00 1.408109e+00
922 1.446773e+00 1.409332e+00
923 1.457191e+00 1.380961e+00
924 1.490307e+00 1.332803e+00
925 1.503289e+00 1.352513e+00
926 1.478039e+00 1.361282e+00
927 1.475642e+00 1.362151e+00
928 1.485540e+00 1.370373e+00
929 1.506941e+00 1.335719e+00
930 1.505235e+00 1.338208e+00
931 1.507120e+00 1.340470e+00
932 1.509875e+00 1.345521e+00
933 1.511116e+00 1.339410e+00
934 1.493820e+00 1.336165e+00
935 1.492147e+00 1.335070e+00
936 1.504992e+00 1.348203e+00
937 1.499050e+00 1.351409e+00
938 1.467007e+00 1.333558e+00
939 1.459184e+00 1.363200e+00
940 1.438119e+00 1.355968e+00
941 1.439327e+00 1.368630e+00
942 1.436926e+00 1.371326e+00
943 1.400562e+00 1.367171e+00
944 1.401066e+00 1.374431e+00
945 1.405281e+00 1.386951e+00
946 1.349896e+00 1.364917e+00
947 1.358872e+00 1.320010e+00
948 1.356937e+00 1.324813e+00
949 1.385635e+00 1.351363e+00
950 1.379564e+00 1.375107e+00
951 1.384613e+00 1.402241e+00
952 1.402630e+00 1.386384e+00
953 1.385113e+00 1.355372e+00
954 1.388013e+00 1.350231e+00
955 1.409906e+00 1.375074e+00
956 1.401366e+00 1.383198e+00
957 1.412955e+00 1.336505e+00
958 1.423320e+00 1.353700e+00
959 1.432892e+00 1.367617e+00
960 1.427667e+00 1.365410e+00
961 1.420424e+00 1.394791e+00
962 1.411747e+00 1.394069e+00
963 1.404981e+00 1.325763e+00
964 1.365558e+00 1.336227e+00
965 1.381445e+00 1.318035e+00
966 1.382010e+00 1.317892e+00
967 1.379314e+00 1.316015e+00
968 1.380966e+00 1.322242e+00
969 1.358988e+00 1.322751e+00
970 1.356183e+00 1.321245e+00
971 1.335974e+00 1.328240e+00
972 1.336807e+00 1.329403e+00
973 1.342021e+00 1.335926e+00
974 1.306086e+00 1.323659e+00
975 1.313879e+00 1.305002e+00
976 1.313059e+00 1.305690e+00
977 1.315145e+00 1.304681e+00
978 1.315304e+00 1.305640e+00
979 1.326841e+00 1.317367e+00
980 1.321659e+00 1.329159e+00
981 1.309615e+00 1.323272e+00
982 1.369757e+00 1.329142e+00
983 1.372524e+00 1.349028e+00
984 1.371472e+00 1.345434e+00
985 1.356011e+00 1.329970e+00
986 1.356310e+00 1.323925e+00
987 1.355353e+00 1.325648e+00
988 1.357316e+00 1.329032e+00
989 1.357458e+00 1.329442e+00
990 1.380705e+00 1.333191e+00
991 1.396701e+00 1.343597e+00
992 1.421856e+00 1.346414e+00
993 1.421702e+00 1.351367e+00
994 1.419080e+00 1.342887e+00
995 1.420710e+00 1.340939e+00
996 1.429503e+00 1.328943e+00
997 1.432375e+00 1.352399e+00
998 1.445697e+00 1.371406e+00
999 1.436140e+00 1.384243e+00
1000 1.426957e+00 1.392137e+00
1001 1.422557e+00 1.386578e+00
1002 1.423058e+00 1.386740e+00
1003 1.434518e+00 1.383961e+00
1004 1.431809e+00 1.383511e+00
1005 1.428042e+00 1.376214e+00
1006 1.483017e+00 1.433652e+00
1007 1.478939e+00 1.418137e+00
1008 1.528861e+00 1.342789e+00
1009 1.532498e+00 1.347264e+00
1010 1.547820e+00 1.330608e+00
1011 1.546482e+00 1.335876e+00
1012 1.555372e+00 1.354336e+00
1013 1.596004e+00 1.399041e+00
1014 1.576833e+00 1.413690e+00
1015 1.577226e+00 1.413903e+00
1016 1.560618e+00 1.429654e+00
1017 1.560572e+00 1.429612e+00
1018 1.557529e+00 1.421936e+00
1019 1.562788e+00 1.421381e+00
1020 1.559076e+00 1.411828e+00
1021 1.558057e+00 1.384924e+00
1022 1.492319e+00 1.378819e+00
1023 1.508574e+00 1.371278e+00
1024 1.514803e+00 1.344647e+00
1025 1.541562e+00 1.369562e+00
1026 1.488167e+00 1.418001e+00
1027 1.478870e+00 1.420896e+00
1028 1.507132e+00 1.404556e+00
1029 1.469434e+00 1.440063e+00
1030 1.471628e+00 1.458284e+00
1031 1.476700e+00 1.493769e+00
1032 1.483529e+00 1.524153e+00
1033 1.473810e+00 1.526731e+00
1034 1.470273e+00 1.528110e+00
1035 1.468239e+00 1.519696e+00
1036 1.468251e+00 1.519474e+00
1037 1.419606e+00 1.511151e+00
1038 1.401895e+00 1.588061e+00
1039 1.415906e+00 1.582314e+00
1040 1.390167e+00 1.567077e+00
1041 1.378170e+00 1.600001e+00
1042 1.409505e+00 1.572939e+00
1043 1.372598e+00 1.607065e+00
1044 1.364440e+00 1.606565e+00
1045 1.361269e+00 1.606324e+00
1046 1.350336e+00 1.677519e+00
1047 1.350232e+00 1.677667e+00
1048 1.350480e+00 1.680310e+00
1049 1.313713e+00 1.674111e+00
1050 1.315836e+00 1.688537e+00
1051 1.312426e+00 1.682322e+00
1052 1.323479e+00 1.679671e+00
1053 1.345817e+00 1.676435e+00
1054 1.373643e+00 1.702151e+00
1055 1.353433e+00 1.679118e+00
1056 1.343032e+00 1.684388e+00
1057 1.343764e+00 1.683109e+00
1058 1.364198e+00 1.712114e+00
1059 1.408152e+00 1.705630e+00
1060 1.411030e+00 1.706191e+00
1061 1.411964e+00 1.697782e+00
1062 1.433986e+00 1.695232e+00
1063 1.419021e+00 1.701014e+00
1064 1.416969e+00 1.699803e+00
1065 1.464085e+00 1.703388e+00
1066 1.466608e+00 1.702115e+00
1067 1.515172e+00 1.676929e+00
1068 1.527660e+00 1.667798e+00
1069 1.526450e+00 1.666272e+00
1070 1.521302e+00 1.656172e+00
1071 1.516170e+00 1.659819e+00
1072 1.493215e+00 1.671365e+00
1073 1.484839e+00 1.711010e+00
1074 1.461710e+00 1.681646e+00
1075 1.464794e+00 1.680481e+00
1076 1.487520e+00 1.673301e+00
1077 1.460610e+00 1.678285e+00
1078 1.461350e+00 1.677659e+00
1079 1.486860e+00 1.649485e+00
1080 1.486427e+00 1.650668e+00
1081 1.484486e+00 1.649973e+00
1082 1.493177e+00 1.632169e+00
1083 1.492989e+00 1.625109e+00
1084 1.493785e+00 1.624963e+00
1085 1.496902e+00 1.617049e+00
1086 1.511672e+00 1.570551e+00
1087 1.506676e+00 1.595406e+00
1088 1.503382e+00 1.596116e+00
1089 1.494427e+00 1.586874e+00
1090 1.501098e+00 1.586349e+00
1091 1.499653e+00 1.591594e+00
1092 1.492931e+00 1.597309e+00
1093 1.530331e+00 1.609532e+00
1094 1.545948e+00 1.595690e+00
1095 1.551503e+00 1.593611e+00
1096 1.569643e+00 1.596728e+00
1097 1.558163e+00 1.585718e+00
1098 1.559850e+00 1.595233e+00
1099 1.610048e+00 1.626808e+00
1100 1.552661e+00 1.606515e+00
1101 1.518404e+00 1.603208e+00
1102 1.524577e+00 1.603143e+00
1103 1.557038e+00 1.633043e+00
1104 1.559151e+00 1.630642e+00
1105 1.561863e+00 1.635358e+00
1106 1.565386e+00 1.630696e+00
1107 1.580066e+00 1.623012e+00
1108 1.576637e+00 1.630557e+00
1109 1.578949e+00 1.635852e+00
1110 1.614565e+00 1.642495e+00
1111 1.613892e+00 1.634605e+00
1112 1.614068e+00 1.628436e+00
1113 1.669655e+00 1.694917e+00
1114 1.664982e+00 1.666521e+00
1115 1.658115e+00 1.672830e+00
1116 1.645163e+00 1.683333e+00
1117 1.693400e+00 1.668281e+00
1118 1.690664e+00 1.657339e+00
1119 1.694031e+00 1.660886e+00
1120 1.690433e+00 1.663380e+00
1121 1.726016e+00 1.658670e+00
1122 1.725974e+00 1.657463e+00
1123 1.725921e+00 1.647423e+00
1124 1.725829e+00 1.648131e+00
1125 1.699351e+00 1.634144e+00
1126 1.665134e+00 1.660706e+00
1127 1.659990e+00 1.659133e+00
1128 1.659017e+00 1.683134e+00
1129 1.672055e+00 1.670623e+00
1130 1.669772e+00 1.667281e+00
1131 1.703001e+00 1.703606e+00
1132 1.700007e+00 1.692964e+00
1133 1.699871e+00 1.690518e+00
1134 1.714216e+00 1.672438e+00
1135 1.706343e+00 1.676785e+00
1136 1.710321e+00 1.689078e+00
1137 1.708842e+00 1.690695e+00
1138 1.710454e+00 1.695792e+00
1139 1.712727e+00 1.694342e+00
1140 1.713876e+00 1.694260e+00
1141 1.735963e+00 1.668324e+00
1142 1.735870e+00 1.668355e+00
1143 1.702242e+00 1.649407e+00
1144 1.701961e+00 1.649320e+00
1145 1.705943e+00 1.651999e+00
1146 1.713007e+00 1.663370e+00
1147 1.730781e+00 1.641002e+00
1148 1.696877e+00 1.632817e+00
1149 1.675056e+00 1.618781e+00
1150 1.686308e+00 1.640617e+00
1151 1.690357e+00 1.639091e+00
1152 1.697356e+00 1.635751e+00
1153 1.697393e+00 1.635670e+00
1154 1.715061e+00 1.624455e+00
1155 1.706914e+00 1.622444e+00
1156 1.692359e+00 1.616180e+00
1157 1.750877e+00 1.682546e+00
1158 1.716134e+00 1.687876e+00
1159 1.716131e+00 1.687883e+00
1160 1.745678e+00 1.682426e+00
1161 1.754733e+00 1.677432e+00
1162 1.751494e+00 1.678101e+00
1163 1.756834e+00 1.666987e+00
1164 1.759230e+00 1.659665e+00
1165 1.785201e+00 1.612562e+00
1166 1.806524e+00 1.580438e+00
1167 1.788272e+00 1.594438e+00
1168 1.789863e+00 1.593103e+00
1169 1.793142e+00 1.592071e+00
1170 1.793752e+00 1.596008e+00
1171 1.790585e+00 1.593660e+00
1172 1.784785e+00 1.591841e+00
1173 1.759415e+00 1.569319e+00
1174 1.723188e+00 1.564882e+00
1175 1.731110e+00 1.568209e+00
1176 1.729108e+00 1.570169e+00
1177 1.769017e+00 1.573283e+00
1178 1.776268e+00 1.540658e+00
1179 1.787526e+00 1.548533e+00
1180 1.763196e+00 1.537792e+00
1181 1.756969e+00 1.550507e+00
1182 1.759062e+00 1.548812e+00
1183 1.754694e+00 1.547001e+00
1184 1.699655e+00 1.578266e+00
1185 1.713886e+00 1.577480e+00
1186 1.703634e+00 1.569749e+00
1187 1.699722e+00 1.581817e+00
1188 1.654673e+00 1.574046e+00
1189 1.701497e+00 1.555203e+00
1190 1.697148e+00 1.559281e+00
1191 1.701537e+00 1.573388e+00
1192 1.714652e+00 1.563769e+00
1193 1.738179e+00 1.557014e+00
1194 1.723587e+00 1.569278e+00
1195 1.714304e+00 1.573142e+00
1196 1.718449e+00 1.575055e+00
1197 1.716626e+00 1.606932e+00
1198 1.722784e+00 1.601711e+00
1199 1.695896e+00 1.583960e+00
1200 1.737003e+00 1.646315e+00
1201 1.739807e+00 1.663972e+00
1202 1.734141e+00 1.666265e+00
1203 1.729961e+00 1.665186e+00
1204 1.728101e+00 1.661247e+00
1205 1.725246e+00 1.659778e+00
1206 1.752465e+00 1.689638e+00
1207 1.728632e+00 1.662457e+00
1208 1.743264e+00 1.636606e+00
1209 1.744581e+00 1.635810e+00
1210 1.717244e+00 1.672047e+00
1211 1.676712e+00 1.680877e+00
1212 1.698709e+00 1.670636e+00
1213 1.693472e+00 1.680087e+00
1214 1.636327e+00 1.711816e+00
1215 1.632081e+00 1.682937e+00
1216 1.629927e+00 1.679421e+00
1217 1.673082e+00 1.672711e+00
1218 1.686574e+00 1.645896e+00
1219 1.711106e+00 1.641386e+00
1220 1.713354e+00 1.634727e+00
1221 1.716873e+00 1.631361e+00
1222 1.714046e+00 1.625020e+00
1223 1.718330e+00 1.622413e+00
1224 1.723478e+00 1.626099e+00
1225 1.743151e+00 1.631239e+00
1226 1.721501e+00 1.639344e+00
1227 1.715358e+00 1.624853e+00
1228 1.729586e+00 1.637000e+00
1229 1.730279e+00 1.632979e+00
1230 1.733738e+00 1.628417e+00
1231 1.740196e+00 1.626689e+00
1232 1.802320e+00 1.552843e+00
1233 1.772402e+00 1.537835e+00
1234 1.765608e+00 1.513969e+00
1235 1.771651e+00 1.517578e+00
1236 1.758163e+00 1.555356e+00
1237 1.757596e+00 1.562772e+00
1238 1.761103e+00 1.558814e+00
1239 1.729429e+00 1.547497e+00
1240 1.765988e+00 1.475782e+00
1241 1.772875e+00 1.484570e+00
1242 1.765947e+00 1.471550e+00
1243 1.772813e+00 1.451927e+00
1244 1.797157e+00 1.466526e+00
1245 1.809811e+00 1.439011e+00
1246 1.851547e+00 1.402862e+00
1247 1.857198e+00 1.409851e+00
1248 1.865281e+00 1.400073e+00
1249 1.881431e+00 1.373725e+00
1250 1.887734e+00 1.372063e+00
1251 1.897049e+00 1.364478e+00
1252 1.892014e+00 1.352612e+00
1253 1.896020e+00 1.352818e+00
1254 1.893460e+00 1.351712e+00
1255 1.915849e+00 1.361394e+00
1256 1.898111e+00 1.360985e+00
1257 1.910191e+00 1.369859e+00
1258 1.912547e+00 1.370089e+00
1259 1.917872e+00 1.364090e+00
1260 1.915844e+00 1.348954e+00
1261 1.935814e+00 1.344119e+00
1262 1.931803e+00 1.348012e+00
1263 1.959197e+00 1.354697e+00
1264 1.958220e+00 1.354014e+00
1265 1.909507e+00 1.338222e+00
1266 1.934015e+00 1.311939e+00
1267 1.924656e+00 1.299963e+00
1268 1.951944e+00 1.295687e+00
1269 1.953394e+00 1.300255e+00
1270 1.928717e+00 1.322165e+00
1271 1.934627e+00 1.329172e+00
1272 1.929679e+00 1.397134e+00
1273 1.927017e+00 1.396669e+00
1274 1.928569e+00 1.389756e+00
1275 1.911994e+00 1.308005e+00
1276 1.901048e+00 1.312165e+00
1277 1.894528e+00 1.295637e+00
1278 1.909139e+00 1.292340e+00
1279 1.911355e+00 1.286071e+00
1280 1.912958e+00 1.283731e+00
1281 1.881080e+00 1.294736e+00
1282 1.864263e+00 1.291893e+00
1283 1.866151e+00 1.294616e+00
1284 1.848693e+00 1.271217e+00
1285 1.829887e+00 1.340472e+00
1286 1.821475e+00 1.353449e+00
1287 1.816090e+00 1.351457e+00
1288 1.814973e+00 1.345210e+00
1289 1.817975e+00 1.355847e+00
1290 1.837902e+00 1.389797e+00
1291 1.837522e+00 1.391879e+00
1292 1.863071e+00 1.390500e+00
1293 1.885046e+00 1.394132e+00
1294 1.888138e+00 1.393550e+00
1295 1.887036e+00 1.394138e+00
1296 1.950852e+00 1.419935e+00
1297 1.965681e+00 1.472479e+00
1298 1.942813e+00 1.449294e+00
1299 1.969090e+00 1.483982e+00
1300 1.963632e+00 1.483406e+00
1301 1.970885e+00 1.457235e+00
1302 1.972071e+00 1.458120e+00
1303 1.971980e+00 1.458706e+00
1304 1.975182e+00 1.457976e+00
1305 1.978576e+00 1.413452e+00
1306 1.961723e+00 1.424352e+00
1307 1.964607e+00 1.427234e+00
1308 1.953884e+00 1.422292e+00
1309 1.925557e+00 1.425963e+00
1310 1.925938e+00 1.426200e+00
1311 1.922738e+00 1.424664e+00
1312 1.907120e+00 1.416154e+00
1313 1.909767e+00 1.415076e+00
1314 1.912584e+00 1.421301e+00
1315 1.920180e+00 1.449044e+00
1316 1.964612e+00 1.478099e+00
1317 1.952062e+00 1.469319e+00
1318 1.952084e+00 1.471591e+00
1319 1.952349e+00 1.472476e+00
1320 1.968320e+00 1.481766e+00
1321 1.976435e+00 1.487372e+00
1322 1.980957e+00 1.498709e+00
1323 1.984806e+00 1.495927e+00
1324 1.966105e+00 1.485791e+00
1325 1.972149e+00 1.479389e+00
1326 1.965600e+00 1.487476e+00
1327 1.961612e+00 1.489034e+00
1328 1.961575e+00 1.488975e+00
1329 1.950840e+00 1.463787e+00
1330 1.948616e+00 1.460634e+00
1331 1.948783e+00 1.459564e+00
1332 1.981672e+00 1.440887e+00
1333 1.980170e+00 1.441579e+00
1334 2.002295e+00 1.454536e+00
1335 2.006544e+00 1.463490e+00
1336 2.044523e+00 1.408293e+00
1337 2.062508e+00 1.416984e+00
1338 2.054084e+00 1.408844e+00
1339 2.056602e+00 1.409433e+00
1340 2.005537e+00 1.340636e+00
1341 2.002627e+00 1.340043e+00
1342 2.009775e+00 1.336347e+00
1343 2.016210e+00 1.335673e+00
1344 2.021990e+00 1.330302e+00
1345 1.993120e+00 1.345626e+00
1346 2.070416e+00 1.329760e+00
1347 2.061303e+00 1.292709e+00
1348 2.043471e+00 1.310096e+00
1349 2.049982e+00 1.307288e+00
1350 2.044567e+00 1.308241e+00
1351 2.041809e+00 1.305467e+00
1352 2.056444e+00 1.299696e+00
1353 2.070660e+00 1.295446e+00
1354 2.069247e+00 1.296056e+00
1355 2.059195e+00 1.333921e+00
1356 2.054425e+00 1.340098e+00
1357 2.033576e+00 1.356833e+00
1358 2.039390e+00 1.359931e+00
1359 2.093279e+00 1.405497e+00
1360 2.088543e+00 1.410333e+00
1361 2.125064e+00 1.424261e+00
1362 2.128696e+00 1.423802e+00
1363 2.184699e+00 1.401222e+00
1364 2.181509e+00 1.401770e+00
1365 2.201116e+00 1.380941e+00
1366 2.201403e+00 1.382026e+00
1367 2.190919e+00 1.388976e+00
1368 2.186166e+00 1.397406e+00
1369 2.215094e+00 1.419667e+00
1370 2.221852e+00 1.401677e+00
1371 2.212133e+00 1.394306e+00
1372 2.237463e+00 1.449507e+00
1373 2.232319e+00 1.451722e+00
1374 2.245490e+00 1.460057e+00
1375 2.236410e+00 1.475511e+00
1376 2.219385e+00 1.485664e+00
1377 2.261341e+00 1.471434e+00
1378 2.273018e+00 1.443049e+00
1379 2.263737e+00 1.432382e+00
1380 2.267316e+00 1.434378e+00
1381 2.285655e+00 1.429320e+00
1382 2.243642e+00 1.448209e+00
1383 2.237130e+00 1.454676e+00
1384 2.242571e+00 1.475513e+00
1385 2.216983e+00 1.487603e+00
1386 2.210878e+00 1.494612e+00
1387 2.212699e+00 1.473153e+00
1388 2.221731e+00 1.498023e+00
1389 2.277568e+00 1.512356e+00
1390 2.265016e+00 1.538445e+00
1391 2.258670e+00 1.549070e+00
1392 2.286393e+00 1.515297e+00
1393 2.254664e+00 1.536923e+00
1394 2.238138e+00 1.520720e+00
1395 2.120314e+00 1.515485e+00
1396 2.126275e+00 1.526960e+00
1397 2.133885e+00 1.515446e+00
1398 2.132504e+00 1.514789e+00
1399 2.158227e+00 1.535240e+00
1400 2.163173e+00 1.536267e+00
1401 2.187973e+00 1.550409e+00
1402 2.190648e+00 1.545839e+00
1403 2.175898e+00 1.556188e+00
1404 2.204462e+00 1.544921e+00
1405 2.194912e+00 1.515826e+00
1406 2.198500e+00 1.519439e+00
1407 2.215331e+00 1.518767e+00
1408 2.216486e+00 1.518179e+00
1409 2.214944e+00 1.511313e+00
1410 2.207843e+00 1.544936e+00
1411 2.151496e+00 1.495338e+00
1412 2.118389e+00 1.491333e+00
1413 2.099142e+00 1.436947e+00
1414 2.098268e+00 1.438954e+00
1415 2.092511e+00 1.449816e+00
1416 2.106038e+00 1.476534e+00
1417 2.114319e+00 1.471805e+00
1418 2.115494e+00 1.470487e+00
1419 2.137347e+00 1.395638e+00
1420 2.140769e+00 1.397182e+00
1421 2.139702e+00 1.396202e+00
1422 2.145961e+00 1.397443e+00
1423 2.144097e+00 1.400268e+00
1424 2.153651e+00 1.380000e+00
1425 2.163902e+00 1.395831e+00
1426 2.161849e+00 1.396438e+00
1427 2.161363e+00 1.398952e+00
1428 2.155820e+00 1.406520e+00
1429 2.180419e+00 1.394968e+00
1430 2.186240e+00 1.402113e+00
1431 2.177644e+00 1.400192e+00
1432 2.175680e+00 1.396725e+00
1433 2.177831e+00 1.403548e+00
1434 2.163304e+00 1.403294e+00
1435 2.172929e+00 1.402068e+00
1436 2.174073e+00 1.404217e+00
1437 2.156949e+00 1.362301e+00
1438 2.153744e+00 1.348937e+00
1439 2.178281e+00 1.345224e+00
1440 2.174238e+00 1.321350e+00
1441 2.165244e+00 1.319356e+00
1442 2.158094e+00 1.314941e+00
1443 2.156852e+00 1.314547e+00
1444 2.150630e+00 1.314150e+00
1445 2.120043e+00 1.302235e+00
1446 2.122271e+00 1.299307e+00
1447 2.114682e+00 1.319100e+00
1448 2.104458e+00 1.316736e+00
1449 2.111432e+00 1.320392e+00
1450 2.115335e+00 1.312314e+00
1451 2.115201e+00 1.311933e+00
1452 2.112135e+00 1.315467e+00
1453 2.094046e+00 1.342260e+00
1454 2.094098e+00 1.343782e+00
1455 2.059920e+00 1.372428e+00
1456 2.020753e+00 1.340421e+00
1457 2.018272e+00 1.334322e+00
1458 2.004141e+00 1.360809e+00
1459 2.001502e+00 1.345880e+00
1460 1.972116e+00 1.333320e+00
1461 1.903042e+00 1.191992e+00
1462 1.890857e+00 1.168461e+00
1463 1.891402e+00 1.167092e+00
1464 1.892825e+00 1.186718e+00
1465 1.888590e+00 1.209399e+00
1466 1.890788e+00 1.225737e+00
1467 1.879407e+00 1.212385e+00
1468 1.882414e+00 1.213467e+00
1469 1.883465e+00 1.210166e+00
1470 1.905100e+00 1.237350e+00
1471 1.908792e+00 1.198046e+00
1472 1.906758e+00 1.199151e+00
1473 1.901394e+00 1.197645e+00
1474 1.910657e+00 1.179352e+00
1475 1.904669e+00 1.180975e+00
1476 1.904333e+00 1.181244e+00
1477 1.893279e+00 1.175785e+00
1478 1.877683e+00 1.194530e+00
1479 1.891453e+00 1.192920e+00
1480 1.876215e+00 1.145153e+00
1481 1.872562e+00 1.142160e+00
1482 1.906019e+00 1.122939e+00
1483 1.885607e+00 1.120096e+00
1484 1.873144e+00 1.122132e+00
1485 1.891143e+00 1.148313e+00
1486 1.886405e+00 1.136574e+00
1487 1.881884e+00 1.121990e+00
1488 1.899958e+00 1.133823e+00
1489 1.900043e+00 1.133923e+00
1490 1.891936e+00 1.136015e+00
1491 1.897050e+00 1.133786e+00
1492 1.897032e+00 1.132635e+00
1493 1.940681e+00 1.122882e+00
1494 1.950623e+00 1.111245e+00
1495 1.956422e+00 1.108277e+00
1496 1.953443e+00 1.109267e+00
1497 1.931479e+00 1.076151e+00
1498 1.962436e+00 1.072907e+00
1499 1.961238e+00 1.073085e+00
1500 1.935153e+00 1.091983e+00
1501 1.941724e+00 1.086827e+00
1502 1.958524e+00 1.091143e+00
1503 1.954158e+00 1.095138e+00
1504 1.955323e+00 1.094456e+00
1505 1.984193e+00 1.142131e+00
1506 1.960812e+00 1.144793e+00
1507 1.941140e+00 1.133407e+00
1508 1.935828e+00 1.153707e+00
1509 1.941910e+00 1.147623e+00
1510 1.950950e+00 1.148295e+00
1511 1.970794e+00 1.146020e+00
1512 1.964745e+00 1.155820e+00
1513 1.964277e+00 1.158148e+00
1514 1.959815e+00 1.142426e+00
1515 1.963629e+00 1.205235e+00
1516 1.961562e+00 1.203302e+00
1517 1.960247e+00 1.236384e+00
1518 1.941696e+00 1.217713e+00
1519 1.937406e+00 1.208796e+00
1520 1.939110e+00 1.177444e+00
1521 1.929038e+00 1.176795e+00
1522 1.953208e+00 1.184750e+00
1523 1.959451e+00 1.179362e+00
1524 1.947607e+00 1.171124e+00
1525 1.888593e+00 1.113254e+00
1526 1.888061e+00 1.077691e+00
1527 1.919072e+00 1.077994e+00
1528 1.893020e+00 1.102153e+00
1529 1.880342e+00 1.120654e+00
1530 1.876801e+00 1.121060e+00
1531 1.865959e+00 1.096342e+00
1532 1.852224e+00 1.085343e+00
1533 1.899100e+00 1.079702e+00
1534 1.895018e+00 1.087456e+00
1535 1.893059e+00 1.079878e+00
1536 1.892373e+00 1.079169e+00
1537 1.890568e+00 1.083408e+00
1538 1.896428e+00 1.098691e+00
1539 1.895379e+00 1.079006e+00
1540 1.862135e+00 1.042053e+00
1541 1.855459e+00 1.043901e+00
1542 1.849614e+00 1.049548e+00
1543 1.847862e+00 1.055102e+00
1544 1.854883e+00 1.068539e+00
1545 1.855568e+00 1.070677e+00
1546 1.864563e+00 1.066045e+00
1547 1.877269e+00 1.082378e+00
1548 1.881362e+00 1.080438e+00
1549 1.897193e+00 1.074126e+00
1550 1.926065e+00 1.063712e+00
1551 1.921266e+00 1.072524e+00
1552 1.968024e+00 1.098343e+00
1553 1.995179e+00 1.099622e+00
1554 2.019562e+00 1.139659e+00
1555 2.084632e+00 1.086986e+00
1556 2.084815e+00 1.087768e+00
1557 2.082116e+00 1.095410e+00
1558 2.078126e+00 1.099432e+00
1559 2.087643e+00 1.072723e+00
1560 2.080849e+00 1.076662e+00
1561 2.055649e+00 1.088757e+00
1562 2.053223e+00 1.086441e+00
1563 2.060432e+00 1.090210e+00
1564 2.064287e+00 1.086025e+00
1565 2.068056e+00 1.090765e+00
1566 2.067827e+00 1.090842e+00
1567 2.072751e+00 1.092853e+00
1568 2.085116e+00 1.091593e+00
1569 2.087000e+00 1.089724e+00
1570 2.084908e+00 1.074018e+00
1571 2.086106e+00 1.073403e+00
1572 2.101793e+00 1.064546e+00
1573 2.107739e+00 1.073780e+00
1574 2.112559e+00 1.090411e+00
1575 2.120500e+00 1.085334e+00
1576 2.139120e+00 1.089821e+00
1577 2.130730e+00 1.103454e+00
1578 2.146482e+00 1.108892e+00
1579 2.145550e+00 1.108771e+00
1580 2.147488e+00 1.094456e+00
1581 2.139762e+00 1.086465e+00
1582 2.119758e+00 1.085006e+00
1583 2.120301e+00 1.084924e+00
1584 2.120533e+00 1.085149e+00
1585 2.024963e+00 1.000137e+00
1586 2.032561e+00 9.892545e-01
1587 2.030166e+00 9.933279e-01
1588 2.034659e+00 9.932065e-01
1589 2.006587e+00 9.738776e-01
1590 2.001023e+00 9.569785e-01
1591 1.993807e+00 9.571540e-01
1592 1.977925e+00 9.673221e-01
1593 1.976878e+00 9.632797e-01
1594 1.982708e+00 9.738517e-01
1595 2.005178e+00 9.545985e-01
1596 2.002810e+00 9.523413e-01
1597 1.997476e+00 9.236673e-01
1598 2.004591e+00 9.119420e-01
1599 2.008944e+00 9.120637e-01
1600 2.020007e+00 9.280060e-01
1601 2.010412e+00 9.349934e-01
1602 2.010238e+00 9.371346e-01
1603 2.024691e+00 9.581946e-01
1604 2.024601e+00 9.575040e-01
1605 2.060182e+00 9.353393e-01
1606 2.025133e+00 9.467998e-01
1607 2.008102e+00 9.183086e-01
1608 2.009499e+00 9.206513e-01
1609 2.008661e+00 9.230601e-01
1610 2.021654e+00 9.371405e-01
1611 1.938795e+00 9.048213e-01
1612 1.932265e+00 9.167450e-01
1613 1.941507e+00 9.380631e-01
1614 1.942367e+00 9.221075e-01
1615 1.972553e+00 1.011469e+00
1616 1.954451e+00 1.023642e+00
1617 1.967136e+00 1.018859e+00
1618 1.915366e+00 1.013425e+00
1619 1.909025e+00 1.004721e+00
1620 1.909962e+00 9.998903e-01
1621 1.906490e+00 1.002598e+00
1622 1.906435e+00 9.976286e-01
1623 1.882744e+00 9.662692e-01
1624 1.895223e+00 9.765630e-01
1625 1.853376e+00 9.413327e-01
1626 1.850155e+00 9.303884e-01
1627 1.854008e+00 9.201193e-01
1628 1.853738e+00 9.307266e-01
1629 1.853017e+00 9.174424e-01
1630 1.846539e+00 9.099454e-01
1631 1.833614e+00 9.161617e-01
1632 1.846030e+00 9.188372e-01
1633 1.867744e+00 9.293901e-01
1634 1.875522e+00 9.198036e-01
1635 1.799444e+00 8.751055e-01
1636 1.813157e+00 8.754361e-01
1637 1.813884e+00 8.808747e-01
1638 1.804868e+00 8.773995e-01
1639 1.765269e+00 8.995468e-01
1640 1.764404e+00 8.881211e-01
1641 1.752251e+00 9.009645e-01
1642 1.755355e+00 8.945306e-01
1643 1.746287e+00 8.931478e-01
1644 1.726018e+00 9.018861e-01
1645 1.695698e+00 9.072660e-01
1646 1.695569e+00 9.072395e-01
1647 1.715498e+00 9.107571e-01
1648 1.721859e+00 9.112732e-01
1649 1.718365e+00 9.211038e-01
1650 1.702524e+00 9.129989e-01
1651 1.682622e+00 9.067544e-01
1652 1.684704e+00 9.279995e-01
1653 1.632535e+00 9.215063e-01
1654 1.636340e+00 9.220471e-01
1655 1.629276e+00 9.222997e-01
1656 1.631555e+00 9.184933e-01
1657 1.599028e+00 9.810115e-01
1658 1.601906e+00 9.721633e-01
1659 1.601771e+00 9.730026e-01
1660 1.630506e+00 9.843308e-01
1661 1.611906e+00 9.707255e-01
1662 1.609462e+00 9.662583e-01
1663 1.615899e+00 9.594323e-01
1664 1.614389e+00 9.595729e-01
1665 1.614882e+00 9.593149e-01
1666 1.615047e+00 9.604289e-01
1667 1.625179e+00 9.470886e-01
1668 1.620528e+00 9.456272e-01
1669 1.645663e+00 9.380486e-01
1670 1.658755e+00 9.382191e-01
1671 1.546662e+00 1.000905e+00
1672 1.541432e+00 9.873943e-01
1673 1.541482e+00 9.784388e-01
1674 1.540872e+00 9.751469e-01
1675 1.547542e+00 9.864225e-01
1676 1.514213e+00 9.441239e-01
1677 1.515956e+00 9.465866e-01
1678 1.519348e+00 9.546651e-01
1679 1.517020e+00 9.564135e-01
1680 1.557289e+00 9.440286e-01
1681 1.655200e+00 9.845549e-01
1682 1.651458e+00 9.984521e-01
1683 1.632551e+00 9.989253e-01
1684 1.590599e+00 1.000031e+00
1685 1.568122e+00 9.870071e-01
1686 1.568497e+00 9.875730e-01
1687 1.539556e+00 9.968696e-01
1688 1.513667e+00 1.016415e+00
1689 1.514651e+00 1.020899e+00
1690 1.504643e+00 1.022967e+00
1691 1.517823e+00 1.024525e+00
1692 1.511009e+00 1.027237e+00
1693 1.512852e+00 1.027148e+00
1694 1.504719e+00 1.014324e+00
1695 1.514090e+00 1.019645e+00
1696 1.528873e+00 9.864441e-01
1697 1.520791e+00 1.016115e+00
1698 1.517535e+00 9.947348e-01
1699 1.501863e+00 9.580222e-01
1700 1.503680e+00 9.530688e-01
1701 1.503735e+00 9.562266e-01
1702 1.524598e+00 9.639311e-01
1703 1.548902e+00 9.531335e-01
1704 1.549095e+00 9.442702e-01
1705 1.570787e+00 9.639783e-01
1706 1.603467e+00 9.475313e-01
1707 1.601850e+00 9.489889e-01
1708 1.587138e+00 9.425408e-01
1709 1.586239e+00 9.118169e-01
1710 1.591702e+00 9.092190e-01
1711 1.597056e+00 9.002412e-01
1712 1.600226e+00 8.722786e-01
1713 1.604199e+00 8.880412e-01
1714 1.653959e+00 8.634687e-01
1715 1.642959e+00 8.678080e-01
1716 1.647940e+00 8.700029e-01
1717 1.682382e+00 8.982198e-01
1718 1.689591e+00 8.844748e-01
1719 1.695859e+00 8.771315e-01
1720 1.693715e+00 8.970944e-01
1721 1.690773e+00 8.978833e-01
1722 1.693640e+00 8.935190e-01
1723 1.695536e+00 8.906141e-01
1724 1.681796e+00 9.076746e-01
1725 1.718351e+00 9.309149e-01
1726 1.711306e+00 9.106903e-01
1727 1.711451e+00 9.105039e-01
1728 1.697870e+00 9.087084e-01
1729 1.654330e+00 8.983234e-01
1730 1.648877e+00 8.936405e-01
1731 1.648811e+00 8.908672e-01
1732 1.691848e+00 8.461157e-01
1733 1.700043e+00 8.324842e-01
1734 1.714117e+00 8.087396e-01
1735 1.760448e+00 8.641891e-01
1736 1.760414e+00 8.610925e-01
1737 1.759023e+00 8.624004e-01
1738 1.762008e+00 8.580404e-01
1739 1.766731e+00 8.642951e-01
1740 1.716768e+00 8.823440e-01
1741 1.742212e+00 8.715323e-01
1742 1.704512e+00 8.939417e-01
1743 1.677717e+00 9.102746e-01
1744 1.653841e+00 9.281218e-01
1745 1.654638e+00 9.313974e-01
1746 1.668152e+00 9.423957e-01
1747 1.669444e+00 9.370769e-01
1748 1.670178e+00 9.368458e-01
1749 1.677410e+00 9.314916e-01
1750 1.736999e+00 8.912302e-01
1751 1.748686e+00 8.926957e-01
1752 1.763009e+00 8.932577e-01
1753 1.769336e+00 8.912421e-01
1754 1.782837e+00 9.044898e-01
1755 1.780260e+00 8.999472e-01
1756 1.788577e+00 9.023693e-01
1757 1.801437e+00 9.005381e-01
1758 1.808755e+00 8.986396e-01
1759 1.815401e+00 9.027649e-01
1760 1.813150e+00 9.386359e-01
1761 1.866237e+00 9.378393e-01
1762 1.822163e+00 9.254510e-01
1763 1.821671e+00 9.167133e-01
1764 1.822631e+00 9.030360e-01
1765 1.797972e+00 9.026216e-01
1766 1.785298e+00 8.963982e-01
1767 1.784906e+00 9.127565e-01
1768 1.787021e+00 9.153557e-01
1769 1.784879e+00 9.072004e-01
1770 1.784297e+00 9.132207e-01
1771 1.782808e+00 9.109967e-01
1772 1.785204e+00 9.108059e-01
1773 1.788023e+00 9.137021e-01
1774 1.758119e+00 8.948851e-01
1775 1.770119e+00 8.900276e-01
1776 1.766903e+00 9.038490e-01
1777 1.768588e+00 9.048531e-01
1778 1.747268e+00 9.105243e-01
1779 1.742567e+00 9.053090e-01
1780 1.747131e+00 9.069424e-01
1781 1.738132e+00 8.944739e-01
1782 1.742360e+00 8.900039e-01
1783 1.722115e+00 9.021038e-01
1784 1.724038e+00 9.012721e-01
1785 1.717360e+00 9.031237e-01
1786 1.718434e+00 8.872048e-01
1787 1.726432e+00 8.719659e-01
1788 1.741147e+00 8.674825e-01
1789 1.701854e+00 9.406614e-01
1790 1.684365e+00 8.990415e-01
1791 1.686069e+00 9.005098e-01
1792 1.689119e+00 9.027376e-01
1793 1.709501e+00 9.748997e-01
1794 1.699508e+00 9.947707e-01
1795 1.706038e+00 9.463481e-01
1796 1.729746e+00 9.341908e-01
1797 1.733075e+00 9.280607e-01
1798 1.736079e+00 9.324856e-01
1799 1.765169e+00 9.164557e-01
1800 1.771344e+00 9.064843e-01
1801 1.784030e+00 8.750985e-01
1802 1.776677e+00 8.635225e-01
1803 1.777748e+00 8.386633e-01
1804 1.776653e+00 8.390866e-01
1805 1.776774e+00 8.445118e-01
1806 1.783962e+00 8.144250e-01
1807 1.765437e+00 8.265666e-01
1808 1.765372e+00 8.248840e-01
1809 1.765250e+00 8.220327e-01
1810 1.741534e+00 8.269044e-01
1811 1.741864e+00 8.303288e-01
1812 1.754882e+00 8.009623e-01
1813 1.772205e+00 7.690474e-01
1814 1.731862e+00 7.787237e-01
1815 1.731890e+00 7.807086e-01
1816 1.786271e+00 8.008199e-01
1817 1.833428e+00 8.026464e-01
1818 1.838288e+00 7.988476e-01
1819 1.826897e+00 7.908117e-01
1820 1.850840e+00 7.843383e-01
1821 1.843650e+00 7.959377e-01
1822 1.831978e+00 8.051361e-01
1823 1.831555e+00 8.109677e-01
1824 1.849478e+00 8.108272e-01
1825 1.846568e+00 8.147774e-01
1826 1.852397e+00 8.111808e-01
1827 1.910131e+00 7.862403e-01
1828 1.913373e+00 7.865585e-01
1829 1.925476e+00 8.177535e-01
1830 1.980084e+00 7.798140e-01
1831 1.994789e+00 7.562018e-01
1832 1.995423e+00 7.619846e-01
1833 1.987189e+00 7.645615e-01
1834 1.987790e+00 7.511459e-01
1835 1.973712e+00 7.398532e-01
1836 1.991582e+00 7.307976e-01
1837 1.999145e+00 7.085046e-01
1838 1.999338e+00 7.086013e-01
1839 1.994301e+00 6.945822e-01
1840 1.966194e+00 6.840910e-01
1841 1.955075e+00 6.782423e-01
1842 1.879003e+00 6.044016e-01
1843 1.878592e+00 5.951048e-01
1844 1.880339e+00 5.964935e-01
1845 1.880449e+00 5.959541e-01
1846 1.871750e+00 5.903663e-01
1847 1.876375e+00 6.024887e-01
1848 1.877224e+00 6.088131e-01
1849 1.860409e+00 6.040419e-01
1850 1.907149e+00 6.170788e-01
1851 1.911174e+00 6.170059e-01
1852 1.911736e+00 6.157256e-01
1853 1.912955e+00 6.148916e-01
1854 1.890221e+00 6.485824e-01
1855 1.889445e+00 6.466610e-01
1856 1.840661e+00 6.351860e-01
1857 1.847344e+00 6.346514e-01
1858 1.832322e+00 6.086031e-01
1859 1.839266e+00 6.233637e-01
1860 1.847276e+00 6.180415e-01
1861 1.854327e+00 6.180419e-01
1862 1.844553e+00 6.104520e-01
1863 1.843347e+00 6.087007e-01
1864 1.839490e+00 6.086137e-01
1865 1.840637e+00 6.181130e-01
1866 1.817302e+00 6.497328e-01
1867 1.808241e+00 6.437054e-01
1868 1.818124e+00 6.442118e-01
1869 1.821159e+00 6.516295e-01
1870 1.828129e+00 6.407577e-01
1871 1.794029e+00 6.398562e-01
1872 1.799855e+00 6.316977e-01
1873 1.796560e+00 6.427870e-01
1874 1.807730e+00 5.865362e-01
1875 1.807803e+00 5.866879e-01
1876 1.792240e+00 6.037751e-01
1877 1.797214e+00 6.077913e-01
1878 1.727009e+00 6.114013e-01
1879 1.692399e+00 6.377504e-01
1880 1.679654e+00 6.297722e-01
1881 1.704813e+00 5.847366e-01
1882 1.705525e+00 5.849341e-01
1883 1.723420e+00 5.467017e-01
1884 1.737005e+00 5.313850e-01
1885 1.750097e+00 5.362811e-01
1886 1.747122e+00 5.599175e-01
1887 1.735380e+00 5.641347e-01
1888 1.745298e+00 5.575648e-01
1889 1.754075e+00 5.575209e-01
1890 1.756146e+00 5.547144e-01
1891 1.740884e+00 5.649620e-01
1892 1.756867e+00 5.604410e-01
1893 1.766018e+00 5.868465e-01
1894 1.787400e+00 5.163966e-01
1895 1.787563e+00 5.164946e-01
1896 1.788415e+00 5.179118e-01
1897 1.768945e+00 5.023789e-01
1898 1.766970e+00 5.045801e-01
1899 1.750964e+00 5.054612e-01
1900 1.749588e+00 5.051334e-01
1901 1.749674e+00 5.066092e-01
1902 1.729857e+00 4.790092e-01
1903 1.721314e+00 4.755087e-01
1904 1.724481e+00 4.834657e-01
1905 1.724909e+00 4.834993e-01
1906 1.725235e+00 4.824703e-01
1907 1.696351e+00 4.380098e-01
1908 1.696810e+00 4.380177e-01
1909 1.685878e+00 5.039195e-01
1910 1.691089e+00 5.098664e-01
1911 1.690747e+00 4.858729e-01
1912 1.694155e+00 5.075594e-01
1913 1.664834e+00 4.882904e-01
1914 1.667833e+00 5.199640e-01
1915 1.707771e+00 5.006540e-01
1916 1.711939e+00 5.002023e-01
1917 1.690779e+00 4.749609e-01
1918 1.688685e+00 4.783322e-01
1919 1.692208e+00 4.664189e-01
1920 1.698953e+00 4.754011e-01
1921 1.743227e+00 3.674033e-01
1922 1.713370e+00 3.946796e-01
1923 1.717993e+00 3.843957e-01
1924 1.708049e+00 3.828445e-01
1925 1.716435e+00 3.825960e-01
1926 1.708895e+00 4.075728e-01
1927 1.702585e+00 4.220602e-01
1928 1.720915e+00 3.991846e-01
1929 1.721503e+00 4.002900e-01
1930 1.725600e+00 4.077980e-01
1931 1.733295e+00 4.010036e-01
1932 1.725642e+00 3.631738e-01
1933 1.761613e+00 3.731471e-01
1934 1.761488e+00 3.733643e-01
1935 1.766059e+00 3.753480e-01
1936 1.780510e+00 3.714165e-01
1937 1.780003e+00 3.711387e-01
1938 1.759257e+00 3.853881e-01
1939 1.782611e+00 3.620439e-01
1940 1.865810e+00 3.731357e-01
1941 1.859413e+00 3.734277e-01
1942 1.878851e+00 3.558608e-01
1943 1.869275e+00 3.650601e-01
1944 1.872803e+00 3.676026e-01
1945 1.881510e+00 3.626329e-01
1946 1.923418e+00 3.338048e-01
1947 1.925094e+00 3.279105e-01
1948 1.932977e+00 2.930200e-01
1949 1.933996e+00 3.062309e-01
1950 1.888504e+00 3.514697e-01
1951 1.888755e+00 3.505735e-01
1952 1.883984e+00 3.455996e-01
1953 1.901615e+00 3.224168e-01
1954 1.923066e+00 2.844579e-01
1955 1.917606e+00 2.835648e-01
1956 1.914260e+00 2.189885e-01
1957 1.919900e+00 2.133010e-01
1958 1.923585e+00 2.129684e-01
1959 1.882354e+00 1.763374e-01
1960 1.873662e+00 1.820173e-01
1961 1.877339e+00 1.892150e-01
1962 1.882977e+00 1.958696e-01
1963 1.889879e+00 1.833261e-01
1964 1.880341e+00 1.868324e-01
1965 1.885337e+00 1.862467e-01
1966 1.869760e+00 2.160792e-01
1967 1.858069e+00 2.274170e-01
1968 1.900825e+00 2.129947e-01
1969 1.901687e+00 2.147890e-01
1970 1.889417e+00 2.386815e-01
1971 1.909517e+00 1.979493e-01
1972 1.909856e+00 1.977827e-01
1973 1.915409e+00 1.860634e-01
1974 1.902356e+00 1.963241e-01
1975 1.885006e+00 2.052106e-01
1976 1.897829e+00 2.738436e-01
1977 1.912970e+00 2.640082e-01
1978 1.923929e+00 2.617756e-01
1979 1.922677e+00 2.671908e-01
1980 1.932580e+00 2.731347e-01
1981 1.922894e+00 2.840977e-01
1982 1.893817e+00 3.348324e-01
1983 1.899681e+00 3.390232e-01
1984 1.904031e+00 3.200115e-01
1985 1.902328e+00 3.361664e-01
1986 1.892887e+00 3.166318e-01
1987 1.888752e+00 3.195151e-01
1988 1.881544e+00 3.184805e-01
1989 1.894352e+00 2.921641e-01
1990 1.928584e+00 2.389046e-01
1991 1.929717e+00 2.548133e-01
1992 1.946309e+00 2.695105e-01
1993 1.940157e+00 2.902059e-01
1994 1.884984e+00 3.027707e-01
1995 1.886161e+00 2.932123e-01
1996 1.897922e+00 2.812129e-01
1997 1.927544e+00 2.910287e-01
1998 1.918783e+00 3.441015e-01
1999 1.928408e+00 3.425628e-01
2000 1.931999e+00 3.801981e-01
2001 1.937630e+00 3.884517e-01
2002 1.927986e+00 3.718749e-01
2003 1.930579e+00 3.563250e-01
2004 1.931946e+00 3.547463e-01
2005 1.931635e+00 3.546539e-01
2006 1.936727e+00 3.306837e-01
2007 1.957521e+00 3.356446e-01
2008 1.981357e+00 3.464276e-01
2009 1.961894e+00 3.356704e-01
2010 1.963411e+00 3.347755e-01
2011 1.960319e+00 3.220646e-01
2012 1.937187e+00 3.058498e-01
2013 1.939367e+00 3.040096e-01
2014 1.981989e+00 3.064289e-01
2015 1.995607e+00 3.110733e-01
2016 2.031855e+00 3.404396e-01
2017 2.047914e+00 3.235859e-01
2018 2.057491e+00 2.979417e-01
2019 2.062412e+00 3.089164e-01
2020 2.076841e+00 2.844190e-01
2021 2.103941e+00 2.340964e-01
2022 2.109131e+00 2.589889e-01
2023 2.089879e+00 2.530246e-01
2024 2.081989e+00 2.747982e-01
2025 2.080052e+00 2.711295e-01
2026 2.083015e+00 2.925793e-01
2027 2.082637e+00 2.914643e-01
2028 2.077938e+00 3.588883e-01
2029 2.072341e+00 3.623924e-01
2030 2.120648e+00 3.147244e-01
2031 2.080935e+00 2.653505e-01
2032 2.079501e+00 2.729351e-01
2033 2.081319e+00 2.743335e-01
2034 2.065209e+00 2.711691e-01
2035 2.052577e+00 2.698464e-01
2036 2.063753e+00 2.699516e-01
2037 2.066031e+00 2.627341e-01
2038 2.086728e+00 2.665291e-01
2039 2.079846e+00 2.583919e-01
2040 2.079099e+00 2.684456e-01
2041 2.086234e+00 2.689417e-01
2042 2.105617e+00 2.681325e-01
2043 2.181192e+00 3.286075e-01
2044 2.186640e+00 3.238251e-01
2045 2.184957e+00 3.171835e-01
2046 2.205534e+00 3.195964e-01
2047 2.263141e+00 3.178913e-01
2048 2.208789e+00 3.744191e-01
2049 2.188433e+00 3.947887e-01
2050 2.188132e+00 3.992522e-01
2051 2.194182e+00 3.850107e-01
2052 2.194215e+00 3.851544e-01
2053 2.182984e+00 3.733193e-01
2054 2.171833e+00 3.838186e-01
2055 2.144711e+00 4.031413e-01
2056 2.160805e+00 4.194162e-01
2057 2.169408e+00 4.356880e-01
2058 2.166439e+00 4.252749e-01
2059 2.155806e+00 4.196829e-01
2060 2.159790e+00 4.205960e-01
2061 2.164158e+00 4.318352e-01
2062 2.166000e+00 4.314360e-01
2063 2.216663e+00 4.035824e-01
2064 2.211244e+00 4.227818e-01
2065 2.216220e+00 4.436193e-01
2066 2.221387e+00 4.399511e-01
2067 2.232329e+00 4.124633e-01
2068 2.249734e+00 4.515650e-01
2069 2.242343e+00 4.557522e-01
2070 2.235800e+00 4.489232e-01
2071 2.199970e+00 4.655659e-01
2072 2.197653e+00 4.657115e-01
2073 2.196725e+00 4.517516e-01
2074 2.182430e+00 4.325156e-01
2075 2.188998e+00 3.932008e-01
2076 2.188934e+00 3.931690e-01
2077 2.171195e+00 3.370908e-01
2078 2.178626e+00 3.376469e-01
2079 2.184182e+00 3.290237e-01
2080 2.189266e+00 3.341012e-01
2081 2.192362e+00 3.289955e-01
2082 2.193718e+00 3.567715e-01
2083 2.194053e+00 3.569095e-01
2084 2.145056e+00 3.469994e-01
2085 2.137627e+00 3.253847e-01
2086 2.136703e+00 3.294217e-01
2087 2.138358e+00 3.224655e-01
2088 2.129688e+00 3.165085e-01
2089 2.139175e+00 3.111791e-01
2090 2.169257e+00 2.980392e-01
2091 2.180645e+00 2.980941e-01
2092 2.204248e+00 3.232971e-01
2093 2.180347e+00 3.161570e-01
2094 2.189608e+00 3.068740e-01
2095 2.192374e+00 2.983616e-01
2096 2.193570e+00 2.966512e-01
2097 2.205203e+00 2.783370e-01
2098 2.206337e+00 2.655834e-01
2099 2.222401e+00 2.840817e-01
2100 2.224258e+00 2.797031e-01
2101 2.276084e+00 3.050003e-01
2102 2.206439e+00 3.019546e-01
2103 2.220626e+00 3.235932e-01
2104 2.220401e+00 3.231361e-01
2105 2.214232e+00 3.267526e-01
2106 2.218802e+00 3.454875e-01
2107 2.240119e+00 3.574245e-01
2108 2.245219e+00 3.414810e-01
2109 2.246076e+00 3.406519e-01
2110 2.284698e+00 3.904077e-01
2111 2.296673e+00 3.813039e-01
2112 2.256892e+00 4.018550e-01
2113 2.227479e+00 4.302935e-01
2114 2.212357e+00 4.477314e-01
2115 2.203439e+00 4.580100e-01
2116 2.205771e+00 4.581805e-01
2117 2.194495e+00 4.590213e-01
2118 2.191993e+00 4.567516e-01
2119 2.177928e+00 4.081194e-01
2120 2.184007e+00 4.038398e-01
2121 2.184399e+00 4.040030e-01
2122 2.179959e+00 4.032830e-01
2123 2.196502e+00 4.169707e-01
2124 2.191426e+00 4.149857e-01
2125 2.204852e+00 4.118125e-01
2126 2.218870e+00 4.131770e-01
2127 2.216264e+00 4.082990e-01
2128 2.214973e+00 3.984891e-01
2129 2.200951e+00 4.156854e-01
2130 2.197012e+00 4.161198e-01
2131 2.194709e+00 4.123323e-01
2132 2.281894e+00 4.132739e-01
2133 2.253076e+00 3.838184e-01
2134 2.294914e+00 4.646262e-01
2135 2.324003e+00 4.887154e-01
2136 2.291699e+00 5.091252e-01
2137 2.290868e+00 5.065589e-01
2138 2.307800e+00 4.802770e-01
2139 2.268950e+00 4.844696e-01
2140 2.286011e+00 4.740551e-01
2141 2.289996e+00 4.672701e-01
2142 2.291513e+00 4.625020e-01
2143 2.327152e+00 4.466049e-01
2144 2.327936e+00 4.449283e-01
2145 2.339865e+00 4.599567e-01
2146 2.348190e+00 4.711803e-01
2147 2.361804e+00 4.644505e-01
2148 2.355193e+00 4.646398e-01
2149 2.365149e+00 4.600670e-01
2150 2.373449e+00 4.635319e-01
2151 2.362462e+00 4.956291e-01
2152 2.373324e+00 4.920372e-01
2153 2.377587e+00 4.815391e-01
2154 2.375125e+00 4.634705e-01
2155 2.375278e+00 4.603962e-01
2156 2.375277e+00 4.618451e-01
2157 2.379400e+00 4.523404e-01
2158 2.376754e+00 4.314752e-01
2159 2.375408e+00 4.313098e-01
2160 2.393665e+00 4.384845e-01
2161 2.394832e+00 4.582166e-01
2162 2.371388e+00 4.698371e-01
2163 2.368927e+00 4.701930e-01
2164 2.375725e+00 4.680460e-01
2165 2.377203e+00 4.477158e-01
2166 2.389492e+00 4.608955e-01
2167 2.384045e+00 4.655986e-01
2168 2.381585e+00 4.635877e-01
2169 2.311217e+00 5.062153e-01
2170 2.295612e+00 4.514175e-01
2171 2.299812e+00 4.438339e-01
2172 2.280611e+00 4.519407e-01
2173 2.258821e+00 4.629490e-01
2174 2.240931e+00 4.570662e-01
2175 2.222207e+00 4.560437e-01
2176 2.222081e+00 4.559634e-01
2177 2.199544e+00 4.538203e-01
2178 2.201085e+00 4.461865e-01
2179 2.207359e+00 4.499102e-01
2180 2.213684e+00 4.483027e-01
2181 2.240130e+00 5.001112e-01
2182 2.253113e+00 4.823949e-01
2183 2.250668e+00 5.434086e-01
2184 2.251972e+00 5.453027e-01
2185 2.239473e+00 5.076976e-01
2186 2.239293e+00 5.032503e-01
2187 2.255746e+00 4.948443e-01
2188 2.265462e+00 5.040147e-01
2189 2.266072e+00 5.051023e-01
2190 2.262626e+00 5.081831e-01
2191 2.226931e+00 5.477391e-01
2192 2.223778e+00 5.435118e-01
2193 2.222131e+00 5.448278e-01
2194 2.231534e+00 5.315064e-01
2195 2.237825e+00 5.339850e-01
2196 2.234121e+00 5.311418e-01
2197 2.234790e+00 5.300890e-01
2198 2.224534e+00 5.283475e-01
2199 2.219822e+00 5.316846e-01
2200 2.211450e+00 5.343502e-01
2201 2.219536e+00 5.308439e-01
2202 2.217927e+00 5.316253e-01
2203 2.233205e+00 5.207858e-01
2204 2.231755e+00 5.349441e-01
2205 2.224302e+00 5.148205e-01
2206 2.211780e+00 5.251024e-01
2207 2.206516e+00 5.238278e-01
2208 2.210539e+00 5.545919e-01
2209 2.113655e+00 5.065739e-01
2210 2.114090e+00 5.069413e-01
2211 2.183760e+00 4.561019e-01
2212 2.172581e+00 5.055968e-01
2213 2.127703e+00 4.820186e-01
2214 2.125408e+00 4.815890e-01
2215 2.118254e+00 4.862328e-01
2216 2.109796e+00 4.864054e-01
2217 2.172102e+00 5.396548e-01
2218 2.165759e+00 5.670844e-01
2219 2.154461e+00 5.772630e-01
2220 2.150554e+00 5.798129e-01
2221 2.165566e+00 5.555633e-01
2222 2.159801e+00 5.322794e-01
2223 2.172613e+00 5.302471e-01
2224 2.159903e+00 5.204321e-01
2225 2.159749e+00 5.148505e-01
2226 2.185330e+00 5.154743e-01
2227 2.191391e+00 5.160342e-01
2228 2.137127e+00 5.054123e-01
2229 2.154147e+00 5.083142e-01
2230 2.156753e+00 5.095158e-01
2231 2.146622e+00 4.964032e-01
2232 2.128724e+00 4.914695e-01
2233 2.153045e+00 4.593471e-01
2234 2.153692e+00 4.541416e-01
2235 2.169783e+00 4.970804e-01
2236 2.210742e+00 5.388571e-01
2237 2.213910e+00 5.399145e-01
2238 2.215622e+00 5.446427e-01
2239 2.235854e+00 5.622723e-01
2240 2.243008e+00 5.772519e-01
2241 2.249897e+00 5.590802e-01
2242 2.252955e+00 5.568766e-01
2243 2.296997e+00 5.600019e-01
2244 2.295106e+00 5.770343e-01
2245 2.311596e+00 5.717426e-01
2246 2.360266e+00 5.723154e-01
2247 2.359524e+00 5.713220e-01
2248 2.359675e+00 5.709868e-01
2249 2.423474e+00 5.993593e-01
2250 2.406446e+00 6.117669e-01
2251 2.405936e+00 6.113276e-01
2252 2.405947e+00 6.172574e-01
2253 2.393146e+00 5.834173e-01
2254 2.391891e+00 5.842197e-01
2255 2.395807e+00 5.679920e-01
2256 2.397122e+00 5.721045e-01
2257 2.409826e+00 5.801026e-01
2258 2.405919e+00 5.791973e-01
2259 2.441490e+00 5.897402e-01
2260 2.472894e+00 6.049539e-01
2261 2.468538e+00 5.984357e-01
2262 2.494338e+00 6.498621e-01
2263 2.492911e+00 6.462703e-01
2264 2.489781e+00 6.509261e-01
2265 2.504991e+00 6.335706e-01
2266 2.470946e+00 6.171180e-01
2267 2.486467e+00 6.129977e-01
2268 2.483243e+00 6.341157e-01
2269 2.480649e+00 6.234296e-01
2270 2.479333e+00 6.239239e-01
2271 2.458636e+00 6.124043e-01
2272 2.460409e+00 6.084507e-01
2273 2.489625e+00 6.246193e-01
2274 2.480658e+00 6.421163e-01
2275 2.480298e+00 6.329477e-01
2276 2.490295e+00 6.246094e-01
2277 2.534938e+00 6.409211e-01
2278 2.536608e+00 6.363887e-01
2279 2.587837e+00 6.517672e-01
2280 2.568288e+00 6.746204e-01
2281 2.569227e+00 6.810561e-01
2282 2.541873e+00 6.776766e-01
2283 2.551753e+00 6.755719e-01
2284 2.538902e+00 6.747099e-01
2285 2.546804e+00 7.051836e-01
2286 2.566120e+00 7.031377e-01
2287 2.582791e+00 7.204874e-01
2288 2.585752e+00 7.200890e-01
2289 2.588212e+00 7.240230e-01
2290 2.616791e+00 7.435392e-01
2291 2.620157e+00 7.513069e-01
2292 2.620095e+00 7.508095e-01
2293 2.652430e+00 7.062966e-01
2294 2.639254e+00 7.173945e-01
2295 2.634929e+00 7.187733e-01
2296 2.636548e+00 7.162255e-01
2297 2.657154e+00 7.053978e-01
2298 2.658861e+00 7.047446e-01
2299 2.611587e+00 7.040226e-01
2300 2.607541e+00 7.052799e-01
2301 2.599059e+00 7.142369e-01
2302 2.600255e+00 7.171841e-01
2303 2.601152e+00 7.159907e-01
2304 2.591223e+00 6.905015e-01
2305 2.612832e+00 6.552480e-01
2306 2.601971e+00 5.738584e-01
2307 2.590380e+00 5.771507e-01
2308 2.607124e+00 5.486129e-01
2309 2.587246e+00 5.786166e-01
2310 2.577024e+00 5.648010e-01
2311 2.577106e+00 5.661676e-01
2312 2.555617e+00 5.532125e-01
2313 2.557208e+00 5.569209e-01
2314 2.572806e+00 4.889125e-01
2315 2.582718e+00 4.946182e-01
2316 2.602678e+00 4.714498e-01
2317 2.601854e+00 4.753201e-01
2318 2.613956e+00 4.562621e-01
2319 2.611230e+00 4.527413e-01
2320 2.624867e+00 4.644089e-01
2321 2.640346e+00 4.625548e-01
2322 2.641450e+00 4.677646e-01
2323 2.639225e+00 4.867329e-01
2324 2.661728e+00 4.321371e-01
2325 2.659761e+00 4.338543e-01
2326 2.664756e+00 4.346272e-01
2327 2.653822e+00 4.041624e-01
2328 2.629483e+00 4.098212e-01
2329 2.623569e+00 4.027264e-01
2330 2.614473e+00 3.780361e-01
2331 2.614399e+00 3.776922e-01
2332 2.629276e+00 3.876888e-01
2333 2.633627e+00 3.925336e-01
2334 2.632931e+00 3.962234e-01
2335 2.662869e+00 3.936516e-01
2336 2.687980e+00 3.942261e-01
2337 2.661982e+00 3.818527e-01
2338 2.644001e+00 3.647825e-01
2339 2.647543e+00 3.693144e-01
2340 2.647105e+00 3.836536e-01
2341 2.650795e+00 3.823760e-01
2342 2.652759e+00 3.869564e-01
2343 2.654193e+00 3.875930e-01
2344 2.664491e+00 4.161062e-01
2345 2.665769e+00 4.159806e-01
2346 2.649736e+00 4.030972e-01
2347 2.634083e+00 3.974973e-01
2348 2.637254e+00 4.003293e-01
2349 2.636367e+00 4.052470e-01
2350 2.635924e+00 4.047457e-01
2351 2.638697e+00 4.049052e-01
2352 2.656525e+00 4.069977e-01
2353 2.629236e+00 4.177221e-01
2354 2.624228e+00 4.194499e-01
2355 2.607893e+00 3.912911e-01
2356 2.602571e+00 4.026509e-01
2357 2.633027e+00 3.325284e-01
2358 2.635538e+00 3.340443e-01
2359 2.644826e+00 3.050038e-01
2360 2.641620e+00 3.314091e-01
2361 2.654212e+00 3.255789e-01
2362 2.703840e+00 3.368150e-01
2363 2.705542e+00 3.350087e-01
2364 2.710963e+00 3.055039e-01
2365 2.696198e+00 2.601877e-01
2366 2.699714e+00 2.534685e-01
2367 2.760505e+00 2.545579e-01
2368 2.760290e+00 2.548562e-01
2369 2.749201e+00 2.527735e-01
2370 2.750056e+00 2.523636e-01
2371 2.749559e+00 2.540351e-01
2372 2.759139e+00 2.139561e-01
2373 2.766254e+00 2.105165e-01
2374 2.766768e+00 2.107040e-01
2375 2.765605e+00 2.111344e-01
2376 2.708559e+00 2.312840e-01
2377 2.717248e+00 2.241669e-01
2378 2.699866e+00 2.267792e-01
2379 2.710613e+00 2.099843e-01
2380 2.715020e+00 1.942055e-01
2381 2.712787e+00 1.979267e-01
2382 2.714693e+00 1.957476e-01
2383 2.759792e+00 1.404687e-01
2384 2.761752e+00 1.492271e-01
2385 2.784603e+00 1.760571e-01
2386 2.784025e+00 1.730156e-01
2387 2.781908e+00 2.155116e-01
2388 2.814713e+00 2.366656e-01
2389 2.815224e+00 2.357653e-01
2390 2.815073e+00 2.358487e-01
2391 2.818900e+00 1.652077e-01
2392 2.793960e+00 1.972918e-01
2393 2.807345e+00 1.900072e-01
2394 2.788380e+00 1.891693e-01
2395 2.769378e+00 1.614394e-01
2396 2.789930e+00 1.523253e-01
2397 2.790810e+00 1.490777e-01
2398 2.817447e+00 1.352522e-01
2399 2.817922e+00 1.351235e-01
2400 2.810007e+00 1.115173e-01
2401 2.789369e+00 6.519526e-02
2402 2.768048e+00 6.530246e-02
2403 2.777840e+00 6.469544e-02
2404 2.793359e+00 3.173734e-02
2405 2.796040e+00 8.554835e-03
2406 2.799460e+00 1.413695e-02
2407 2.790861e+00 1.370540e-02
2408 2.789805e+00 1.066964e-02
2409 2.767457e+00 2.280297e-02
2410 2.824413e+00 3.299529e-02
2411 2.811896e+00 3.862664e-02
2412 2.814091e+00 3.812189e-02
2413 2.828932e+00 3.112803e-02
2414 2.828894e+00 3.096804e-02
2415 2.829922e+00 3.095248e-02
2416 2.820225e+00 3.530794e-02
2417 2.785816e+00 4.279838e-02
2418 2.820102e+00 3.900078e-02
2419 2.794957e+00 -1.099668e-03
