0 3.382317e+00 4.784610e-01
1 3.380043e+00 4.795786e-01
2 3.380665e+00 4.793040e-01
3 3.330051e+00 4.692073e-01
4 3.327111e+00 4.758849e-01
5 3.307128e+00 4.779551e-01
6 3.311377e+00 5.049155e-01
7 3.298020e+00 5.072878e-01
8 3.296076e+00 5.035777e-01
9 3.286838e+00 4.958899e-01
10 3.286157e+00 4.932035e-01
11 3.354794e+00 4.417934e-01
12 3.354787e+00 4.404898e-01
13 3.410442e+00 3.742705e-01
14 3.420183e+00 3.766478e-01
15 3.445364e+00 4.344631e-01
16 3.419451e+00 4.308344e-01
17 3.419893e+00 4.301421e-01
18 3.418232e+00 4.282500e-01
19 3.419243e+00 4.271529e-01
20 3.408776e+00 4.057833e-01
21 3.391542e+00 4.122424e-01
22 3.387504e+00 4.150742e-01
23 3.341527e+00 4.017421e-01
24 3.346889e+00 3.870986e-01
25 3.343623e+00 3.818916e-01
26 3.401711e+00 3.684978e-01
27 3.455292e+00 3.776830e-01
28 3.456847e+00 3.814033e-01
29 3.469376e+00 3.896401e-01
30 3.478677e+00 3.752138e-01
31 3.506499e+00 3.560254e-01
32 3.504842e+00 3.553732e-01
33 3.541787e+00 3.183182e-01
34 3.531060e+00 3.296527e-01
35 3.532910e+00 3.296659e-01
36 3.514073e+00 3.128268e-01
37 3.497273e+00 2.923782e-01
38 3.461643e+00 2.409881e-01
39 3.477175e+00 2.278946e-01
40 3.477990e+00 2.263567e-01
41 3.480286e+00 1.935093e-01
42 3.479006e+00 1.954377e-01
43 3.465066e+00 1.952546e-01
44 3.463432e+00 1.939610e-01
45 3.460046e+00 1.924269e-01
46 3.452059e+00 1.856288e-01
47 3.453752e+00 1.880044e-01
48 3.452395e+00 1.542650e-01
49 3.403102e+00 1.637200e-01
50 3.408842e+00 1.864629e-01
51 3.401959e+00 1.740758e-01
52 3.399884e+00 1.738910e-01
53 3.404247e+00 1.701649e-01
54 3.408272e+00 1.747398e-01
55 3.409013e+00 1.796708e-01
56 3.413508e+00 1.735572e-01
57 3.407459e+00 1.562855e-01
58 3.412678e+00 1.581846e-01
59 3.408049e+00 1.624158e-01
60 3.370595e+00 1.636354e-01
61 3.364540e+00 1.656297e-01
62 3.347947e+00 2.036215e-01
63 3.347788e+00 2.046872e-01
64 3.384801e+00 2.307831e-01
65 3.392708e+00 2.298825e-01
66 3.402943e+00 2.310868e-01
67 3.364085e+00 2.439833e-01
68 3.364351e+00 2.435330e-01
69 3.364954e+00 2.442200e-01
70 3.327827e+00 2.595337e-01
71 3.327962e+00 2.515767e-01
72 3.328904e+00 2.547716e-01
73 3.332512e+00 3.005488e-01
74 3.331798e+00 2.707847e-01
75 3.351176e+00 2.371333e-01
76 3.345222e+00 2.465969e-01
77 3.333957e+00 2.251388e-01
78 3.335367e+00 2.233879e-01
79 3.312959e+00 2.861843e-01
80 3.307676e+00 2.944576e-01
81 3.303185e+00 3.016280e-01
82 3.311487e+00 3.008802e-01
83 3.297071e+00 3.286588e-01
84 3.298939e+00 3.259556e-01
85 3.313050e+00 3.294210e-01
86 3.305639e+00 3.365158e-01
87 3.303788e+00 3.382436e-01
88 3.303108e+00 3.401329e-01
89 3.324142e+00 3.232124e-01
90 3.316290e+00 3.186536e-01
91 3.314530e+00 3.219115e-01
92 3.320061e+00 3.341910e-01
93 3.318184e+00 3.308747e-01
94 3.298510e+00 3.315262e-01
95 3.293659e+00 3.349220e-01
96 3.257541e+00 2.849767e-01
97 3.227224e+00 2.825202e-01
98 3.195014e+00 3.094349e-01
99 3.178790e+00 2.872416e-01
100 3.183862e+00 2.926039e-01
101 3.215334e+00 2.841990e-01
102 3.234387e+00 3.083760e-01
103 3.210342e+00 3.097178e-01
104 3.198474e+00 3.142827e-01
105 3.203367e+00 3.427468e-01
106 3.211090e+00 3.254525e-01
107 3.208586e+00 3.257604e-01
108 3.211463e+00 3.370995e-01
109 3.215055e+00 3.082872e-01
110 3.217580e+00 3.038995e-01
111 3.258022e+00 3.145906e-01
112 3.254140e+00 3.120540e-01
113 3.257319e+00 3.035959e-01
114 3.341893e+00 3.458856e-01
115 3.344180e+00 3.453333e-01
116 3.336600e+00 3.531007e-01
117 3.386764e+00 3.214049e-01
118 3.373474e+00 3.932341e-01
119 3.371859e+00 3.891942e-01
120 3.377636e+00 3.880273e-01
121 3.378638e+00 3.962761e-01
122 3.373777e+00 4.099934e-01
123 3.381692e+00 4.097846e-01
124 3.392612e+00 3.990244e-01
125 3.393591e+00 3.970556e-01
126 3.458271e+00 3.682635e-01
127 3.452289e+00 3.701692e-01
128 3.449519e+00 3.611709e-01
129 3.448267e+00 3.614693e-01
130 3.460945e+00 3.801118e-01
131 3.471645e+00 4.254192e-01
132 3.473702e+00 4.247833e-01
133 3.485813e+00 4.207101e-01
134 3.504310e+00 4.238016e-01
135 3.550686e+00 4.430193e-01
136 3.492743e+00 4.807786e-01
137 3.488159e+00 4.932706e-01
138 3.483459e+00 4.927697e-01
139 3.482699e+00 5.001476e-01
140 3.491444e+00 5.036080e-01
141 3.467080e+00 5.067595e-01
142 3.508704e+00 5.086848e-01
143 3.510227e+00 5.054509e-01
144 3.513003e+00 5.374340e-01
145 3.575070e+00 5.706958e-01
146 3.566624e+00 5.737155e-01
147 3.583498e+00 5.490407e-01
148 3.587046e+00 5.362456e-01
149 3.545976e+00 5.374478e-01
150 3.544996e+00 5.373931e-01
151 3.541936e+00 5.385648e-01
152 3.544857e+00 5.379400e-01
153 3.544908e+00 5.395100e-01
154 3.533277e+00 5.385108e-01
155 3.550948e+00 5.488746e-01
156 3.551785e+00 5.387250e-01
157 3.551737e+00 5.386210e-01
158 3.556495e+00 5.601187e-01
159 3.555696e+00 5.349664e-01
160 3.531181e+00 5.229296e-01
161 3.528308e+00 5.269823e-01
162 3.557805e+00 5.495212e-01
163 3.555053e+00 5.760332e-01
164 3.579529e+00 5.793580e-01
165 3.591179e+00 5.892498e-01
166 3.590566e+00 5.960408e-01
167 3.590819e+00 5.964976e-01
168 3.626709e+00 5.861356e-01
169 3.645084e+00 5.542110e-01
170 3.638949e+00 5.593866e-01
171 3.657043e+00 5.580650e-01
172 3.673505e+00 5.311869e-01
173 3.681321e+00 5.184251e-01
174 3.686069e+00 5.202942e-01
175 3.672946e+00 5.258458e-01
176 3.673141e+00 5.248829e-01
177 3.664391e+00 5.170392e-01
178 3.669627e+00 5.172694e-01
179 3.670266e+00 5.190115e-01
180 3.686540e+00 5.069716e-01
181 3.690857e+00 5.231493e-01
182 3.686381e+00 5.186727e-01
183 3.686616e+00 5.184226e-01
184 3.661325e+00 4.925745e-01
185 3.639124e+00 4.932330e-01
186 3.624103e+00 4.544153e-01
187 3.621660e+00 4.242621e-01
188 3.621643e+00 4.332479e-01
189 3.629782e+00 4.595390e-01
190 3.631894e+00 4.574746e-01
191 3.652693e+00 5.009333e-01
192 3.653671e+00 4.996130e-01
193 3.653537e+00 4.929693e-01
194 3.647956e+00 5.013609e-01
195 3.646159e+00 5.029751e-01
196 3.640402e+00 5.014944e-01
197 3.640728e+00 5.024320e-01
198 3.639340e+00 5.029223e-01
199 3.636612e+00 4.878475e-01
200 3.658433e+00 4.754326e-01
201 3.634884e+00 4.737871e-01
202 3.623617e+00 4.974533e-01
203 3.619193e+00 5.001347e-01
204 3.591290e+00 5.250480e-01
205 3.593482e+00 5.239410e-01
206 3.634859e+00 5.033557e-01
207 3.628705e+00 5.015498e-01
208 3.642316e+00 5.082981e-01
209 3.646442e+00 4.979376e-01
210 3.657184e+00 4.929335e-01
211 3.665470e+00 5.684779e-01
212 3.671575e+00 5.651673e-01
213 3.667839e+00 5.629771e-01
214 3.662335e+00 5.511481e-01
215 3.662115e+00 5.484489e-01
216 3.642468e+00 5.334499e-01
217 3.636032e+00 5.541730e-01
218 3.615213e+00 5.713264e-01
219 3.607519e+00 5.599264e-01
220 3.610421e+00 5.568799e-01
221 3.600431e+00 5.818052e-01
222 3.595212e+00 5.789786e-01
223 3.604722e+00 5.679907e-01
224 3.617859e+00 5.763420e-01
225 3.639211e+00 5.894702e-01
226 3.639932e+00 5.651218e-01
227 3.640850e+00 5.559350e-01
228 3.633758e+00 5.437894e-01
229 3.575515e+00 5.398175e-01
230 3.571273e+00 5.517350e-01
231 3.542164e+00 5.433514e-01
232 3.532866e+00 5.540190e-01
233 3.532697e+00 5.568261e-01
234 3.508249e+00 5.459686e-01
235 3.503075e+00 5.453284e-01
236 3.497250e+00 5.466509e-01
237 3.497480e+00 5.411088e-01
238 3.500350e+00 5.431809e-01
239 3.486434e+00 5.489038e-01
240 3.501649e+00 5.604240e-01
241 3.523365e+00 5.423325e-01
242 3.525931e+00 5.656124e-01
243 3.516610e+00 5.657591e-01
244 3.519649e+00 5.687776e-01
245 3.521759e+00 5.812835e-01
246 3.522587e+00 5.817752e-01
247 3.539301e+00 6.140157e-01
248 3.538504e+00 6.361682e-01
249 3.523512e+00 5.882241e-01
250 3.521978e+00 5.896656e-01
251 3.498430e+00 5.943966e-01
252 3.485359e+00 5.993330e-01
253 3.490779e+00 5.950371e-01
254 3.445845e+00 5.862031e-01
255 3.508551e+00 5.962216e-01
256 3.505253e+00 5.495432e-01
257 3.498291e+00 5.314648e-01
258 3.491694e+00 5.125596e-01
259 3.491111e+00 5.114415e-01
260 3.492310e+00 5.216322e-01
261 3.494010e+00 5.215877e-01
262 3.462682e+00 4.187603e-01
263 3.462569e+00 4.189244e-01
264 3.464658e+00 4.204125e-01
265 3.461054e+00 4.289345e-01
266 3.478046e+00 4.298983e-01
267 3.514736e+00 4.278324e-01
268 3.516239e+00 4.283185e-01
269 3.510479e+00 4.320737e-01
270 3.526262e+00 4.622778e-01
271 3.559839e+00 4.764574e-01
272 3.565732e+00 4.795188e-01
273 3.566510e+00 4.799987e-01
274 3.504505e+00 4.334299e-01
275 3.498178e+00 4.384935e-01
276 3.493697e+00 4.321612e-01
277 3.495486e+00 4.320262e-01
278 3.471714e+00 3.262426e-01
279 3.471717e+00 3.262080e-01
280 3.471142e+00 3.307231e-01
281 3.460963e+00 2.835111e-01
282 3.498124e+00 2.921794e-01
283 3.494621e+00 2.969832e-01
284 3.449988e+00 3.047896e-01
285 3.474517e+00 3.150761e-01
286 3.477176e+00 3.194041e-01
287 3.486772e+00 3.336723e-01
288 3.472048e+00 3.585343e-01
289 3.494655e+00 3.674708e-01
290 3.505284e+00 3.647086e-01
291 3.515281e+00 3.725287e-01
292 3.513000e+00 3.628523e-01
293 3.512372e+00 3.626615e-01
294 3.526493e+00 3.476779e-01
295 3.531263e+00 3.451646e-01
296 3.501939e+00 3.634801e-01
297 3.493157e+00 3.589048e-01
298 3.488349e+00 3.489718e-01
299 3.512137e+00 3.428128e-01
300 3.514188e+00 3.399573e-01
301 3.491308e+00 3.553767e-01
302 3.463648e+00 3.203350e-01
303 3.452609e+00 3.503269e-01
304 3.448115e+00 3.242651e-01
305 3.448319e+00 3.243464e-01
306 3.393330e+00 3.302428e-01
307 3.445637e+00 3.285574e-01
308 3.432255e+00 3.161492e-01
309 3.390081e+00 3.301060e-01
310 3.384896e+00 3.670759e-01
311 3.388135e+00 3.643794e-01
312 3.385035e+00 3.635812e-01
313 3.391260e+00 3.384303e-01
314 3.395162e+00 3.380680e-01
315 3.408298e+00 3.270653e-01
316 3.421862e+00 2.966978e-01
317 3.418691e+00 2.911579e-01
318 3.443433e+00 2.986269e-01
319 3.430201e+00 3.068199e-01
320 3.443443e+00 3.018396e-01
321 3.382863e+00 3.370145e-01
322 3.390708e+00 3.355238e-01
323 3.386104e+00 2.970151e-01
324 3.373749e+00 3.008674e-01
325 3.355731e+00 2.902630e-01
326 3.357509e+00 2.887170e-01
327 3.332910e+00 2.631296e-01
328 3.341954e+00 2.680475e-01
329 3.343391e+00 2.759707e-01
330 3.337199e+00 2.752779e-01
331 3.371547e+00 2.750594e-01
332 3.381176e+00 2.813520e-01
333 3.373926e+00 2.904339e-01
334 3.374777e+00 2.901852e-01
335 3.367235e+00 2.898372e-01
336 3.383576e+00 2.705927e-01
337 3.367726e+00 2.658493e-01
338 3.342096e+00 2.849551e-01
339 3.372073e+00 3.098305e-01
340 3.364976e+00 3.117152e-01
341 3.335766e+00 2.951113e-01
342 3.339762e+00 2.921145e-01
343 3.333062e+00 3.126817e-01
344 3.331839e+00 3.174547e-01
345 3.295624e+00 3.100914e-01
346 3.322818e+00 3.087538e-01
347 3.336127e+00 3.540120e-01
348 3.333338e+00 3.523126e-01
349 3.350940e+00 3.574621e-01
350 3.351232e+00 3.576078e-01
351 3.350003e+00 3.716359e-01
352 3.350203e+00 3.713203e-01
353 3.346095e+00 3.714402e-01
354 3.346099e+00 3.715759e-01
355 3.357320e+00 3.767733e-01
356 3.357584e+00 3.770272e-01
357 3.363774e+00 3.709240e-01
358 3.336917e+00 3.865060e-01
359 3.372714e+00 4.059141e-01
360 3.371630e+00 4.049170e-01
361 3.352218e+00 3.992280e-01
362 3.342687e+00 4.060539e-01
363 3.339554e+00 4.095133e-01
364 3.299572e+00 3.933502e-01
365 3.307219e+00 3.807386e-01
366 3.314882e+00 3.559285e-01
367 3.315962e+00 3.765319e-01
368 3.320144e+00 3.955431e-01
369 3.315779e+00 4.147374e-01
370 3.312143e+00 4.139828e-01
371 3.279746e+00 3.964322e-01
372 3.273239e+00 3.957532e-01
373 3.269817e+00 3.809259e-01
374 3.274351e+00 3.817575e-01
375 3.276071e+00 3.814076e-01
376 3.269686e+00 3.834184e-01
377 3.263594e+00 3.637868e-01
378 3.279916e+00 3.764818e-01
379 3.275620e+00 3.861746e-01
380 3.268091e+00 4.062309e-01
381 3.274023e+00 4.077025e-01
382 3.280584e+00 4.009441e-01
383 3.280235e+00 4.012097e-01
384 3.277097e+00 4.020709e-01
385 3.275603e+00 4.012064e-01
386 3.292780e+00 4.127410e-01
387 3.298051e+00 4.098389e-01
388 3.291267e+00 4.119890e-01
389 3.287971e+00 4.093898e-01
390 3.283808e+00 3.970262e-01
391 3.287660e+00 4.006731e-01
392 3.288154e+00 3.983249e-01
393 3.340640e+00 4.231851e-01
394 3.279610e+00 4.683624e-01
395 3.270211e+00 4.683624e-01
396 3.274873e+00 4.636103e-01
397 3.270209e+00 4.630870e-01
398 3.268844e+00 4.609989e-01
399 3.266815e+00 4.641718e-01
400 3.259325e+00 4.655582e-01
401 3.269883e+00 4.893382e-01
402 3.255324e+00 4.834301e-01
403 3.268484e+00 4.600843e-01
404 3.296003e+00 4.387718e-01
405 3.286412e+00 3.920463e-01
406 3.274617e+00 3.911617e-01
407 3.274728e+00 3.913517e-01
408 3.272235e+00 4.011323e-01
409 3.251682e+00 4.114774e-01
410 3.253798e+00 4.121083e-01
411 3.260625e+00 3.267903e-01
412 3.260394e+00 3.272761e-01
413 3.260536e+00 3.569660e-01
414 3.259746e+00 3.570424e-01
415 3.274514e+00 3.384254e-01
416 3.225287e+00 3.160912e-01
417 3.227993e+00 3.090510e-01
418 3.194074e+00 2.912519e-01
419 3.206039e+00 2.947866e-01
420 3.219009e+00 3.278037e-01
421 3.212838e+00 3.091347e-01
422 3.219999e+00 2.663925e-01
423 3.231636e+00 2.691648e-01
424 3.228826e+00 2.753561e-01
425 3.250222e+00 2.591655e-01
426 3.244435e+00 2.796461e-01
427 3.244822e+00 2.660703e-01
428 3.269624e+00 2.681897e-01
429 3.263660e+00 2.659385e-01
430 3.241274e+00 2.466799e-01
431 3.271324e+00 2.989211e-01
432 3.249298e+00 2.839599e-01
433 3.248097e+00 2.762143e-01
434 3.245865e+00 2.600050e-01
435 3.242082e+00 2.495856e-01
436 3.231773e+00 2.463267e-01
437 3.228585e+00 2.471203e-01
438 3.228722e+00 2.470861e-01
439 3.229419e+00 2.451605e-01
440 3.226414e+00 2.613440e-01
441 3.215306e+00 2.386079e-01
442 3.246419e+00 1.968625e-01
443 3.213274e+00 2.037112e-01
444 3.184618e+00 2.133375e-01
445 3.172554e+00 2.095986e-01
446 3.171323e+00 2.149442e-01
447 3.169392e+00 2.155144e-01
448 3.166801e+00 2.001463e-01
449 3.165296e+00 1.969657e-01
450 3.163294e+00 1.901925e-01
451 3.187373e+00 2.079089e-01
452 3.182144e+00 2.169233e-01
453 3.180509e+00 2.182863e-01
454 3.216442e+00 2.154098e-01
455 3.223433e+00 2.160498e-01
456 3.301494e+00 1.952402e-01
457 3.292463e+00 2.198927e-01
458 3.270595e+00 2.498715e-01
459 3.263776e+00 2.547112e-01
460 3.287187e+00 2.754192e-01
461 3.287974e+00 2.817107e-01
462 3.287251e+00 2.823795e-01
463 3.339655e+00 3.453268e-01
464 3.335652e+00 3.483273e-01
465 3.308610e+00 3.145525e-01
466 3.308662e+00 3.146549e-01
467 3.298093e+00 3.184265e-01
468 3.296212e+00 3.164677e-01
469 3.268187e+00 3.162652e-01
470 3.218698e+00 3.698447e-01
471 3.220227e+00 3.700764e-01
472 3.221023e+00 3.762805e-01
473 3.233276e+00 3.769135e-01
474 3.235708e+00 3.538864e-01
475 3.250860e+00 3.354896e-01
476 3.284818e+00 3.092825e-01
477 3.286148e+00 3.069815e-01
478 3.286177e+00 3.070289e-01
479 3.277062e+00 3.127614e-01
480 3.277179e+00 3.127192e-01
481 3.342545e+00 2.500322e-01
482 3.343987e+00 2.488939e-01
483 3.347795e+00 2.398062e-01
484 3.305747e+00 2.141048e-01
485 3.313326e+00 2.162113e-01
486 3.311277e+00 2.105038e-01
487 3.313051e+00 2.081097e-01
488 3.312104e+00 2.059958e-01
489 3.311884e+00 2.058103e-01
490 3.311230e+00 2.070361e-01
491 3.407286e+00 1.047346e-01
492 3.384812e+00 1.055804e-01
493 3.390676e+00 9.117328e-02
494 3.385992e+00 8.686150e-02
495 3.380105e+00 8.659026e-02
496 3.369522e+00 1.021588e-01
497 3.381285e+00 7.937475e-02
498 3.363417e+00 7.700600e-02
499 3.368664e+00 8.188685e-02
500 3.397233e+00 9.658190e-02
501 3.400606e+00 9.724607e-02
502 3.433143e+00 9.045230e-02
503 3.445738e+00 9.224522e-02
504 3.430351e+00 6.727357e-02
505 3.428270e+00 6.699650e-02
506 3.411122e+00 8.248052e-02
507 3.411248e+00 8.452771e-02
508 3.409114e+00 8.591850e-02
509 3.416564e+00 8.790639e-02
510 3.437044e+00 7.729928e-02
511 3.434771e+00 1.200180e-01
512 3.422535e+00 1.007901e-01
513 3.419018e+00 1.123226e-01
514 3.396636e+00 6.965658e-02
515 3.373303e+00 8.374699e-02
516 3.411349e+00 1.079734e-01
517 3.412372e+00 1.159362e-01
518 3.403145e+00 1.693611e-01
519 3.403764e+00 1.690317e-01
520 3.410591e+00 1.969134e-01
521 3.405268e+00 2.573060e-01
522 3.405264e+00 2.493497e-01
523 3.405762e+00 2.559435e-01
524 3.435245e+00 2.418683e-01
525 3.422751e+00 1.906692e-01
526 3.401891e+00 1.951459e-01
527 3.391548e+00 2.056094e-01
528 3.390471e+00 2.045569e-01
529 3.373462e+00 2.053943e-01
530 3.369037e+00 1.939212e-01
531 3.394226e+00 2.045828e-01
532 3.299647e+00 2.232599e-01
533 3.303279e+00 2.251432e-01
534 3.296813e+00 2.356386e-01
535 3.297826e+00 2.370595e-01
536 3.295912e+00 2.378905e-01
537 3.310071e+00 2.482674e-01
538 3.330399e+00 2.526421e-01
539 3.266982e+00 2.978863e-01
540 3.265040e+00 2.936521e-01
541 3.252065e+00 3.026632e-01
542 3.258240e+00 3.024160e-01
543 3.306411e+00 2.996981e-01
544 3.315659e+00 2.921324e-01
545 3.309815e+00 3.026830e-01
546 3.277293e+00 2.656832e-01
547 3.277045e+00 2.662300e-01
548 3.249497e+00 2.910359e-01
549 3.255586e+00 2.927012e-01
550 3.221127e+00 3.348687e-01
551 3.208023e+00 3.460451e-01
552 3.209195e+00 3.270752e-01
553 3.219557e+00 3.599001e-01
554 3.216050e+00 3.618594e-01
555 3.270006e+00 3.544149e-01
556 3.273354e+00 3.638862e-01
557 3.277637e+00 3.587373e-01
558 3.239565e+00 4.106885e-01
559 3.275296e+00 4.044620e-01
560 3.252126e+00 4.117996e-01
561 3.209113e+00 3.810785e-01
562 3.220194e+00 3.808846e-01
563 3.219770e+00 3.671182e-01
564 3.235552e+00 3.813874e-01
565 3.239905e+00 3.796971e-01
566 3.240523e+00 3.751918e-01
567 3.240580e+00 3.796851e-01
568 3.212174e+00 3.532735e-01
569 3.227195e+00 3.408010e-01
570 3.223943e+00 3.422544e-01
571 3.215070e+00 3.425840e-01
572 3.237225e+00 3.449702e-01
573 3.238624e+00 3.445593e-01
574 3.234654e+00 3.537843e-01
575 3.234291e+00 3.538733e-01
576 3.226073e+00 3.311628e-01
577 3.194300e+00 3.500339e-01
578 3.188832e+00 3.433069e-01
579 3.199557e+00 3.472887e-01
580 3.195199e+00 3.426898e-01
581 3.161758e+00 2.811712e-01
582 3.148080e+00 3.234144e-01
583 3.140656e+00 3.120373e-01
584 3.142043e+00 3.123638e-01
585 3.137574e+00 3.137320e-01
586 3.144170e+00 3.287198e-01
587 3.160319e+00 3.234405e-01
588 3.173614e+00 3.046702e-01
589 3.160968e+00 3.249604e-01
590 3.209766e+00 3.337820e-01
591 3.223800e+00 3.685962e-01
592 3.199920e+00 3.376973e-01
593 3.197424e+00 3.375685e-01
594 3.197135e+00 3.376356e-01
595 3.217468e+00 2.796727e-01
596 3.203803e+00 2.891109e-01
597 3.205151e+00 2.881941e-01
598 3.209539e+00 2.840678e-01
599 3.212417e+00 3.008948e-01
600 3.194135e+00 2.823609e-01
601 3.206525e+00 2.836734e-01
602 3.165350e+00 2.646088e-01
603 3.177084e+00 2.800370e-01
604 3.178730e+00 2.923259e-01
605 3.174439e+00 3.076174e-01
606 3.170609e+00 3.068598e-01
607 3.183560e+00 3.096177e-01
608 3.183945e+00 3.090894e-01
609 3.201615e+00 2.701029e-01
610 3.191613e+00 3.316836e-01
611 3.188330e+00 3.326076e-01
612 3.200914e+00 3.397656e-01
613 3.201849e+00 3.447396e-01
614 3.257965e+00 3.174001e-01
615 3.326632e+00 3.701337e-01
616 3.322994e+00 3.701703e-01
617 3.326269e+00 3.699761e-01
618 3.334243e+00 3.677780e-01
619 3.328426e+00 3.605887e-01
620 3.328494e+00 4.125663e-01
621 3.327299e+00 4.256039e-01
622 3.334795e+00 4.191077e-01
623 3.317126e+00 4.478559e-01
624 3.312056e+00 4.501763e-01
625 3.314434e+00 4.485370e-01
626 3.310483e+00 4.510493e-01
627 3.300461e+00 4.632117e-01
628 3.290025e+00 4.725710e-01
629 3.305721e+00 5.004297e-01
630 3.302724e+00 5.013191e-01
631 3.305081e+00 4.995637e-01
632 3.279708e+00 4.853417e-01
633 3.270355e+00 4.806592e-01
634 3.278663e+00 4.683089e-01
635 3.287426e+00 4.528469e-01
636 3.289920e+00 4.453959e-01
637 3.281737e+00 4.401354e-01
638 3.260329e+00 4.539199e-01
639 3.232543e+00 4.578350e-01
640 3.239913e+00 4.336411e-01
641 3.234817e+00 4.229125e-01
642 3.233168e+00 4.223870e-01
643 3.236005e+00 4.237198e-01
644 3.238447e+00 4.173073e-01
645 3.246841e+00 3.805685e-01
646 3.231853e+00 3.781269e-01
647 3.268240e+00 3.827449e-01
648 3.271223e+00 3.784843e-01
649 3.271556e+00 3.779054e-01
650 3.293711e+00 3.750955e-01
651 3.286704e+00 3.629980e-01
652 3.288587e+00 3.606615e-01
653 3.331569e+00 3.390473e-01
654 3.324345e+00 3.395849e-01
655 3.328527e+00 3.492777e-01
656 3.300441e+00 3.474279e-01
657 3.305301e+00 3.460099e-01
658 3.294388e+00 4.089526e-01
659 3.257341e+00 3.918863e-01
660 3.254210e+00 3.887294e-01
661 3.310008e+00 4.066169e-01
662 3.283888e+00 3.929498e-01
663 3.294799e+00 4.000832e-01
664 3.305054e+00 3.968879e-01
665 3.305972e+00 3.955148e-01
666 3.294564e+00 3.978301e-01
667 3.286349e+00 3.984726e-01
668 3.271375e+00 4.475537e-01
669 3.293306e+00 4.165214e-01
670 3.282366e+00 4.158776e-01
671 3.295467e+00 4.289312e-01
672 3.318371e+00 3.832267e-01
673 3.292085e+00 4.616399e-01
674 3.303075e+00 4.472506e-01
675 3.314894e+00 4.324141e-01
676 3.314871e+00 4.323801e-01
677 3.316530e+00 4.194063e-01
678 3.342410e+00 4.307515e-01
679 3.345409e+00 4.256096e-01
680 3.346706e+00 4.195782e-01
681 3.342626e+00 4.226393e-01
682 3.341994e+00 4.236380e-01
683 3.333804e+00 4.235143e-01
684 3.334318e+00 4.052079e-01
685 3.347092e+00 4.266000e-01
686 3.342238e+00 4.315821e-01
687 3.343109e+00 4.370170e-01
688 3.342148e+00 4.380558e-01
689 3.341574e+00 4.334222e-01
690 3.338591e+00 4.219184e-01
691 3.323518e+00 4.293050e-01
692 3.272604e+00 5.612937e-01
693 3.237568e+00 5.777860e-01
694 3.244834e+00 5.769344e-01
695 3.246203e+00 5.765702e-01
696 3.240238e+00 5.797471e-01
697 3.242307e+00 5.680886e-01
698 3.245985e+00 5.706954e-01
699 3.225045e+00 5.899832e-01
700 3.249441e+00 5.919918e-01
701 3.203507e+00 6.231345e-01
702 3.203757e+00 6.233443e-01
703 3.203688e+00 6.242483e-01
704 3.181813e+00 6.232292e-01
705 3.179986e+00 6.188176e-01
706 3.186870e+00 6.307941e-01
707 3.191891e+00 6.352451e-01
708 3.160459e+00 6.426171e-01
709 3.157846e+00 6.433176e-01
710 3.149083e+00 6.187577e-01
711 3.137901e+00 6.133966e-01
712 3.140494e+00 6.135156e-01
713 3.151087e+00 6.213371e-01
714 3.150806e+00 6.179016e-01
715 3.141704e+00 6.186156e-01
716 3.140105e+00 6.193873e-01
717 3.147282e+00 6.198089e-01
718 3.149628e+00 6.215716e-01
719 3.150531e+00 6.243990e-01
720 3.191679e+00 5.635819e-01
721 3.202964e+00 5.509111e-01
722 3.204504e+00 5.494849e-01
723 3.233375e+00 4.966227e-01
724 3.226619e+00 4.936766e-01
725 3.212066e+00 4.981798e-01
726 3.196556e+00 4.725762e-01
727 3.192052e+00 4.703782e-01
728 3.215052e+00 4.731663e-01
729 3.212134e+00 4.557051e-01
730 3.209144e+00 4.301170e-01
731 3.213842e+00 4.718494e-01
732 3.225344e+00 4.621363e-01
733 3.202533e+00 3.893360e-01
734 3.195813e+00 3.953433e-01
735 3.214279e+00 3.117796e-01
736 3.201921e+00 3.207384e-01
737 3.193106e+00 3.360558e-01
738 3.185232e+00 3.358079e-01
739 3.179740e+00 3.270425e-01
740 3.170452e+00 3.235045e-01
741 3.176905e+00 3.127981e-01
742 3.163697e+00 3.150886e-01
743 3.162871e+00 3.147308e-01
744 3.153431e+00 3.167058e-01
745 3.153811e+00 3.184387e-01
746 3.144171e+00 3.183624e-01
747 3.189217e+00 3.369933e-01
748 3.203882e+00 2.988031e-01
749 3.176857e+00 2.877768e-01
750 3.131787e+00 2.699652e-01
751 3.134941e+00 2.671289e-01
752 3.146823e+00 2.624330e-01
753 3.140045e+00 2.634180e-01
754 3.147422e+00 2.672545e-01
755 3.153974e+00 2.603591e-01
756 3.179901e+00 2.742563e-01
757 3.171860e+00 2.760717e-01
758 3.171136e+00 2.652551e-01
759 3.174650e+00 2.304687e-01
760 3.130657e+00 2.333621e-01
761 3.126864e+00 2.360544e-01
762 3.129937e+00 2.316413e-01
763 3.086029e+00 2.090501e-01
764 3.085769e+00 2.086307e-01
765 3.085760e+00 2.086745e-01
766 3.119945e+00 1.232975e-01
767 3.137113e+00 1.347627e-01
768 3.140221e+00 1.341604e-01
769 3.138851e+00 1.479196e-01
770 3.134417e+00 1.433371e-01
771 3.133719e+00 1.563861e-01
772 3.116980e+00 1.625253e-01
773 3.094088e+00 1.243720e-01
774 3.077740e+00 1.465583e-01
775 3.076735e+00 1.471123e-01
776 3.077036e+00 1.467635e-01
777 3.102890e+00 1.414866e-01
778 3.105722e+00 1.379745e-01
779 3.104365e+00 1.541004e-01
780 3.091949e+00 1.505425e-01
781 3.105086e+00 1.640540e-01
782 3.054963e+00 1.651796e-01
783 3.067604e+00 1.735058e-01
784 3.081484e+00 1.612370e-01
785 3.076644e+00 1.706279e-01
786 3.074357e+00 1.703578e-01
787 3.066207e+00 1.758409e-01
788 3.070164e+00 1.737636e-01
789 3.072207e+00 1.839409e-01
790 3.043242e+00 1.727392e-01
791 3.049877e+00 2.053697e-01
792 3.053218e+00 2.036571e-01
793 3.085438e+00 2.398445e-01
794 3.105552e+00 1.715360e-01
795 3.103837e+00 1.730630e-01
796 3.099454e+00 1.982367e-01
797 3.134942e+00 2.128843e-01
798 3.141198e+00 2.053909e-01
799 3.141697e+00 2.292785e-01
800 3.143752e+00 2.203392e-01
801 3.141007e+00 2.249710e-01
802 3.142840e+00 2.248784e-01
803 3.132487e+00 2.548822e-01
804 3.137365e+00 2.355595e-01
805 3.139586e+00 2.280234e-01
806 3.131641e+00 2.326921e-01
807 3.138533e+00 2.713358e-01
808 3.112062e+00 2.911187e-01
809 3.115355e+00 2.885407e-01
810 3.110509e+00 2.902792e-01
811 3.102808e+00 2.919692e-01
812 3.099504e+00 2.911062e-01
813 3.095292e+00 2.880031e-01
814 3.091200e+00 2.954276e-01
815 3.130481e+00 2.887003e-01
816 3.129559e+00 2.890025e-01
817 3.130507e+00 2.986671e-01
818 3.128112e+00 2.994441e-01
819 3.138228e+00 2.858611e-01
820 3.135030e+00 2.805284e-01
821 3.121606e+00 3.121616e-01
822 3.139094e+00 3.194955e-01
823 3.141315e+00 3.105245e-01
824 3.130086e+00 2.974747e-01
825 3.127935e+00 3.019272e-01
826 3.109622e+00 3.086544e-01
827 3.115434e+00 3.061151e-01
828 3.067948e+00 2.923747e-01
829 3.068398e+00 2.914899e-01
830 3.069141e+00 2.910366e-01
831 3.066372e+00 2.945529e-01
832 3.072547e+00 2.930298e-01
833 3.072953e+00 2.699694e-01
834 3.096248e+00 2.634725e-01
835 3.096125e+00 2.419727e-01
836 3.092892e+00 2.380099e-01
837 3.093138e+00 2.102767e-01
838 3.081018e+00 2.236642e-01
839 3.106725e+00 2.239891e-01
840 3.108596e+00 2.122411e-01
841 3.087749e+00 2.202395e-01
842 3.088273e+00 2.205276e-01
843 3.073225e+00 2.352844e-01
844 3.072958e+00 2.319459e-01
845 3.075853e+00 2.340731e-01
846 3.083870e+00 2.557242e-01
847 3.055823e+00 2.526073e-01
848 3.043813e+00 2.518606e-01
849 3.043840e+00 2.486317e-01
850 3.004873e+00 2.587584e-01
851 3.004967e+00 2.632781e-01
852 2.988422e+00 2.136356e-01
853 3.001011e+00 2.040482e-01
854 2.993006e+00 2.100647e-01
855 3.035359e+00 2.437117e-01
856 3.032648e+00 2.555107e-01
857 3.036555e+00 2.626947e-01
858 3.050664e+00 2.687197e-01
859 3.052830e+00 2.676204e-01
860 3.059427e+00 2.694639e-01
861 3.069337e+00 2.688945e-01
862 3.064300e+00 2.713583e-01
863 3.064660e+00 2.768682e-01
864 3.085206e+00 2.437161e-01
865 3.108126e+00 2.228640e-01
866 3.109796e+00 2.420276e-01
867 3.107011e+00 2.520310e-01
868 3.114344e+00 2.464058e-01
869 3.099956e+00 2.428297e-01
870 3.099926e+00 2.433565e-01
871 3.096431e+00 2.445641e-01
872 3.083320e+00 2.484943e-01
873 3.083355e+00 2.484212e-01
874 3.087329e+00 2.235669e-01
875 3.087180e+00 2.243811e-01
876 3.101630e+00 2.424720e-01
877 3.102542e+00 2.412321e-01
878 3.107959e+00 2.870000e-01
879 3.095761e+00 3.054385e-01
880 3.105316e+00 2.937605e-01
881 3.162436e+00 3.188088e-01
882 3.171741e+00 3.226689e-01
883 3.153624e+00 3.164421e-01
884 3.164796e+00 3.016432e-01
885 3.163195e+00 3.004309e-01
886 3.166711e+00 2.716276e-01
887 3.130219e+00 2.954768e-01
888 3.129532e+00 3.212464e-01
889 3.119107e+00 3.017366e-01
890 3.097897e+00 3.049034e-01
891 3.102040e+00 2.989118e-01
892 3.100747e+00 3.054825e-01
893 3.094905e+00 2.998119e-01
894 3.081827e+00 3.136233e-01
895 3.078228e+00 3.214335e-01
896 3.090984e+00 3.151367e-01
897 3.085738e+00 3.424986e-01
898 3.084985e+00 3.419197e-01
899 3.086053e+00 3.388329e-01
900 3.132051e+00 3.444311e-01
901 3.130250e+00 3.336855e-01
902 3.121556e+00 3.346767e-01
903 3.122440e+00 3.336349e-01
904 3.202982e+00 4.395429e-01
905 3.213626e+00 4.482220e-01
906 3.219400e+00 4.484414e-01
907 3.204631e+00 4.462610e-01
908 3.222258e+00 4.620153e-01
909 3.216969e+00 4.740373e-01
910 3.222018e+00 4.808046e-01
911 3.215847e+00 4.544773e-01
912 3.209598e+00 4.986069e-01
913 3.238257e+00 5.529186e-01
914 3.206162e+00 5.467374e-01
915 3.208049e+00 5.547255e-01
916 3.208478e+00 5.573883e-01
917 3.212023e+00 4.956080e-01
918 3.195179e+00 4.888799e-01
919 3.194468e+00 4.882147e-01
920 3.187352e+00 5.365449e-01
921 3.188325e+00 5.346881e-01
922 3.183258e+00 5.366977e-01
923 3.177647e+00 5.328444e-01
924 3.181577e+00 5.357301e-01
925 3.180792e+00 5.339700e-01
926 3.188479e+00 5.272266e-01
927 3.190983e+00 5.059754e-01
928 3.194925e+00 5.086675e-01
929 3.194948e+00 5.086651e-01
930 3.213141e+00 4.833199e-01
931 3.220155e+00 4.832609e-01
932 3.252860e+00 4.865239e-01
933 3.252963e+00 4.751517e-01
934 3.289503e+00 4.747624e-01
935 3.279796e+00 4.836515e-01
936 3.237897e+00 4.630955e-01
937 3.223098e+00 4.521503e-01
938 3.225322e+00 4.670938e-01
939 3.219811e+00 5.052433e-01
940 3.226437e+00 5.003759e-01
941 3.221307e+00 4.973513e-01
942 3.232383e+00 4.978034e-01
943 3.235496e+00 4.905885e-01
944 3.244183e+00 4.720168e-01
945 3.240694e+00 4.862477e-01
946 3.254654e+00 4.834307e-01
947 3.313736e+00 4.672883e-01
948 3.311835e+00 4.774553e-01
949 3.324609e+00 4.517442e-01
950 3.310173e+00 4.175645e-01
951 3.296893e+00 3.769746e-01
952 3.281157e+00 4.259643e-01
953 3.362820e+00 5.085777e-01
954 3.361014e+00 5.147840e-01
955 3.339009e+00 5.454891e-01
956 3.337288e+00 5.482426e-01
957 3.323956e+00 5.443070e-01
958 3.327132e+00 5.588419e-01
959 3.355683e+00 5.426144e-01
960 3.370315e+00 5.432178e-01
961 3.411193e+00 5.575569e-01
962 3.452985e+00 5.512592e-01
963 3.430677e+00 5.713596e-01
964 3.426769e+00 5.660891e-01
965 3.418898e+00 5.651408e-01
966 3.426251e+00 5.515698e-01
967 3.420319e+00 5.541848e-01
968 3.415962e+00 5.553802e-01
969 3.409806e+00 5.590018e-01
970 3.406814e+00 5.555577e-01
971 3.395664e+00 5.559317e-01
972 3.391233e+00 5.592020e-01
973 3.430421e+00 5.602327e-01
974 3.430343e+00 5.607193e-01
975 3.429168e+00 5.668535e-01
976 3.407035e+00 5.773682e-01
977 3.398797e+00 5.766189e-01
978 3.395269e+00 5.720062e-01
979 3.412681e+00 5.503888e-01
980 3.426237e+00 5.881676e-01
981 3.430731e+00 5.908458e-01
982 3.431661e+00 5.941991e-01
983 3.433913e+00 6.070431e-01
984 3.423313e+00 5.941979e-01
985 3.408113e+00 6.866070e-01
986 3.423533e+00 6.666895e-01
987 3.418553e+00 6.567337e-01
988 3.416829e+00 6.422805e-01
989 3.417012e+00 6.221288e-01
990 3.423717e+00 6.157710e-01
991 3.438739e+00 6.043638e-01
992 3.440875e+00 5.987410e-01
993 3.439004e+00 6.009333e-01
994 3.405890e+00 5.461399e-01
995 3.404581e+00 5.468199e-01
996 3.417212e+00 5.386247e-01
997 3.435273e+00 5.893024e-01
998 3.436868e+00 5.827708e-01
999 3.425548e+00 5.865573e-01
1000 3.433322e+00 5.508180e-01
1001 3.430199e+00 5.556205e-01
1002 3.432092e+00 5.610605e-01
1003 3.459270e+00 6.527128e-01
1004 3.461841e+00 6.658069e-01
1005 3.468870e+00 6.687246e-01
1006 3.484048e+00 6.841689e-01
1007 3.542589e+00 6.702288e-01
1008 3.526488e+00 6.182327e-01
1009 3.526635e+00 6.128111e-01
1010 3.491192e+00 5.945179e-01
1011 3.490010e+00 5.931987e-01
1012 3.470355e+00 5.987173e-01
1013 3.444054e+00 5.764275e-01
1014 3.446237e+00 5.816110e-01
1015 3.447605e+00 5.878283e-01
1016 3.430710e+00 6.186891e-01
1017 3.436590e+00 6.306887e-01
1018 3.426811e+00 6.277570e-01
1019 3.430280e+00 6.255858e-01
1020 3.442359e+00 6.312947e-01
1021 3.445940e+00 6.317342e-01
1022 3.452542e+00 6.359007e-01
1023 3.440510e+00 6.329813e-01
1024 3.440641e+00 6.330416e-01
1025 3.439759e+00 6.320432e-01
1026 3.450561e+00 6.296204e-01
1027 3.508668e+00 6.227267e-01
1028 3.507890e+00 6.145916e-01
1029 3.506702e+00 6.188404e-01
1030 3.495877e+00 6.210331e-01
1031 3.498245e+00 6.162141e-01
1032 3.495791e+00 6.247553e-01
1033 3.516893e+00 6.175647e-01
1034 3.522578e+00 6.133582e-01
1035 3.524157e+00 6.129270e-01
1036 3.532586e+00 6.098138e-01
1037 3.463148e+00 5.992137e-01
1038 3.473760e+00 5.981136e-01
1039 3.475100e+00 5.977849e-01
1040 3.526991e+00 5.892174e-01
1041 3.547571e+00 5.691472e-01
1042 3.531309e+00 5.941618e-01
1043 3.535063e+00 6.080579e-01
1044 3.530897e+00 5.953948e-01
1045 3.527341e+00 5.967565e-01
1046 3.548066e+00 5.390307e-01
1047 3.548293e+00 5.533763e-01
1048 3.549858e+00 5.052447e-01
1049 3.582084e+00 5.511144e-01
1050 3.591373e+00 5.239646e-01
1051 3.595351e+00 4.896257e-01
1052 3.593962e+00 4.884221e-01
1053 3.581150e+00 4.880420e-01
1054 3.579880e+00 4.886411e-01
1055 3.566593e+00 4.865106e-01
1056 3.573354e+00 4.852191e-01
1057 3.572210e+00 4.699209e-01
1058 3.571539e+00 4.772236e-01
1059 3.639900e+00 4.737534e-01
1060 3.648776e+00 4.728915e-01
1061 3.747061e+00 4.669177e-01
1062 3.740487e+00 4.679255e-01
1063 3.782359e+00 5.127332e-01
1064 3.782812e+00 5.200478e-01
1065 3.782898e+00 5.200069e-01
1066 3.778748e+00 5.437193e-01
1067 3.775145e+00 5.412487e-01
1068 3.756303e+00 5.081154e-01
1069 3.780485e+00 4.491758e-01
1070 3.773097e+00 4.649371e-01
1071 3.775860e+00 4.628073e-01
1072 3.762018e+00 4.481554e-01
1073 3.771668e+00 4.587954e-01
1074 3.774444e+00 4.646023e-01
1075 3.752314e+00 4.628141e-01
1076 3.756888e+00 4.504998e-01
1077 3.763085e+00 4.518392e-01
1078 3.762432e+00 4.487598e-01
1079 3.763586e+00 4.355819e-01
1080 3.662629e+00 4.146359e-01
1081 3.627429e+00 4.334200e-01
1082 3.625538e+00 4.271445e-01
1083 3.626239e+00 4.300921e-01
1084 3.626144e+00 4.285685e-01
1085 3.621063e+00 4.420633e-01
1086 3.624126e+00 4.226463e-01
1087 3.627578e+00 4.102956e-01
1088 3.626693e+00 3.938014e-01
1089 3.630458e+00 4.148216e-01
1090 3.583367e+00 4.204367e-01
1091 3.561371e+00 4.368892e-01
1092 3.558792e+00 4.332422e-01
1093 3.552275e+00 4.131400e-01
1094 3.561297e+00 4.079404e-01
1095 3.545497e+00 3.985203e-01
1096 3.538316e+00 4.050128e-01
1097 3.536811e+00 3.983835e-01
1098 3.540507e+00 4.064026e-01
1099 3.543010e+00 4.355719e-01
1100 3.551194e+00 3.931847e-01
1101 3.543598e+00 3.836917e-01
1102 3.542976e+00 3.815435e-01
1103 3.500204e+00 4.027297e-01
1104 3.488531e+00 3.826543e-01
1105 3.490583e+00 3.781459e-01
1106 3.485721e+00 3.921940e-01
1107 3.441886e+00 3.794398e-01
1108 3.441771e+00 3.913091e-01
1109 3.450978e+00 3.890936e-01
1110 3.447339e+00 3.831287e-01
1111 3.441308e+00 3.713331e-01
1112 3.421335e+00 3.493277e-01
1113 3.430778e+00 3.329493e-01
1114 3.445796e+00 3.166468e-01
1115 3.437924e+00 3.125267e-01
1116 3.447804e+00 3.001351e-01
1117 3.449130e+00 3.111680e-01
1118 3.445977e+00 3.118793e-01
1119 3.452094e+00 3.241959e-01
1120 3.424172e+00 3.620352e-01
1121 3.428439e+00 3.654703e-01
1122 3.424436e+00 3.649287e-01
1123 3.396827e+00 4.174503e-01
1124 3.394468e+00 4.212404e-01
1125 3.399648e+00 4.171710e-01
1126 3.409964e+00 4.283932e-01
1127 3.410066e+00 4.238369e-01
1128 3.410242e+00 4.322897e-01
1129 3.407304e+00 4.391542e-01
1130 3.408836e+00 4.324744e-01
1131 3.374025e+00 4.284438e-01
1132 3.382041e+00 4.282898e-01
1133 3.400050e+00 4.167472e-01
1134 3.421084e+00 4.330789e-01
1135 3.424374e+00 4.338571e-01
1136 3.411015e+00 4.332655e-01
1137 3.417374e+00 4.493925e-01
1138 3.409851e+00 4.499450e-01
1139 3.400722e+00 4.328373e-01
1140 3.399690e+00 4.300524e-01
1141 3.415413e+00 4.118891e-01
1142 3.397741e+00 4.440935e-01
1143 3.403345e+00 4.585959e-01
1144 3.404529e+00 4.325408e-01
1145 3.427050e+00 3.958836e-01
1146 3.397146e+00 3.748941e-01
1147 3.400702e+00 3.731730e-01
1148 3.393227e+00 3.703020e-01
1149 3.405106e+00 3.262774e-01
1150 3.403299e+00 3.139870e-01
1151 3.400029e+00 3.223688e-01
1152 3.386961e+00 3.272306e-01
1153 3.387146e+00 3.271444e-01
1154 3.430604e+00 3.230277e-01
1155 3.429778e+00 3.228975e-01
1156 3.429887e+00 3.228785e-01
1157 3.444960e+00 3.511849e-01
1158 3.441590e+00 3.439018e-01
1159 3.394053e+00 3.399480e-01
1160 3.378443e+00 3.257697e-01
1161 3.365765e+00 3.320055e-01
1162 3.409226e+00 2.812545e-01
1163 3.419103e+00 2.878680e-01
1164 3.402000e+00 2.668864e-01
1165 3.407888e+00 2.535123e-01
1166 3.355830e+00 2.789775e-01
1167 3.378675e+00 2.864286e-01
1168 3.379668e+00 2.868552e-01
1169 3.355561e+00 2.600955e-01
1170 3.369372e+00 2.497766e-01
1171 3.374354e+00 2.616963e-01
1172 3.375976e+00 2.583776e-01
1173 3.352690e+00 2.330646e-01
1174 3.345945e+00 2.347508e-01
1175 3.382341e+00 2.125554e-01
1176 3.385567e+00 2.118252e-01
1177 3.385556e+00 2.117709e-01
1178 3.384229e+00 2.290540e-01
1179 3.377384e+00 2.118754e-01
1180 3.379033e+00 2.121969e-01
1181 3.372676e+00 2.130869e-01
1182 3.367553e+00 2.202014e-01
1183 3.371659e+00 1.932131e-01
1184 3.334390e+00 1.868330e-01
1185 3.350537e+00 1.896391e-01
1186 3.359356e+00 1.977072e-01
1187 3.390742e+00 2.045791e-01
1188 3.398220e+00 1.639837e-01
1189 3.374614e+00 1.501012e-01
1190 3.339338e+00 1.305149e-01
1191 3.335203e+00 1.658072e-01
1192 3.323732e+00 2.055759e-01
1193 3.328202e+00 1.882863e-01
1194 3.325698e+00 1.969397e-01
1195 3.284445e+00 2.396235e-01
1196 3.301258e+00 2.738153e-01
1197 3.300866e+00 2.793711e-01
1198 3.292949e+00 2.957548e-01
1199 3.321855e+00 2.769113e-01
1200 3.339016e+00 2.829962e-01
1201 3.340963e+00 2.839462e-01
1202 3.352013e+00 3.018524e-01
1203 3.355175e+00 3.046470e-01
1204 3.332078e+00 3.116678e-01
1205 3.359577e+00 2.806523e-01
1206 3.359975e+00 2.824932e-01
1207 3.361785e+00 2.854998e-01
1208 3.311211e+00 2.704960e-01
1209 3.359682e+00 2.921850e-01
1210 3.360053e+00 2.920609e-01
1211 3.346356e+00 2.915938e-01
1212 3.345478e+00 2.880596e-01
1213 3.345032e+00 2.991281e-01
1214 3.329622e+00 2.873347e-01
1215 3.327413e+00 2.873007e-01
1216 3.305716e+00 3.002055e-01
1217 3.306653e+00 3.006999e-01
1218 3.325641e+00 3.027566e-01
1219 3.337122e+00 3.144589e-01
1220 3.311150e+00 3.146153e-01
1221 3.321374e+00 3.482168e-01
1222 3.330052e+00 3.117627e-01
1223 3.311973e+00 3.230771e-01
1224 3.342544e+00 3.432622e-01
1225 3.355483e+00 2.801678e-01
1226 3.373735e+00 2.527996e-01
1227 3.339353e+00 2.500287e-01
1228 3.373167e+00 2.484092e-01
1229 3.358804e+00 2.510092e-01
1230 3.360248e+00 2.600386e-01
1231 3.354328e+00 2.439155e-01
1232 3.315006e+00 2.290572e-01
1233 3.307097e+00 2.196839e-01
1234 3.305349e+00 2.132692e-01
1235 3.304788e+00 2.179186e-01
1236 3.333280e+00 1.877809e-01
1237 3.321819e+00 1.828579e-01
1238 3.322700e+00 1.786004e-01
1239 3.312896e+00 1.731842e-01
1240 3.313568e+00 1.741237e-01
1241 3.312904e+00 1.740716e-01
1242 3.293186e+00 2.020215e-01
1243 3.263464e+00 2.377308e-01
1244 3.265716e+00 2.440008e-01
1245 3.261326e+00 2.515094e-01
1246 3.227722e+00 2.703728e-01
1247 3.220185e+00 2.743005e-01
1248 3.254295e+00 2.527685e-01
1249 3.272095e+00 2.384655e-01
1250 3.302411e+00 2.562442e-01
1251 3.297486e+00 2.568102e-01
1252 3.341271e+00 2.039308e-01
1253 3.345825e+00 2.021753e-01
1254 3.361931e+00 1.949960e-01
1255 3.437824e+00 2.099924e-01
1256 3.450823e+00 2.184210e-01
1257 3.444983e+00 2.539385e-01
1258 3.452724e+00 2.670947e-01
1259 3.447190e+00 2.573251e-01
1260 3.442878e+00 2.593986e-01
1261 3.453379e+00 2.502178e-01
1262 3.428663e+00 2.107866e-01
1263 3.457323e+00 1.919788e-01
1264 3.460640e+00 1.864363e-01
1265 3.435627e+00 1.717242e-01
1266 3.430343e+00 1.803617e-01
1267 3.428938e+00 1.798612e-01
1268 3.349055e+00 2.208996e-01
1269 3.356550e+00 2.247550e-01
1270 3.357758e+00 2.370453e-01
1271 3.393952e+00 2.247280e-01
1272 3.420651e+00 2.698283e-01
1273 3.414629e+00 2.522033e-01
1274 3.416706e+00 2.506512e-01
1275 3.418932e+00 2.499009e-01
1276 3.391745e+00 2.717624e-01
1277 3.399967e+00 2.857642e-01
1278 3.427797e+00 2.005221e-01
1279 3.424445e+00 2.043973e-01
1280 3.424336e+00 1.899819e-01
1281 3.384158e+00 2.010559e-01
1282 3.383030e+00 1.919786e-01
1283 3.307728e+00 1.212282e-01
1284 3.307568e+00 1.217763e-01
1285 3.294750e+00 1.084482e-01
1286 3.284211e+00 1.337046e-01
1287 3.291839e+00 1.265679e-01
1288 3.311169e+00 1.490129e-01
1289 3.310988e+00 1.457623e-01
1290 3.311282e+00 1.459193e-01
1291 3.299704e+00 1.476245e-01
1292 3.327723e+00 1.598620e-01
1293 3.323783e+00 1.759536e-01
1294 3.330309e+00 1.494009e-01
1295 3.203394e+00 1.581798e-01
1296 3.187232e+00 1.708938e-01
1297 3.181568e+00 1.727413e-01
1298 3.198785e+00 1.793663e-01
1299 3.183287e+00 1.768599e-01
1300 3.175201e+00 1.850621e-01
1301 3.166412e+00 2.206382e-01
1302 3.150496e+00 2.002790e-01
1303 3.149536e+00 2.043184e-01
1304 3.145226e+00 2.118660e-01
1305 3.142260e+00 2.117383e-01
1306 3.144841e+00 2.168457e-01
1307 3.141742e+00 2.292491e-01
1308 3.141835e+00 2.292085e-01
1309 3.141085e+00 2.262048e-01
1310 3.123280e+00 2.253218e-01
1311 3.128135e+00 2.388498e-01
1312 3.131336e+00 2.236749e-01
1313 3.132471e+00 2.294849e-01
1314 3.129925e+00 2.342145e-01
1315 3.086529e+00 2.098139e-01
1316 3.106133e+00 1.978870e-01
1317 3.058884e+00 2.887592e-01
1318 3.083343e+00 3.108696e-01
1319 3.074455e+00 3.057387e-01
1320 3.060919e+00 2.968747e-01
1321 3.057197e+00 2.942936e-01
1322 3.057891e+00 2.946593e-01
1323 3.058123e+00 2.940475e-01
1324 3.057476e+00 3.468714e-01
1325 3.067585e+00 3.740495e-01
1326 3.103643e+00 4.795812e-01
1327 3.122612e+00 4.922212e-01
1328 3.111144e+00 5.334923e-01
1329 3.071164e+00 5.399362e-01
1330 3.077484e+00 5.501862e-01
1331 3.082359e+00 5.627610e-01
1332 3.092199e+00 5.616350e-01
1333 3.092662e+00 5.619008e-01
1334 3.071772e+00 5.697166e-01
1335 3.071787e+00 5.697570e-01
1336 3.066380e+00 5.635378e-01
1337 3.058667e+00 5.613506e-01
1338 3.055479e+00 5.605817e-01
1339 3.001951e+00 5.228782e-01
1340 3.014851e+00 5.005711e-01
1341 3.037249e+00 4.928127e-01
1342 3.082397e+00 4.857866e-01
1343 3.086004e+00 5.308130e-01
1344 3.075122e+00 5.364710e-01
1345 3.069372e+00 5.304620e-01
1346 3.041848e+00 5.455627e-01
1347 3.043068e+00 5.440392e-01
1348 3.042624e+00 5.419020e-01
1349 3.047661e+00 5.385231e-01
1350 3.054052e+00 5.349248e-01
1351 3.088162e+00 5.595877e-01
1352 3.084879e+00 5.647768e-01
1353 3.085203e+00 5.639975e-01
1354 3.096732e+00 5.728290e-01
1355 3.097073e+00 5.399195e-01
1356 3.144834e+00 4.996742e-01
1357 3.142606e+00 4.999761e-01
1358 3.168149e+00 4.932627e-01
1359 3.140716e+00 4.688099e-01
1360 3.139183e+00 4.619283e-01
1361 3.138441e+00 4.693707e-01
1362 3.126872e+00 4.654265e-01
1363 3.139669e+00 4.714646e-01
1364 3.142928e+00 4.675494e-01
1365 3.163664e+00 4.707364e-01
1366 3.174789e+00 4.728156e-01
1367 3.156853e+00 4.833232e-01
1368 3.140326e+00 4.923926e-01
1369 3.165862e+00 4.613358e-01
1370 3.184387e+00 4.628518e-01
1371 3.173139e+00 4.707596e-01
1372 3.169881e+00 4.735602e-01
1373 3.140529e+00 4.448817e-01
1374 3.121269e+00 4.467757e-01
1375 3.138310e+00 4.350463e-01
1376 3.137023e+00 4.375051e-01
1377 3.252771e+00 3.808734e-01
1378 3.254250e+00 3.834499e-01
1379 3.232387e+00 3.730281e-01
1380 3.251970e+00 3.833448e-01
1381 3.259746e+00 3.744947e-01
1382 3.232041e+00 3.926865e-01
1383 3.217274e+00 3.990193e-01
1384 3.232802e+00 4.020537e-01
1385 3.234544e+00 3.831626e-01
1386 3.233131e+00 3.825991e-01
1387 3.242582e+00 3.720277e-01
1388 3.241143e+00 3.723972e-01
1389 3.239496e+00 3.863461e-01
1390 3.242913e+00 3.845002e-01
1391 3.287212e+00 3.744584e-01
1392 3.290705e+00 3.525677e-01
1393 3.278912e+00 3.040509e-01
1394 3.261940e+00 3.372112e-01
1395 3.254906e+00 3.373350e-01
1396 3.232231e+00 3.274792e-01
1397 3.220176e+00 3.577723e-01
1398 3.182383e+00 3.167274e-01
1399 3.163255e+00 2.460085e-01
1400 3.168332e+00 2.010435e-01
1401 3.215840e+00 1.780843e-01
1402 3.212530e+00 1.793099e-01
1403 3.212545e+00 1.793006e-01
1404 3.208817e+00 1.854302e-01
1405 3.204476e+00 2.157320e-01
1406 3.193619e+00 2.091368e-01
1407 3.193315e+00 2.089023e-01
1408 3.190830e+00 2.132487e-01
1409 3.198546e+00 2.334660e-01
1410 3.204055e+00 2.355171e-01
1411 3.227289e+00 2.200880e-01
1412 3.213345e+00 2.250262e-01
1413 3.187386e+00 2.440312e-01
1414 3.172639e+00 2.582992e-01
1415 3.172076e+00 2.578568e-01
1416 3.115297e+00 2.234356e-01
1417 3.104614e+00 2.417706e-01
1418 3.096618e+00 2.376153e-01
1419 3.090751e+00 2.273957e-01
1420 3.089635e+00 2.298867e-01
1421 3.103583e+00 2.363963e-01
1422 3.102654e+00 2.551129e-01
1423 3.114187e+00 2.620634e-01
1424 3.112237e+00 2.608970e-01
1425 3.114997e+00 2.646093e-01
1426 3.113814e+00 2.637683e-01
1427 3.127710e+00 2.924724e-01
1428 3.076232e+00 3.128177e-01
1429 3.084840e+00 3.110153e-01
1430 3.084282e+00 3.113371e-01
1431 3.111990e+00 2.917670e-01
1432 3.152157e+00 3.331017e-01
1433 3.161244e+00 3.242599e-01
1434 3.187817e+00 2.981588e-01
1435 3.184601e+00 2.944083e-01
1436 3.180217e+00 3.207639e-01
1437 3.178207e+00 3.211479e-01
1438 3.180415e+00 3.088919e-01
1439 3.189071e+00 3.018981e-01
1440 3.182799e+00 2.927549e-01
1441 3.178131e+00 2.883720e-01
1442 3.205098e+00 2.541219e-01
1443 3.209785e+00 2.373647e-01
1444 3.189286e+00 2.739346e-01
1445 3.186695e+00 2.559580e-01
1446 3.195676e+00 2.536562e-01
1447 3.208762e+00 2.348723e-01
1448 3.218404e+00 2.317978e-01
1449 3.217796e+00 2.399707e-01
1450 3.214799e+00 2.394723e-01
1451 3.198419e+00 2.562982e-01
1452 3.199049e+00 2.586907e-01
1453 3.229169e+00 3.009559e-01
1454 3.229089e+00 3.017059e-01
1455 3.229114e+00 3.021391e-01
1456 3.211260e+00 2.937312e-01
1457 3.211930e+00 2.886776e-01
1458 3.210572e+00 2.878269e-01
1459 3.211809e+00 2.877987e-01
1460 3.211776e+00 2.876651e-01
1461 3.211062e+00 2.900722e-01
1462 3.215549e+00 2.840424e-01
1463 3.215499e+00 2.885341e-01
1464 3.218316e+00 2.952406e-01
1465 3.223348e+00 2.940195e-01
1466 3.228415e+00 3.115601e-01
1467 3.228327e+00 3.182450e-01
1468 3.214891e+00 3.548802e-01
1469 3.190248e+00 3.936897e-01
1470 3.134878e+00 4.238684e-01
1471 3.140162e+00 4.177174e-01
1472 3.135774e+00 4.277031e-01
1473 3.135853e+00 4.277422e-01
1474 3.137449e+00 4.241048e-01
1475 3.138617e+00 4.220644e-01
1476 3.137067e+00 4.219111e-01
1477 3.124748e+00 4.032950e-01
1478 3.125294e+00 4.037450e-01
1479 3.128949e+00 4.056425e-01
1480 3.132690e+00 4.079660e-01
1481 3.132853e+00 3.864713e-01
1482 3.133393e+00 3.846525e-01
1483 3.133685e+00 3.844324e-01
1484 3.143531e+00 3.887446e-01
1485 3.155610e+00 4.160389e-01
1486 3.138985e+00 4.255692e-01
1487 3.084614e+00 4.171386e-01
1488 3.098190e+00 4.193065e-01
1489 3.091714e+00 4.378447e-01
1490 3.098659e+00 4.353101e-01
1491 3.137058e+00 4.526132e-01
1492 3.143286e+00 4.421305e-01
1493 3.116111e+00 4.296565e-01
1494 3.105308e+00 4.552606e-01
1495 3.113133e+00 4.561371e-01
1496 3.151909e+00 4.564164e-01
1497 3.147949e+00 4.696689e-01
1498 3.160321e+00 4.747353e-01
1499 3.160194e+00 4.740829e-01
1500 3.167160e+00 4.714615e-01
1501 3.164120e+00 4.782441e-01
1502 3.174167e+00 4.722456e-01
1503 3.192229e+00 4.247009e-01
1504 3.201762e+00 4.099073e-01
1505 3.217478e+00 3.919020e-01
1506 3.218445e+00 3.928544e-01
1507 3.180792e+00 3.973907e-01
1508 3.170852e+00 3.958243e-01
1509 3.148748e+00 4.097551e-01
1510 3.147377e+00 4.119011e-01
1511 3.105887e+00 3.789432e-01
1512 3.106025e+00 3.807824e-01
1513 3.098441e+00 3.970018e-01
1514 3.101459e+00 3.874602e-01
1515 3.116445e+00 3.973000e-01
1516 3.146590e+00 4.030138e-01
1517 3.158772e+00 4.141163e-01
1518 3.138675e+00 3.875002e-01
1519 3.121433e+00 3.651060e-01
1520 3.128637e+00 3.620463e-01
1521 3.140257e+00 3.547290e-01
1522 3.134901e+00 3.662127e-01
1523 3.138334e+00 3.672212e-01
1524 3.148392e+00 3.733861e-01
1525 3.164637e+00 3.707544e-01
1526 3.165262e+00 3.705474e-01
1527 3.163052e+00 3.766708e-01
1528 3.161947e+00 3.778749e-01
1529 3.171769e+00 3.591897e-01
1530 3.191634e+00 3.538107e-01
1531 3.190833e+00 3.526307e-01
1532 3.189164e+00 3.627814e-01
1533 3.210428e+00 3.933183e-01
1534 3.211753e+00 3.946011e-01
1535 3.222492e+00 4.033423e-01
1536 3.226957e+00 4.149876e-01
1537 3.227494e+00 4.133824e-01
1538 3.219712e+00 4.069468e-01
1539 3.199146e+00 4.096717e-01
1540 3.188180e+00 4.250805e-01
1541 3.184831e+00 4.159750e-01
1542 3.183130e+00 4.093139e-01
1543 3.184349e+00 4.102947e-01
1544 3.155642e+00 4.278353e-01
1545 3.212745e+00 3.871575e-01
1546 3.212799e+00 3.882994e-01
1547 3.213295e+00 3.988354e-01
1548 3.213142e+00 3.965918e-01
1549 3.195798e+00 4.329387e-01
1550 3.202240e+00 4.289659e-01
1551 3.240538e+00 4.160103e-01
1552 3.283774e+00 4.267044e-01
1553 3.245517e+00 4.707948e-01
1554 3.245690e+00 4.714236e-01
1555 3.245009e+00 4.700030e-01
1556 3.225124e+00 4.821295e-01
1557 3.234312e+00 4.615321e-01
1558 3.239308e+00 4.398747e-01
1559 3.247681e+00 4.514033e-01
1560 3.246034e+00 4.518976e-01
1561 3.236682e+00 4.479159e-01
1562 3.207720e+00 3.897760e-01
1563 3.224143e+00 3.840798e-01
1564 3.220670e+00 3.875565e-01
1565 3.227207e+00 4.008746e-01
1566 3.227767e+00 4.010275e-01
1567 3.211040e+00 4.148498e-01
1568 3.285650e+00 3.937679e-01
1569 3.260225e+00 3.979349e-01
1570 3.249192e+00 3.638750e-01
1571 3.245120e+00 3.629945e-01
1572 3.239152e+00 3.668231e-01
1573 3.309057e+00 3.751252e-01
1574 3.347705e+00 3.894669e-01
1575 3.352102e+00 3.795862e-01
1576 3.361331e+00 3.923542e-01
1577 3.362231e+00 3.951756e-01
1578 3.316218e+00 3.351646e-01
1579 3.320904e+00 3.224581e-01
1580 3.348467e+00 2.886906e-01
1581 3.387716e+00 2.788493e-01
1582 3.412774e+00 2.760824e-01
1583 3.412378e+00 2.751436e-01
1584 3.431129e+00 2.959266e-01
1585 3.420332e+00 2.989659e-01
1586 3.434229e+00 3.005329e-01
1587 3.400084e+00 2.701888e-01
1588 3.397221e+00 2.698710e-01
1589 3.409537e+00 2.665878e-01
1590 3.442121e+00 2.882495e-01
1591 3.442838e+00 2.873441e-01
1592 3.438058e+00 2.788862e-01
1593 3.469410e+00 2.904974e-01
1594 3.483230e+00 2.821460e-01
1595 3.449425e+00 2.492144e-01
1596 3.462260e+00 2.446966e-01
1597 3.471252e+00 2.192934e-01
1598 3.469893e+00 2.088085e-01
1599 3.473712e+00 2.066290e-01
1600 3.476085e+00 1.968278e-01
1601 3.483677e+00 1.709333e-01
1602 3.474166e+00 1.620042e-01
1603 3.474221e+00 1.680931e-01
1604 3.483361e+00 1.248101e-01
1605 3.483099e+00 1.265597e-01
1606 3.481511e+00 1.267400e-01
1607 3.556844e+00 1.271332e-01
1608 3.556305e+00 1.270806e-01
1609 3.554048e+00 1.350787e-01
1610 3.577889e+00 1.536114e-01
1611 3.548729e+00 1.719919e-01
1612 3.557741e+00 1.616113e-01
1613 3.546766e+00 1.485164e-01
1614 3.497069e+00 1.511179e-01
1615 3.469578e+00 1.422385e-01
1616 3.459669e+00 1.288996e-01
1617 3.442128e+00 9.776585e-02
1618 3.432780e+00 1.040268e-01
1619 3.411450e+00 1.096398e-01
1620 3.413728e+00 1.197446e-01
1621 3.404667e+00 1.186612e-01
1622 3.406155e+00 1.185774e-01
1623 3.393858e+00 1.114133e-01
1624 3.396878e+00 1.004123e-01
1625 3.398352e+00 1.018029e-01
1626 3.426280e+00 1.523584e-01
1627 3.462944e+00 1.452917e-01
1628 3.463262e+00 1.506301e-01
1629 3.452642e+00 1.895604e-01
1630 3.448692e+00 1.903288e-01
1631 3.449186e+00 2.178631e-01
1632 3.449786e+00 2.182635e-01
1633 3.451227e+00 2.128051e-01
1634 3.454859e+00 2.077573e-01
1635 3.445712e+00 2.341259e-01
1636 3.439158e+00 2.224069e-01
1637 3.396916e+00 2.101017e-01
1638 3.465254e+00 2.530817e-01
1639 3.461168e+00 2.456284e-01
1640 3.453487e+00 2.562606e-01
1641 3.413254e+00 2.610923e-01
1642 3.409764e+00 2.697902e-01
1643 3.410369e+00 2.701922e-01
1644 3.413720e+00 2.717724e-01
1645 3.408682e+00 3.051420e-01
1646 3.409412e+00 3.121552e-01
1647 3.405609e+00 3.137636e-01
1648 3.401882e+00 3.148724e-01
1649 3.408169e+00 3.184134e-01
1650 3.410326e+00 3.155311e-01
1651 3.424762e+00 3.227225e-01
1652 3.494619e+00 3.309037e-01
1653 3.500984e+00 3.173229e-01
1654 3.496853e+00 3.275917e-01
1655 3.507805e+00 3.520404e-01
1656 3.480824e+00 3.870570e-01
1657 3.481711e+00 3.850646e-01
1658 3.481958e+00 3.848649e-01
1659 3.503297e+00 3.693975e-01
1660 3.503740e+00 3.711486e-01
1661 3.504246e+00 3.516754e-01
1662 3.510338e+00 3.709499e-01
1663 3.513803e+00 3.744412e-01
1664 3.540260e+00 3.697978e-01
1665 3.529691e+00 3.569925e-01
1666 3.530605e+00 3.552257e-01
1667 3.538083e+00 3.486573e-01
1668 3.546580e+00 3.554706e-01
1669 3.547886e+00 3.587157e-01
1670 3.553924e+00 3.574457e-01
1671 3.523714e+00 3.499888e-01
1672 3.524550e+00 3.440652e-01
1673 3.477637e+00 3.827395e-01
1674 3.480321e+00 3.764018e-01
1675 3.492061e+00 3.380783e-01
1676 3.515632e+00 3.248128e-01
1677 3.522304e+00 3.980424e-01
1678 3.517355e+00 3.785498e-01
1679 3.423487e+00 3.915409e-01
1680 3.434977e+00 3.856966e-01
1681 3.400990e+00 3.758380e-01
1682 3.391719e+00 3.763836e-01
1683 3.442389e+00 4.378660e-01
1684 3.444252e+00 4.377438e-01
1685 3.438237e+00 4.343616e-01
1686 3.430210e+00 4.055651e-01
1687 3.428344e+00 4.143432e-01
1688 3.427892e+00 4.350501e-01
1689 3.419870e+00 4.184603e-01
1690 3.436227e+00 3.998204e-01
1691 3.431204e+00 3.973773e-01
1692 3.441729e+00 3.914002e-01
1693 3.438320e+00 3.934626e-01
1694 3.447148e+00 4.159084e-01
1695 3.411842e+00 3.738974e-01
1696 3.410437e+00 3.748713e-01
1697 3.414369e+00 3.739898e-01
1698 3.434363e+00 3.594989e-01
1699 3.430020e+00 3.640661e-01
1700 3.444932e+00 3.594994e-01
1701 3.446009e+00 3.610290e-01
1702 3.425827e+00 3.714159e-01
1703 3.425987e+00 3.731840e-01
1704 3.430981e+00 3.709339e-01
1705 3.426027e+00 3.800516e-01
1706 3.399449e+00 3.727317e-01
1707 3.405449e+00 3.778411e-01
1708 3.402115e+00 3.777295e-01
1709 3.400396e+00 3.646632e-01
1710 3.426989e+00 3.524130e-01
1711 3.409776e+00 3.921845e-01
1712 3.407575e+00 4.601666e-01
1713 3.422098e+00 4.692301e-01
1714 3.424679e+00 4.755668e-01
1715 3.438764e+00 4.722111e-01
1716 3.445086e+00 4.605529e-01
1717 3.439374e+00 4.666388e-01
1718 3.456583e+00 4.682534e-01
1719 3.408853e+00 4.172056e-01
1720 3.396858e+00 4.031119e-01
1721 3.399537e+00 4.096396e-01
1722 3.407317e+00 3.992218e-01
1723 3.404789e+00 4.680786e-01
1724 3.408250e+00 4.767529e-01
1725 3.408782e+00 4.772206e-01
1726 3.486140e+00 4.526218e-01
1727 3.473634e+00 4.420603e-01
1728 3.470382e+00 4.344895e-01
1729 3.461947e+00 4.434152e-01
1730 3.453753e+00 4.413893e-01
1731 3.453697e+00 4.431138e-01
1732 3.459773e+00 4.469498e-01
1733 3.425584e+00 4.373563e-01
1734 3.419083e+00 4.382969e-01
1735 3.419406e+00 4.355984e-01
1736 3.503667e+00 4.406038e-01
1737 3.503896e+00 4.404087e-01
1738 3.492251e+00 4.349087e-01
1739 3.489712e+00 4.561795e-01
1740 3.474028e+00 4.737546e-01
1741 3.473121e+00 4.741899e-01
1742 3.472696e+00 4.743012e-01
1743 3.439921e+00 4.437814e-01
1744 3.442445e+00 4.440908e-01
1745 3.389774e+00 4.103104e-01
1746 3.409068e+00 3.910304e-01
1747 3.396000e+00 3.891666e-01
1748 3.400953e+00 4.191509e-01
1749 3.395784e+00 4.382564e-01
1750 3.404661e+00 4.281054e-01
1751 3.403721e+00 4.263446e-01
1752 3.408330e+00 4.272220e-01
1753 3.390116e+00 4.265598e-01
1754 3.377360e+00 4.274213e-01
1755 3.352973e+00 4.348200e-01
1756 3.350243e+00 4.343571e-01
1757 3.366549e+00 4.436994e-01
1758 3.352212e+00 4.516456e-01
1759 3.350966e+00 4.782847e-01
1760 3.353990e+00 4.812628e-01
1761 3.354136e+00 4.828525e-01
1762 3.354530e+00 4.806455e-01
1763 3.353097e+00 4.831552e-01
1764 3.366197e+00 4.742997e-01
1765 3.335003e+00 4.834331e-01
1766 3.325749e+00 4.781356e-01
1767 3.326293e+00 4.843568e-01
1768 3.306442e+00 4.890728e-01
1769 3.312264e+00 4.663040e-01
1770 3.316922e+00 4.712119e-01
1771 3.316685e+00 4.714296e-01
1772 3.233569e+00 4.682303e-01
1773 3.219974e+00 4.844518e-01
1774 3.217698e+00 4.757692e-01
1775 3.224492e+00 4.685542e-01
1776 3.236463e+00 4.677009e-01
1777 3.231744e+00 4.557136e-01
1778 3.265955e+00 4.883278e-01
1779 3.267869e+00 4.797287e-01
1780 3.246321e+00 4.880535e-01
1781 3.247293e+00 4.876867e-01
1782 3.222231e+00 4.817029e-01
1783 3.178980e+00 5.150276e-01
1784 3.171570e+00 4.907625e-01
1785 3.168813e+00 4.917295e-01
1786 3.156464e+00 4.981377e-01
1787 3.154749e+00 5.167406e-01
1788 3.153427e+00 5.365072e-01
1789 3.171006e+00 5.282003e-01
1790 3.160521e+00 5.384580e-01
1791 3.173377e+00 5.452476e-01
1792 3.177842e+00 5.444012e-01
1793 3.177900e+00 5.385990e-01
1794 3.179966e+00 5.376349e-01
1795 3.181341e+00 5.390598e-01
1796 3.182919e+00 5.391438e-01
1797 3.209261e+00 5.445591e-01
1798 3.201170e+00 5.364018e-01
1799 3.203607e+00 5.258620e-01
1800 3.186702e+00 5.220732e-01
1801 3.195489e+00 5.219585e-01
1802 3.203151e+00 5.147426e-01
1803 3.248785e+00 4.974198e-01
1804 3.237851e+00 4.723689e-01
1805 3.244196e+00 4.739553e-01
1806 3.236448e+00 4.741270e-01
1807 3.204861e+00 5.045167e-01
1808 3.208114e+00 5.131335e-01
1809 3.214937e+00 5.111010e-01
1810 3.246664e+00 5.046157e-01
1811 3.245513e+00 5.463388e-01
1812 3.268630e+00 5.906147e-01
1813 3.234941e+00 5.660780e-01
1814 3.237876e+00 5.676744e-01
1815 3.208142e+00 5.852881e-01
1816 3.206346e+00 5.902122e-01
1817 3.206160e+00 5.895447e-01
1818 3.199380e+00 5.646971e-01
1819 3.236236e+00 5.666584e-01
1820 3.250369e+00 5.630623e-01
1821 3.254124e+00 5.608521e-01
1822 3.258416e+00 5.649591e-01
1823 3.272516e+00 5.658093e-01
1824 3.272144e+00 5.654985e-01
1825 3.277392e+00 5.881955e-01
1826 3.268811e+00 5.862245e-01
1827 3.256680e+00 5.798608e-01
1828 3.276256e+00 6.381457e-01
1829 3.280262e+00 6.254799e-01
1830 3.282881e+00 6.292158e-01
1831 3.304457e+00 5.910234e-01
1832 3.338522e+00 5.913009e-01
1833 3.354812e+00 5.981665e-01
1834 3.340633e+00 6.052818e-01
1835 3.331009e+00 6.013164e-01
1836 3.336937e+00 5.991784e-01
1837 3.342831e+00 5.906319e-01
1838 3.353828e+00 5.717347e-01
1839 3.338242e+00 5.656849e-01
1840 3.341258e+00 5.938438e-01
1841 3.336736e+00 6.113912e-01
1842 3.353952e+00 6.120102e-01
1843 3.364283e+00 5.592294e-01
1844 3.333370e+00 5.254004e-01
1845 3.310649e+00 4.816032e-01
1846 3.308669e+00 4.784932e-01
1847 3.304480e+00 4.896478e-01
1848 3.303699e+00 4.773685e-01
1849 3.274834e+00 5.204909e-01
1850 3.272879e+00 5.212892e-01
1851 3.279232e+00 5.252230e-01
1852 3.280165e+00 5.258146e-01
1853 3.255517e+00 5.329618e-01
1854 3.244347e+00 5.418777e-01
1855 3.258836e+00 5.151647e-01
1856 3.267659e+00 5.153943e-01
1857 3.261473e+00 5.129216e-01
1858 3.252552e+00 5.088947e-01
1859 3.346110e+00 4.830779e-01
1860 3.339598e+00 4.678300e-01
1861 3.342231e+00 4.835945e-01
1862 3.346560e+00 4.782535e-01
1863 3.248155e+00 4.711978e-01
1864 3.249751e+00 4.741342e-01
1865 3.249717e+00 4.738524e-01
1866 3.271493e+00 4.862027e-01
1867 3.272266e+00 4.860382e-01
1868 3.253789e+00 4.997217e-01
1869 3.251146e+00 4.949356e-01
1870 3.283584e+00 4.908249e-01
1871 3.267716e+00 4.950160e-01
1872 3.272119e+00 4.887885e-01
1873 3.258027e+00 4.764288e-01
1874 3.253989e+00 4.629328e-01
1875 3.250798e+00 4.601425e-01
1876 3.253885e+00 4.577158e-01
1877 3.244228e+00 4.648245e-01
1878 3.246905e+00 4.707288e-01
1879 3.258092e+00 5.049786e-01
1880 3.256743e+00 5.109606e-01
1881 3.231212e+00 5.106058e-01
1882 3.220912e+00 4.962372e-01
1883 3.254827e+00 5.247374e-01
1884 3.277094e+00 5.117369e-01
1885 3.286443e+00 5.028723e-01
1886 3.283126e+00 5.019527e-01
1887 3.287662e+00 4.869757e-01
1888 3.272305e+00 5.031841e-01
1889 3.281440e+00 5.182686e-01
1890 3.297248e+00 5.043450e-01
1891 3.305293e+00 5.080289e-01
1892 3.295303e+00 5.039643e-01
1893 3.285276e+00 5.010531e-01
1894 3.252694e+00 5.697446e-01
1895 3.244677e+00 5.755288e-01
1896 3.245680e+00 5.767057e-01
1897 3.248621e+00 5.647184e-01
1898 3.273228e+00 5.442135e-01
1899 3.274464e+00 5.593983e-01
1900 3.272417e+00 6.122784e-01
1901 3.277787e+00 5.882634e-01
1902 3.271926e+00 5.185435e-01
1903 3.180358e+00 5.019146e-01
1904 3.176959e+00 4.809234e-01
1905 3.178229e+00 4.674962e-01
1906 3.205773e+00 4.655407e-01
1907 3.202734e+00 4.530809e-01
1908 3.183463e+00 4.537523e-01
1909 3.193613e+00 4.069712e-01
1910 3.201231e+00 4.167812e-01
1911 3.200388e+00 4.161087e-01
1912 3.250979e+00 4.083794e-01
1913 3.248831e+00 4.101343e-01
1914 3.247052e+00 4.105929e-01
1915 3.246468e+00 4.247382e-01
1916 3.236523e+00 4.082078e-01
1917 3.173143e+00 4.326354e-01
1918 3.200602e+00 4.257380e-01
1919 3.186547e+00 4.202689e-01
1920 3.201813e+00 4.366012e-01
1921 3.201820e+00 4.365931e-01
1922 3.221328e+00 4.288148e-01
1923 3.218466e+00 4.241043e-01
1924 3.193792e+00 4.214569e-01
1925 3.202146e+00 4.083702e-01
1926 3.277339e+00 4.012894e-01
1927 3.273362e+00 4.019373e-01
1928 3.271258e+00 4.121270e-01
1929 3.288116e+00 4.442112e-01
1930 3.321195e+00 4.142185e-01
1931 3.319451e+00 4.190832e-01
1932 3.330746e+00 4.284662e-01
1933 3.334997e+00 4.281692e-01
1934 3.337539e+00 4.281273e-01
1935 3.320755e+00 4.057755e-01
1936 3.318375e+00 4.047899e-01
1937 3.296488e+00 3.670812e-01
1938 3.332719e+00 3.853253e-01
1939 3.321510e+00 4.265994e-01
1940 3.320354e+00 4.344832e-01
1941 3.322661e+00 4.282349e-01
1942 3.322689e+00 4.214479e-01
1943 3.299010e+00 4.187701e-01
1944 3.299536e+00 4.222077e-01
1945 3.247996e+00 4.183212e-01
1946 3.244880e+00 4.193447e-01
1947 3.294651e+00 3.799380e-01
1948 3.308792e+00 3.728617e-01
1949 3.307564e+00 3.722102e-01
1950 3.306137e+00 3.358747e-01
1951 3.305010e+00 3.395693e-01
1952 3.316818e+00 3.472083e-01
1953 3.311533e+00 3.739481e-01
1954 3.306592e+00 3.398608e-01
1955 3.321936e+00 3.557486e-01
1956 3.329811e+00 3.371380e-01
1957 3.326499e+00 3.417747e-01
1958 3.286389e+00 3.701516e-01
1959 3.274295e+00 3.962548e-01
1960 3.299119e+00 3.997158e-01
1961 3.285841e+00 4.273744e-01
1962 3.278769e+00 4.217337e-01
1963 3.276603e+00 4.158516e-01
1964 3.275987e+00 4.159786e-01
1965 3.276287e+00 4.159476e-01
1966 3.258010e+00 4.106802e-01
1967 3.257227e+00 4.112610e-01
1968 3.249440e+00 4.178490e-01
1969 3.249270e+00 4.117306e-01
1970 3.247495e+00 4.112781e-01
1971 3.233133e+00 3.935450e-01
1972 3.224848e+00 3.952175e-01
1973 3.229591e+00 3.893843e-01
1974 3.226533e+00 4.167617e-01
1975 3.226277e+00 4.145487e-01
1976 3.212238e+00 3.654812e-01
1977 3.255615e+00 4.159461e-01
1978 3.251191e+00 4.258442e-01
1979 3.238965e+00 4.298973e-01
1980 3.218839e+00 4.731687e-01
1981 3.184570e+00 4.934794e-01
1982 3.143010e+00 4.538255e-01
1983 3.153281e+00 4.642828e-01
1984 3.172999e+00 4.477167e-01
1985 3.166492e+00 4.623916e-01
1986 3.170329e+00 4.622143e-01
1987 3.164298e+00 4.658929e-01
1988 3.152945e+00 4.656970e-01
1989 3.157054e+00 4.667765e-01
1990 3.153052e+00 4.510344e-01
1991 3.144306e+00 4.451474e-01
1992 3.148965e+00 4.337551e-01
1993 3.149164e+00 4.323234e-01
1994 3.166042e+00 4.173172e-01
1995 3.150042e+00 4.158714e-01
1996 3.141781e+00 4.142414e-01
1997 3.164524e+00 4.157372e-01
1998 3.180691e+00 4.271898e-01
1999 3.162315e+00 4.152206e-01
2000 3.189999e+00 4.404671e-01
2001 3.115691e+00 3.884806e-01
2002 3.111863e+00 3.824807e-01
2003 3.136130e+00 4.266784e-01
2004 3.137362e+00 4.271791e-01
2005 3.127534e+00 4.306706e-01
2006 3.100898e+00 3.985634e-01
2007 3.093192e+00 4.012949e-01
2008 3.046879e+00 4.107745e-01
2009 3.109062e+00 4.248396e-01
2010 3.111840e+00 3.904647e-01
2011 3.111068e+00 3.903319e-01
2012 3.105205e+00 3.951412e-01
2013 3.098963e+00 3.939584e-01
2014 3.106649e+00 4.018955e-01
2015 3.105702e+00 3.620762e-01
2016 3.105621e+00 3.619232e-01
2017 3.108467e+00 3.615444e-01
2018 3.099435e+00 3.407602e-01
2019 3.101877e+00 3.513047e-01
2020 3.105444e+00 3.485309e-01
2021 3.083388e+00 3.570122e-01
2022 3.061446e+00 3.793081e-01
2023 3.060767e+00 3.591169e-01
2024 3.025296e+00 3.864019e-01
2025 3.051094e+00 3.895552e-01
2026 3.084022e+00 3.291628e-01
2027 3.081103e+00 3.189962e-01
2028 3.083458e+00 3.394353e-01
2029 3.079531e+00 3.006783e-01
2030 3.073570e+00 2.956083e-01
2031 3.074038e+00 2.957303e-01
2032 3.062220e+00 3.083221e-01
2033 3.065132e+00 3.061417e-01
2034 3.100330e+00 3.022255e-01
2035 3.093199e+00 2.690303e-01
2036 3.085421e+00 2.770828e-01
2037 3.090570e+00 2.825576e-01
2038 3.089402e+00 2.842409e-01
2039 3.124839e+00 3.075428e-01
2040 3.108970e+00 3.395503e-01
2041 3.020725e+00 3.672058e-01
2042 3.010558e+00 3.558960e-01
2043 3.008656e+00 3.675305e-01
2044 3.019367e+00 3.028061e-01
2045 3.029265e+00 3.001300e-01
2046 3.105502e+00 3.119043e-01
2047 3.103361e+00 3.153378e-01
2048 3.122033e+00 3.210716e-01
2049 3.114037e+00 3.263149e-01
2050 3.108660e+00 3.179326e-01
2051 3.088688e+00 3.321166e-01
2052 3.086405e+00 3.441735e-01
2053 3.076855e+00 3.146108e-01
2054 3.081331e+00 3.222283e-01
2055 3.087806e+00 3.206408e-01
2056 3.078984e+00 3.439502e-01
2057 3.033023e+00 3.033932e-01
2058 3.039821e+00 3.095877e-01
2059 3.038651e+00 3.093728e-01
2060 3.035179e+00 3.091116e-01
2061 3.033347e+00 3.109396e-01
2062 3.046124e+00 2.855207e-01
2063 2.995621e+00 2.561928e-01
2064 2.988292e+00 2.547496e-01
2065 2.983996e+00 2.526906e-01
2066 3.015552e+00 3.021966e-01
2067 3.049721e+00 3.283170e-01
2068 3.081391e+00 3.062881e-01
2069 3.079176e+00 2.903289e-01
2070 3.071054e+00 2.896109e-01
2071 3.068318e+00 2.909833e-01
2072 3.055735e+00 2.936556e-01
2073 3.040668e+00 3.199215e-01
2074 3.032476e+00 3.398867e-01
2075 3.035093e+00 3.399824e-01
2076 3.013823e+00 3.230548e-01
2077 2.993052e+00 3.294899e-01
2078 3.050237e+00 3.200422e-01
2079 3.048922e+00 3.134341e-01
2080 3.047818e+00 3.334962e-01
2081 3.051706e+00 3.400805e-01
2082 3.045776e+00 3.334916e-01
2083 3.038353e+00 3.085382e-01
2084 3.047625e+00 3.014861e-01
2085 3.048042e+00 3.012308e-01
2086 3.041578e+00 3.056761e-01
2087 3.034194e+00 3.113213e-01
2088 3.025343e+00 3.027526e-01
2089 2.997920e+00 2.991118e-01
2090 2.996295e+00 2.991068e-01
2091 2.985005e+00 3.267884e-01
2092 2.998785e+00 3.093947e-01
2093 3.008279e+00 3.159242e-01
2094 3.023879e+00 3.211903e-01
2095 3.020997e+00 3.246068e-01
2096 3.076313e+00 3.492413e-01
2097 3.077516e+00 3.532652e-01
2098 3.080095e+00 3.536823e-01
2099 3.110766e+00 3.429900e-01
2100 3.064868e+00 3.629895e-01
2101 3.065713e+00 3.452538e-01
2102 3.059591e+00 3.843254e-01
2103 3.073036e+00 3.677959e-01
2104 3.066189e+00 3.768352e-01
2105 3.074725e+00 3.537475e-01
2106 3.059382e+00 3.722480e-01
2107 3.081444e+00 3.808006e-01
2108 3.082757e+00 3.831022e-01
2109 3.102955e+00 3.820199e-01
2110 3.094804e+00 3.840213e-01
2111 3.092082e+00 3.586323e-01
2112 3.064894e+00 3.283342e-01
2113 3.070747e+00 2.949515e-01
2114 3.066697e+00 2.982987e-01
2115 3.063892e+00 2.951216e-01
2116 3.066054e+00 2.981972e-01
2117 3.065988e+00 2.980266e-01
2118 3.058786e+00 3.009347e-01
2119 3.041493e+00 2.848618e-01
2120 3.063214e+00 2.788171e-01
2121 3.061411e+00 2.714594e-01
2122 3.057710e+00 2.696328e-01
2123 3.021566e+00 2.841009e-01
2124 3.045269e+00 2.963618e-01
2125 3.038331e+00 2.887725e-01
2126 3.038776e+00 2.971184e-01
2127 3.022544e+00 3.228488e-01
2128 3.068147e+00 3.505405e-01
2129 3.057032e+00 3.080708e-01
2130 3.057803e+00 3.076790e-01
2131 3.057466e+00 3.065332e-01
2132 3.036542e+00 3.292142e-01
2133 3.055136e+00 3.496944e-01
2134 3.020864e+00 3.825987e-01
2135 3.021998e+00 3.829575e-01
2136 3.031714e+00 3.635105e-01
2137 3.046219e+00 3.539280e-01
2138 3.024137e+00 3.679094e-01
2139 3.030322e+00 3.647840e-01
2140 3.039551e+00 3.374971e-01
2141 3.017532e+00 3.318596e-01
2142 3.039098e+00 3.276310e-01
2143 3.048806e+00 3.214296e-01
2144 3.046522e+00 3.416138e-01
2145 3.045631e+00 3.414722e-01
2146 3.048125e+00 3.633590e-01
2147 3.021671e+00 3.104096e-01
2148 3.026628e+00 3.137165e-01
2149 3.051579e+00 3.121061e-01
2150 3.040656e+00 3.217509e-01
2151 3.038886e+00 3.247402e-01
2152 3.032887e+00 2.930815e-01
2153 3.037145e+00 2.938131e-01
2154 3.038555e+00 2.882717e-01
2155 3.032883e+00 2.841637e-01
2156 3.020133e+00 3.049511e-01
2157 3.022353e+00 3.095274e-01
2158 3.018399e+00 3.491365e-01
2159 3.069040e+00 3.783196e-01
2160 3.072890e+00 3.842433e-01
2161 3.073727e+00 4.056651e-01
2162 3.071187e+00 4.144668e-01
2163 3.078579e+00 4.139449e-01
2164 3.073963e+00 4.230554e-01
2165 3.110656e+00 4.536883e-01
2166 3.110861e+00 4.537568e-01
2167 3.108122e+00 4.205748e-01
2168 3.080549e+00 4.237865e-01
2169 3.077484e+00 4.226760e-01
2170 3.074406e+00 4.310991e-01
2171 3.059301e+00 4.180155e-01
2172 3.097476e+00 4.364707e-01
2173 3.103916e+00 4.387996e-01
2174 3.095020e+00 4.455206e-01
2175 3.092305e+00 4.489252e-01
2176 3.096395e+00 4.480186e-01
2177 3.074133e+00 4.506748e-01
2178 3.069253e+00 4.393304e-01
2179 3.062061e+00 4.125282e-01
2180 3.070728e+00 4.210878e-01
2181 3.077923e+00 4.338436e-01
2182 3.084577e+00 4.392299e-01
2183 3.059187e+00 4.777978e-01
2184 3.033426e+00 4.548319e-01
2185 3.032871e+00 4.583883e-01
2186 3.030714e+00 4.398287e-01
2187 3.029912e+00 4.448437e-01
2188 3.018650e+00 4.486129e-01
2189 3.006043e+00 4.470250e-01
2190 2.943935e+00 4.582600e-01
2191 2.966246e+00 3.488928e-01
2192 2.955230e+00 3.608669e-01
2193 2.898748e+00 4.203033e-01
2194 2.893158e+00 4.206796e-01
2195 2.904079e+00 4.307621e-01
2196 2.914467e+00 4.297052e-01
2197 2.867230e+00 4.331271e-01
2198 2.869335e+00 4.348434e-01
2199 2.880466e+00 4.154828e-01
2200 2.857397e+00 4.663814e-01
2201 2.859453e+00 4.569408e-01
2202 2.847961e+00 4.573546e-01
2203 2.844541e+00 4.908892e-01
2204 2.849459e+00 4.989450e-01
2205 2.849392e+00 4.939467e-01
2206 2.848482e+00 4.822767e-01
2207 2.870542e+00 4.691895e-01
2208 2.823498e+00 4.930439e-01
2209 2.835483e+00 4.584192e-01
2210 2.824845e+00 4.615433e-01
2211 2.814659e+00 4.358263e-01
2212 2.889081e+00 4.242683e-01
2213 2.888917e+00 4.246117e-01
2214 2.742162e+00 4.602222e-01
2215 2.742123e+00 4.579167e-01
2216 2.724302e+00 4.723064e-01
2217 2.686734e+00 4.509343e-01
2218 2.677758e+00 4.422127e-01
2219 2.675456e+00 4.424073e-01
2220 2.645101e+00 4.681282e-01
2221 2.631351e+00 4.757495e-01
2222 2.627177e+00 4.763481e-01
2223 2.593995e+00 4.712531e-01
2224 2.590184e+00 4.667260e-01
2225 2.555912e+00 4.717471e-01
2226 2.566800e+00 4.591084e-01
2227 2.601003e+00 4.419250e-01
2228 2.615976e+00 4.758601e-01
2229 2.640663e+00 4.836295e-01
2230 2.635619e+00 4.956683e-01
2231 2.636733e+00 4.453069e-01
2232 2.596651e+00 4.207567e-01
2233 2.599330e+00 4.334567e-01
2234 2.592930e+00 4.221474e-01
2235 2.638786e+00 4.308393e-01
2236 2.615225e+00 4.243342e-01
2237 2.608181e+00 4.198944e-01
2238 2.650968e+00 4.193650e-01
2239 2.632344e+00 4.131800e-01
2240 2.628372e+00 4.044230e-01
2241 2.623275e+00 4.410184e-01
2242 2.622767e+00 4.405053e-01
2243 2.599331e+00 4.256300e-01
2244 2.613336e+00 4.187729e-01
2245 2.622538e+00 4.048254e-01
2246 2.625205e+00 3.848912e-01
2247 2.607274e+00 3.943275e-01
2248 2.613303e+00 3.850885e-01
2249 2.620032e+00 3.851257e-01
2250 2.640380e+00 3.992612e-01
2251 2.645549e+00 3.766146e-01
2252 2.647640e+00 3.779285e-01
2253 2.648322e+00 4.312260e-01
2254 2.649476e+00 4.376951e-01
2255 2.650812e+00 4.349072e-01
2256 2.648934e+00 4.426008e-01
2257 2.627736e+00 4.517471e-01
2258 2.693137e+00 4.981765e-01
2259 2.695349e+00 4.927014e-01
2260 2.693932e+00 5.094612e-01
2261 2.693569e+00 5.202358e-01
2262 2.697161e+00 5.199021e-01
2263 2.704777e+00 5.202761e-01
2264 2.710932e+00 5.176546e-01
2265 2.716517e+00 4.984027e-01
2266 2.692847e+00 4.630992e-01
2267 2.695312e+00 4.677714e-01
2268 2.704533e+00 4.577800e-01
2269 2.709562e+00 4.602271e-01
2270 2.708764e+00 4.610474e-01
2271 2.709717e+00 4.611280e-01
2272 2.722529e+00 4.152102e-01
2273 2.738631e+00 4.244676e-01
2274 2.762446e+00 4.472380e-01
2275 2.758000e+00 4.452380e-01
2276 2.757285e+00 4.494159e-01
2277 2.756803e+00 4.665801e-01
2278 2.748312e+00 4.627358e-01
2279 2.746930e+00 4.544149e-01
2280 2.748830e+00 4.551234e-01
2281 2.733247e+00 4.748308e-01
2282 2.736320e+00 4.878371e-01
2283 2.714905e+00 4.879498e-01
2284 2.695051e+00 4.915487e-01
2285 2.697724e+00 4.887060e-01
2286 2.697279e+00 4.948541e-01
2287 2.682687e+00 5.083295e-01
2288 2.684849e+00 5.052288e-01
2289 2.672686e+00 5.035229e-01
2290 2.677180e+00 4.823802e-01
2291 2.718415e+00 4.955258e-01
2292 2.711928e+00 4.856823e-01
2293 2.720710e+00 5.137940e-01
2294 2.730129e+00 5.030990e-01
2295 2.766180e+00 5.112826e-01
2296 2.775286e+00 4.518651e-01
2297 2.775803e+00 4.350377e-01
2298 2.738596e+00 4.188358e-01
2299 2.726248e+00 4.225916e-01
2300 2.755994e+00 4.598662e-01
2301 2.760029e+00 4.786652e-01
2302 2.728578e+00 4.237891e-01
2303 2.728356e+00 4.221961e-01
2304 2.728965e+00 4.186838e-01
2305 2.760771e+00 3.906092e-01
2306 2.751275e+00 3.971475e-01
2307 2.750961e+00 3.973708e-01
2308 2.785650e+00 4.104940e-01
2309 2.783449e+00 4.274024e-01
2310 2.783066e+00 4.272027e-01
2311 2.779011e+00 4.286165e-01
2312 2.788187e+00 4.238991e-01
2313 2.766683e+00 4.522712e-01
2314 2.764336e+00 4.376948e-01
2315 2.764806e+00 4.402507e-01
2316 2.758129e+00 4.017787e-01
2317 2.761618e+00 3.818427e-01
2318 2.757099e+00 3.917509e-01
2319 2.769129e+00 4.054740e-01
2320 2.779419e+00 4.150888e-01
2321 2.657564e+00 3.463282e-01
2322 2.658929e+00 3.783579e-01
2323 2.656288e+00 3.822515e-01
2324 2.655916e+00 3.758743e-01
2325 2.665256e+00 3.500848e-01
2326 2.665939e+00 3.537788e-01
2327 2.665026e+00 3.570479e-01
2328 2.665676e+00 3.566086e-01
2329 2.685212e+00 3.318740e-01
2330 2.687148e+00 3.355659e-01
2331 2.686108e+00 3.232487e-01
2332 2.707940e+00 3.441627e-01
2333 2.712138e+00 3.366259e-01
2334 2.728206e+00 3.334715e-01
2335 2.774394e+00 3.179221e-01
2336 2.776880e+00 3.107433e-01
2337 2.781037e+00 3.127104e-01
2338 2.759861e+00 3.226072e-01
2339 2.786160e+00 3.736567e-01
2340 2.804524e+00 3.748035e-01
2341 2.878450e+00 4.465833e-01
2342 2.893816e+00 4.416252e-01
2343 2.895792e+00 4.421619e-01
2344 2.897420e+00 4.406679e-01
2345 2.902455e+00 4.381286e-01
2346 2.898866e+00 4.357521e-01
2347 2.870815e+00 4.253949e-01
2348 2.883480e+00 4.028791e-01
2349 2.824533e+00 4.129966e-01
2350 2.869578e+00 4.366562e-01
2351 2.851664e+00 4.354919e-01
2352 2.795428e+00 4.359191e-01
2353 2.784186e+00 4.403298e-01
2354 2.752636e+00 4.115041e-01
2355 2.723888e+00 3.772436e-01
2356 2.735268e+00 3.714036e-01
2357 2.734731e+00 3.920243e-01
2358 2.760475e+00 4.964016e-01
2359 2.731479e+00 4.775445e-01
2360 2.710696e+00 4.925518e-01
2361 2.722981e+00 4.776258e-01
2362 2.708129e+00 4.708845e-01
2363 2.725825e+00 4.509836e-01
2364 2.738356e+00 4.487372e-01
2365 2.748352e+00 4.500451e-01
2366 2.714550e+00 4.333183e-01
2367 2.730643e+00 4.571941e-01
2368 2.730514e+00 4.570602e-01
2369 2.722935e+00 4.742709e-01
2370 2.723231e+00 4.738941e-01
2371 2.740886e+00 5.271561e-01
2372 2.751365e+00 4.956586e-01
2373 2.769490e+00 5.149245e-01
2374 2.769779e+00 5.066494e-01
2375 2.782596e+00 5.134544e-01
2376 2.785817e+00 5.115644e-01
2377 2.812887e+00 4.697220e-01
2378 2.813248e+00 4.608421e-01
2379 2.841646e+00 4.855033e-01
2380 2.805946e+00 5.235945e-01
2381 2.811308e+00 5.276698e-01
2382 2.811907e+00 5.338726e-01
2383 2.832273e+00 5.277490e-01
2384 2.824475e+00 5.263371e-01
2385 2.816886e+00 5.226105e-01
2386 2.825492e+00 5.448552e-01
2387 2.831206e+00 5.542528e-01
2388 2.845654e+00 5.542115e-01
2389 2.845487e+00 5.536531e-01
2390 2.826193e+00 5.542915e-01
2391 2.823445e+00 5.482211e-01
2392 2.819088e+00 5.214803e-01
2393 2.818162e+00 5.770340e-01
2394 2.856908e+00 5.872074e-01
2395 2.864057e+00 5.449745e-01
2396 2.870075e+00 5.573551e-01
2397 2.879254e+00 5.541272e-01
2398 2.890515e+00 5.701299e-01
2399 2.886715e+00 5.562499e-01
2400 2.886368e+00 5.577748e-01
2401 2.885388e+00 5.587850e-01
2402 2.791572e+00 5.658473e-01
2403 2.792368e+00 5.684289e-01
2404 2.752625e+00 5.698274e-01
2405 2.740860e+00 5.683051e-01
2406 2.740176e+00 5.658278e-01
2407 2.770902e+00 5.554303e-01
2408 2.779637e+00 5.344395e-01
2409 2.773019e+00 5.321257e-01
2410 2.804600e+00 5.729597e-01
2411 2.804528e+00 5.418018e-01
2412 2.759870e+00 5.348905e-01
2413 2.755404e+00 5.414888e-01
2414 2.758809e+00 5.302661e-01
2415 2.756435e+00 5.215582e-01
2416 2.748905e+00 4.849065e-01
2417 2.759179e+00 4.858933e-01
2418 2.761022e+00 4.855526e-01
2419 2.760706e+00 4.721785e-01
2420 2.760445e+00 4.699533e-01
2421 2.762213e+00 4.803378e-01
2422 2.791862e+00 4.988305e-01
2423 2.806164e+00 5.084532e-01
2424 2.823490e+00 5.230873e-01
2425 2.826901e+00 5.491464e-01
2426 2.827237e+00 5.516127e-01
2427 2.839112e+00 5.387346e-01
2428 2.825016e+00 4.953811e-01
2429 2.869150e+00 4.171372e-01
2430 2.869463e+00 4.178251e-01
2431 2.869246e+00 4.150420e-01
2432 3.007168e+00 4.380371e-01
2433 3.026748e+00 4.531590e-01
2434 3.035759e+00 4.526695e-01
2435 3.036200e+00 4.369679e-01
2436 3.032765e+00 4.655845e-01
2437 3.014379e+00 4.652187e-01
2438 3.030006e+00 4.878724e-01
2439 3.033773e+00 4.818082e-01
2440 3.027101e+00 4.709524e-01
2441 3.025508e+00 4.755313e-01
2442 3.029063e+00 4.743525e-01
2443 3.052616e+00 4.836955e-01
2444 3.040829e+00 4.948120e-01
2445 3.040568e+00 4.947542e-01
2446 3.014983e+00 4.687572e-01
2447 3.024691e+00 4.523216e-01
2448 2.995421e+00 4.299377e-01
2449 2.992342e+00 4.292883e-01
2450 2.979365e+00 4.279308e-01
2451 2.977847e+00 4.295484e-01
2452 2.977129e+00 4.270612e-01
2453 2.998620e+00 4.258338e-01
2454 2.977796e+00 4.281662e-01
2455 2.983811e+00 4.613220e-01
2456 3.011409e+00 5.351399e-01
2457 3.018747e+00 5.308831e-01
2458 3.015816e+00 5.308297e-01
2459 3.007474e+00 5.229162e-01
2460 3.001157e+00 5.288702e-01
2461 3.001250e+00 5.294506e-01
2462 2.968619e+00 5.018734e-01
2463 2.956754e+00 5.346156e-01
2464 2.953902e+00 5.345561e-01
2465 2.959645e+00 5.054632e-01
2466 2.959869e+00 5.051145e-01
2467 2.980218e+00 4.984400e-01
2468 2.971627e+00 5.055632e-01
2469 2.966268e+00 5.022478e-01
2470 2.957948e+00 5.216731e-01
2471 2.961810e+00 5.200273e-01
2472 2.949258e+00 5.102267e-01
2473 2.934044e+00 5.128798e-01
2474 2.957403e+00 5.388449e-01
2475 2.970561e+00 5.520065e-01
2476 2.938797e+00 5.624385e-01
2477 2.939075e+00 5.625430e-01
2478 2.942048e+00 6.112750e-01
2479 2.938560e+00 6.114633e-01
2480 2.948331e+00 6.157844e-01
2481 2.952883e+00 6.167661e-01
2482 2.955346e+00 6.170714e-01
2483 2.969007e+00 6.148226e-01
2484 2.963112e+00 6.180279e-01
2485 2.962891e+00 6.137698e-01
2486 2.968086e+00 6.135974e-01
2487 2.962677e+00 6.051453e-01
2488 2.981382e+00 5.854773e-01
2489 2.989812e+00 5.740741e-01
2490 2.989649e+00 5.739315e-01
2491 2.975248e+00 5.774542e-01
2492 2.974330e+00 5.767981e-01
2493 2.965956e+00 5.765847e-01
2494 2.970849e+00 5.567962e-01
2495 2.988384e+00 4.959540e-01
2496 2.993400e+00 5.169073e-01
2497 2.987792e+00 5.119984e-01
2498 2.970333e+00 5.090804e-01
2499 2.960610e+00 5.250776e-01
2500 2.936043e+00 5.371880e-01
2501 2.948713e+00 5.568038e-01
2502 2.948840e+00 5.550972e-01
2503 2.950192e+00 5.539939e-01
2504 2.952905e+00 5.495580e-01
2505 2.959089e+00 5.641603e-01
2506 2.970909e+00 6.059780e-01
2507 2.965984e+00 6.059529e-01
2508 2.934592e+00 6.140477e-01
2509 3.016615e+00 6.017076e-01
2510 3.028718e+00 5.869124e-01
2511 2.987173e+00 5.999442e-01
2512 3.008903e+00 5.818548e-01
2513 3.010088e+00 5.928499e-01
2514 3.008723e+00 5.913611e-01
2515 2.982531e+00 5.893352e-01
2516 2.970389e+00 5.753456e-01
2517 2.927836e+00 5.854898e-01
2518 2.919753e+00 5.924482e-01
2519 2.940568e+00 5.157340e-01
2520 2.935670e+00 5.174733e-01
2521 2.935177e+00 5.155596e-01
2522 2.929215e+00 5.121424e-01
2523 2.948434e+00 4.955960e-01
2524 2.951633e+00 5.030338e-01
2525 2.945266e+00 4.954111e-01
2526 2.941015e+00 4.908677e-01
2527 2.918745e+00 4.813901e-01
2528 2.921818e+00 4.880201e-01
2529 2.901994e+00 4.813175e-01
2530 2.935983e+00 4.827368e-01
2531 2.939934e+00 4.856593e-01
2532 2.938477e+00 4.759558e-01
2533 2.934279e+00 4.914036e-01
2534 2.935132e+00 4.927364e-01
2535 2.925848e+00 4.909312e-01
2536 2.926393e+00 4.902492e-01
2537 2.927377e+00 4.919172e-01
2538 2.927803e+00 4.961913e-01
2539 2.895610e+00 5.036636e-01
2540 2.863786e+00 5.332987e-01
2541 2.877223e+00 5.257913e-01
2542 2.872611e+00 5.104959e-01
2543 2.901035e+00 4.847144e-01
2544 2.896015e+00 4.820713e-01
2545 2.876292e+00 4.729683e-01
2546 2.878637e+00 4.736514e-01
2547 2.878560e+00 4.751529e-01
2548 2.894148e+00 4.715643e-01
2549 2.878635e+00 4.961854e-01
2550 2.878189e+00 4.937677e-01
2551 2.874717e+00 4.901064e-01
2552 2.877985e+00 4.899236e-01
2553 2.873625e+00 5.103843e-01
2554 2.903070e+00 4.631229e-01
2555 2.916294e+00 4.377252e-01
2556 2.915996e+00 4.375808e-01
2557 2.922233e+00 4.563637e-01
2558 2.948366e+00 4.644098e-01
2559 2.955101e+00 4.545802e-01
2560 2.982366e+00 4.358999e-01
2561 2.975372e+00 4.522101e-01
2562 2.952931e+00 4.657742e-01
2563 2.925810e+00 4.668090e-01
2564 2.932053e+00 4.732559e-01
2565 2.932648e+00 4.721981e-01
2566 2.932757e+00 4.765821e-01
2567 2.936222e+00 4.690343e-01
2568 2.945891e+00 4.672180e-01
2569 2.952063e+00 4.557007e-01
2570 2.973706e+00 4.735845e-01
2571 2.957532e+00 4.732938e-01
2572 2.954938e+00 4.636153e-01
2573 2.977290e+00 5.507675e-01
2574 2.934138e+00 5.390647e-01
2575 2.933078e+00 5.402046e-01
2576 2.927356e+00 5.435909e-01
2577 2.920498e+00 5.510932e-01
2578 2.884357e+00 6.283951e-01
2579 2.882473e+00 6.306594e-01
2580 2.858938e+00 5.262867e-01
2581 2.869147e+00 5.231459e-01
2582 2.858513e+00 5.250917e-01
2583 2.862483e+00 5.219068e-01
2584 2.886001e+00 5.190860e-01
2585 2.880308e+00 4.987225e-01
2586 2.879939e+00 4.983956e-01
2587 2.879816e+00 4.997762e-01
2588 2.884722e+00 5.153917e-01
2589 2.870386e+00 5.035375e-01
2590 2.863698e+00 4.974810e-01
2591 2.919052e+00 4.543461e-01
2592 2.916461e+00 4.537339e-01
2593 2.912986e+00 4.453394e-01
2594 2.926714e+00 4.458330e-01
2595 2.917396e+00 4.450983e-01
2596 2.924506e+00 4.420632e-01
2597 2.917555e+00 4.172303e-01
2598 2.917719e+00 4.173090e-01
2599 2.979696e+00 4.458068e-01
2600 3.032092e+00 4.586167e-01
2601 3.030543e+00 4.566108e-01
2602 3.061408e+00 4.706664e-01
2603 3.087085e+00 4.815079e-01
2604 3.089645e+00 4.814713e-01
2605 3.088346e+00 5.187507e-01
2606 3.087117e+00 5.188228e-01
2607 3.087565e+00 5.198943e-01
2608 3.096469e+00 4.795882e-01
2609 3.096405e+00 4.806714e-01
2610 3.140641e+00 4.704254e-01
2611 3.123849e+00 4.476433e-01
2612 3.167755e+00 4.455044e-01
2613 3.167199e+00 4.421929e-01
2614 3.175418e+00 4.348472e-01
2615 3.157779e+00 4.582781e-01
2616 3.161318e+00 4.642487e-01
2617 3.175648e+00 4.580414e-01
2618 3.172343e+00 4.559294e-01
2619 3.177865e+00 4.602238e-01
2620 3.196333e+00 5.040265e-01
2621 3.177877e+00 4.724761e-01
2622 3.148879e+00 4.716102e-01
2623 3.142857e+00 4.766572e-01
2624 3.138025e+00 4.856165e-01
2625 3.146149e+00 4.888716e-01
2626 3.145070e+00 4.899717e-01
2627 3.151760e+00 4.782641e-01
2628 3.164140e+00 4.932423e-01
2629 3.114136e+00 4.916939e-01
2630 3.106806e+00 4.925757e-01
2631 3.092677e+00 5.020480e-01
2632 3.064342e+00 5.057271e-01
2633 3.061048e+00 4.564449e-01
2634 3.038677e+00 4.634140e-01
2635 3.011698e+00 4.564047e-01
2636 3.001350e+00 4.431442e-01
2637 3.001678e+00 4.438012e-01
2638 3.004097e+00 4.447291e-01
2639 3.004849e+00 4.433222e-01
2640 2.994132e+00 3.696954e-01
2641 2.994911e+00 3.684797e-01
2642 2.994022e+00 3.793735e-01
2643 2.987040e+00 3.617800e-01
2644 3.010154e+00 3.674718e-01
2645 2.951195e+00 3.175705e-01
2646 2.916931e+00 2.963767e-01
2647 2.910994e+00 2.997666e-01
2648 2.909792e+00 2.965005e-01
2649 2.897033e+00 2.987503e-01
2650 2.902310e+00 2.685257e-01
2651 2.896318e+00 2.894417e-01
2652 2.896897e+00 2.919721e-01
2653 2.894475e+00 3.026333e-01
2654 2.876874e+00 2.819285e-01
2655 2.889813e+00 2.888719e-01
2656 2.880906e+00 3.095405e-01
2657 2.883922e+00 3.242020e-01
2658 2.897914e+00 3.129405e-01
2659 2.919794e+00 3.112790e-01
2660 2.921895e+00 3.093922e-01
2661 2.920894e+00 3.129298e-01
2662 2.922199e+00 3.111881e-01
2663 2.919236e+00 3.115760e-01
2664 2.912780e+00 3.106895e-01
2665 2.912069e+00 3.000555e-01
2666 2.911122e+00 2.923519e-01
2667 2.890074e+00 2.896265e-01
2668 2.941780e+00 2.601292e-01
2669 2.924974e+00 2.161018e-01
2670 2.856542e+00 2.401242e-01
2671 2.857332e+00 2.351456e-01
2672 2.857974e+00 2.174539e-01
2673 2.834924e+00 2.023653e-01
2674 2.839060e+00 1.972787e-01
2675 2.854616e+00 2.074328e-01
2676 2.862658e+00 1.922791e-01
2677 2.867196e+00 1.940838e-01
2678 2.855315e+00 1.974633e-01
2679 2.872755e+00 1.937839e-01
2680 2.856451e+00 1.941055e-01
2681 2.833782e+00 2.260865e-01
2682 2.807074e+00 1.793768e-01
2683 2.807169e+00 1.795957e-01
2684 2.799522e+00 1.532223e-01
2685 2.790030e+00 1.518477e-01
2686 2.810582e+00 1.733303e-01
2687 2.790317e+00 1.272548e-01
2688 2.790134e+00 1.362558e-01
2689 2.774912e+00 1.511170e-01
2690 2.762823e+00 1.571316e-01
2691 2.766232e+00 1.468684e-01
2692 2.778843e+00 1.750866e-01
2693 2.777132e+00 1.706654e-01
2694 2.784430e+00 1.746535e-01
2695 2.775112e+00 1.796039e-01
2696 2.763211e+00 1.415246e-01
2697 2.780520e+00 1.258074e-01
2698 2.782287e+00 1.066844e-01
2699 2.777783e+00 1.336504e-01
2700 2.780783e+00 1.840975e-01
2701 2.779044e+00 2.426734e-01
2702 2.783793e+00 2.459308e-01
2703 2.780009e+00 2.453320e-01
2704 2.795307e+00 2.370243e-01
2705 2.828597e+00 2.461416e-01
2706 2.795038e+00 2.283737e-01
2707 2.886190e+00 2.658294e-01
2708 2.892683e+00 2.618063e-01
2709 2.915947e+00 3.227072e-01
2710 2.915913e+00 3.225631e-01
2711 2.908779e+00 3.253118e-01
2712 2.938222e+00 3.056826e-01
2713 2.927784e+00 3.208725e-01
2714 2.926035e+00 3.192327e-01
2715 2.937130e+00 3.352186e-01
2716 2.947185e+00 3.873895e-01
2717 2.961658e+00 3.587850e-01
2718 2.968833e+00 3.562645e-01
2719 2.978641e+00 3.593109e-01
2720 2.983267e+00 3.484475e-01
2721 2.977068e+00 3.491978e-01
2722 2.974829e+00 3.592271e-01
2723 2.997600e+00 3.689177e-01
2724 3.034474e+00 3.418204e-01
2725 3.046624e+00 3.708077e-01
2726 3.050196e+00 3.616578e-01
2727 3.074972e+00 3.725714e-01
2728 3.070306e+00 3.683586e-01
2729 2.989185e+00 4.574867e-01
2730 2.982701e+00 4.704558e-01
2731 2.959280e+00 4.690688e-01
2732 2.959000e+00 4.672903e-01
2733 2.952700e+00 4.701056e-01
2734 2.850449e+00 4.796435e-01
2735 2.868073e+00 4.595119e-01
2736 2.873154e+00 4.643881e-01
2737 2.886019e+00 4.932363e-01
2738 2.874813e+00 4.924940e-01
2739 2.876317e+00 4.983798e-01
2740 2.875915e+00 4.983431e-01
2741 2.875693e+00 5.040125e-01
2742 2.874043e+00 5.094890e-01
2743 2.875828e+00 5.131804e-01
2744 2.872094e+00 5.123538e-01
2745 2.868916e+00 5.127684e-01
2746 2.846826e+00 5.119552e-01
2747 2.817058e+00 5.167893e-01
2748 2.822232e+00 5.214041e-01
2749 2.800911e+00 5.160334e-01
2750 2.821451e+00 4.840329e-01
2751 2.815250e+00 4.827612e-01
2752 2.827253e+00 4.840785e-01
2753 2.826492e+00 4.751661e-01
2754 2.798995e+00 4.895303e-01
2755 2.794409e+00 4.904262e-01
2756 2.798993e+00 4.891010e-01
2757 2.797901e+00 4.844015e-01
2758 2.803375e+00 4.816230e-01
2759 2.784030e+00 4.955421e-01
2760 2.810410e+00 4.822320e-01
2761 2.813794e+00 4.812654e-01
2762 2.833874e+00 4.545442e-01
2763 2.826777e+00 4.652660e-01
2764 2.832057e+00 4.636381e-01
2765 2.775577e+00 4.469240e-01
2766 2.776216e+00 4.482607e-01
2767 2.774039e+00 4.499792e-01
2768 2.754043e+00 4.129140e-01
2769 2.754220e+00 4.131133e-01
2770 2.751170e+00 4.177789e-01
2771 2.728871e+00 4.002540e-01
2772 2.739562e+00 3.897950e-01
2773 2.707656e+00 4.522823e-01
2774 2.695064e+00 4.545726e-01
2775 2.751934e+00 4.540849e-01
2776 2.748907e+00 4.563012e-01
2777 2.747935e+00 4.509686e-01
2778 2.671138e+00 3.966069e-01
2779 2.669483e+00 3.973602e-01
2780 2.654037e+00 4.017214e-01
2781 2.647811e+00 3.891966e-01
2782 2.625683e+00 3.870686e-01
2783 2.601348e+00 3.437007e-01
2784 2.604586e+00 3.419731e-01
2785 2.573652e+00 3.629366e-01
2786 2.580066e+00 3.582443e-01
2787 2.581718e+00 3.518138e-01
2788 2.590629e+00 3.283800e-01
2789 2.570705e+00 3.322673e-01
2790 2.566583e+00 3.509441e-01
2791 2.564274e+00 3.605429e-01
2792 2.563045e+00 3.596625e-01
2793 2.574529e+00 3.371349e-01
2794 2.548399e+00 3.391972e-01
2795 2.546691e+00 3.384490e-01
2796 2.555790e+00 3.387577e-01
2797 2.526525e+00 3.301906e-01
2798 2.532408e+00 3.360410e-01
2799 2.532332e+00 3.362718e-01
2800 2.539335e+00 3.419801e-01
2801 2.552610e+00 3.470747e-01
2802 2.556779e+00 3.450901e-01
2803 2.557885e+00 3.457348e-01
2804 2.568916e+00 3.306833e-01
2805 2.570006e+00 3.473753e-01
2806 2.553757e+00 3.104101e-01
2807 2.555658e+00 3.109513e-01
2808 2.555284e+00 3.121005e-01
2809 2.566338e+00 3.107260e-01
2810 2.563449e+00 2.984643e-01
2811 2.557922e+00 2.840603e-01
2812 2.580107e+00 3.214547e-01
2813 2.601569e+00 3.088599e-01
2814 2.612202e+00 3.122069e-01
2815 2.616837e+00 3.139764e-01
2816 2.615070e+00 3.132274e-01
2817 2.630934e+00 2.892462e-01
2818 2.630002e+00 2.887584e-01
2819 2.619395e+00 3.150921e-01
2820 2.621521e+00 3.187496e-01
2821 2.624295e+00 3.185261e-01
2822 2.620800e+00 3.071842e-01
2823 2.605223e+00 3.156529e-01
2824 2.551450e+00 3.447221e-01
2825 2.535772e+00 3.154187e-01
2826 2.533243e+00 3.205099e-01
2827 2.587049e+00 3.737663e-01
2828 2.587127e+00 3.645573e-01
2829 2.590683e+00 3.695832e-01
2830 2.595757e+00 3.853989e-01
2831 2.590856e+00 3.896292e-01
2832 2.589552e+00 4.043752e-01
2833 2.581707e+00 4.192910e-01
2834 2.589476e+00 4.276213e-01
2835 2.590260e+00 4.251800e-01
2836 2.588822e+00 3.813402e-01
2837 2.592764e+00 3.705623e-01
2838 2.584052e+00 3.529918e-01
2839 2.590331e+00 3.458132e-01
2840 2.563625e+00 3.557316e-01
2841 2.559412e+00 3.635614e-01
2842 2.556222e+00 3.611356e-01
2843 2.562982e+00 3.572679e-01
2844 2.561837e+00 3.577641e-01
2845 2.577483e+00 3.396952e-01
2846 2.567658e+00 3.351837e-01
2847 2.542794e+00 3.320879e-01
2848 2.556106e+00 3.491086e-01
2849 2.557432e+00 3.439854e-01
2850 2.561920e+00 3.463986e-01
2851 2.551017e+00 3.457783e-01
2852 2.565790e+00 3.421652e-01
2853 2.553674e+00 3.454582e-01
2854 2.560727e+00 3.625532e-01
2855 2.545048e+00 3.586066e-01
2856 2.543755e+00 3.363954e-01
2857 2.576827e+00 3.503360e-01
2858 2.580106e+00 3.487969e-01
2859 2.583455e+00 3.450717e-01
2860 2.571038e+00 3.576729e-01
2861 2.575740e+00 4.177177e-01
2862 2.577530e+00 4.178849e-01
2863 2.568399e+00 4.324924e-01
2864 2.557627e+00 4.274234e-01
2865 2.559061e+00 4.268024e-01
2866 2.569599e+00 4.175305e-01
2867 2.572121e+00 4.180716e-01
2868 2.558510e+00 4.257079e-01
2869 2.558646e+00 4.282101e-01
2870 2.576826e+00 4.019567e-01
2871 2.578622e+00 3.167243e-01
2872 2.569513e+00 3.360639e-01
2873 2.539615e+00 3.399615e-01
2874 2.532310e+00 3.347838e-01
2875 2.525779e+00 3.269357e-01
2876 2.520550e+00 3.314849e-01
2877 2.496842e+00 3.211799e-01
2878 2.505889e+00 3.388671e-01
2879 2.492192e+00 3.396604e-01
2880 2.487627e+00 3.405507e-01
2881 2.490691e+00 3.386632e-01
2882 2.580228e+00 3.343308e-01
2883 2.586442e+00 3.337096e-01
2884 2.557536e+00 3.204591e-01
2885 2.550529e+00 3.420627e-01
2886 2.458428e+00 3.866069e-01
2887 2.474339e+00 3.732558e-01
2888 2.471889e+00 3.736964e-01
2889 2.505823e+00 3.826704e-01
2890 2.546186e+00 4.202656e-01
2891 2.533263e+00 4.173286e-01
2892 2.533562e+00 4.177689e-01
2893 2.508988e+00 4.242291e-01
2894 2.514175e+00 4.226104e-01
2895 2.513392e+00 4.417737e-01
2896 2.482260e+00 4.098424e-01
2897 2.491054e+00 4.247014e-01
2898 2.478965e+00 4.214140e-01
2899 2.478965e+00 4.240231e-01
2900 2.461705e+00 4.062224e-01
2901 2.464993e+00 4.027975e-01
2902 2.493345e+00 3.665052e-01
2903 2.485615e+00 3.792746e-01
2904 2.486857e+00 3.770149e-01
2905 2.479647e+00 3.763466e-01
2906 2.462575e+00 3.768722e-01
2907 2.439281e+00 4.004541e-01
2908 2.480415e+00 3.929284e-01
2909 2.479348e+00 4.082582e-01
2910 2.491006e+00 4.180735e-01
2911 2.471699e+00 3.797810e-01
2912 2.456998e+00 3.626821e-01
2913 2.435803e+00 3.495946e-01
2914 2.423746e+00 3.737675e-01
2915 2.414528e+00 3.626847e-01
2916 2.414505e+00 3.628602e-01
2917 2.423267e+00 3.618779e-01
2918 2.406264e+00 3.590350e-01
2919 2.426019e+00 3.503643e-01
2920 2.412182e+00 3.709937e-01
2921 2.431056e+00 3.676429e-01
2922 2.436221e+00 3.663390e-01
2923 2.460215e+00 3.681178e-01
2924 2.451345e+00 3.676682e-01
2925 2.469249e+00 3.900685e-01
2926 2.455135e+00 3.926622e-01
2927 2.451647e+00 3.944636e-01
2928 2.460403e+00 3.953407e-01
2929 2.457521e+00 3.952804e-01
2930 2.440516e+00 4.020297e-01
2931 2.431423e+00 4.086775e-01
2932 2.413780e+00 3.927348e-01
2933 2.414812e+00 3.932733e-01
2934 2.408636e+00 3.935668e-01
2935 2.384996e+00 4.089609e-01
2936 2.368221e+00 3.830275e-01
2937 2.405497e+00 3.395224e-01
2938 2.398784e+00 3.176842e-01
2939 2.425545e+00 3.159087e-01
2940 2.436141e+00 3.277775e-01
2941 2.416675e+00 3.426424e-01
2942 2.423843e+00 3.607285e-01
2943 2.456185e+00 3.491918e-01
2944 2.457945e+00 3.489305e-01
2945 2.470378e+00 3.450904e-01
2946 2.472349e+00 3.511949e-01
2947 2.478621e+00 3.565811e-01
2948 2.504567e+00 3.546239e-01
2949 2.524278e+00 3.678876e-01
2950 2.526131e+00 3.676985e-01
2951 2.503365e+00 4.159192e-01
2952 2.502381e+00 4.165863e-01
2953 2.488109e+00 3.963822e-01
2954 2.494286e+00 3.983282e-01
2955 2.499281e+00 3.848810e-01
2956 2.498048e+00 4.068427e-01
2957 2.491414e+00 4.106354e-01
2958 2.484100e+00 3.999595e-01
2959 2.458973e+00 4.414614e-01
2960 2.424984e+00 4.817731e-01
2961 2.439467e+00 4.413905e-01
2962 2.434109e+00 3.881028e-01
2963 2.408327e+00 3.919372e-01
2964 2.450980e+00 3.832431e-01
2965 2.447613e+00 3.835508e-01
2966 2.448256e+00 3.803399e-01
2967 2.449268e+00 3.804493e-01
2968 2.463394e+00 3.705866e-01
2969 2.454458e+00 3.691487e-01
2970 2.444202e+00 3.581626e-01
2971 2.440435e+00 3.654651e-01
2972 2.444440e+00 3.839623e-01
2973 2.465190e+00 3.643252e-01
2974 2.441443e+00 3.700632e-01
2975 2.440524e+00 3.701362e-01
2976 2.442759e+00 3.971145e-01
2977 2.447916e+00 4.088092e-01
2978 2.457933e+00 3.895733e-01
2979 2.448226e+00 3.922885e-01
2980 2.448949e+00 4.007704e-01
2981 2.445473e+00 3.946460e-01
2982 2.458981e+00 3.890587e-01
2983 2.462310e+00 3.910162e-01
2984 2.463404e+00 3.826296e-01
2985 2.432997e+00 3.356221e-01
2986 2.479282e+00 3.411992e-01
2987 2.483596e+00 3.293556e-01
2988 2.507968e+00 3.803507e-01
2989 2.505069e+00 3.782802e-01
2990 2.516745e+00 3.785925e-01
2991 2.556463e+00 3.719107e-01
2992 2.531122e+00 3.387287e-01
2993 2.528605e+00 3.295159e-01
2994 2.515245e+00 3.313748e-01
2995 2.487995e+00 3.855872e-01
2996 2.483743e+00 3.745720e-01
2997 2.476117e+00 3.784401e-01
2998 2.466286e+00 3.932139e-01
2999 2.472824e+00 3.750842e-01
3000 2.485343e+00 3.707971e-01
3001 2.439617e+00 3.540717e-01
3002 2.434550e+00 3.629659e-01
3003 2.440695e+00 3.655085e-01
3004 2.416199e+00 3.441622e-01
3005 2.415603e+00 3.437750e-01
3006 2.452915e+00 3.908225e-01
3007 2.479908e+00 4.818540e-01
3008 2.484459e+00 4.825664e-01
3009 2.516828e+00 4.922882e-01
3010 2.499527e+00 4.512484e-01
3011 2.500697e+00 4.517858e-01
3012 2.498628e+00 4.544115e-01
3013 2.498360e+00 4.289631e-01
3014 2.493217e+00 4.223329e-01
3015 2.494655e+00 4.236737e-01
3016 2.484963e+00 4.139505e-01
3017 2.521971e+00 4.025775e-01
3018 2.517950e+00 4.116912e-01
3019 2.513469e+00 4.735891e-01
3020 2.514305e+00 4.659277e-01
3021 2.530937e+00 4.321362e-01
3022 2.488390e+00 4.344599e-01
3023 2.475103e+00 4.613681e-01
3024 2.486682e+00 3.831288e-01
3025 2.479953e+00 4.046495e-01
3026 2.487350e+00 4.023036e-01
3027 2.468881e+00 3.554525e-01
3028 2.444684e+00 3.435996e-01
3029 2.424760e+00 3.259455e-01
3030 2.521151e+00 3.296167e-01
3031 2.510086e+00 3.223375e-01
3032 2.508507e+00 3.213361e-01
3033 2.510651e+00 3.120167e-01
3034 2.506756e+00 3.149630e-01
3035 2.507820e+00 3.131985e-01
3036 2.488931e+00 2.678552e-01
3037 2.493122e+00 2.732549e-01
3038 2.497869e+00 2.513150e-01
3039 2.490026e+00 2.603975e-01
3040 2.489953e+00 2.604005e-01
3041 2.488036e+00 2.564342e-01
3042 2.493934e+00 2.564212e-01
3043 2.502071e+00 2.480519e-01
3044 2.505059e+00 2.476235e-01
3045 2.511473e+00 2.771162e-01
3046 2.514162e+00 2.908220e-01
3047 2.532538e+00 2.742286e-01
3048 2.531017e+00 2.744807e-01
3049 2.526183e+00 2.336344e-01
3050 2.526395e+00 2.344265e-01
3051 2.570331e+00 2.449836e-01
3052 2.569948e+00 2.468435e-01
3053 2.590668e+00 2.370871e-01
3054 2.601412e+00 2.227637e-01
3055 2.602517e+00 2.244354e-01
3056 2.587967e+00 2.379457e-01
3057 2.591204e+00 2.385005e-01
3058 2.591620e+00 2.440926e-01
3059 2.567462e+00 2.390253e-01
3060 2.568959e+00 2.243017e-01
3061 2.575637e+00 2.301559e-01
3062 2.568251e+00 2.178203e-01
3063 2.569188e+00 2.221932e-01
3064 2.536758e+00 2.406581e-01
3065 2.541723e+00 2.266636e-01
3066 2.552751e+00 2.335908e-01
3067 2.549074e+00 2.305405e-01
3068 2.552117e+00 2.287166e-01
3069 2.553228e+00 2.278138e-01
3070 2.538184e+00 1.869368e-01
3071 2.456151e+00 1.884233e-01
3072 2.455775e+00 1.903151e-01
3073 2.454613e+00 1.890326e-01
3074 2.443039e+00 1.950619e-01
3075 2.443045e+00 1.925231e-01
3076 2.442074e+00 1.763364e-01
3077 2.453309e+00 1.622210e-01
3078 2.451138e+00 1.603259e-01
3079 2.442806e+00 1.701069e-01
3080 2.410070e+00 1.292172e-01
3081 2.406728e+00 1.285589e-01
3082 2.419020e+00 1.330201e-01
3083 2.422283e+00 1.354051e-01
3084 2.433422e+00 1.371458e-01
3085 2.422984e+00 1.297118e-01
3086 2.435322e+00 1.443289e-01
3087 2.463522e+00 1.544969e-01
3088 2.480948e+00 1.425789e-01
3089 2.482315e+00 1.411713e-01
3090 2.490817e+00 1.444373e-01
3091 2.463421e+00 1.302238e-01
3092 2.437820e+00 9.882256e-02
3093 2.418706e+00 9.676728e-02
3094 2.416355e+00 9.871100e-02
3095 2.410529e+00 9.350299e-02
3096 2.408617e+00 9.435771e-02
3097 2.411954e+00 1.017955e-01
3098 2.408848e+00 3.195359e-02
3099 2.401153e+00 6.140063e-02
3100 2.398845e+00 6.846142e-02
3101 2.412999e+00 9.930585e-02
3102 2.399960e+00 8.787088e-02
3103 2.398524e+00 8.739304e-02
3104 2.398065e+00 8.598141e-02
3105 2.408859e+00 1.050285e-01
3106 2.427889e+00 1.060673e-01
3107 2.431962e+00 1.272894e-01
3108 2.431457e+00 1.321768e-01
3109 2.427521e+00 1.230353e-01
3110 2.428141e+00 1.222940e-01
3111 2.427672e+00 1.244651e-01
3112 2.445430e+00 1.277944e-01
3113 2.439743e+00 1.247023e-01
3114 2.452593e+00 9.950614e-02
3115 2.448995e+00 1.408728e-01
3116 2.481051e+00 1.063860e-01
3117 2.481010e+00 1.060810e-01
3118 2.433520e+00 1.024932e-01
3119 2.419074e+00 7.228287e-02
3120 2.456634e+00 4.179999e-02
3121 2.456663e+00 4.120404e-02
3122 2.461295e+00 3.433178e-02
3123 2.493360e+00 6.283276e-02
3124 2.520396e+00 3.585994e-02
3125 2.510737e+00 4.297537e-02
3126 2.515275e+00 2.699284e-02
3127 2.524851e+00 4.473791e-02
3128 2.561964e+00 2.738798e-02
3129 2.563045e+00 2.707741e-02
3130 2.559354e+00 2.971252e-02
3131 2.554620e+00 2.643150e-02
3132 2.569551e+00 2.980748e-02
3133 2.588188e+00 1.080158e-02
3134 2.569592e+00 -1.225267e-02
