0 2.317835e-01 2.057873e+00
1 2.374297e-01 2.055087e+00
2 1.978768e-01 2.064933e+00
3 2.054136e-01 2.058013e+00
4 2.020753e-01 2.051391e+00
5 1.991657e-01 2.054214e+00
6 1.931417e-01 2.052706e+00
7 1.897371e-01 2.060222e+00
8 1.916993e-01 2.052883e+00
9 1.880096e-01 2.054118e+00
10 1.839931e-01 1.971576e+00
11 1.959436e-01 2.031441e+00
12 2.022905e-01 2.017909e+00
13 2.132808e-01 2.002180e+00
14 2.013553e-01 1.997744e+00
15 1.929144e-01 1.993309e+00
16 1.822220e-01 1.983751e+00
17 1.821551e-01 1.988681e+00
18 1.952553e-01 2.005679e+00
19 1.954399e-01 2.005994e+00
20 2.226076e-01 1.999563e+00
21 2.156620e-01 2.011963e+00
22 2.134539e-01 2.013827e+00
23 2.121974e-01 2.017103e+00
24 2.008409e-01 1.966544e+00
25 2.005888e-01 1.963902e+00
26 1.899695e-01 1.933360e+00
27 1.927580e-01 1.950771e+00
28 2.032258e-01 1.956451e+00
29 2.131576e-01 1.959189e+00
30 2.204297e-01 1.989741e+00
31 1.962319e-01 1.996016e+00
32 1.824841e-01 1.991993e+00
33 1.868095e-01 2.015272e+00
34 2.354912e-01 2.064837e+00
35 2.205654e-01 2.047627e+00
36 2.206189e-01 2.047565e+00
37 2.203612e-01 2.050663e+00
38 2.204387e-01 1.996595e+00
39 2.134856e-01 1.995201e+00
40 2.026852e-01 1.981833e+00
41 1.976443e-01 1.988809e+00
42 1.959223e-01 1.984986e+00
43 1.954531e-01 1.993140e+00
44 1.871882e-01 1.986195e+00
45 1.941818e-01 1.987089e+00
46 2.268347e-01 1.946545e+00
47 2.430695e-01 1.977208e+00
48 2.410712e-01 1.985208e+00
49 2.341786e-01 1.980778e+00
50 2.059308e-01 1.974817e+00
51 2.123577e-01 1.972511e+00
52 2.170788e-01 1.966452e+00
53 2.147910e-01 1.986613e+00
54 2.052383e-01 2.019926e+00
55 2.171638e-01 2.044166e+00
56 2.056102e-01 2.078131e+00
57 2.113873e-01 2.096056e+00
58 2.273047e-01 2.093925e+00
59 2.278562e-01 2.091543e+00
60 2.271029e-01 2.091458e+00
61 2.300651e-01 2.091658e+00
62 2.853919e-01 2.091932e+00
63 2.735585e-01 2.101783e+00
64 2.762693e-01 2.096591e+00
65 2.782073e-01 2.101004e+00
66 3.860858e-01 2.067360e+00
67 3.903554e-01 2.062368e+00
68 3.883039e-01 2.059851e+00
69 4.060133e-01 2.067148e+00
70 3.714507e-01 2.068112e+00
71 3.692839e-01 2.089949e+00
72 3.636800e-01 2.103360e+00
73 3.829285e-01 2.115287e+00
74 3.353629e-01 2.109198e+00
75 3.292201e-01 2.115569e+00
76 3.546354e-01 2.109937e+00
77 3.068709e-01 2.153869e+00
78 3.069916e-01 2.154955e+00
79 3.193677e-01 2.164155e+00
80 3.383406e-01 2.174947e+00
81 3.268912e-01 2.150903e+00
82 3.063287e-01 2.172246e+00
83 3.052633e-01 2.181601e+00
84 3.090885e-01 2.178567e+00
85 3.172585e-01 2.195315e+00
86 3.697234e-01 2.200872e+00
87 3.905656e-01 2.243171e+00
88 3.972991e-01 2.251082e+00
89 4.025400e-01 2.241819e+00
90 4.009935e-01 2.241801e+00
91 4.011206e-01 2.241249e+00
92 3.863996e-01 2.225931e+00
93 3.902109e-01 2.247734e+00
94 4.476082e-01 2.144091e+00
95 4.347336e-01 2.170929e+00
96 4.617916e-01 2.201860e+00
97 4.639282e-01 2.207427e+00
98 4.164908e-01 2.184133e+00
99 4.111598e-01 2.184559e+00
100 3.886119e-01 2.182130e+00
101 4.360533e-01 2.202784e+00
102 4.356678e-01 2.202172e+00
103 4.231077e-01 2.183936e+00
104 4.180481e-01 2.174151e+00
105 4.120684e-01 2.177117e+00
106 4.120087e-01 2.177002e+00
107 4.099719e-01 2.170876e+00
108 4.210177e-01 2.161474e+00
109 4.335921e-01 2.169534e+00
110 4.503622e-01 2.205743e+00
111 4.077358e-01 2.203863e+00
112 4.072403e-01 2.205094e+00
113 4.362442e-01 2.239064e+00
114 4.220023e-01 2.243588e+00
115 4.088869e-01 2.245426e+00
116 4.502811e-01 2.220016e+00
117 4.477657e-01 2.217983e+00
118 4.454273e-01 2.220042e+00
119 4.455568e-01 2.219272e+00
120 4.774977e-01 2.213164e+00
121 4.750000e-01 2.176689e+00
122 4.913727e-01 2.145889e+00
123 4.863355e-01 2.146527e+00
124 4.813961e-01 2.169401e+00
125 4.190836e-01 2.204456e+00
126 4.183257e-01 2.204383e+00
127 4.188460e-01 2.206680e+00
128 4.184747e-01 2.206194e+00
129 4.187518e-01 2.205945e+00
130 4.264504e-01 2.177910e+00
131 4.133614e-01 2.193495e+00
132 4.127273e-01 2.183422e+00
133 3.921372e-01 2.177326e+00
134 3.990566e-01 2.171480e+00
135 3.781162e-01 2.184723e+00
136 3.544738e-01 2.173660e+00
137 3.561710e-01 2.193291e+00
138 4.726645e-01 2.175009e+00
139 4.642247e-01 2.169614e+00
140 4.632606e-01 2.164471e+00
141 4.687182e-01 2.167404e+00
142 4.480878e-01 2.172078e+00
143 4.417861e-01 2.173412e+00
144 4.419291e-01 2.175674e+00
145 4.069750e-01 2.101400e+00
146 4.411494e-01 2.097542e+00
147 4.445834e-01 2.087747e+00
148 4.429774e-01 2.083543e+00
149 4.331224e-01 2.109248e+00
150 4.329171e-01 2.113942e+00
151 4.227791e-01 2.103610e+00
152 4.880817e-01 2.098653e+00
153 4.880764e-01 2.099922e+00
154 4.872105e-01 2.095821e+00
155 4.927087e-01 2.098668e+00
156 4.972261e-01 2.096398e+00
157 4.879749e-01 2.088631e+00
158 4.899056e-01 2.087719e+00
159 4.872563e-01 2.091418e+00
160 5.261641e-01 2.086174e+00
161 5.154171e-01 2.095807e+00
162 5.163785e-01 2.097240e+00
163 5.148862e-01 2.055417e+00
164 5.166028e-01 2.037979e+00
165 5.187730e-01 2.003665e+00
166 5.282812e-01 2.024815e+00
167 5.248647e-01 2.022476e+00
168 5.478155e-01 1.967851e+00
169 5.426986e-01 1.994767e+00
170 5.404636e-01 2.001182e+00
171 5.331148e-01 1.990332e+00
172 4.752030e-01 1.891092e+00
173 4.726878e-01 1.888985e+00
174 4.728794e-01 1.887390e+00
175 4.707645e-01 1.891547e+00
176 5.252461e-01 1.958161e+00
177 5.178113e-01 1.960086e+00
178 5.154733e-01 1.967826e+00
179 5.178234e-01 1.967387e+00
180 5.138801e-01 1.966322e+00
181 5.118402e-01 1.968965e+00
182 5.125201e-01 1.991509e+00
183 4.684043e-01 2.005161e+00
184 5.115586e-01 1.988157e+00
185 5.231540e-01 1.964212e+00
186 5.246095e-01 1.962969e+00
187 5.277396e-01 1.960908e+00
188 5.332403e-01 1.983370e+00
189 5.364980e-01 1.961610e+00
190 5.433287e-01 1.940614e+00
191 5.435543e-01 1.939312e+00
192 4.958595e-01 1.983015e+00
193 4.972940e-01 1.973097e+00
194 4.981839e-01 1.965286e+00
195 5.160504e-01 1.970083e+00
196 5.241630e-01 1.968405e+00
197 5.325300e-01 1.993468e+00
198 5.326780e-01 1.991172e+00
199 5.317430e-01 1.990117e+00
200 5.233071e-01 1.994057e+00
201 5.235174e-01 1.999993e+00
202 5.200271e-01 2.000706e+00
203 5.716859e-01 2.019884e+00
204 5.521241e-01 2.011940e+00
205 5.956787e-01 2.044816e+00
206 5.288236e-01 1.981683e+00
207 5.116409e-01 2.121423e+00
208 4.742546e-01 2.095337e+00
209 4.664752e-01 2.082554e+00
210 4.682777e-01 2.075892e+00
211 4.707377e-01 2.076864e+00
212 5.236358e-01 2.140969e+00
213 5.018116e-01 2.137202e+00
214 4.980538e-01 2.126625e+00
215 5.135883e-01 2.169490e+00
216 4.821183e-01 2.168966e+00
217 4.854764e-01 2.177661e+00
218 4.942946e-01 2.179011e+00
219 5.313082e-01 2.131135e+00
220 5.365945e-01 2.128002e+00
221 5.418404e-01 2.098452e+00
222 5.401953e-01 2.059183e+00
223 5.444989e-01 2.060015e+00
224 5.462636e-01 2.062906e+00
225 5.509297e-01 2.049941e+00
226 5.242079e-01 2.079468e+00
227 5.272836e-01 2.067036e+00
228 5.088959e-01 2.053819e+00
229 5.285513e-01 2.065896e+00
230 5.511652e-01 2.098200e+00
231 5.469589e-01 2.095803e+00
232 5.551281e-01 2.107303e+00
233 5.571343e-01 2.107588e+00
234 5.489691e-01 2.119909e+00
235 5.719546e-01 2.129190e+00
236 5.842688e-01 2.120666e+00
237 6.265971e-01 2.211793e+00
238 6.262278e-01 2.211673e+00
239 6.301084e-01 2.217978e+00
240 6.334941e-01 2.219292e+00
241 6.254025e-01 2.229792e+00
242 6.586651e-01 2.264148e+00
243 6.452620e-01 2.251660e+00
244 6.416364e-01 2.248309e+00
245 6.450993e-01 2.246824e+00
246 6.981860e-01 2.215261e+00
247 6.974361e-01 2.215791e+00
248 7.210214e-01 2.197811e+00
249 7.240029e-01 2.185924e+00
250 7.594286e-01 2.194271e+00
251 8.072013e-01 2.200293e+00
252 8.084593e-01 2.200922e+00
253 7.830058e-01 2.186159e+00
254 7.736569e-01 2.182567e+00
255 7.856220e-01 2.188249e+00
256 7.194106e-01 2.261321e+00
257 7.219593e-01 2.258885e+00
258 7.027949e-01 2.234128e+00
259 7.172551e-01 2.221465e+00
260 7.267034e-01 2.221806e+00
261 7.319079e-01 2.228017e+00
262 6.801633e-01 2.207395e+00
263 6.724666e-01 2.197974e+00
264 6.758351e-01 2.202994e+00
265 6.758453e-01 2.203334e+00
266 6.757471e-01 2.212513e+00
267 7.112009e-01 2.153612e+00
268 7.687369e-01 2.209827e+00
269 8.183985e-01 2.208821e+00
270 7.723839e-01 2.206256e+00
271 7.647852e-01 2.199356e+00
272 7.632252e-01 2.197192e+00
273 7.631921e-01 2.197176e+00
274 7.556674e-01 2.183284e+00
275 7.601228e-01 2.183958e+00
276 7.642410e-01 2.181015e+00
277 7.987963e-01 2.154025e+00
278 7.934699e-01 2.147038e+00
279 7.959681e-01 2.144431e+00
280 7.965263e-01 2.130088e+00
281 7.904155e-01 2.134954e+00
282 7.852918e-01 2.132570e+00
283 7.717381e-01 2.114348e+00
284 7.712664e-01 2.114728e+00
285 7.663574e-01 2.104905e+00
286 7.670250e-01 2.098014e+00
287 7.324983e-01 2.098833e+00
288 7.036887e-01 1.984138e+00
289 7.034356e-01 1.990598e+00
290 7.088748e-01 1.978987e+00
291 7.452195e-01 2.000194e+00
292 7.598105e-01 2.008946e+00
293 7.227396e-01 1.996418e+00
294 7.095934e-01 2.000382e+00
295 7.189470e-01 1.995663e+00
296 7.602582e-01 2.013102e+00
297 7.931209e-01 2.027115e+00
298 7.924211e-01 2.026617e+00
299 7.783010e-01 2.026768e+00
300 7.964918e-01 2.041561e+00
301 8.061659e-01 2.005683e+00
302 7.903040e-01 2.002272e+00
303 7.887178e-01 2.005121e+00
304 7.930078e-01 2.031964e+00
305 7.901831e-01 2.026867e+00
306 7.972810e-01 2.046473e+00
307 8.176712e-01 2.058616e+00
308 8.175542e-01 2.059076e+00
309 8.669131e-01 2.075208e+00
310 8.677483e-01 2.072669e+00
311 8.516954e-01 2.068433e+00
312 8.517995e-01 2.083412e+00
313 8.799361e-01 2.089915e+00
314 8.815832e-01 2.058285e+00
315 8.815019e-01 2.058529e+00
316 8.943603e-01 2.047515e+00
317 8.943677e-01 2.047310e+00
318 8.878291e-01 2.052320e+00
319 9.018968e-01 2.051943e+00
320 9.033005e-01 2.029440e+00
321 9.013521e-01 2.029016e+00
322 8.651184e-01 2.039603e+00
323 8.597610e-01 2.009528e+00
324 8.620682e-01 2.009591e+00
325 8.586743e-01 2.049148e+00
326 7.648673e-01 2.096651e+00
327 7.638166e-01 2.096771e+00
328 7.740712e-01 2.118423e+00
329 7.784003e-01 2.128176e+00
330 7.785184e-01 2.123374e+00
331 7.350523e-01 2.150913e+00
332 7.572273e-01 2.148319e+00
333 7.531680e-01 2.132620e+00
334 7.253875e-01 2.088062e+00
335 7.077962e-01 2.060510e+00
336 7.077615e-01 2.060448e+00
337 7.627983e-01 2.028041e+00
338 7.673976e-01 2.018594e+00
339 7.735839e-01 2.014878e+00
340 7.732365e-01 2.015917e+00
341 7.738863e-01 2.000259e+00
342 7.542518e-01 2.009461e+00
343 7.023849e-01 1.954023e+00
344 6.970700e-01 1.956085e+00
345 7.024968e-01 1.965187e+00
346 7.032909e-01 1.980967e+00
347 7.017829e-01 1.988877e+00
348 7.018245e-01 1.988718e+00
349 6.882371e-01 1.962077e+00
350 6.945582e-01 1.963418e+00
351 7.031218e-01 1.966292e+00
352 6.990629e-01 1.971098e+00
353 6.788207e-01 1.994969e+00
354 6.661111e-01 1.992373e+00
355 6.644319e-01 1.986085e+00
356 6.758588e-01 2.002382e+00
357 6.754665e-01 2.002508e+00
358 6.749455e-01 2.004281e+00
359 6.739041e-01 2.003929e+00
360 6.856177e-01 2.002958e+00
361 6.926911e-01 2.011784e+00
362 6.998768e-01 2.029532e+00
363 6.978712e-01 2.014395e+00
364 6.990991e-01 2.015547e+00
365 7.038038e-01 2.009832e+00
366 7.173764e-01 2.018884e+00
367 7.042771e-01 2.023132e+00
368 7.036781e-01 2.023287e+00
369 6.997781e-01 2.030015e+00
370 7.005278e-01 2.034526e+00
371 7.336212e-01 2.040169e+00
372 7.343347e-01 2.020269e+00
373 7.331006e-01 2.016435e+00
374 7.480840e-01 2.012465e+00
375 7.542689e-01 2.013763e+00
376 7.853715e-01 1.996033e+00
377 8.221365e-01 2.006319e+00
378 8.090575e-01 2.013606e+00
379 8.089941e-01 2.013811e+00
380 8.006818e-01 1.990304e+00
381 7.985779e-01 1.988111e+00
382 8.226380e-01 2.006078e+00
383 8.390576e-01 1.993229e+00
384 8.363747e-01 1.998503e+00
385 8.116830e-01 2.013628e+00
386 8.128690e-01 2.005344e+00
387 8.131531e-01 2.000766e+00
388 8.058271e-01 2.009372e+00
389 8.033893e-01 2.022305e+00
390 7.971977e-01 2.023859e+00
391 8.279632e-01 2.043671e+00
392 8.409065e-01 2.032834e+00
393 8.631924e-01 2.001056e+00
394 8.727314e-01 1.989066e+00
395 8.729333e-01 1.989757e+00
396 8.487891e-01 2.000429e+00
397 8.410816e-01 1.992177e+00
398 8.030377e-01 1.959425e+00
399 8.134374e-01 1.968964e+00
400 7.458524e-01 1.981483e+00
401 7.535135e-01 1.958194e+00
402 7.799854e-01 1.969429e+00
403 7.772127e-01 1.958500e+00
404 7.801822e-01 1.960996e+00
405 7.811488e-01 1.955577e+00
406 7.730081e-01 1.943133e+00
407 8.150218e-01 1.931756e+00
408 7.993526e-01 1.910380e+00
409 7.874825e-01 1.917328e+00
410 8.047048e-01 1.912604e+00
411 7.956616e-01 1.918983e+00
412 7.960422e-01 1.918885e+00
413 7.772903e-01 1.907005e+00
414 7.748020e-01 1.908613e+00
415 7.689779e-01 1.887573e+00
416 7.580423e-01 1.902414e+00
417 7.385535e-01 1.887948e+00
418 7.412027e-01 1.897714e+00
419 7.525994e-01 1.887618e+00
420 7.518664e-01 1.888443e+00
421 7.522833e-01 1.888171e+00
422 7.457182e-01 1.888194e+00
423 7.351472e-01 1.885842e+00
424 7.358761e-01 1.888303e+00
425 7.332094e-01 1.891793e+00
426 7.336523e-01 1.890985e+00
427 7.411967e-01 1.942644e+00
428 7.489249e-01 1.936139e+00
429 7.484160e-01 1.957359e+00
430 7.486255e-01 1.971046e+00
431 7.546823e-01 1.970182e+00
432 7.730974e-01 1.973334e+00
433 7.719607e-01 1.974288e+00
434 7.713427e-01 1.972524e+00
435 7.647126e-01 1.965516e+00
436 7.686425e-01 1.966865e+00
437 7.719307e-01 1.984831e+00
438 7.659252e-01 1.990865e+00
439 7.662982e-01 1.990087e+00
440 7.664945e-01 1.990253e+00
441 7.626409e-01 1.992760e+00
442 7.620817e-01 1.992568e+00
443 7.779011e-01 2.014292e+00
444 7.519617e-01 2.049462e+00
445 7.828055e-01 2.049909e+00
446 8.071361e-01 2.038655e+00
447 8.102732e-01 2.040355e+00
448 8.167294e-01 2.068861e+00
449 8.076843e-01 2.065436e+00
450 8.483218e-01 2.065643e+00
451 8.543278e-01 2.071203e+00
452 8.344851e-01 2.070127e+00
453 8.289742e-01 2.009651e+00
454 8.337841e-01 2.010331e+00
455 8.581678e-01 1.954022e+00
456 8.485122e-01 1.960378e+00
457 8.597398e-01 1.952144e+00
458 9.080045e-01 2.054172e+00
459 9.239999e-01 2.069879e+00
460 9.174015e-01 2.103948e+00
461 9.140220e-01 2.100860e+00
462 9.216211e-01 2.118447e+00
463 9.226888e-01 2.116144e+00
464 9.299218e-01 2.144197e+00
465 9.331849e-01 2.143414e+00
466 9.355496e-01 2.145404e+00
467 9.331191e-01 2.139532e+00
468 9.034235e-01 2.195788e+00
469 9.483120e-01 2.187988e+00
470 9.434745e-01 2.187690e+00
471 9.262061e-01 2.202513e+00
472 9.203053e-01 2.193990e+00
473 9.124987e-01 2.174547e+00
474 9.633466e-01 2.153435e+00
475 9.751490e-01 2.155463e+00
476 9.821285e-01 2.153139e+00
477 9.809812e-01 2.148015e+00
478 9.846053e-01 2.143565e+00
479 9.814459e-01 2.131191e+00
480 9.857252e-01 2.142728e+00
481 9.828127e-01 2.147247e+00
482 9.755769e-01 2.146441e+00
483 9.608130e-01 2.145356e+00
484 9.417034e-01 2.066511e+00
485 9.644681e-01 2.050989e+00
486 9.664994e-01 2.038855e+00
487 9.651940e-01 2.037522e+00
488 9.519006e-01 2.024351e+00
489 9.527264e-01 2.026255e+00
490 9.738803e-01 2.044651e+00
491 9.687433e-01 2.025492e+00
492 9.678089e-01 2.040737e+00
493 9.578050e-01 2.058858e+00
494 9.584275e-01 2.058609e+00
495 9.561136e-01 2.020774e+00
496 9.470032e-01 2.026236e+00
497 9.572321e-01 2.027617e+00
498 9.613377e-01 2.032057e+00
499 9.639739e-01 2.035166e+00
500 9.645034e-01 2.034239e+00
501 9.581579e-01 2.049553e+00
502 9.582213e-01 2.051416e+00
503 9.601071e-01 2.054402e+00
504 9.623067e-01 2.056298e+00
505 9.704953e-01 2.048195e+00
506 9.754075e-01 2.054103e+00
507 9.916452e-01 2.070179e+00
508 9.883049e-01 2.082144e+00
509 9.914114e-01 2.088008e+00
510 1.004576e+00 2.076140e+00
511 9.982288e-01 2.083332e+00
512 9.982351e-01 2.080530e+00
513 9.803208e-01 2.091123e+00
514 9.747423e-01 2.083568e+00
515 9.698394e-01 2.089458e+00
516 9.647208e-01 2.077784e+00
517 9.769529e-01 2.081958e+00
518 9.842182e-01 2.081809e+00
519 9.846060e-01 2.081667e+00
520 9.703258e-01 2.096093e+00
521 9.719910e-01 2.095004e+00
522 9.575334e-01 2.112818e+00
523 9.784205e-01 2.124068e+00
524 9.716469e-01 2.118732e+00
525 9.836876e-01 2.121214e+00
526 9.842109e-01 2.115404e+00
527 9.924754e-01 2.165091e+00
528 1.001632e+00 2.178150e+00
529 1.007752e+00 2.157557e+00
530 1.012778e+00 2.151264e+00
531 1.027339e+00 2.145911e+00
532 1.041450e+00 2.141589e+00
533 1.039713e+00 2.124059e+00
534 1.063260e+00 2.126826e+00
535 1.088561e+00 2.131201e+00
536 1.083557e+00 2.118863e+00
537 1.114588e+00 2.198692e+00
538 1.178996e+00 2.195340e+00
539 1.183611e+00 2.197095e+00
540 1.187992e+00 2.177386e+00
541 1.203252e+00 2.157288e+00
542 1.201726e+00 2.137902e+00
543 1.228614e+00 2.151992e+00
544 1.223338e+00 2.153249e+00
545 1.223594e+00 2.152954e+00
546 1.215697e+00 2.160353e+00
547 1.211246e+00 2.147646e+00
548 1.198210e+00 2.159611e+00
549 1.178428e+00 2.209657e+00
550 1.187117e+00 2.210166e+00
551 1.188969e+00 2.202711e+00
552 1.179265e+00 2.198644e+00
553 1.160716e+00 2.193426e+00
554 1.163254e+00 2.184009e+00
555 1.149237e+00 2.160796e+00
556 1.149662e+00 2.137938e+00
557 1.159404e+00 2.135564e+00
558 1.151200e+00 2.153093e+00
559 1.137980e+00 2.155894e+00
560 1.165617e+00 2.179640e+00
561 1.150835e+00 2.169948e+00
562 1.133882e+00 2.189048e+00
563 1.115577e+00 2.204539e+00
564 1.141946e+00 2.238676e+00
565 1.142714e+00 2.239041e+00
566 1.142393e+00 2.246000e+00
567 1.155529e+00 2.263492e+00
568 1.157710e+00 2.264277e+00
569 1.155711e+00 2.266384e+00
570 1.156196e+00 2.265978e+00
571 1.160799e+00 2.271823e+00
572 1.140491e+00 2.307168e+00
573 1.154798e+00 2.303337e+00
574 1.174506e+00 2.301655e+00
575 1.173731e+00 2.301081e+00
576 1.175295e+00 2.306343e+00
577 1.186641e+00 2.293247e+00
578 1.166077e+00 2.275171e+00
579 1.174013e+00 2.276146e+00
580 1.172790e+00 2.269082e+00
581 1.157960e+00 2.263743e+00
582 1.176509e+00 2.274467e+00
583 1.177031e+00 2.288501e+00
584 1.175745e+00 2.279590e+00
585 1.151325e+00 2.302987e+00
586 1.140087e+00 2.323795e+00
587 1.110142e+00 2.319727e+00
588 1.095061e+00 2.313631e+00
589 1.096778e+00 2.297875e+00
590 1.094085e+00 2.296269e+00
591 1.098102e+00 2.295240e+00
592 1.025500e+00 2.312933e+00
593 9.953884e-01 2.338922e+00
594 9.616760e-01 2.290300e+00
595 9.686447e-01 2.287255e+00
596 9.752378e-01 2.251298e+00
597 9.816116e-01 2.244411e+00
598 9.789152e-01 2.248145e+00
599 9.849564e-01 2.252290e+00
600 9.847391e-01 2.250332e+00
601 9.911825e-01 2.237055e+00
602 9.948759e-01 2.225561e+00
603 9.968206e-01 2.221441e+00
604 9.964348e-01 2.230912e+00
605 9.911168e-01 2.238335e+00
606 1.003676e+00 2.243939e+00
607 1.006471e+00 2.246629e+00
608 9.986010e-01 2.242694e+00
609 9.542347e-01 2.274159e+00
610 9.551850e-01 2.297552e+00
611 9.531287e-01 2.306956e+00
612 9.497818e-01 2.305924e+00
613 9.502789e-01 2.305618e+00
614 9.315252e-01 2.301506e+00
615 9.300017e-01 2.292414e+00
616 8.749903e-01 2.283562e+00
617 8.795828e-01 2.266091e+00
618 8.891252e-01 2.269458e+00
619 9.197837e-01 2.243508e+00
620 9.138746e-01 2.252305e+00
621 9.097286e-01 2.250347e+00
622 9.115349e-01 2.250666e+00
623 9.040116e-01 2.267368e+00
624 8.754292e-01 2.287556e+00
625 8.743781e-01 2.285647e+00
626 8.755524e-01 2.283693e+00
627 8.693924e-01 2.293828e+00
628 8.746130e-01 2.320452e+00
629 8.853862e-01 2.321700e+00
630 8.864098e-01 2.320677e+00
631 8.859633e-01 2.343572e+00
632 8.774779e-01 2.314567e+00
633 9.011587e-01 2.318826e+00
634 9.009437e-01 2.318798e+00
635 8.960523e-01 2.329217e+00
636 8.741684e-01 2.339161e+00
637 8.712814e-01 2.306851e+00
638 8.505408e-01 2.295928e+00
639 8.571363e-01 2.317199e+00
640 8.559910e-01 2.316581e+00
641 8.561871e-01 2.326089e+00
642 8.460989e-01 2.328212e+00
643 8.803197e-01 2.367029e+00
644 8.817467e-01 2.364500e+00
645 8.512862e-01 2.363816e+00
646 8.684593e-01 2.372664e+00
647 8.674223e-01 2.372751e+00
648 8.383704e-01 2.375839e+00
649 8.389348e-01 2.373308e+00
650 8.178204e-01 2.356703e+00
651 8.478384e-01 2.351862e+00
652 8.599384e-01 2.366900e+00
653 8.578263e-01 2.378025e+00
654 8.645542e-01 2.378568e+00
655 8.548026e-01 2.391327e+00
656 8.617014e-01 2.390328e+00
657 8.464534e-01 2.386142e+00
658 8.456506e-01 2.385616e+00
659 8.558526e-01 2.385689e+00
660 8.734170e-01 2.416070e+00
661 8.706787e-01 2.413329e+00
662 9.060834e-01 2.433379e+00
663 8.236256e-01 2.460728e+00
664 8.218154e-01 2.468331e+00
665 8.218586e-01 2.468495e+00
666 8.236220e-01 2.472958e+00
667 7.874363e-01 2.448841e+00
668 7.809392e-01 2.430969e+00
669 7.850151e-01 2.434672e+00
670 8.089230e-01 2.382133e+00
671 8.128515e-01 2.381916e+00
672 8.048442e-01 2.378543e+00
673 8.354009e-01 2.432007e+00
674 8.284187e-01 2.439792e+00
675 8.250117e-01 2.442574e+00
676 8.279117e-01 2.446421e+00
677 8.270996e-01 2.446681e+00
678 8.170418e-01 2.452032e+00
679 7.850814e-01 2.473608e+00
680 8.040254e-01 2.471852e+00
681 8.042052e-01 2.470523e+00
682 8.120596e-01 2.451124e+00
683 8.236927e-01 2.452177e+00
684 8.243469e-01 2.482182e+00
685 8.302628e-01 2.491008e+00
686 8.248323e-01 2.491953e+00
687 8.228534e-01 2.493108e+00
688 8.668426e-01 2.538396e+00
689 8.793041e-01 2.543313e+00
690 8.836788e-01 2.538082e+00
691 8.768021e-01 2.533467e+00
692 8.769799e-01 2.537313e+00
693 8.824217e-01 2.543735e+00
694 8.644684e-01 2.527974e+00
695 8.827055e-01 2.503714e+00
696 8.827158e-01 2.504043e+00
697 8.833896e-01 2.508312e+00
698 9.292234e-01 2.521278e+00
699 9.133347e-01 2.523009e+00
700 8.817926e-01 2.525925e+00
701 8.607208e-01 2.530201e+00
702 8.380095e-01 2.517398e+00
703 8.199612e-01 2.480635e+00
704 7.996484e-01 2.497310e+00
705 7.947950e-01 2.500688e+00
706 7.876921e-01 2.456012e+00
707 7.896087e-01 2.446607e+00
708 7.699187e-01 2.466449e+00
709 7.916120e-01 2.487998e+00
710 7.971747e-01 2.494889e+00
711 8.322129e-01 2.490806e+00
712 8.309897e-01 2.490657e+00
713 8.165729e-01 2.480080e+00
714 7.926058e-01 2.469324e+00
715 7.912879e-01 2.468779e+00
716 8.178611e-01 2.464427e+00
717 8.069315e-01 2.453817e+00
718 8.311543e-01 2.402319e+00
719 8.390681e-01 2.400277e+00
720 8.507113e-01 2.399957e+00
721 8.563792e-01 2.388896e+00
722 8.620968e-01 2.364903e+00
723 8.791725e-01 2.353234e+00
724 8.845773e-01 2.342989e+00
725 8.818916e-01 2.325465e+00
726 8.754523e-01 2.325840e+00
727 9.156945e-01 2.360987e+00
728 9.201901e-01 2.368188e+00
729 9.176783e-01 2.337981e+00
730 8.994801e-01 2.347285e+00
731 9.007771e-01 2.348899e+00
732 9.008671e-01 2.343837e+00
733 9.002634e-01 2.342607e+00
734 9.044799e-01 2.353823e+00
735 9.107475e-01 2.370329e+00
736 9.625431e-01 2.316607e+00
737 8.925118e-01 2.379192e+00
738 9.172178e-01 2.396953e+00
739 9.244899e-01 2.393727e+00
740 9.158419e-01 2.379250e+00
741 9.102315e-01 2.371834e+00
742 9.103590e-01 2.369611e+00
743 9.089976e-01 2.368453e+00
744 9.388419e-01 2.421329e+00
745 9.401438e-01 2.419413e+00
746 9.401927e-01 2.419406e+00
747 9.422572e-01 2.419961e+00
748 9.385686e-01 2.410298e+00
749 9.360267e-01 2.414834e+00
750 9.451510e-01 2.422729e+00
751 9.205312e-01 2.445565e+00
752 9.047020e-01 2.447260e+00
753 9.067151e-01 2.443953e+00
754 9.617098e-01 2.413516e+00
755 9.619315e-01 2.413450e+00
756 9.665662e-01 2.419459e+00
757 9.804326e-01 2.409574e+00
758 9.780067e-01 2.414045e+00
759 9.783584e-01 2.406542e+00
760 1.009997e+00 2.417898e+00
761 1.006843e+00 2.415255e+00
762 1.035183e+00 2.422828e+00
763 1.034390e+00 2.419439e+00
764 1.041217e+00 2.424477e+00
765 1.039199e+00 2.399220e+00
766 1.042340e+00 2.389038e+00
767 1.055035e+00 2.410458e+00
768 1.035883e+00 2.416750e+00
769 1.033777e+00 2.410404e+00
770 1.042507e+00 2.421015e+00
771 1.041830e+00 2.420508e+00
772 1.023392e+00 2.395055e+00
773 9.814527e-01 2.343210e+00
774 9.909870e-01 2.350763e+00
775 1.023631e+00 2.376828e+00
776 1.012795e+00 2.390918e+00
777 9.987271e-01 2.416467e+00
778 9.976269e-01 2.407009e+00
779 9.585263e-01 2.396244e+00
780 9.631607e-01 2.399236e+00
781 9.466146e-01 2.401891e+00
782 9.411717e-01 2.402838e+00
783 9.788842e-01 2.427805e+00
784 9.816624e-01 2.428792e+00
785 9.780402e-01 2.426769e+00
786 9.666918e-01 2.410096e+00
787 9.621806e-01 2.415899e+00
788 9.393548e-01 2.398360e+00
789 9.178145e-01 2.414135e+00
790 9.185890e-01 2.412665e+00
791 9.211525e-01 2.407231e+00
792 9.212023e-01 2.421111e+00
793 9.051439e-01 2.412510e+00
794 8.972721e-01 2.413625e+00
795 8.974571e-01 2.422740e+00
796 9.265513e-01 2.496166e+00
797 9.272419e-01 2.497682e+00
798 9.393040e-01 2.489459e+00
799 9.634884e-01 2.513872e+00
800 9.681733e-01 2.518538e+00
801 9.571442e-01 2.542947e+00
802 9.650807e-01 2.556500e+00
803 9.897992e-01 2.596248e+00
804 1.000025e+00 2.589738e+00
805 1.001996e+00 2.611240e+00
806 1.020592e+00 2.602259e+00
807 1.010344e+00 2.605183e+00
808 1.021006e+00 2.586310e+00
809 1.041714e+00 2.574600e+00
810 1.040654e+00 2.525821e+00
811 1.040691e+00 2.525781e+00
812 1.036560e+00 2.508742e+00
813 1.026103e+00 2.523120e+00
814 1.025815e+00 2.517134e+00
815 1.041706e+00 2.497186e+00
816 1.049136e+00 2.470803e+00
817 1.043120e+00 2.476678e+00
818 1.047716e+00 2.474711e+00
819 1.051169e+00 2.472962e+00
820 9.967595e-01 2.524170e+00
821 9.860859e-01 2.556273e+00
822 9.848177e-01 2.556365e+00
823 9.842012e-01 2.528145e+00
824 9.746367e-01 2.528701e+00
825 9.859693e-01 2.542425e+00
826 1.005158e+00 2.536151e+00
827 1.007344e+00 2.533960e+00
828 9.477302e-01 2.587556e+00
829 9.501878e-01 2.572246e+00
830 9.619264e-01 2.595225e+00
831 9.630406e-01 2.594947e+00
832 9.538178e-01 2.583704e+00
833 9.589071e-01 2.585647e+00
834 9.902604e-01 2.581532e+00
835 9.792336e-01 2.599915e+00
836 9.627639e-01 2.566712e+00
837 9.590652e-01 2.576351e+00
838 9.574805e-01 2.562355e+00
839 9.639107e-01 2.552560e+00
840 1.016473e+00 2.527908e+00
841 1.016415e+00 2.527894e+00
842 1.045710e+00 2.535957e+00
843 1.055604e+00 2.519992e+00
844 1.051317e+00 2.498939e+00
845 1.056012e+00 2.507851e+00
846 1.031057e+00 2.523938e+00
847 9.857000e-01 2.578529e+00
848 9.673318e-01 2.505987e+00
849 1.030350e+00 2.494754e+00
850 1.039424e+00 2.520346e+00
851 1.029894e+00 2.517626e+00
852 1.029836e+00 2.519912e+00
853 1.027609e+00 2.521308e+00
854 1.013064e+00 2.510657e+00
855 1.003267e+00 2.508887e+00
856 9.993392e-01 2.517919e+00
857 9.973425e-01 2.504561e+00
858 9.885304e-01 2.524274e+00
859 9.890816e-01 2.530110e+00
860 9.769361e-01 2.513351e+00
861 9.377680e-01 2.526096e+00
862 9.320653e-01 2.527538e+00
863 9.274274e-01 2.523355e+00
864 9.492508e-01 2.509898e+00
865 9.441091e-01 2.523368e+00
866 9.586133e-01 2.518024e+00
867 9.597100e-01 2.520701e+00
868 9.656083e-01 2.503631e+00
869 9.856140e-01 2.503042e+00
870 9.927823e-01 2.497222e+00
871 1.007365e+00 2.488512e+00
872 1.032938e+00 2.496353e+00
873 1.018371e+00 2.498686e+00
874 1.018695e+00 2.498389e+00
875 1.020526e+00 2.494855e+00
876 1.028614e+00 2.490402e+00
877 1.087959e+00 2.561982e+00
878 1.093243e+00 2.502591e+00
879 1.102626e+00 2.505370e+00
880 1.097278e+00 2.523803e+00
881 1.076164e+00 2.542122e+00
882 1.071913e+00 2.540527e+00
883 1.065759e+00 2.605068e+00
884 1.057719e+00 2.579335e+00
885 1.070331e+00 2.567806e+00
886 1.053827e+00 2.571851e+00
887 1.054791e+00 2.572525e+00
888 1.052156e+00 2.567861e+00
889 1.063606e+00 2.576419e+00
890 1.062106e+00 2.578810e+00
891 1.063268e+00 2.580263e+00
892 1.053803e+00 2.541072e+00
893 1.041633e+00 2.541426e+00
894 1.054673e+00 2.550520e+00
895 1.098439e+00 2.565529e+00
896 1.093888e+00 2.549531e+00
897 1.105517e+00 2.549080e+00
898 1.103358e+00 2.555456e+00
899 1.087401e+00 2.576688e+00
900 1.102716e+00 2.573806e+00
901 1.081463e+00 2.582657e+00
902 1.105752e+00 2.582535e+00
903 1.103354e+00 2.590371e+00
904 1.102532e+00 2.591027e+00
905 1.108030e+00 2.586361e+00
906 1.108285e+00 2.586708e+00
907 1.102649e+00 2.584170e+00
908 1.136862e+00 2.595492e+00
909 1.135091e+00 2.555460e+00
910 1.133389e+00 2.559018e+00
911 1.133564e+00 2.559467e+00
912 1.126955e+00 2.572745e+00
913 1.141864e+00 2.573437e+00
914 1.137327e+00 2.601260e+00
915 1.099401e+00 2.526301e+00
916 1.099714e+00 2.528503e+00
917 1.110110e+00 2.535395e+00
918 1.116231e+00 2.527934e+00
919 1.125878e+00 2.525785e+00
920 1.135260e+00 2.456790e+00
921 1.153527e+00 2.459713e+00
922 1.157533e+00 2.469208e+00
923 1.132946e+00 2.467106e+00
924 1.131854e+00 2.467500e+00
925 1.137128e+00 2.467391e+00
926 1.071560e+00 2.492857e+00
927 1.053011e+00 2.499390e+00
928 1.047947e+00 2.496921e+00
929 1.048638e+00 2.494804e+00
930 1.048505e+00 2.487235e+00
931 1.027324e+00 2.484288e+00
932 1.031548e+00 2.490330e+00
933 1.042649e+00 2.434671e+00
934 1.028928e+00 2.437362e+00
935 1.028587e+00 2.437760e+00
936 1.044592e+00 2.435813e+00
937 1.013936e+00 2.411128e+00
938 1.041769e+00 2.409170e+00
939 1.054592e+00 2.450779e+00
940 1.049043e+00 2.472145e+00
941 1.044917e+00 2.479365e+00
942 1.041371e+00 2.479847e+00
943 1.041858e+00 2.485994e+00
944 1.046720e+00 2.483112e+00
945 1.063415e+00 2.475877e+00
946 1.045072e+00 2.483408e+00
947 1.039172e+00 2.483151e+00
948 1.040312e+00 2.482800e+00
949 1.054118e+00 2.388880e+00
950 1.060573e+00 2.367678e+00
951 1.116412e+00 2.418090e+00
952 1.116744e+00 2.425160e+00
953 1.117843e+00 2.426742e+00
954 1.118262e+00 2.427955e+00
955 1.098516e+00 2.423263e+00
956 1.067527e+00 2.418245e+00
957 1.056711e+00 2.416667e+00
958 1.053471e+00 2.411390e+00
959 1.037762e+00 2.390591e+00
960 1.051739e+00 2.392775e+00
961 1.039919e+00 2.378406e+00
962 1.041977e+00 2.450779e+00
963 1.059186e+00 2.488751e+00
964 1.048991e+00 2.507825e+00
965 1.024458e+00 2.518848e+00
966 1.015534e+00 2.526314e+00
967 1.015744e+00 2.532332e+00
968 1.019887e+00 2.528104e+00
969 1.021846e+00 2.531206e+00
970 1.010653e+00 2.504927e+00
971 9.889960e-01 2.493833e+00
972 9.892852e-01 2.493905e+00
973 1.008507e+00 2.485039e+00
974 9.833109e-01 2.495676e+00
975 9.714198e-01 2.508513e+00
976 9.767644e-01 2.499538e+00
977 9.006099e-01 2.460532e+00
978 9.275398e-01 2.442752e+00
979 9.085033e-01 2.443237e+00
980 8.780619e-01 2.452875e+00
981 8.669286e-01 2.463539e+00
982 8.287870e-01 2.470258e+00
983 8.329139e-01 2.476054e+00
984 8.125645e-01 2.481055e+00
985 8.127846e-01 2.481752e+00
986 8.181245e-01 2.477147e+00
987 8.265031e-01 2.483152e+00
988 8.238668e-01 2.487694e+00
989 9.037446e-01 2.522819e+00
990 9.096955e-01 2.494163e+00
991 9.138011e-01 2.490368e+00
992 9.233270e-01 2.488638e+00
993 9.098632e-01 2.502035e+00
994 9.301626e-01 2.518049e+00
995 8.962795e-01 2.494110e+00
996 8.792548e-01 2.500904e+00
997 8.790203e-01 2.500819e+00
998 8.587626e-01 2.481037e+00
999 8.645955e-01 2.485532e+00
1000 8.356735e-01 2.429644e+00
1001 8.454287e-01 2.432869e+00
1002 8.601485e-01 2.388866e+00
1003 8.709432e-01 2.335294e+00
1004 8.785608e-01 2.332419e+00
1005 8.693712e-01 2.362959e+00
1006 8.608405e-01 2.373155e+00
1007 8.603059e-01 2.373979e+00
1008 8.934216e-01 2.385953e+00
1009 8.850434e-01 2.386654e+00
1010 8.740945e-01 2.385317e+00
1011 8.729771e-01 2.385359e+00
1012 8.773651e-01 2.378350e+00
1013 8.726426e-01 2.355336e+00
1014 8.621319e-01 2.355081e+00
1015 8.568992e-01 2.344997e+00
1016 8.889053e-01 2.426932e+00
1017 8.838571e-01 2.434044e+00
1018 8.838830e-01 2.434139e+00
1019 8.500713e-01 2.444207e+00
1020 8.551562e-01 2.447902e+00
1021 8.604502e-01 2.485593e+00
1022 8.689392e-01 2.483740e+00
1023 8.585326e-01 2.448135e+00
1024 8.391649e-01 2.463056e+00
1025 8.439745e-01 2.440816e+00
1026 8.232016e-01 2.499491e+00
1027 8.256940e-01 2.500254e+00
1028 8.220294e-01 2.497286e+00
1029 8.325019e-01 2.475786e+00
1030 8.564393e-01 2.515786e+00
1031 8.543491e-01 2.512886e+00
1032 8.529395e-01 2.524014e+00
1033 8.496198e-01 2.535078e+00
1034 8.162304e-01 2.522961e+00
1035 8.166511e-01 2.522870e+00
1036 8.443619e-01 2.570601e+00
1037 8.445785e-01 2.572935e+00
1038 8.887554e-01 2.433909e+00
1039 8.722860e-01 2.427067e+00
1040 8.622976e-01 2.423609e+00
1041 8.424421e-01 2.426956e+00
1042 8.424369e-01 2.426955e+00
1043 8.505332e-01 2.411703e+00
1044 8.711090e-01 2.428394e+00
1045 8.713566e-01 2.427938e+00
1046 8.379806e-01 2.449218e+00
1047 8.506017e-01 2.443838e+00
1048 8.416726e-01 2.447297e+00
1049 8.601603e-01 2.432911e+00
1050 8.801684e-01 2.440283e+00
1051 8.811278e-01 2.441584e+00
1052 8.769945e-01 2.452876e+00
1053 8.565616e-01 2.420449e+00
1054 8.594173e-01 2.421546e+00
1055 8.627299e-01 2.433788e+00
1056 8.608065e-01 2.442207e+00
1057 8.621986e-01 2.435403e+00
1058 8.759625e-01 2.439845e+00
1059 8.733675e-01 2.446625e+00
1060 8.685134e-01 2.443316e+00
1061 8.308832e-01 2.464857e+00
1062 8.263633e-01 2.410671e+00
1063 8.338686e-01 2.405382e+00
1064 8.380327e-01 2.397392e+00
1065 8.385734e-01 2.399400e+00
1066 8.333387e-01 2.400699e+00
1067 8.327098e-01 2.401360e+00
1068 8.380896e-01 2.398398e+00
1069 8.476582e-01 2.414959e+00
1070 8.472714e-01 2.415536e+00
1071 8.470906e-01 2.415636e+00
1072 8.271467e-01 2.436160e+00
1073 8.426264e-01 2.428979e+00
1074 8.399069e-01 2.435757e+00
1075 8.670038e-01 2.418483e+00
1076 8.668089e-01 2.417574e+00
1077 8.822758e-01 2.429620e+00
1078 8.735333e-01 2.444636e+00
1079 8.685557e-01 2.407499e+00
1080 8.622870e-01 2.403397e+00
1081 8.626701e-01 2.404098e+00
1082 9.086221e-01 2.413897e+00
1083 9.125426e-01 2.424911e+00
1084 9.027285e-01 2.442081e+00
1085 9.030354e-01 2.429442e+00
1086 8.539811e-01 2.475939e+00
1087 8.288771e-01 2.480783e+00
1088 8.312224e-01 2.475564e+00
1089 8.495291e-01 2.461065e+00
1090 8.491770e-01 2.460769e+00
1091 8.435576e-01 2.465244e+00
1092 8.287781e-01 2.464091e+00
1093 8.230089e-01 2.489072e+00
1094 8.103868e-01 2.471858e+00
1095 8.149914e-01 2.488743e+00
1096 8.160776e-01 2.488941e+00
1097 8.133829e-01 2.490352e+00
1098 8.223922e-01 2.524684e+00
1099 7.923157e-01 2.491311e+00
1100 7.984128e-01 2.543606e+00
1101 8.004928e-01 2.542715e+00
1102 7.936587e-01 2.540483e+00
1103 8.105712e-01 2.519452e+00
1104 8.257691e-01 2.512110e+00
1105 7.953481e-01 2.524102e+00
1106 7.949750e-01 2.525416e+00
1107 8.007413e-01 2.529526e+00
1108 7.995569e-01 2.530168e+00
1109 7.952512e-01 2.522372e+00
1110 8.018125e-01 2.523406e+00
1111 8.012123e-01 2.523314e+00
1112 8.027611e-01 2.495499e+00
1113 8.018910e-01 2.493282e+00
1114 7.430042e-01 2.511434e+00
1115 6.991343e-01 2.513241e+00
1116 6.932934e-01 2.520181e+00
1117 6.876296e-01 2.517341e+00
1118 6.886407e-01 2.500739e+00
1119 6.818941e-01 2.595788e+00
1120 6.824688e-01 2.592971e+00
1121 6.925691e-01 2.590908e+00
1122 6.553011e-01 2.623640e+00
1123 6.059369e-01 2.612914e+00
1124 6.177031e-01 2.561084e+00
1125 6.168873e-01 2.560138e+00
1126 6.284558e-01 2.551371e+00
1127 5.793490e-01 2.548347e+00
1128 5.461282e-01 2.531165e+00
1129 5.462015e-01 2.531341e+00
1130 5.467450e-01 2.529664e+00
1131 5.447194e-01 2.533190e+00
1132 5.579873e-01 2.530856e+00
1133 6.245241e-01 2.465546e+00
1134 6.255293e-01 2.466262e+00
1135 6.275406e-01 2.474793e+00
1136 6.024751e-01 2.464819e+00
1137 5.752272e-01 2.441340e+00
1138 5.797510e-01 2.449736e+00
1139 5.891693e-01 2.425650e+00
1140 5.681695e-01 2.448528e+00
1141 6.171262e-01 2.449328e+00
1142 6.238713e-01 2.452114e+00
1143 6.325935e-01 2.442360e+00
1144 5.759873e-01 2.478150e+00
1145 5.646731e-01 2.473349e+00
1146 5.467146e-01 2.460716e+00
1147 5.382468e-01 2.460579e+00
1148 5.360837e-01 2.460280e+00
1149 5.391098e-01 2.461302e+00
1150 5.469973e-01 2.447666e+00
1151 5.556196e-01 2.447709e+00
1152 5.554992e-01 2.448662e+00
1153 5.655304e-01 2.462939e+00
1154 5.666305e-01 2.468581e+00
1155 5.585713e-01 2.473066e+00
1156 5.527188e-01 2.479654e+00
1157 5.384216e-01 2.443042e+00
1158 5.327684e-01 2.442570e+00
1159 5.879839e-01 2.378899e+00
1160 5.948539e-01 2.375366e+00
1161 6.008360e-01 2.370173e+00
1162 6.235681e-01 2.359260e+00
1163 6.363814e-01 2.310538e+00
1164 7.281069e-01 2.408996e+00
1165 7.569799e-01 2.438444e+00
1166 7.598200e-01 2.449736e+00
1167 7.515471e-01 2.484144e+00
1168 7.482349e-01 2.489333e+00
1169 7.579456e-01 2.512422e+00
1170 7.343804e-01 2.550445e+00
1171 7.494570e-01 2.535141e+00
1172 7.312801e-01 2.543765e+00
1173 7.380236e-01 2.528732e+00
1174 7.279698e-01 2.545670e+00
1175 7.951554e-01 2.550749e+00
1176 7.952876e-01 2.552473e+00
1177 8.001425e-01 2.559126e+00
1178 8.012902e-01 2.570157e+00
1179 8.151076e-01 2.594006e+00
1180 8.147241e-01 2.595416e+00
1181 8.094509e-01 2.598243e+00
1182 8.078322e-01 2.597393e+00
1183 8.117221e-01 2.596315e+00
1184 7.972904e-01 2.585930e+00
1185 7.979489e-01 2.586477e+00
1186 8.035313e-01 2.585831e+00
1187 7.974793e-01 2.573611e+00
1188 7.995865e-01 2.579018e+00
1189 7.962469e-01 2.571417e+00
1190 7.990169e-01 2.576797e+00
1191 8.073514e-01 2.603959e+00
1192 8.063352e-01 2.609259e+00
1193 8.077935e-01 2.606578e+00
1194 7.688977e-01 2.570352e+00
1195 8.054844e-01 2.603233e+00
1196 8.021796e-01 2.608676e+00
1197 8.192667e-01 2.651303e+00
1198 8.131280e-01 2.665439e+00
1199 8.062189e-01 2.650808e+00
1200 8.328578e-01 2.678550e+00
1201 8.242094e-01 2.688069e+00
1202 8.023151e-01 2.673912e+00
1203 8.049655e-01 2.677606e+00
1204 8.075295e-01 2.667077e+00
1205 8.168924e-01 2.688719e+00
1206 8.192656e-01 2.669042e+00
1207 8.333277e-01 2.641423e+00
1208 8.317595e-01 2.652058e+00
1209 8.396870e-01 2.650272e+00
1210 8.215191e-01 2.671231e+00
1211 8.521404e-01 2.689283e+00
1212 8.847023e-01 2.733293e+00
1213 9.084927e-01 2.718126e+00
1214 9.168164e-01 2.724093e+00
1215 9.118896e-01 2.707747e+00
1216 8.603033e-01 2.708734e+00
1217 8.587915e-01 2.708824e+00
1218 8.455337e-01 2.720773e+00
1219 8.241924e-01 2.702784e+00
1220 8.858172e-01 2.657227e+00
1221 9.170143e-01 2.685938e+00
1222 9.470313e-01 2.695652e+00
1223 9.455900e-01 2.697517e+00
1224 9.483469e-01 2.693328e+00
1225 9.387370e-01 2.742999e+00
1226 9.466903e-01 2.749348e+00
1227 8.829641e-01 2.747105e+00
1228 8.475146e-01 2.705650e+00
1229 8.470566e-01 2.668507e+00
1230 8.520515e-01 2.667271e+00
1231 8.507481e-01 2.668763e+00
1232 8.561042e-01 2.663489e+00
1233 8.495672e-01 2.666720e+00
1234 8.525576e-01 2.668220e+00
1235 8.459833e-01 2.673858e+00
1236 8.462289e-01 2.672358e+00
1237 8.478311e-01 2.671381e+00
1238 8.413978e-01 2.689761e+00
1239 8.639091e-01 2.676437e+00
1240 8.632633e-01 2.691057e+00
1241 8.775264e-01 2.668835e+00
1242 8.789647e-01 2.690061e+00
1243 8.993082e-01 2.681490e+00
1244 8.944635e-01 2.682606e+00
1245 8.918154e-01 2.677634e+00
1246 8.695446e-01 2.629386e+00
1247 8.747369e-01 2.618810e+00
1248 8.597815e-01 2.615972e+00
1249 7.767449e-01 2.504375e+00
1250 7.896252e-01 2.508485e+00
1251 8.111791e-01 2.562010e+00
1252 8.223045e-01 2.515736e+00
1253 8.206825e-01 2.537987e+00
1254 8.470911e-01 2.520323e+00
1255 8.458368e-01 2.523508e+00
1256 8.444248e-01 2.528079e+00
1257 8.440251e-01 2.521082e+00
1258 8.441592e-01 2.521059e+00
1259 8.504810e-01 2.495324e+00
1260 8.461493e-01 2.494794e+00
1261 8.385107e-01 2.436533e+00
1262 8.668426e-01 2.433907e+00
1263 8.431288e-01 2.430882e+00
1264 8.519304e-01 2.451444e+00
1265 8.389582e-01 2.447570e+00
1266 8.387236e-01 2.447610e+00
1267 8.379203e-01 2.449144e+00
1268 8.404224e-01 2.448515e+00
1269 8.708610e-01 2.502050e+00
1270 8.725805e-01 2.503666e+00
1271 9.001375e-01 2.509024e+00
1272 9.001316e-01 2.509179e+00
1273 8.901334e-01 2.526878e+00
1274 8.688418e-01 2.507424e+00
1275 9.080160e-01 2.563229e+00
1276 9.013024e-01 2.552935e+00
1277 1.074694e+00 2.535565e+00
1278 1.081465e+00 2.538629e+00
1279 1.088828e+00 2.529756e+00
1280 1.094300e+00 2.505335e+00
1281 1.084274e+00 2.496640e+00
1282 1.091053e+00 2.485898e+00
1283 1.087751e+00 2.509282e+00
1284 1.093864e+00 2.510406e+00
1285 1.095953e+00 2.508870e+00
1286 1.079200e+00 2.513271e+00
1287 1.078495e+00 2.505568e+00
1288 1.059248e+00 2.497863e+00
1289 1.042956e+00 2.499754e+00
1290 1.034986e+00 2.498226e+00
1291 1.036878e+00 2.511262e+00
1292 1.040826e+00 2.520365e+00
1293 1.030345e+00 2.510979e+00
1294 1.031882e+00 2.510187e+00
1295 1.019320e+00 2.499718e+00
1296 1.020343e+00 2.500587e+00
1297 1.021993e+00 2.499542e+00
1298 9.786378e-01 2.509243e+00
1299 9.831366e-01 2.511435e+00
1300 9.383212e-01 2.516120e+00
1301 9.244306e-01 2.534360e+00
1302 9.489791e-01 2.557195e+00
1303 9.452973e-01 2.545720e+00
1304 9.427173e-01 2.545188e+00
1305 9.173162e-01 2.571875e+00
1306 9.167905e-01 2.575594e+00
1307 9.179919e-01 2.573666e+00
1308 9.161224e-01 2.572371e+00
1309 8.936317e-01 2.526088e+00
1310 8.951998e-01 2.526140e+00
1311 8.793776e-01 2.523227e+00
1312 8.907977e-01 2.488646e+00
1313 8.838651e-01 2.505283e+00
1314 8.404278e-01 2.528697e+00
1315 8.580466e-01 2.542547e+00
1316 8.765103e-01 2.562004e+00
1317 8.153091e-01 2.665942e+00
1318 8.199550e-01 2.665238e+00
1319 8.198367e-01 2.661778e+00
1320 8.210657e-01 2.651801e+00
1321 7.992541e-01 2.694595e+00
1322 7.567986e-01 2.708184e+00
1323 7.467266e-01 2.703892e+00
1324 7.521056e-01 2.706653e+00
1325 7.567883e-01 2.707023e+00
1326 7.348943e-01 2.658753e+00
1327 7.264202e-01 2.624504e+00
1328 7.279533e-01 2.632964e+00
1329 7.369216e-01 2.636051e+00
1330 7.359501e-01 2.636650e+00
1331 7.356833e-01 2.635918e+00
1332 7.268482e-01 2.624688e+00
1333 7.276650e-01 2.634615e+00
1334 7.210539e-01 2.625697e+00
1335 7.249512e-01 2.629622e+00
1336 7.244227e-01 2.628778e+00
1337 7.295316e-01 2.639356e+00
1338 7.295297e-01 2.638196e+00
1339 7.818782e-01 2.620527e+00
1340 7.821536e-01 2.624999e+00
1341 7.852068e-01 2.619593e+00
1342 7.875201e-01 2.620087e+00
1343 7.954122e-01 2.633023e+00
1344 7.952318e-01 2.624373e+00
1345 8.128442e-01 2.628460e+00
1346 8.209862e-01 2.633548e+00
1347 8.380183e-01 2.639375e+00
1348 8.175871e-01 2.614211e+00
1349 8.124343e-01 2.607849e+00
1350 8.268357e-01 2.622958e+00
1351 8.733745e-01 2.593798e+00
1352 8.609652e-01 2.591565e+00
1353 8.558365e-01 2.581067e+00
1354 8.544594e-01 2.578983e+00
1355 8.337303e-01 2.623242e+00
1356 7.806858e-01 2.553408e+00
1357 7.755599e-01 2.554888e+00
1358 7.562455e-01 2.561918e+00
1359 7.641852e-01 2.567004e+00
1360 7.749931e-01 2.558632e+00
1361 7.748965e-01 2.558663e+00
1362 7.740237e-01 2.560903e+00
1363 7.896040e-01 2.571238e+00
1364 7.883710e-01 2.553551e+00
1365 7.863959e-01 2.557558e+00
1366 7.831908e-01 2.557973e+00
1367 7.800179e-01 2.564778e+00
1368 8.374433e-01 2.521899e+00
1369 8.329914e-01 2.524440e+00
1370 8.323497e-01 2.525044e+00
1371 8.302792e-01 2.517896e+00
1372 8.025933e-01 2.509797e+00
1373 8.021079e-01 2.508011e+00
1374 7.626063e-01 2.501786e+00
1375 6.687611e-01 2.552542e+00
1376 6.779133e-01 2.540730e+00
1377 6.858532e-01 2.553145e+00
1378 6.963387e-01 2.535663e+00
1379 6.517702e-01 2.512347e+00
1380 6.768652e-01 2.538314e+00
1381 6.778351e-01 2.539918e+00
1382 6.950119e-01 2.551740e+00
1383 6.384512e-01 2.538574e+00
1384 6.290787e-01 2.545372e+00
1385 6.467258e-01 2.502567e+00
1386 6.446903e-01 2.503201e+00
1387 6.395903e-01 2.511263e+00
1388 5.798950e-01 2.559430e+00
1389 5.783142e-01 2.559642e+00
1390 5.939626e-01 2.535921e+00
1391 6.007926e-01 2.537565e+00
1392 6.192528e-01 2.521479e+00
1393 5.751421e-01 2.567379e+00
1394 5.868802e-01 2.565824e+00
1395 6.243464e-01 2.596010e+00
1396 6.396228e-01 2.616650e+00
1397 6.340081e-01 2.617316e+00
1398 6.924722e-01 2.630741e+00
1399 6.844306e-01 2.630683e+00
1400 6.987413e-01 2.585696e+00
1401 6.755599e-01 2.568160e+00
1402 6.681966e-01 2.566568e+00
1403 6.665685e-01 2.576136e+00
1404 6.131807e-01 2.530957e+00
1405 6.250250e-01 2.526329e+00
1406 6.319531e-01 2.525208e+00
1407 6.323251e-01 2.533217e+00
1408 6.875360e-01 2.573627e+00
1409 6.974165e-01 2.582022e+00
1410 6.916774e-01 2.570462e+00
1411 6.828441e-01 2.571463e+00
1412 6.390132e-01 2.617847e+00
1413 6.375821e-01 2.632884e+00
1414 6.462517e-01 2.627787e+00
1415 6.549499e-01 2.643018e+00
1416 6.426887e-01 2.626119e+00
1417 6.396992e-01 2.628297e+00
1418 6.410870e-01 2.627323e+00
1419 5.829868e-01 2.588468e+00
1420 5.905361e-01 2.595370e+00
1421 5.933566e-01 2.594001e+00
1422 5.876303e-01 2.600040e+00
1423 5.912001e-01 2.598667e+00
1424 5.962616e-01 2.603657e+00
1425 6.012894e-01 2.602462e+00
1426 5.916417e-01 2.601261e+00
1427 6.083325e-01 2.585028e+00
1428 5.968822e-01 2.563108e+00
1429 6.024670e-01 2.551641e+00
1430 6.145197e-01 2.538924e+00
1431 6.108371e-01 2.496480e+00
1432 6.156874e-01 2.499445e+00
1433 6.160735e-01 2.491951e+00
1434 6.245681e-01 2.501454e+00
1435 6.175789e-01 2.481289e+00
1436 6.184711e-01 2.481805e+00
1437 6.314936e-01 2.479879e+00
1438 6.142972e-01 2.475431e+00
1439 6.217068e-01 2.477824e+00
1440 6.483693e-01 2.507063e+00
1441 6.289853e-01 2.493314e+00
1442 6.301419e-01 2.498750e+00
1443 6.286423e-01 2.499910e+00
1444 6.388107e-01 2.482696e+00
1445 6.336891e-01 2.491518e+00
1446 6.740032e-01 2.516097e+00
1447 6.715156e-01 2.519047e+00
1448 6.717135e-01 2.521867e+00
1449 6.679391e-01 2.535784e+00
1450 6.455175e-01 2.539304e+00
1451 6.585573e-01 2.614680e+00
1452 6.463443e-01 2.617181e+00
1453 6.443054e-01 2.616893e+00
1454 6.453979e-01 2.617236e+00
1455 6.439810e-01 2.615881e+00
1456 6.450769e-01 2.607862e+00
1457 6.406324e-01 2.604591e+00
1458 6.433828e-01 2.604592e+00
1459 6.424151e-01 2.604908e+00
1460 6.527699e-01 2.614762e+00
1461 6.541386e-01 2.611971e+00
1462 6.471281e-01 2.617490e+00
1463 6.575504e-01 2.598067e+00
1464 6.578346e-01 2.595997e+00
1465 6.533549e-01 2.605311e+00
1466 6.505854e-01 2.607048e+00
1467 6.781014e-01 2.613752e+00
1468 6.959448e-01 2.555094e+00
1469 6.990722e-01 2.510411e+00
1470 7.082976e-01 2.494405e+00
1471 7.129206e-01 2.509404e+00
1472 6.345056e-01 2.533112e+00
1473 6.422783e-01 2.536508e+00
1474 6.388751e-01 2.537055e+00
1475 6.118479e-01 2.536726e+00
1476 6.118264e-01 2.536746e+00
1477 6.445796e-01 2.542951e+00
1478 6.413655e-01 2.544577e+00
1479 6.369073e-01 2.529588e+00
1480 6.440269e-01 2.532696e+00
1481 6.274294e-01 2.526858e+00
1482 6.648531e-01 2.505647e+00
1483 6.649622e-01 2.505467e+00
1484 6.609620e-01 2.493923e+00
1485 6.344805e-01 2.447024e+00
1486 6.343859e-01 2.447178e+00
1487 6.427610e-01 2.441439e+00
1488 5.606609e-01 2.425646e+00
1489 5.596600e-01 2.425739e+00
1490 5.504629e-01 2.431872e+00
1491 5.290735e-01 2.404506e+00
1492 5.777526e-01 2.466066e+00
1493 5.768895e-01 2.463297e+00
1494 5.896742e-01 2.445630e+00
1495 5.776072e-01 2.448637e+00
1496 5.696050e-01 2.447886e+00
1497 5.678261e-01 2.452948e+00
1498 5.760961e-01 2.447974e+00
1499 6.343840e-01 2.349259e+00
1500 6.227514e-01 2.323780e+00
1501 6.138306e-01 2.305463e+00
1502 6.155072e-01 2.304999e+00
1503 6.115697e-01 2.292211e+00
1504 6.185858e-01 2.282731e+00
1505 6.168618e-01 2.283601e+00
1506 6.252786e-01 2.281075e+00
1507 6.228377e-01 2.280577e+00
1508 6.420081e-01 2.394434e+00
1509 6.529874e-01 2.349495e+00
1510 6.532374e-01 2.349898e+00
1511 6.604054e-01 2.353521e+00
1512 6.476760e-01 2.356708e+00
1513 6.475583e-01 2.353275e+00
1514 6.225058e-01 2.372643e+00
1515 6.650743e-01 2.390475e+00
1516 6.600381e-01 2.376218e+00
1517 6.256906e-01 2.371126e+00
1518 6.229884e-01 2.378449e+00
1519 6.186288e-01 2.379709e+00
1520 6.263548e-01 2.401117e+00
1521 6.204861e-01 2.401786e+00
1522 6.716317e-01 2.319707e+00
1523 6.832159e-01 2.338198e+00
1524 6.795654e-01 2.345500e+00
1525 7.352400e-01 2.362814e+00
1526 7.303834e-01 2.361413e+00
1527 7.027631e-01 2.344030e+00
1528 7.026591e-01 2.354124e+00
1529 6.925626e-01 2.325119e+00
1530 6.954081e-01 2.300872e+00
1531 6.963209e-01 2.279852e+00
1532 7.242905e-01 2.261876e+00
1533 7.242385e-01 2.261234e+00
1534 7.299573e-01 2.243105e+00
1535 7.372613e-01 2.252830e+00
1536 7.412496e-01 2.255035e+00
1537 7.513623e-01 2.256508e+00
1538 7.736580e-01 2.251086e+00
1539 7.966179e-01 2.250360e+00
1540 7.989600e-01 2.253493e+00
1541 7.942226e-01 2.251310e+00
1542 7.835711e-01 2.286481e+00
1543 7.844549e-01 2.287945e+00
1544 8.254130e-01 2.268954e+00
1545 8.065761e-01 2.274904e+00
1546 8.081051e-01 2.273308e+00
1547 8.028101e-01 2.281182e+00
1548 8.022764e-01 2.286388e+00
1549 7.929988e-01 2.309662e+00
1550 8.051772e-01 2.313203e+00
1551 8.182520e-01 2.296449e+00
1552 7.521198e-01 2.313265e+00
1553 7.567942e-01 2.337054e+00
1554 7.797223e-01 2.330672e+00
1555 8.231500e-01 2.313443e+00
1556 8.137316e-01 2.312678e+00
1557 8.091113e-01 2.300286e+00
1558 8.078791e-01 2.302713e+00
1559 8.181168e-01 2.308433e+00
1560 8.609513e-01 2.324438e+00
1561 8.766223e-01 2.340800e+00
1562 8.768162e-01 2.341260e+00
1563 8.766977e-01 2.341237e+00
1564 8.708940e-01 2.363143e+00
1565 8.967786e-01 2.365448e+00
1566 8.896702e-01 2.362229e+00
1567 8.935745e-01 2.360541e+00
1568 8.954205e-01 2.353383e+00
1569 9.065483e-01 2.339154e+00
1570 9.088456e-01 2.344490e+00
1571 8.929313e-01 2.317531e+00
1572 9.007697e-01 2.315945e+00
1573 9.345807e-01 2.273890e+00
1574 9.466549e-01 2.314183e+00
1575 9.467334e-01 2.315358e+00
1576 9.666344e-01 2.342421e+00
1577 9.719793e-01 2.344963e+00
1578 9.717214e-01 2.336710e+00
1579 9.849024e-01 2.335473e+00
1580 9.659872e-01 2.311452e+00
1581 9.812940e-01 2.296964e+00
1582 9.771106e-01 2.304499e+00
1583 1.028694e+00 2.281128e+00
1584 1.031908e+00 2.280659e+00
1585 9.900530e-01 2.299816e+00
1586 9.843901e-01 2.288378e+00
1587 9.848918e-01 2.284971e+00
1588 9.741603e-01 2.291156e+00
1589 9.837179e-01 2.276172e+00
1590 9.778061e-01 2.293240e+00
1591 9.656063e-01 2.283313e+00
1592 9.614656e-01 2.330122e+00
1593 9.660157e-01 2.297124e+00
1594 9.668856e-01 2.302307e+00
1595 9.693444e-01 2.304484e+00
1596 9.956064e-01 2.292411e+00
1597 9.895772e-01 2.302219e+00
1598 9.823860e-01 2.297843e+00
1599 9.810898e-01 2.291716e+00
1600 9.684269e-01 2.245192e+00
1601 9.896384e-01 2.251210e+00
1602 9.625715e-01 2.250048e+00
1603 9.537072e-01 2.269791e+00
1604 9.555495e-01 2.303144e+00
1605 9.725779e-01 2.293603e+00
1606 9.610180e-01 2.295073e+00
1607 9.780679e-01 2.323590e+00
1608 9.789791e-01 2.326423e+00
1609 9.809468e-01 2.323361e+00
1610 9.766305e-01 2.286994e+00
1611 9.508496e-01 2.295083e+00
1612 9.504308e-01 2.297850e+00
1613 9.089044e-01 2.291994e+00
1614 9.062739e-01 2.291285e+00
1615 9.056852e-01 2.292242e+00
1616 8.936077e-01 2.274241e+00
1617 8.891627e-01 2.272614e+00
1618 8.891877e-01 2.272637e+00
1619 9.009495e-01 2.292449e+00
1620 8.962802e-01 2.294531e+00
1621 8.894161e-01 2.297311e+00
1622 8.965037e-01 2.285703e+00
1623 9.015833e-01 2.266407e+00
1624 9.017102e-01 2.266185e+00
1625 8.762736e-01 2.265990e+00
1626 8.801726e-01 2.250144e+00
1627 8.908559e-01 2.260213e+00
1628 9.101469e-01 2.279026e+00
1629 9.114891e-01 2.288978e+00
1630 9.113471e-01 2.289227e+00
1631 9.154290e-01 2.292295e+00
1632 9.155698e-01 2.292359e+00
1633 8.812235e-01 2.280918e+00
1634 8.915358e-01 2.286548e+00
1635 8.909754e-01 2.284284e+00
1636 8.939545e-01 2.305249e+00
1637 8.937232e-01 2.306081e+00
1638 9.222994e-01 2.315393e+00
1639 9.147405e-01 2.303291e+00
1640 9.506380e-01 2.321403e+00
1641 9.519337e-01 2.322689e+00
1642 9.661968e-01 2.322421e+00
1643 9.673884e-01 2.321747e+00
1644 9.801064e-01 2.300311e+00
1645 1.001541e+00 2.305239e+00
1646 1.016309e+00 2.275926e+00
1647 1.011157e+00 2.280884e+00
1648 1.011827e+00 2.285170e+00
1649 9.845552e-01 2.271505e+00
1650 9.854035e-01 2.268656e+00
1651 9.732837e-01 2.273452e+00
1652 9.732082e-01 2.272374e+00
1653 9.927639e-01 2.222965e+00
1654 9.936074e-01 2.204251e+00
1655 9.877766e-01 2.200833e+00
1656 9.913289e-01 2.200110e+00
1657 9.838917e-01 2.223023e+00
1658 1.003259e+00 2.209323e+00
1659 9.992851e-01 2.209743e+00
1660 9.753425e-01 2.209921e+00
1661 9.894846e-01 2.218673e+00
1662 9.833886e-01 2.182742e+00
1663 9.744107e-01 2.174882e+00
1664 9.579547e-01 2.234925e+00
1665 9.796920e-01 2.265833e+00
1666 9.788760e-01 2.264754e+00
1667 9.791742e-01 2.264203e+00
1668 9.872663e-01 2.270382e+00
1669 9.755593e-01 2.266436e+00
1670 9.507012e-01 2.263473e+00
1671 9.508521e-01 2.263201e+00
1672 9.454033e-01 2.266775e+00
1673 9.805439e-01 2.252776e+00
1674 9.738628e-01 2.250858e+00
1675 9.845284e-01 2.255483e+00
1676 9.844990e-01 2.255480e+00
1677 1.033417e+00 2.266628e+00
1678 1.016785e+00 2.266074e+00
1679 1.030488e+00 2.275033e+00
1680 1.047356e+00 2.278859e+00
1681 1.051394e+00 2.282162e+00
1682 1.052856e+00 2.282910e+00
1683 1.055178e+00 2.284766e+00
1684 1.050192e+00 2.279730e+00
1685 1.023143e+00 2.275595e+00
1686 1.034952e+00 2.257604e+00
1687 1.051310e+00 2.249253e+00
1688 1.056211e+00 2.248847e+00
1689 1.075908e+00 2.237589e+00
1690 1.081647e+00 2.257811e+00
1691 1.048633e+00 2.284985e+00
1692 1.047473e+00 2.285525e+00
1693 1.035114e+00 2.271233e+00
1694 1.032898e+00 2.267675e+00
1695 1.059040e+00 2.246280e+00
1696 1.081377e+00 2.234827e+00
1697 1.080871e+00 2.234082e+00
1698 1.085722e+00 2.238343e+00
1699 1.073527e+00 2.253528e+00
1700 1.051632e+00 2.264772e+00
1701 1.041631e+00 2.298854e+00
1702 1.041794e+00 2.297721e+00
1703 1.062478e+00 2.285775e+00
1704 1.020454e+00 2.291692e+00
1705 1.019667e+00 2.271885e+00
1706 1.025694e+00 2.262953e+00
1707 1.031187e+00 2.268640e+00
1708 1.000787e+00 2.262606e+00
1709 9.873883e-01 2.261033e+00
1710 9.895064e-01 2.224991e+00
1711 9.834079e-01 2.221568e+00
1712 9.912604e-01 2.228480e+00
1713 9.914353e-01 2.227106e+00
1714 9.957993e-01 2.221755e+00
1715 9.837652e-01 2.224251e+00
1716 9.888993e-01 2.227456e+00
1717 9.713069e-01 2.224597e+00
1718 9.699068e-01 2.224143e+00
1719 9.631826e-01 2.217878e+00
1720 9.578688e-01 2.220068e+00
1721 9.636704e-01 2.185029e+00
1722 9.620471e-01 2.176087e+00
1723 9.271290e-01 2.187461e+00
1724 9.246788e-01 2.182357e+00
1725 9.095238e-01 2.171165e+00
1726 9.222477e-01 2.145081e+00
1727 9.231628e-01 2.146197e+00
1728 9.363555e-01 2.109601e+00
1729 9.340308e-01 2.112141e+00
1730 9.338887e-01 2.112290e+00
1731 9.256410e-01 2.116382e+00
1732 9.377074e-01 2.095662e+00
1733 9.184451e-01 2.108551e+00
1734 9.313881e-01 2.086070e+00
1735 9.312868e-01 2.086270e+00
1736 9.294291e-01 2.086924e+00
1737 8.729767e-01 2.099871e+00
1738 8.712554e-01 2.090682e+00
1739 8.837720e-01 2.124153e+00
1740 8.878155e-01 2.121623e+00
1741 8.847783e-01 2.115433e+00
1742 8.818851e-01 2.115016e+00
1743 8.753229e-01 2.110945e+00
1744 8.646653e-01 2.112590e+00
1745 8.635712e-01 2.068184e+00
1746 8.594641e-01 2.067168e+00
1747 8.281339e-01 2.072236e+00
1748 8.036055e-01 2.032365e+00
1749 8.012590e-01 2.032229e+00
1750 8.147479e-01 2.031478e+00
1751 8.139787e-01 2.031539e+00
1752 7.943056e-01 2.035487e+00
1753 8.365366e-01 2.080141e+00
1754 8.374757e-01 2.078972e+00
1755 8.425469e-01 2.083420e+00
1756 8.422014e-01 2.084730e+00
1757 8.341835e-01 2.072793e+00
1758 8.231949e-01 2.042593e+00
1759 8.621170e-01 1.987131e+00
1760 8.545350e-01 1.986858e+00
1761 8.731228e-01 1.948281e+00
1762 8.637873e-01 1.959415e+00
1763 8.392290e-01 1.943314e+00
1764 8.401493e-01 1.943478e+00
1765 8.098526e-01 1.934068e+00
1766 8.309759e-01 1.928472e+00
1767 8.570870e-01 1.905772e+00
1768 8.712202e-01 1.886618e+00
1769 8.732448e-01 1.876538e+00
1770 8.515346e-01 1.878913e+00
1771 8.512710e-01 1.858919e+00
1772 8.352761e-01 1.857770e+00
1773 8.377458e-01 1.857195e+00
1774 8.263757e-01 1.839535e+00
1775 8.230619e-01 1.845941e+00
1776 8.137983e-01 1.829286e+00
1777 8.093773e-01 1.823122e+00
1778 8.153914e-01 1.838303e+00
1779 8.173886e-01 1.835398e+00
1780 8.095306e-01 1.835067e+00
1781 7.789427e-01 1.825977e+00
1782 7.795836e-01 1.826989e+00
1783 7.797618e-01 1.816467e+00
1784 7.443859e-01 1.829483e+00
1785 7.271560e-01 1.832961e+00
1786 7.221461e-01 1.823647e+00
1787 7.049932e-01 1.845750e+00
1788 7.057407e-01 1.801313e+00
1789 6.988064e-01 1.795702e+00
1790 6.989431e-01 1.795556e+00
1791 6.983882e-01 1.792293e+00
1792 7.425766e-01 1.794871e+00
1793 7.422719e-01 1.791134e+00
1794 7.394968e-01 1.793088e+00
1795 7.700164e-01 1.808249e+00
1796 8.044257e-01 1.800920e+00
1797 8.187613e-01 1.792789e+00
1798 8.312333e-01 1.792651e+00
1799 8.218880e-01 1.801730e+00
1800 8.217729e-01 1.801885e+00
1801 8.195888e-01 1.798362e+00
1802 8.170951e-01 1.804536e+00
1803 7.974120e-01 1.807389e+00
1804 7.895968e-01 1.834140e+00
1805 7.849614e-01 1.837463e+00
1806 7.734941e-01 1.849178e+00
1807 7.729629e-01 1.848980e+00
1808 7.701320e-01 1.847128e+00
1809 7.547288e-01 1.832912e+00
1810 7.801238e-01 1.835921e+00
1811 7.785053e-01 1.836773e+00
1812 7.766184e-01 1.756314e+00
1813 8.037872e-01 1.749200e+00
1814 7.945432e-01 1.755006e+00
1815 7.938610e-01 1.753434e+00
1816 7.942347e-01 1.752563e+00
1817 8.120141e-01 1.789554e+00
1818 8.072159e-01 1.794352e+00
1819 8.049696e-01 1.793077e+00
1820 7.924316e-01 1.804068e+00
1821 7.954257e-01 1.799297e+00
1822 7.889932e-01 1.795555e+00
1823 8.169293e-01 1.778556e+00
1824 8.080869e-01 1.767865e+00
1825 8.082176e-01 1.774936e+00
1826 8.128529e-01 1.713446e+00
1827 8.133081e-01 1.718686e+00
1828 8.119774e-01 1.720950e+00
1829 8.120466e-01 1.724773e+00
1830 8.413648e-01 1.723386e+00
1831 8.371000e-01 1.742890e+00
1832 8.298670e-01 1.706317e+00
1833 8.347672e-01 1.712058e+00
1834 8.820837e-01 1.672970e+00
1835 8.785101e-01 1.681830e+00
1836 8.938719e-01 1.662150e+00
1837 9.112551e-01 1.685889e+00
1838 9.131620e-01 1.684059e+00
1839 9.224432e-01 1.679054e+00
1840 8.530569e-01 1.660371e+00
1841 8.481844e-01 1.653895e+00
1842 8.603708e-01 1.658490e+00
1843 8.613451e-01 1.653553e+00
1844 8.816922e-01 1.660900e+00
1845 8.766706e-01 1.662509e+00
1846 8.823358e-01 1.675403e+00
1847 8.611012e-01 1.676640e+00
1848 8.619954e-01 1.685774e+00
1849 8.579364e-01 1.687127e+00
1850 8.690831e-01 1.694746e+00
1851 8.735722e-01 1.685251e+00
1852 8.747041e-01 1.685231e+00
1853 8.753338e-01 1.685194e+00
1854 8.691605e-01 1.685009e+00
1855 8.688704e-01 1.685106e+00
1856 8.690103e-01 1.689185e+00
1857 8.545898e-01 1.705665e+00
1858 8.093576e-01 1.712912e+00
1859 8.039174e-01 1.722750e+00
1860 8.036625e-01 1.731554e+00
1861 8.172165e-01 1.736126e+00
1862 8.279472e-01 1.737989e+00
1863 8.421923e-01 1.707784e+00
1864 8.458323e-01 1.709845e+00
1865 8.353043e-01 1.726030e+00
1866 8.346572e-01 1.728436e+00
1867 8.337061e-01 1.722766e+00
1868 8.365949e-01 1.730014e+00
1869 8.271100e-01 1.750929e+00
1870 8.219389e-01 1.764341e+00
1871 8.161963e-01 1.763666e+00
1872 8.129472e-01 1.763219e+00
1873 8.138226e-01 1.765632e+00
1874 8.363781e-01 1.784532e+00
1875 8.561773e-01 1.797132e+00
1876 8.517379e-01 1.797278e+00
1877 8.065877e-01 1.804110e+00
1878 8.073321e-01 1.804047e+00
1879 7.859006e-01 1.810065e+00
1880 7.860269e-01 1.810006e+00
1881 7.726219e-01 1.816705e+00
1882 7.733892e-01 1.816014e+00
1883 7.785460e-01 1.821494e+00
1884 7.862860e-01 1.782332e+00
1885 8.136257e-01 1.763648e+00
1886 8.147024e-01 1.756738e+00
1887 8.642066e-01 1.741602e+00
1888 8.361437e-01 1.714443e+00
1889 8.334968e-01 1.705869e+00
1890 7.527022e-01 1.753529e+00
1891 7.465573e-01 1.754545e+00
1892 7.466444e-01 1.764609e+00
1893 7.673654e-01 1.787809e+00
1894 7.630575e-01 1.794966e+00
1895 7.730539e-01 1.820992e+00
1896 7.549642e-01 1.831116e+00
1897 7.583610e-01 1.817485e+00
1898 7.754953e-01 1.831637e+00
1899 7.739351e-01 1.839836e+00
1900 7.730366e-01 1.834372e+00
1901 7.985945e-01 1.838899e+00
1902 8.059466e-01 1.832491e+00
1903 8.031356e-01 1.804551e+00
1904 8.035030e-01 1.803359e+00
1905 8.037075e-01 1.803387e+00
1906 8.058871e-01 1.802738e+00
1907 8.065574e-01 1.807021e+00
1908 7.557502e-01 1.769855e+00
1909 7.838264e-01 1.740579e+00
1910 7.596006e-01 1.718835e+00
1911 7.555135e-01 1.725414e+00
1912 7.553014e-01 1.725891e+00
1913 7.431945e-01 1.713732e+00
1914 7.517072e-01 1.712187e+00
1915 7.490351e-01 1.726064e+00
1916 7.448640e-01 1.726990e+00
1917 7.457942e-01 1.724685e+00
1918 7.397731e-01 1.743720e+00
1919 7.239867e-01 1.733225e+00
1920 7.329913e-01 1.765517e+00
1921 7.211736e-01 1.769844e+00
1922 7.205138e-01 1.769232e+00
1923 7.314181e-01 1.760044e+00
1924 7.217471e-01 1.763198e+00
1925 6.883249e-01 1.821556e+00
1926 6.858805e-01 1.818080e+00
1927 6.950801e-01 1.826256e+00
1928 6.889547e-01 1.845002e+00
1929 6.985155e-01 1.838701e+00
1930 7.052115e-01 1.828636e+00
1931 7.021416e-01 1.829974e+00
1932 6.924151e-01 1.823934e+00
1933 6.819829e-01 1.749248e+00
1934 6.794035e-01 1.753657e+00
1935 6.665959e-01 1.781379e+00
1936 6.650693e-01 1.776409e+00
1937 6.521342e-01 1.827973e+00
1938 6.565449e-01 1.801063e+00
1939 6.852696e-01 1.830279e+00
1940 6.851130e-01 1.829488e+00
1941 6.834443e-01 1.816495e+00
1942 6.692205e-01 1.798702e+00
1943 7.125266e-01 1.800254e+00
1944 7.470862e-01 1.762898e+00
1945 7.299279e-01 1.752849e+00
1946 7.069068e-01 1.860024e+00
1947 6.965202e-01 1.840271e+00
1948 6.877502e-01 1.804172e+00
1949 6.926672e-01 1.758240e+00
1950 6.925496e-01 1.758751e+00
1951 6.864698e-01 1.784095e+00
1952 7.575699e-01 1.781834e+00
1953 7.553410e-01 1.780905e+00
1954 7.585901e-01 1.776661e+00
1955 7.575941e-01 1.777537e+00
1956 7.673087e-01 1.781713e+00
1957 7.237519e-01 1.774755e+00
1958 7.343198e-01 1.748970e+00
1959 7.336132e-01 1.748547e+00
1960 7.387941e-01 1.743884e+00
1961 7.405826e-01 1.740187e+00
1962 7.275821e-01 1.737643e+00
1963 7.274845e-01 1.737591e+00
1964 7.353728e-01 1.747149e+00
1965 7.355122e-01 1.743193e+00
1966 7.252017e-01 1.740207e+00
1967 7.173930e-01 1.700075e+00
1968 6.921417e-01 1.631974e+00
1969 6.951071e-01 1.629816e+00
1970 7.084575e-01 1.616997e+00
1971 6.708517e-01 1.641198e+00
1972 6.656798e-01 1.637721e+00
1973 6.316866e-01 1.632431e+00
1974 6.384233e-01 1.639739e+00
1975 6.114956e-01 1.688193e+00
1976 6.160470e-01 1.744568e+00
1977 6.166479e-01 1.740348e+00
1978 6.203782e-01 1.750448e+00
1979 6.132343e-01 1.749821e+00
1980 6.180458e-01 1.706506e+00
1981 6.151287e-01 1.710830e+00
1982 6.195477e-01 1.711932e+00
1983 6.433840e-01 1.747170e+00
1984 6.377003e-01 1.703472e+00
1985 6.359424e-01 1.710146e+00
1986 6.263733e-01 1.713813e+00
1987 6.783603e-01 1.751278e+00
1988 6.996707e-01 1.763790e+00
1989 7.029595e-01 1.760591e+00
1990 7.017723e-01 1.759663e+00
1991 7.066269e-01 1.755600e+00
1992 7.098332e-01 1.760268e+00
1993 6.832784e-01 1.783548e+00
1994 6.434579e-01 1.739441e+00
1995 6.411426e-01 1.743119e+00
1996 6.401680e-01 1.729235e+00
1997 6.614796e-01 1.759369e+00
1998 6.599485e-01 1.759454e+00
1999 6.140562e-01 1.690984e+00
2000 5.973357e-01 1.666043e+00
2001 6.106777e-01 1.675199e+00
2002 5.664451e-01 1.633428e+00
2003 5.719851e-01 1.668091e+00
2004 5.847126e-01 1.712493e+00
2005 5.846822e-01 1.712495e+00
2006 5.841572e-01 1.711975e+00
2007 5.808068e-01 1.717926e+00
2008 5.784616e-01 1.715816e+00
2009 5.783333e-01 1.707330e+00
2010 5.730604e-01 1.706193e+00
2011 5.734968e-01 1.711461e+00
2012 5.726722e-01 1.712445e+00
2013 5.468836e-01 1.700436e+00
2014 5.483520e-01 1.700373e+00
2015 5.530266e-01 1.729547e+00
2016 5.463166e-01 1.742104e+00
2017 5.519460e-01 1.733279e+00
2018 5.510103e-01 1.735016e+00
2019 5.494652e-01 1.735248e+00
2020 5.500668e-01 1.781856e+00
2021 4.777945e-01 1.888835e+00
2022 4.845093e-01 1.882689e+00
2023 5.204619e-01 1.845604e+00
2024 4.626629e-01 1.876787e+00
2025 4.496262e-01 1.879924e+00
2026 4.766732e-01 1.928094e+00
2027 5.130757e-01 1.964545e+00
2028 5.134778e-01 1.961444e+00
2029 5.132451e-01 1.959979e+00
2030 4.974392e-01 1.972376e+00
2031 4.980503e-01 1.972186e+00
2032 4.875958e-01 1.974835e+00
2033 4.843858e-01 1.984505e+00
2034 4.584176e-01 1.961268e+00
2035 4.399991e-01 1.980508e+00
2036 4.413740e-01 1.978710e+00
2037 4.416398e-01 1.982810e+00
2038 4.359373e-01 1.989306e+00
2039 4.143065e-01 1.980201e+00
2040 4.108630e-01 1.984113e+00
2041 3.722097e-01 1.968006e+00
2042 3.780900e-01 1.960297e+00
2043 4.040094e-01 2.011760e+00
2044 4.388448e-01 1.966208e+00
2045 4.834895e-01 2.002989e+00
2046 5.056336e-01 2.004143e+00
2047 5.043472e-01 2.005281e+00
2048 4.844577e-01 1.996637e+00
2049 4.720952e-01 2.009528e+00
2050 4.642170e-01 2.014728e+00
2051 4.448154e-01 2.013955e+00
2052 4.443639e-01 2.043835e+00
2053 4.403185e-01 2.045929e+00
2054 4.572216e-01 2.033656e+00
2055 4.218148e-01 2.042822e+00
2056 5.081059e-01 2.076017e+00
2057 4.738262e-01 2.084928e+00
2058 5.177401e-01 2.115052e+00
2059 5.748127e-01 2.086300e+00
2060 6.206591e-01 2.061946e+00
2061 6.183441e-01 2.064667e+00
2062 6.208362e-01 2.067560e+00
2063 6.188045e-01 2.065792e+00
2064 6.229004e-01 2.029207e+00
2065 6.236382e-01 2.032794e+00
2066 6.255409e-01 2.036816e+00
2067 6.251486e-01 2.036248e+00
2068 6.210169e-01 2.036286e+00
2069 6.158415e-01 2.028819e+00
2070 6.203105e-01 2.002938e+00
2071 6.207116e-01 1.996454e+00
2072 6.218565e-01 1.995240e+00
2073 6.191373e-01 1.996641e+00
2074 6.747978e-01 1.970167e+00
2075 6.566589e-01 1.971540e+00
2076 6.329285e-01 1.942887e+00
2077 6.328978e-01 1.942753e+00
2078 6.692376e-01 1.918869e+00
2079 6.672978e-01 1.917634e+00
2080 6.750327e-01 1.917730e+00
2081 6.812398e-01 1.944933e+00
2082 6.891812e-01 1.949789e+00
2083 6.914221e-01 1.958666e+00
2084 7.005839e-01 2.001085e+00
2085 7.163960e-01 2.024035e+00
2086 7.190471e-01 2.022809e+00
2087 6.951793e-01 2.036470e+00
2088 6.514295e-01 2.036914e+00
2089 6.570973e-01 2.041533e+00
2090 6.578583e-01 2.041272e+00
2091 6.571698e-01 2.042110e+00
2092 6.521794e-01 2.024270e+00
2093 6.053081e-01 1.992230e+00
2094 6.178337e-01 1.986319e+00
2095 6.276449e-01 2.001433e+00
2096 6.553489e-01 2.017687e+00
2097 6.792872e-01 2.061282e+00
2098 7.297599e-01 2.068312e+00
2099 7.278584e-01 2.068399e+00
2100 7.190954e-01 2.081347e+00
2101 7.623983e-01 2.079567e+00
2102 8.097924e-01 2.207823e+00
2103 8.051719e-01 2.178898e+00
2104 8.041841e-01 2.177084e+00
2105 7.851035e-01 2.163561e+00
2106 7.511703e-01 2.158929e+00
2107 7.348344e-01 2.190022e+00
2108 7.384101e-01 2.177403e+00
2109 7.551576e-01 2.165305e+00
2110 7.500395e-01 2.211813e+00
2111 7.487568e-01 2.214744e+00
2112 7.579894e-01 2.230830e+00
2113 7.528633e-01 2.239372e+00
2114 7.652313e-01 2.250694e+00
2115 7.513716e-01 2.264364e+00
2116 7.139624e-01 2.295234e+00
2117 7.054453e-01 2.304783e+00
2118 7.129221e-01 2.311112e+00
2119 6.872551e-01 2.337837e+00
2120 6.387357e-01 2.345368e+00
2121 6.353936e-01 2.345374e+00
2122 6.146923e-01 2.253252e+00
2123 6.169506e-01 2.252832e+00
2124 6.173570e-01 2.257336e+00
2125 5.854901e-01 2.276646e+00
2126 5.965109e-01 2.349596e+00
2127 6.058320e-01 2.374584e+00
2128 6.102795e-01 2.376644e+00
2129 6.061964e-01 2.364245e+00
2130 6.092978e-01 2.373300e+00
2131 6.134085e-01 2.356106e+00
2132 6.090211e-01 2.346818e+00
2133 6.034959e-01 2.371931e+00
2134 6.284371e-01 2.327332e+00
2135 6.177849e-01 2.329086e+00
2136 6.203701e-01 2.323621e+00
2137 6.022573e-01 2.315422e+00
2138 5.230164e-01 2.385153e+00
2139 5.223748e-01 2.391831e+00
2140 5.317188e-01 2.390151e+00
2141 5.425208e-01 2.381676e+00
2142 5.323030e-01 2.384387e+00
2143 5.311404e-01 2.404426e+00
2144 5.461644e-01 2.403247e+00
2145 5.493272e-01 2.404563e+00
2146 5.278141e-01 2.371664e+00
2147 4.637653e-01 2.354840e+00
2148 4.838034e-01 2.373716e+00
2149 4.947017e-01 2.398873e+00
2150 4.905128e-01 2.397607e+00
2151 4.925918e-01 2.398685e+00
2152 4.800325e-01 2.397164e+00
2153 4.781296e-01 2.399423e+00
2154 5.179545e-01 2.394618e+00
2155 5.183180e-01 2.392590e+00
2156 5.190937e-01 2.423635e+00
2157 5.058056e-01 2.449678e+00
2158 5.074370e-01 2.448263e+00
2159 5.076618e-01 2.456600e+00
2160 5.144350e-01 2.460739e+00
2161 5.060484e-01 2.466167e+00
2162 4.896000e-01 2.517099e+00
2163 5.085749e-01 2.519986e+00
2164 5.151715e-01 2.518322e+00
2165 5.285378e-01 2.512989e+00
2166 5.416265e-01 2.514611e+00
2167 5.245634e-01 2.497175e+00
2168 4.690751e-01 2.493896e+00
2169 4.428328e-01 2.504151e+00
2170 4.156768e-01 2.499454e+00
2171 4.675571e-01 2.488542e+00
2172 4.670085e-01 2.488329e+00
2173 4.706513e-01 2.480150e+00
2174 4.855974e-01 2.473744e+00
2175 4.854713e-01 2.474157e+00
2176 4.713578e-01 2.476915e+00
2177 4.744170e-01 2.477874e+00
2178 4.671624e-01 2.472806e+00
2179 4.703615e-01 2.497863e+00
2180 4.784567e-01 2.500985e+00
2181 4.875090e-01 2.455022e+00
2182 4.846203e-01 2.450435e+00
2183 4.935519e-01 2.445967e+00
2184 4.913811e-01 2.439687e+00
2185 4.906363e-01 2.439183e+00
2186 4.847728e-01 2.455686e+00
2187 5.081460e-01 2.467146e+00
2188 5.080188e-01 2.467277e+00
2189 4.983779e-01 2.448592e+00
2190 4.662498e-01 2.427290e+00
2191 4.971681e-01 2.379872e+00
2192 5.128533e-01 2.381652e+00
2193 5.293447e-01 2.387848e+00
2194 5.306087e-01 2.387025e+00
2195 5.203492e-01 2.375053e+00
2196 5.236243e-01 2.379592e+00
2197 5.185323e-01 2.373753e+00
2198 4.991823e-01 2.333084e+00
2199 5.293027e-01 2.342261e+00
2200 5.403843e-01 2.337157e+00
2201 5.321103e-01 2.330581e+00
2202 5.295210e-01 2.318452e+00
2203 5.306276e-01 2.319382e+00
2204 5.602062e-01 2.333577e+00
2205 5.625632e-01 2.335911e+00
2206 5.660400e-01 2.314750e+00
2207 5.617896e-01 2.304511e+00
2208 5.481291e-01 2.290352e+00
2209 4.730090e-01 2.293188e+00
2210 5.098055e-01 2.331561e+00
2211 5.059653e-01 2.333094e+00
2212 5.000589e-01 2.327113e+00
2213 4.935204e-01 2.334109e+00
2214 4.973641e-01 2.322527e+00
2215 4.966621e-01 2.317632e+00
2216 4.897457e-01 2.312062e+00
2217 5.397796e-01 2.329960e+00
2218 5.416623e-01 2.327480e+00
2219 5.036290e-01 2.336182e+00
2220 4.992864e-01 2.327811e+00
2221 5.093597e-01 2.359851e+00
2222 4.813841e-01 2.356770e+00
2223 4.993936e-01 2.326631e+00
2224 4.986403e-01 2.328586e+00
2225 5.258473e-01 2.310312e+00
2226 5.238804e-01 2.319348e+00
2227 5.101390e-01 2.306474e+00
2228 4.990817e-01 2.336748e+00
2229 4.955002e-01 2.338157e+00
2230 5.044207e-01 2.340958e+00
2231 5.021704e-01 2.315607e+00
2232 4.933729e-01 2.321902e+00
2233 4.919254e-01 2.320045e+00
2234 4.922236e-01 2.325763e+00
2235 4.890816e-01 2.324417e+00
2236 4.953648e-01 2.306201e+00
2237 4.898346e-01 2.324864e+00
2238 4.689744e-01 2.328616e+00
2239 4.689044e-01 2.328606e+00
2240 4.600426e-01 2.312721e+00
2241 4.474614e-01 2.301132e+00
2242 4.345924e-01 2.295236e+00
2243 4.204800e-01 2.309482e+00
2244 4.190803e-01 2.301105e+00
2245 4.005147e-01 2.305456e+00
2246 4.046481e-01 2.308118e+00
2247 4.023895e-01 2.299028e+00
2248 3.870919e-01 2.283700e+00
2249 3.849854e-01 2.282498e+00
2250 3.803382e-01 2.300861e+00
2251 3.895105e-01 2.320801e+00
2252 3.836511e-01 2.324783e+00
2253 3.843100e-01 2.323977e+00
2254 3.870736e-01 2.348613e+00
2255 4.199899e-01 2.346060e+00
2256 4.179967e-01 2.356263e+00
2257 4.056454e-01 2.386796e+00
2258 4.044892e-01 2.389362e+00
2259 3.996718e-01 2.393698e+00
2260 3.791179e-01 2.406244e+00
2261 3.823469e-01 2.413835e+00
2262 3.710349e-01 2.395897e+00
2263 3.795004e-01 2.394409e+00
2264 3.748203e-01 2.366206e+00
2265 3.257306e-01 2.372816e+00
2266 3.322544e-01 2.369256e+00
2267 3.348620e-01 2.361785e+00
2268 3.337321e-01 2.354107e+00
2269 3.384484e-01 2.320577e+00
2270 3.457746e-01 2.319109e+00
2271 3.439574e-01 2.319797e+00
2272 3.294378e-01 2.327847e+00
2273 3.094655e-01 2.347215e+00
2274 3.069466e-01 2.348420e+00
2275 3.068794e-01 2.348452e+00
2276 3.062482e-01 2.346696e+00
2277 2.894869e-01 2.364047e+00
2278 2.852449e-01 2.363190e+00
2279 2.868823e-01 2.358390e+00
2280 2.742924e-01 2.368832e+00
2281 2.619612e-01 2.419149e+00
2282 2.933285e-01 2.396716e+00
2283 2.809368e-01 2.385389e+00
2284 3.198902e-01 2.396347e+00
2285 3.286761e-01 2.387365e+00
2286 3.415264e-01 2.375028e+00
2287 3.485739e-01 2.350490e+00
2288 3.468555e-01 2.346430e+00
2289 3.408950e-01 2.343609e+00
2290 3.347480e-01 2.308720e+00
2291 3.404801e-01 2.302505e+00
2292 3.313919e-01 2.303934e+00
2293 3.380804e-01 2.308653e+00
2294 3.326967e-01 2.306038e+00
2295 3.323033e-01 2.304679e+00
2296 3.388879e-01 2.288708e+00
2297 3.425329e-01 2.273336e+00
2298 3.418780e-01 2.274146e+00
2299 3.219826e-01 2.261795e+00
2300 2.959961e-01 2.228934e+00
2301 3.002797e-01 2.234389e+00
2302 3.042339e-01 2.233268e+00
2303 3.024252e-01 2.232415e+00
2304 3.195979e-01 2.233212e+00
2305 3.069706e-01 2.238832e+00
2306 3.049680e-01 2.211160e+00
2307 2.952570e-01 2.215488e+00
2308 2.896444e-01 2.214121e+00
2309 3.196396e-01 2.205420e+00
2310 3.194681e-01 2.205643e+00
2311 3.401506e-01 2.228911e+00
2312 3.399417e-01 2.228838e+00
2313 3.436863e-01 2.230967e+00
2314 3.442678e-01 2.230923e+00
2315 3.732822e-01 2.262137e+00
2316 3.640939e-01 2.258265e+00
2317 3.653386e-01 2.258744e+00
2318 3.510509e-01 2.251011e+00
2319 3.295896e-01 2.241238e+00
2320 3.191883e-01 2.240409e+00
2321 3.344945e-01 2.241955e+00
2322 3.279095e-01 2.242625e+00
2323 3.545826e-01 2.224628e+00
2324 3.563208e-01 2.222248e+00
2325 3.433705e-01 2.199186e+00
2326 3.511894e-01 2.186852e+00
2327 3.530159e-01 2.191906e+00
2328 3.313382e-01 2.184041e+00
2329 3.281351e-01 2.179104e+00
2330 2.741056e-01 2.194071e+00
2331 2.811975e-01 2.187863e+00
2332 2.759304e-01 2.184922e+00
2333 2.743972e-01 2.183943e+00
2334 2.679492e-01 2.188160e+00
2335 2.677185e-01 2.185735e+00
2336 2.779736e-01 2.149041e+00
2337 2.771943e-01 2.149819e+00
2338 2.543414e-01 2.130173e+00
2339 2.610255e-01 2.136483e+00
2340 2.602453e-01 2.137353e+00
2341 2.561931e-01 2.133536e+00
2342 2.411967e-01 2.118790e+00
2343 2.480420e-01 2.103532e+00
2344 2.500615e-01 2.089301e+00
2345 2.366395e-01 2.092905e+00
2346 2.024627e-01 2.094185e+00
2347 2.072177e-01 2.097148e+00
2348 2.293436e-01 2.091308e+00
2349 2.280080e-01 2.092548e+00
2350 2.305512e-01 2.094535e+00
2351 2.308377e-01 2.091316e+00
2352 2.606191e-01 2.098689e+00
2353 2.251303e-01 2.141114e+00
2354 2.092828e-01 2.135458e+00
2355 2.141768e-01 2.125728e+00
2356 2.166450e-01 2.121658e+00
2357 2.213771e-01 2.100540e+00
2358 2.214089e-01 2.108774e+00
2359 2.293060e-01 2.103379e+00
2360 2.773340e-01 2.083175e+00
2361 2.654329e-01 2.083230e+00
2362 2.666408e-01 2.085559e+00
2363 2.742175e-01 2.087504e+00
2364 2.717720e-01 2.088403e+00
2365 2.618211e-01 2.083920e+00
2366 2.449621e-01 2.101572e+00
2367 2.521810e-01 2.097373e+00
2368 2.241080e-01 2.088094e+00
2369 2.332617e-01 2.110382e+00
2370 2.418805e-01 2.114958e+00
2371 2.623476e-01 2.095455e+00
2372 2.764837e-01 2.109098e+00
2373 2.631643e-01 2.102115e+00
2374 2.774515e-01 2.111101e+00
2375 2.795518e-01 2.110462e+00
2376 3.084241e-01 2.100906e+00
2377 3.047296e-01 2.100323e+00
2378 3.133366e-01 2.093365e+00
2379 3.282141e-01 2.120035e+00
2380 3.298302e-01 2.120235e+00
2381 3.301208e-01 2.118065e+00
2382 3.307465e-01 2.115740e+00
2383 3.147553e-01 2.109154e+00
2384 3.190439e-01 2.114331e+00
2385 3.186071e-01 2.115931e+00
2386 3.263748e-01 2.092107e+00
2387 3.252873e-01 2.094640e+00
2388 3.151590e-01 2.093978e+00
2389 3.166653e-01 2.095131e+00
2390 3.102664e-01 2.119446e+00
2391 3.082534e-01 2.116930e+00
2392 3.035168e-01 2.120294e+00
2393 3.039293e-01 2.121359e+00
2394 2.735065e-01 2.115517e+00
2395 2.845539e-01 2.148562e+00
2396 2.882650e-01 2.146295e+00
2397 2.881826e-01 2.142574e+00
2398 3.014720e-01 2.143254e+00
2399 3.054301e-01 2.141973e+00
2400 3.219265e-01 2.129453e+00
2401 3.298684e-01 2.128089e+00
2402 3.403316e-01 2.140417e+00
2403 3.381750e-01 2.123842e+00
2404 3.368417e-01 2.123523e+00
2405 3.153259e-01 2.159617e+00
2406 3.105320e-01 2.178464e+00
2407 3.169262e-01 2.174030e+00
2408 3.162817e-01 2.169617e+00
2409 3.162038e-01 2.169934e+00
2410 3.133564e-01 2.176394e+00
2411 3.138059e-01 2.176095e+00
2412 3.103760e-01 2.180556e+00
2413 3.246427e-01 2.215707e+00
2414 2.995625e-01 2.139196e+00
2415 2.992763e-01 2.138419e+00
2416 3.016871e-01 2.134865e+00
2417 2.908986e-01 2.158646e+00
2418 2.916510e-01 2.160786e+00
2419 2.895787e-01 2.160293e+00
2420 2.959988e-01 2.144665e+00
2421 2.786402e-01 2.109136e+00
2422 2.784285e-01 2.109315e+00
2423 2.785298e-01 2.109285e+00
2424 2.637388e-01 2.111427e+00
2425 2.428762e-01 2.111672e+00
2426 2.472108e-01 2.107068e+00
2427 2.807191e-01 2.103504e+00
2428 2.705910e-01 2.096757e+00
2429 2.710583e-01 2.098298e+00
2430 3.080493e-01 2.065194e+00
2431 3.042219e-01 2.065583e+00
2432 3.086233e-01 2.064806e+00
2433 3.330271e-01 2.050738e+00
2434 3.664055e-01 2.075352e+00
2435 3.578322e-01 2.071805e+00
2436 3.533918e-01 2.078281e+00
2437 3.311197e-01 2.084056e+00
2438 3.500197e-01 2.070904e+00
2439 3.561637e-01 2.054183e+00
2440 3.561749e-01 2.054284e+00
2441 3.705306e-01 2.087346e+00
2442 3.891881e-01 2.080978e+00
2443 3.720157e-01 2.082052e+00
2444 3.599708e-01 2.061311e+00
2445 3.910482e-01 2.047730e+00
2446 4.012547e-01 2.049895e+00
2447 3.902645e-01 2.048348e+00
2448 4.690190e-01 2.143850e+00
2449 4.777501e-01 2.133064e+00
2450 4.743186e-01 2.155429e+00
2451 4.552513e-01 2.157417e+00
2452 4.888890e-01 2.127433e+00
2453 4.948342e-01 2.116699e+00
2454 4.426172e-01 2.168315e+00
2455 4.437512e-01 2.145693e+00
2456 4.424710e-01 2.144184e+00
2457 4.412406e-01 2.136881e+00
2458 4.057133e-01 2.174848e+00
2459 3.638828e-01 2.200476e+00
2460 3.633459e-01 2.200783e+00
2461 3.788125e-01 2.180873e+00
2462 3.774588e-01 2.180804e+00
2463 3.847019e-01 2.195935e+00
2464 3.585523e-01 2.222597e+00
2465 3.307301e-01 2.220556e+00
2466 3.319406e-01 2.222161e+00
2467 3.202444e-01 2.210763e+00
2468 3.192737e-01 2.180478e+00
2469 2.998866e-01 2.171964e+00
2470 2.992084e-01 2.172873e+00
2471 2.907653e-01 2.186118e+00
2472 2.954934e-01 2.188311e+00
2473 3.091932e-01 2.172099e+00
2474 2.987465e-01 2.158243e+00
2475 3.043807e-01 2.144548e+00
2476 3.040605e-01 2.146437e+00
2477 3.079179e-01 2.163748e+00
2478 3.097608e-01 2.158655e+00
2479 3.010088e-01 2.167828e+00
2480 3.015084e-01 2.167912e+00
2481 2.957977e-01 2.164064e+00
2482 3.100533e-01 2.132846e+00
2483 2.913103e-01 2.121602e+00
2484 2.735970e-01 2.094609e+00
2485 2.702834e-01 2.109637e+00
2486 2.722860e-01 2.122946e+00
2487 2.723428e-01 2.131794e+00
2488 2.705029e-01 2.132709e+00
2489 2.660727e-01 2.128689e+00
2490 2.733919e-01 2.103548e+00
2491 2.778554e-01 2.105866e+00
2492 2.682992e-01 2.143593e+00
2493 2.709746e-01 2.147329e+00
2494 2.755039e-01 2.151839e+00
2495 2.898986e-01 2.176552e+00
2496 2.790055e-01 2.195742e+00
2497 3.212749e-01 2.202394e+00
2498 3.278201e-01 2.211442e+00
2499 3.279970e-01 2.218787e+00
2500 3.419373e-01 2.230086e+00
2501 3.200020e-01 2.218798e+00
2502 3.095684e-01 2.203728e+00
2503 3.088895e-01 2.181749e+00
2504 2.996698e-01 2.178102e+00
2505 3.059286e-01 2.203077e+00
2506 3.095264e-01 2.197318e+00
2507 3.113073e-01 2.178591e+00
2508 3.159215e-01 2.175231e+00
2509 3.675573e-01 2.160597e+00
2510 3.676045e-01 2.151801e+00
2511 3.789060e-01 2.160494e+00
2512 3.940493e-01 2.130607e+00
2513 4.056740e-01 2.135215e+00
2514 4.062243e-01 2.133839e+00
2515 3.999689e-01 2.130456e+00
2516 3.908601e-01 2.107986e+00
2517 3.865513e-01 2.107003e+00
2518 3.890579e-01 2.107442e+00
2519 4.095456e-01 2.111168e+00
2520 4.161867e-01 2.097091e+00
2521 4.114379e-01 2.096067e+00
2522 3.904355e-01 2.094497e+00
2523 3.537458e-01 2.080805e+00
2524 3.557076e-01 2.080668e+00
2525 3.778437e-01 2.081924e+00
2526 3.779373e-01 2.073051e+00
2527 3.778595e-01 2.062369e+00
2528 3.804088e-01 2.065708e+00
2529 3.805880e-01 2.066601e+00
2530 3.806423e-01 2.048803e+00
2531 3.849259e-01 2.042304e+00
2532 4.151130e-01 2.031904e+00
2533 4.194563e-01 2.051825e+00
2534 3.991720e-01 2.048763e+00
2535 4.152422e-01 2.058221e+00
2536 4.183126e-01 2.112357e+00
2537 4.147072e-01 2.107343e+00
2538 4.039493e-01 2.093594e+00
2539 4.047745e-01 2.090370e+00
2540 3.748669e-01 2.038474e+00
2541 3.882446e-01 2.023292e+00
2542 3.823511e-01 2.023541e+00
2543 5.519513e-01 1.972920e+00
2544 5.512497e-01 1.967469e+00
2545 5.208634e-01 1.969770e+00
2546 5.103799e-01 1.958785e+00
2547 4.892919e-01 1.941735e+00
2548 4.895940e-01 1.954426e+00
2549 4.892148e-01 1.954476e+00
2550 4.913583e-01 1.963146e+00
2551 4.853919e-01 1.963065e+00
2552 4.866919e-01 1.961259e+00
2553 4.945379e-01 1.948608e+00
2554 4.934124e-01 1.920291e+00
2555 4.981009e-01 1.923839e+00
2556 4.954217e-01 1.929739e+00
2557 5.077150e-01 1.930104e+00
2558 4.910603e-01 1.933143e+00
2559 4.858731e-01 1.939572e+00
2560 5.115898e-01 1.908655e+00
2561 4.987233e-01 1.936358e+00
2562 4.901569e-01 1.919748e+00
2563 4.950539e-01 1.925246e+00
2564 4.974893e-01 1.927587e+00
2565 4.992175e-01 1.913776e+00
2566 4.968174e-01 1.895391e+00
2567 4.973800e-01 1.889662e+00
2568 4.888028e-01 1.883059e+00
2569 4.524406e-01 1.827304e+00
2570 4.510855e-01 1.840447e+00
2571 4.396534e-01 1.818476e+00
2572 4.294559e-01 1.825832e+00
2573 4.293930e-01 1.823689e+00
2574 4.383812e-01 1.821302e+00
2575 4.147304e-01 1.804137e+00
2576 4.070710e-01 1.797096e+00
2577 4.085247e-01 1.796093e+00
2578 4.076523e-01 1.796140e+00
2579 4.030742e-01 1.793145e+00
2580 3.904584e-01 1.776222e+00
2581 3.823550e-01 1.810061e+00
2582 4.037572e-01 1.814172e+00
2583 3.915191e-01 1.812701e+00
2584 3.669326e-01 1.818021e+00
2585 3.664878e-01 1.817829e+00
2586 3.679624e-01 1.818651e+00
2587 3.638601e-01 1.817246e+00
2588 3.585938e-01 1.817216e+00
2589 3.594400e-01 1.815089e+00
2590 3.665171e-01 1.813735e+00
2591 3.666178e-01 1.810894e+00
2592 3.693691e-01 1.818868e+00
2593 3.700028e-01 1.827295e+00
2594 3.668364e-01 1.835885e+00
2595 3.639351e-01 1.832460e+00
2596 3.547271e-01 1.858325e+00
2597 3.807320e-01 1.872283e+00
2598 3.768599e-01 1.862494e+00
2599 3.716377e-01 1.877541e+00
2600 3.820228e-01 1.884288e+00
2601 3.774361e-01 1.882791e+00
2602 3.691772e-01 1.874767e+00
2603 3.580863e-01 1.866963e+00
2604 3.817064e-01 1.895492e+00
2605 4.026764e-01 1.903788e+00
2606 4.061562e-01 1.904713e+00
2607 4.055731e-01 1.904714e+00
2608 4.102143e-01 1.908264e+00
2609 3.846712e-01 1.912920e+00
2610 3.859796e-01 1.914832e+00
2611 3.966820e-01 1.895868e+00
2612 4.035425e-01 1.886212e+00
2613 3.987587e-01 1.885224e+00
2614 3.977671e-01 1.889716e+00
2615 3.971682e-01 1.896225e+00
2616 3.769094e-01 1.863332e+00
2617 3.673555e-01 1.882918e+00
2618 3.676923e-01 1.888100e+00
2619 3.488375e-01 1.887574e+00
2620 3.621573e-01 1.864995e+00
2621 3.629368e-01 1.864286e+00
2622 3.556165e-01 1.877931e+00
2623 3.389127e-01 1.879098e+00
2624 3.378939e-01 1.866766e+00
2625 3.508499e-01 1.870095e+00
2626 3.019171e-01 1.866863e+00
2627 2.992524e-01 1.868704e+00
2628 2.964504e-01 1.861581e+00
2629 2.978856e-01 1.856119e+00
2630 2.884679e-01 1.872801e+00
2631 2.874719e-01 1.874412e+00
2632 2.816554e-01 1.884008e+00
2633 2.792043e-01 1.883730e+00
2634 2.801176e-01 1.890925e+00
2635 2.660525e-01 1.897028e+00
2636 3.121447e-01 1.869489e+00
2637 3.111700e-01 1.842027e+00
2638 2.522024e-01 1.835113e+00
2639 2.491783e-01 1.835750e+00
2640 2.825899e-01 1.784573e+00
2641 3.070011e-01 1.799364e+00
2642 3.178019e-01 1.785961e+00
2643 3.458341e-01 1.756393e+00
2644 3.441560e-01 1.767325e+00
2645 3.093316e-01 1.752170e+00
2646 3.060706e-01 1.761973e+00
2647 2.965081e-01 1.768773e+00
2648 3.068407e-01 1.751771e+00
2649 2.664311e-01 1.763981e+00
2650 2.912124e-01 1.775709e+00
2651 2.910963e-01 1.773139e+00
2652 2.514216e-01 1.748788e+00
2653 2.499272e-01 1.749852e+00
2654 2.512366e-01 1.750387e+00
2655 2.300525e-01 1.736088e+00
2656 2.300454e-01 1.736098e+00
2657 2.296410e-01 1.735425e+00
2658 2.255154e-01 1.722217e+00
2659 2.310525e-01 1.722122e+00
2660 2.403270e-01 1.719761e+00
2661 2.561054e-01 1.702085e+00
2662 2.589800e-01 1.709186e+00
2663 2.679439e-01 1.702951e+00
2664 2.455365e-01 1.668121e+00
2665 2.496588e-01 1.665397e+00
2666 2.486511e-01 1.667052e+00
2667 2.429419e-01 1.685257e+00
2668 2.433777e-01 1.681361e+00
2669 2.411851e-01 1.698472e+00
2670 2.439304e-01 1.711017e+00
2671 2.411424e-01 1.711020e+00
2672 2.415971e-01 1.711294e+00
2673 2.481308e-01 1.750454e+00
2674 2.469976e-01 1.750299e+00
2675 2.217373e-01 1.730374e+00
2676 3.354807e-01 1.661185e+00
2677 3.432761e-01 1.670668e+00
2678 3.454875e-01 1.674143e+00
2679 3.437140e-01 1.674575e+00
2680 3.284425e-01 1.683507e+00
2681 3.055340e-01 1.692525e+00
2682 3.076460e-01 1.687776e+00
2683 3.142345e-01 1.683537e+00
2684 3.201917e-01 1.691535e+00
2685 3.027727e-01 1.696121e+00
2686 2.931223e-01 1.702299e+00
2687 2.547019e-01 1.689103e+00
2688 2.576854e-01 1.686042e+00
2689 2.611455e-01 1.683250e+00
2690 2.659860e-01 1.691653e+00
2691 2.588137e-01 1.605322e+00
2692 2.576943e-01 1.605376e+00
2693 2.550582e-01 1.610734e+00
2694 2.562504e-01 1.580088e+00
2695 2.586208e-01 1.579147e+00
2696 2.676749e-01 1.554889e+00
2697 2.676769e-01 1.554531e+00
2698 2.633181e-01 1.565649e+00
2699 2.374569e-01 1.607144e+00
2700 2.407190e-01 1.607844e+00
2701 2.851156e-01 1.596209e+00
2702 2.798712e-01 1.599037e+00
2703 3.134805e-01 1.559047e+00
2704 3.083722e-01 1.559256e+00
2705 3.088691e-01 1.559344e+00
2706 3.095700e-01 1.561181e+00
2707 3.047057e-01 1.554557e+00
2708 2.923491e-01 1.537819e+00
2709 2.871527e-01 1.557063e+00
2710 2.872637e-01 1.557270e+00
2711 2.830177e-01 1.557590e+00
2712 2.817335e-01 1.551243e+00
2713 2.616379e-01 1.542842e+00
2714 2.587271e-01 1.539965e+00
2715 2.259058e-01 1.556764e+00
2716 2.202722e-01 1.559618e+00
2717 2.069016e-01 1.559858e+00
2718 2.218429e-01 1.544962e+00
2719 2.194545e-01 1.545094e+00
2720 2.852978e-01 1.565346e+00
2721 2.684136e-01 1.557457e+00
2722 2.619643e-01 1.550101e+00
2723 2.687755e-01 1.564190e+00
2724 2.785849e-01 1.544407e+00
2725 2.795500e-01 1.562959e+00
2726 3.116175e-01 1.584063e+00
2727 3.295455e-01 1.591744e+00
2728 3.346498e-01 1.590102e+00
2729 3.304846e-01 1.588680e+00
2730 3.268260e-01 1.634196e+00
2731 3.298223e-01 1.623076e+00
2732 3.531316e-01 1.594574e+00
2733 3.477249e-01 1.592975e+00
2734 3.269862e-01 1.585944e+00
2735 3.184798e-01 1.591524e+00
2736 3.199757e-01 1.594725e+00
2737 2.786884e-01 1.527548e+00
2738 2.785187e-01 1.525357e+00
2739 3.225263e-01 1.506074e+00
2740 3.476444e-01 1.471267e+00
2741 3.396769e-01 1.473344e+00
2742 3.237854e-01 1.460853e+00
2743 3.514851e-01 1.446659e+00
2744 3.664525e-01 1.454406e+00
2745 3.694273e-01 1.446266e+00
2746 3.630892e-01 1.466154e+00
2747 3.619195e-01 1.464182e+00
2748 3.384452e-01 1.464471e+00
2749 3.957554e-01 1.463203e+00
2750 4.163049e-01 1.465486e+00
2751 3.973981e-01 1.442740e+00
2752 3.743199e-01 1.381266e+00
2753 3.769260e-01 1.382597e+00
2754 3.801687e-01 1.385019e+00
2755 3.942767e-01 1.365768e+00
2756 3.928650e-01 1.367444e+00
2757 4.279047e-01 1.370909e+00
2758 4.271464e-01 1.369471e+00
2759 3.998997e-01 1.353278e+00
2760 4.191352e-01 1.343508e+00
2761 4.110965e-01 1.361613e+00
2762 4.436991e-01 1.350191e+00
2763 4.429946e-01 1.354255e+00
2764 4.649015e-01 1.351377e+00
2765 4.658366e-01 1.351325e+00
2766 4.904790e-01 1.362511e+00
2767 4.915456e-01 1.364386e+00
2768 5.141308e-01 1.368453e+00
2769 5.221425e-01 1.362679e+00
2770 5.223689e-01 1.361928e+00
2771 4.896551e-01 1.343758e+00
2772 5.122608e-01 1.419474e+00
2773 5.153106e-01 1.415974e+00
2774 5.055202e-01 1.398560e+00
2775 5.086236e-01 1.350954e+00
2776 5.163312e-01 1.375378e+00
2777 5.532096e-01 1.378777e+00
2778 5.468478e-01 1.392825e+00
2779 5.109748e-01 1.426467e+00
2780 5.038652e-01 1.425848e+00
2781 4.708515e-01 1.445415e+00
2782 4.582297e-01 1.446267e+00
2783 4.724801e-01 1.449298e+00
2784 4.764238e-01 1.454105e+00
2785 4.885529e-01 1.457205e+00
2786 4.955946e-01 1.451887e+00
2787 4.966294e-01 1.469941e+00
2788 4.709703e-01 1.506387e+00
2789 4.721917e-01 1.504723e+00
2790 4.529753e-01 1.505948e+00
2791 4.536847e-01 1.500146e+00
2792 4.497737e-01 1.475804e+00
2793 4.509451e-01 1.473746e+00
2794 4.542615e-01 1.470529e+00
2795 4.534983e-01 1.471644e+00
2796 4.531331e-01 1.464732e+00
2797 4.413253e-01 1.461130e+00
2798 4.209248e-01 1.437438e+00
2799 4.357920e-01 1.465277e+00
2800 4.449341e-01 1.601281e+00
2801 4.740086e-01 1.596374e+00
2802 5.069187e-01 1.590478e+00
2803 5.199880e-01 1.590671e+00
2804 5.241612e-01 1.579761e+00
2805 5.348343e-01 1.591828e+00
2806 5.319032e-01 1.570670e+00
2807 5.374661e-01 1.567578e+00
2808 5.389103e-01 1.563568e+00
2809 5.283061e-01 1.593166e+00
2810 5.539721e-01 1.608148e+00
2811 5.375002e-01 1.625604e+00
2812 5.428867e-01 1.616982e+00
2813 5.422430e-01 1.617621e+00
2814 5.394006e-01 1.622986e+00
2815 5.336097e-01 1.624180e+00
2816 5.801482e-01 1.596547e+00
2817 5.762974e-01 1.605157e+00
2818 5.807084e-01 1.605371e+00
2819 5.856336e-01 1.606303e+00
2820 5.868156e-01 1.606841e+00
2821 5.854871e-01 1.606694e+00
2822 5.494179e-01 1.630165e+00
2823 5.420977e-01 1.639214e+00
2824 5.431087e-01 1.665290e+00
2825 5.545176e-01 1.704950e+00
2826 5.541067e-01 1.702400e+00
2827 5.514495e-01 1.718420e+00
2828 5.493586e-01 1.720364e+00
2829 6.147799e-01 1.750355e+00
2830 5.913931e-01 1.742657e+00
2831 5.684023e-01 1.738048e+00
2832 5.788770e-01 1.750975e+00
2833 5.767264e-01 1.747489e+00
2834 5.744676e-01 1.760313e+00
2835 5.744606e-01 1.760374e+00
2836 5.694395e-01 1.760267e+00
2837 5.707475e-01 1.763227e+00
2838 5.743030e-01 1.750998e+00
2839 5.970302e-01 1.735019e+00
2840 5.926116e-01 1.736019e+00
2841 5.911141e-01 1.728787e+00
2842 5.883519e-01 1.729885e+00
2843 5.734837e-01 1.739709e+00
2844 5.372302e-01 1.749700e+00
2845 5.415309e-01 1.753101e+00
2846 4.823164e-01 1.755220e+00
2847 4.735933e-01 1.727306e+00
2848 4.709233e-01 1.722993e+00
2849 4.809318e-01 1.755208e+00
2850 4.774623e-01 1.750446e+00
2851 4.599515e-01 1.741235e+00
2852 4.493131e-01 1.765816e+00
2853 4.492197e-01 1.765942e+00
2854 4.544280e-01 1.713277e+00
2855 4.483087e-01 1.723568e+00
2856 4.453715e-01 1.744308e+00
2857 4.241896e-01 1.718788e+00
2858 4.852908e-01 1.695370e+00
2859 4.872840e-01 1.697380e+00
2860 4.666004e-01 1.691703e+00
2861 4.437808e-01 1.679667e+00
2862 4.428022e-01 1.680488e+00
2863 4.442337e-01 1.667404e+00
2864 4.449203e-01 1.691749e+00
2865 4.313061e-01 1.674513e+00
2866 4.330492e-01 1.671641e+00
2867 4.327026e-01 1.670195e+00
2868 4.094778e-01 1.675857e+00
2869 3.953666e-01 1.700397e+00
2870 3.956535e-01 1.725097e+00
2871 3.887921e-01 1.710574e+00
2872 3.887340e-01 1.709339e+00
2873 4.006521e-01 1.721671e+00
2874 3.622719e-01 1.742115e+00
2875 3.586106e-01 1.744564e+00
2876 3.395625e-01 1.726659e+00
2877 3.602749e-01 1.748005e+00
2878 3.482548e-01 1.727370e+00
2879 3.499311e-01 1.726354e+00
2880 3.404304e-01 1.743121e+00
2881 3.601437e-01 1.729279e+00
2882 3.771275e-01 1.739871e+00
2883 3.501177e-01 1.699122e+00
2884 3.607046e-01 1.706831e+00
2885 3.338463e-01 1.705985e+00
2886 3.365145e-01 1.723929e+00
2887 3.534397e-01 1.717513e+00
2888 3.517351e-01 1.695480e+00
2889 3.387313e-01 1.697941e+00
2890 3.321187e-01 1.688601e+00
2891 3.430756e-01 1.690359e+00
2892 3.531188e-01 1.694241e+00
2893 3.697706e-01 1.702901e+00
2894 4.168798e-01 1.682462e+00
2895 4.154087e-01 1.683689e+00
2896 3.296444e-01 1.656493e+00
2897 3.386011e-01 1.661846e+00
2898 3.494442e-01 1.640698e+00
2899 3.504262e-01 1.637365e+00
2900 3.602161e-01 1.638893e+00
2901 3.564367e-01 1.629358e+00
2902 3.602821e-01 1.620074e+00
2903 3.621771e-01 1.616686e+00
2904 3.575778e-01 1.615049e+00
2905 3.535079e-01 1.617969e+00
2906 3.531690e-01 1.620284e+00
2907 3.551924e-01 1.617539e+00
2908 3.543909e-01 1.589277e+00
2909 3.548195e-01 1.590350e+00
2910 3.544142e-01 1.593029e+00
2911 3.366064e-01 1.605686e+00
2912 3.238201e-01 1.595116e+00
2913 3.232123e-01 1.608153e+00
2914 3.230083e-01 1.607336e+00
2915 2.660982e-01 1.628697e+00
2916 2.586936e-01 1.622134e+00
2917 2.531792e-01 1.624041e+00
2918 2.609940e-01 1.617018e+00
2919 2.860898e-01 1.608076e+00
2920 2.937615e-01 1.630766e+00
2921 2.553609e-01 1.644623e+00
2922 2.567290e-01 1.637692e+00
2923 2.563107e-01 1.634554e+00
2924 2.904425e-01 1.628206e+00
2925 2.887585e-01 1.626770e+00
2926 2.823899e-01 1.636791e+00
2927 2.817702e-01 1.632781e+00
2928 2.894069e-01 1.637821e+00
2929 2.662929e-01 1.639104e+00
2930 2.650860e-01 1.636900e+00
2931 2.700230e-01 1.658090e+00
2932 2.727467e-01 1.646780e+00
2933 2.742162e-01 1.636797e+00
2934 2.753074e-01 1.632167e+00
2935 2.775068e-01 1.631274e+00
2936 2.779336e-01 1.629479e+00
2937 2.815472e-01 1.618496e+00
2938 2.694286e-01 1.582381e+00
2939 2.588853e-01 1.584699e+00
2940 2.486014e-01 1.580055e+00
2941 2.187217e-01 1.586996e+00
2942 2.203705e-01 1.581138e+00
2943 2.161807e-01 1.579978e+00
2944 1.528490e-01 1.537071e+00
2945 1.497724e-01 1.526007e+00
2946 1.394572e-01 1.541115e+00
2947 1.378621e-01 1.499362e+00
2948 8.108833e-02 1.519695e+00
2949 8.048815e-02 1.517009e+00
2950 7.678582e-02 1.513918e+00
2951 8.174179e-02 1.520995e+00
2952 6.808082e-02 1.512802e+00
2953 6.644607e-02 1.550372e+00
2954 3.232450e-02 1.563517e+00
2955 9.148376e-03 1.578076e+00
2956 1.720510e-02 1.555701e+00
2957 -1.723057e-02 1.533934e+00
