0 2.893427e+00 4.483593e-01
1 2.893823e+00 4.516549e-01
2 2.876778e+00 4.504432e-01
3 2.876693e+00 4.502108e-01
4 2.885121e+00 4.567959e-01
5 2.889474e+00 4.200445e-01
6 2.888430e+00 4.378077e-01
7 2.868805e+00 4.364467e-01
8 2.866805e+00 4.399079e-01
9 2.829858e+00 4.375515e-01
10 2.827151e+00 4.277390e-01
11 2.829756e+00 4.490916e-01
12 2.839068e+00 4.348098e-01
13 2.830128e+00 4.369848e-01
14 2.820330e+00 4.215889e-01
15 2.731937e+00 4.225273e-01
16 2.719594e+00 4.387567e-01
17 2.747576e+00 4.028179e-01
18 2.790165e+00 3.816435e-01
19 2.785768e+00 3.626792e-01
20 2.784550e+00 3.650661e-01
21 2.778896e+00 3.682281e-01
22 2.808132e+00 2.999492e-01
23 2.799362e+00 3.024724e-01
24 2.792060e+00 3.092754e-01
25 2.727104e+00 3.310657e-01
26 2.728937e+00 3.314088e-01
27 2.730104e+00 3.327210e-01
28 2.718908e+00 3.697186e-01
29 2.718528e+00 3.696526e-01
30 2.716036e+00 3.697256e-01
31 2.716136e+00 3.696785e-01
32 2.719039e+00 3.662561e-01
33 2.722835e+00 3.717044e-01
34 2.723200e+00 3.717838e-01
35 2.718920e+00 3.685986e-01
36 2.723619e+00 3.734733e-01
37 2.704797e+00 3.782897e-01
38 2.710360e+00 3.811982e-01
39 2.708658e+00 3.840425e-01
40 2.741094e+00 3.972514e-01
41 2.735720e+00 3.853933e-01
42 2.711453e+00 3.740235e-01
43 2.683158e+00 3.947576e-01
44 2.660527e+00 4.189853e-01
45 2.662449e+00 4.189986e-01
46 2.691243e+00 4.242595e-01
47 2.718023e+00 4.237498e-01
48 2.717820e+00 4.241992e-01
49 2.771742e+00 4.040957e-01
50 2.771746e+00 4.213457e-01
51 2.766945e+00 4.249886e-01
52 2.766635e+00 4.241451e-01
53 2.746556e+00 4.176920e-01
54 2.732914e+00 4.142829e-01
55 2.737203e+00 4.168667e-01
56 2.727758e+00 3.977532e-01
57 2.736959e+00 4.069265e-01
58 2.733439e+00 4.083213e-01
59 2.713209e+00 4.150583e-01
60 2.709748e+00 4.629544e-01
61 2.646290e+00 4.652233e-01
62 2.649783e+00 4.607759e-01
63 2.653278e+00 4.727980e-01
64 2.678583e+00 4.838583e-01
65 2.660469e+00 5.109202e-01
66 2.663132e+00 5.141338e-01
67 2.661092e+00 5.109421e-01
68 2.666312e+00 4.945985e-01
69 2.662069e+00 4.976937e-01
70 2.663365e+00 5.021897e-01
71 2.659300e+00 4.987701e-01
72 2.657814e+00 4.997369e-01
73 2.662333e+00 4.971624e-01
74 2.676558e+00 4.932365e-01
75 2.666696e+00 4.815972e-01
76 2.672105e+00 4.788326e-01
77 2.694109e+00 5.373086e-01
78 2.693966e+00 5.374523e-01
79 2.680569e+00 5.556176e-01
80 2.668457e+00 5.714627e-01
81 2.656319e+00 5.650880e-01
82 2.646194e+00 5.734258e-01
83 2.655563e+00 5.833910e-01
84 2.638636e+00 5.831530e-01
85 2.643526e+00 5.663655e-01
86 2.626141e+00 6.080071e-01
87 2.639228e+00 5.621207e-01
88 2.594690e+00 5.564754e-01
89 2.601822e+00 5.743552e-01
90 2.605617e+00 5.715057e-01
91 2.589273e+00 5.499214e-01
92 2.620788e+00 5.632953e-01
93 2.628229e+00 5.571676e-01
94 2.604548e+00 5.897225e-01
95 2.597397e+00 6.026964e-01
96 2.597052e+00 6.029030e-01
97 2.598949e+00 5.977941e-01
98 2.589590e+00 5.995224e-01
99 2.600835e+00 5.980762e-01
100 2.586962e+00 5.899793e-01
101 2.588025e+00 5.803186e-01
102 2.589597e+00 5.786584e-01
103 2.592636e+00 6.007261e-01
104 2.588117e+00 6.024260e-01
105 2.615174e+00 6.223191e-01
106 2.600610e+00 5.840993e-01
107 2.598694e+00 5.744823e-01
108 2.601502e+00 5.778654e-01
109 2.600293e+00 5.784083e-01
110 2.565391e+00 5.663413e-01
111 2.565997e+00 5.659794e-01
112 2.550105e+00 5.371323e-01
113 2.528950e+00 5.353678e-01
114 2.528403e+00 5.354088e-01
115 2.538796e+00 5.525981e-01
116 2.539564e+00 5.689725e-01
117 2.535780e+00 5.707013e-01
118 2.521935e+00 5.695233e-01
119 2.538214e+00 5.990999e-01
120 2.538291e+00 5.997954e-01
121 2.529040e+00 5.824794e-01
122 2.549062e+00 5.909443e-01
123 2.549293e+00 6.232641e-01
124 2.562438e+00 6.107048e-01
125 2.562448e+00 6.107096e-01
126 2.599140e+00 6.003236e-01
127 2.617191e+00 6.009892e-01
128 2.609132e+00 5.969167e-01
129 2.609859e+00 5.964098e-01
130 2.604307e+00 5.518938e-01
131 2.592127e+00 5.652058e-01
132 2.569500e+00 5.593704e-01
133 2.590849e+00 5.570410e-01
134 2.596568e+00 5.681250e-01
135 2.601228e+00 5.894297e-01
136 2.647658e+00 5.602655e-01
137 2.648712e+00 5.594755e-01
138 2.636842e+00 5.502275e-01
139 2.638317e+00 5.577459e-01
140 2.640072e+00 5.497953e-01
141 2.642886e+00 5.669912e-01
142 2.664140e+00 5.674060e-01
143 2.666718e+00 5.643771e-01
144 2.656164e+00 5.587824e-01
145 2.667258e+00 5.439027e-01
146 2.654565e+00 5.525639e-01
147 2.658630e+00 5.541133e-01
148 2.726621e+00 6.076915e-01
149 2.724754e+00 6.102448e-01
150 2.753218e+00 6.237179e-01
151 2.755058e+00 6.294716e-01
152 2.761685e+00 6.444978e-01
153 2.750752e+00 6.299906e-01
154 2.762587e+00 5.936705e-01
155 2.821292e+00 5.865262e-01
156 2.828454e+00 5.971717e-01
157 2.852215e+00 6.321279e-01
158 2.834589e+00 6.389245e-01
159 2.845358e+00 6.007788e-01
160 2.841854e+00 5.820210e-01
161 2.843506e+00 5.805751e-01
162 2.857568e+00 5.866901e-01
163 2.888183e+00 6.157020e-01
164 2.884525e+00 6.133000e-01
165 2.886107e+00 6.134758e-01
166 2.840263e+00 6.109379e-01
167 2.840779e+00 6.098468e-01
168 2.847915e+00 6.116534e-01
169 2.858742e+00 5.964323e-01
170 2.859537e+00 5.963436e-01
171 2.867961e+00 5.888629e-01
172 2.869044e+00 5.896985e-01
173 2.882690e+00 5.943532e-01
174 2.887222e+00 6.198006e-01
175 2.887917e+00 6.186148e-01
176 2.877097e+00 6.314974e-01
177 2.872366e+00 6.187362e-01
178 2.872606e+00 6.208442e-01
179 2.823414e+00 5.814362e-01
180 2.793660e+00 6.083422e-01
181 2.771857e+00 6.089718e-01
182 2.773221e+00 6.090209e-01
183 2.770543e+00 6.094490e-01
184 2.765673e+00 5.809324e-01
185 2.750368e+00 5.851312e-01
186 2.749440e+00 5.704458e-01
187 2.749217e+00 5.743942e-01
188 2.761132e+00 5.811891e-01
189 2.778917e+00 5.841325e-01
190 2.791854e+00 5.812502e-01
191 2.793402e+00 5.798686e-01
192 2.792625e+00 5.797383e-01
193 2.758666e+00 5.082762e-01
194 2.747745e+00 4.733808e-01
195 2.762692e+00 4.807611e-01
196 2.769466e+00 4.833343e-01
197 2.781204e+00 4.803721e-01
198 2.782127e+00 4.858908e-01
199 2.786812e+00 4.780117e-01
200 2.779400e+00 4.730686e-01
201 2.777798e+00 4.661618e-01
202 2.776543e+00 4.881864e-01
203 2.778133e+00 5.069457e-01
204 2.768716e+00 5.131615e-01
205 2.763451e+00 5.127814e-01
206 2.670706e+00 5.166181e-01
207 2.675822e+00 5.066453e-01
208 2.661137e+00 5.180061e-01
209 2.662019e+00 5.182679e-01
210 2.666181e+00 5.196361e-01
211 2.693327e+00 5.217592e-01
212 2.728904e+00 5.513138e-01
213 2.724999e+00 5.499732e-01
214 2.732168e+00 5.941968e-01
215 2.728439e+00 5.899717e-01
216 2.710899e+00 6.119159e-01
217 2.712996e+00 6.163967e-01
218 2.715132e+00 6.181373e-01
219 2.723018e+00 6.141943e-01
220 2.711298e+00 6.542790e-01
221 2.708860e+00 6.528732e-01
222 2.747805e+00 6.346486e-01
223 2.752005e+00 6.381956e-01
224 2.751712e+00 6.383835e-01
225 2.792040e+00 6.144516e-01
226 2.792646e+00 6.133036e-01
227 2.795422e+00 6.111837e-01
228 2.789306e+00 6.145918e-01
229 2.795681e+00 6.030084e-01
230 2.786818e+00 6.007844e-01
231 2.793250e+00 6.143215e-01
232 2.798488e+00 6.256286e-01
233 2.807890e+00 6.299656e-01
234 2.809527e+00 6.296398e-01
235 2.771313e+00 6.461776e-01
236 2.800337e+00 6.245739e-01
237 2.788621e+00 5.994231e-01
238 2.799556e+00 5.871159e-01
239 2.787106e+00 6.106565e-01
240 2.773576e+00 6.095696e-01
241 2.826759e+00 6.035828e-01
242 2.827659e+00 6.032183e-01
243 2.805032e+00 6.696820e-01
244 2.850783e+00 6.617984e-01
245 2.881198e+00 6.361366e-01
246 2.873518e+00 6.334340e-01
247 2.886785e+00 6.410670e-01
248 2.888615e+00 6.452033e-01
249 2.876796e+00 6.615323e-01
250 2.890126e+00 6.171694e-01
251 2.894727e+00 6.711505e-01
252 2.895671e+00 6.696952e-01
253 2.896462e+00 6.851683e-01
254 2.899985e+00 6.873116e-01
255 2.904161e+00 7.117798e-01
256 2.917575e+00 7.136727e-01
257 2.921285e+00 7.278180e-01
258 2.913484e+00 6.772496e-01
259 2.908962e+00 6.713391e-01
260 2.904880e+00 6.769581e-01
261 2.893758e+00 6.639593e-01
262 2.887129e+00 6.365880e-01
263 2.885551e+00 6.262014e-01
264 2.890050e+00 6.144142e-01
265 2.899137e+00 6.266356e-01
266 2.925714e+00 6.156868e-01
267 2.915630e+00 6.243377e-01
268 2.917466e+00 6.094824e-01
269 2.917364e+00 5.816488e-01
270 2.845405e+00 6.506687e-01
271 2.837502e+00 6.082245e-01
272 2.828234e+00 5.991089e-01
273 2.871019e+00 6.122383e-01
274 2.874142e+00 6.385674e-01
275 2.928368e+00 6.414255e-01
276 2.875201e+00 6.580608e-01
277 2.873037e+00 6.295033e-01
278 2.915935e+00 6.388310e-01
279 2.955385e+00 6.215238e-01
280 2.921060e+00 6.054827e-01
281 2.930463e+00 6.006744e-01
282 2.921697e+00 5.827383e-01
283 2.931362e+00 5.889152e-01
284 2.912933e+00 6.037862e-01
285 2.909756e+00 5.964638e-01
286 2.916924e+00 5.900752e-01
287 2.906258e+00 5.985487e-01
288 2.909596e+00 5.985290e-01
289 2.906629e+00 5.894637e-01
290 2.907538e+00 5.908929e-01
291 2.895593e+00 5.861199e-01
292 2.927048e+00 5.839726e-01
293 2.923485e+00 5.728259e-01
294 2.887497e+00 5.842562e-01
295 2.886292e+00 5.853515e-01
296 2.879649e+00 5.697982e-01
297 2.886844e+00 5.669913e-01
298 2.886350e+00 5.625469e-01
299 2.910727e+00 5.823446e-01
300 2.878363e+00 5.749083e-01
301 2.885466e+00 5.693407e-01
302 2.878399e+00 5.674997e-01
303 2.896545e+00 5.569022e-01
304 2.876671e+00 5.455369e-01
305 2.893000e+00 5.360278e-01
306 2.894234e+00 5.362482e-01
307 2.927369e+00 5.564695e-01
308 2.928304e+00 5.621917e-01
309 2.906406e+00 5.345277e-01
310 2.902012e+00 5.357190e-01
311 2.907794e+00 5.663615e-01
312 2.932459e+00 5.806117e-01
313 2.899489e+00 5.785510e-01
314 2.901580e+00 5.832860e-01
315 2.878098e+00 5.801345e-01
316 2.851474e+00 4.951382e-01
317 2.864375e+00 4.802103e-01
318 2.875440e+00 4.856436e-01
319 2.937918e+00 4.821852e-01
320 2.947004e+00 4.789308e-01
321 2.948983e+00 4.750445e-01
322 2.958698e+00 4.754480e-01
323 2.965070e+00 4.805504e-01
324 2.907673e+00 4.935173e-01
325 2.910718e+00 5.050029e-01
326 2.908550e+00 5.038021e-01
327 2.879597e+00 5.198785e-01
328 2.866409e+00 5.785921e-01
329 2.828042e+00 5.702560e-01
330 2.808290e+00 5.958891e-01
331 2.789657e+00 6.281806e-01
332 2.789296e+00 6.278352e-01
333 2.770259e+00 6.409590e-01
334 2.796132e+00 6.508568e-01
335 2.797400e+00 6.940862e-01
336 2.793593e+00 7.041560e-01
337 2.791209e+00 7.116053e-01
338 2.794616e+00 7.105815e-01
339 2.813433e+00 7.229782e-01
340 2.832259e+00 6.777801e-01
341 2.843988e+00 6.924858e-01
342 2.852023e+00 7.052663e-01
343 2.836844e+00 7.276706e-01
344 2.833355e+00 7.208066e-01
345 2.840540e+00 7.066191e-01
346 2.840774e+00 7.068505e-01
347 2.810198e+00 7.214741e-01
348 2.807092e+00 7.277600e-01
349 2.807108e+00 7.293269e-01
350 2.791685e+00 7.234794e-01
351 2.782753e+00 7.171591e-01
352 2.759656e+00 6.659003e-01
353 2.737543e+00 6.933799e-01
354 2.761903e+00 7.226892e-01
355 2.747527e+00 7.915394e-01
356 2.738573e+00 7.756333e-01
357 2.761071e+00 7.804330e-01
358 2.803957e+00 7.684732e-01
359 2.839077e+00 7.795709e-01
360 2.837147e+00 7.771474e-01
361 2.826144e+00 7.352255e-01
362 2.832550e+00 7.509252e-01
363 2.813218e+00 7.704194e-01
364 2.815234e+00 7.762304e-01
365 2.816497e+00 7.766962e-01
366 2.819449e+00 7.694070e-01
367 2.809567e+00 7.617565e-01
368 2.813039e+00 7.663664e-01
369 2.816582e+00 7.690074e-01
370 2.837744e+00 8.044763e-01
371 2.823345e+00 7.940914e-01
372 2.818013e+00 7.945960e-01
373 2.811668e+00 7.708858e-01
374 2.860464e+00 7.904796e-01
375 2.862464e+00 7.818460e-01
376 2.948558e+00 8.505855e-01
377 2.940548e+00 8.548013e-01
378 2.941936e+00 8.238435e-01
379 2.894934e+00 8.028041e-01
380 2.893175e+00 8.020172e-01
381 2.886779e+00 8.135667e-01
382 2.846665e+00 8.132613e-01
383 2.844770e+00 8.267032e-01
384 2.844243e+00 8.162931e-01
385 2.843989e+00 8.156825e-01
386 2.834419e+00 8.116309e-01
387 2.850399e+00 8.360842e-01
388 2.850139e+00 8.374184e-01
389 2.859396e+00 8.049297e-01
390 2.818639e+00 7.601304e-01
391 2.817454e+00 8.048644e-01
392 2.820698e+00 8.030107e-01
393 2.826131e+00 7.791037e-01
394 2.831202e+00 7.936709e-01
395 2.834052e+00 8.217429e-01
396 2.830194e+00 8.594624e-01
397 2.830082e+00 8.568078e-01
398 2.831001e+00 8.573267e-01
399 2.881149e+00 7.837476e-01
400 2.846176e+00 7.837093e-01
401 2.851966e+00 7.731781e-01
402 2.824384e+00 7.505847e-01
403 2.830280e+00 7.447149e-01
404 2.787832e+00 7.746099e-01
405 2.892834e+00 7.290638e-01
406 2.897627e+00 7.274803e-01
407 2.903623e+00 7.295468e-01
408 2.879812e+00 7.025368e-01
409 2.875977e+00 6.962070e-01
410 2.889971e+00 7.079738e-01
411 2.893252e+00 6.884778e-01
412 2.885103e+00 6.520131e-01
413 2.881490e+00 6.557491e-01
414 2.879045e+00 6.509781e-01
415 2.881519e+00 6.520909e-01
416 2.888876e+00 6.578898e-01
417 2.852741e+00 7.074951e-01
418 2.855491e+00 6.987441e-01
419 2.854634e+00 6.969830e-01
420 2.876349e+00 7.031862e-01
421 2.886947e+00 7.227202e-01
422 2.881729e+00 7.598352e-01
423 2.889196e+00 7.518446e-01
424 2.892929e+00 7.619331e-01
425 2.883612e+00 7.192652e-01
426 2.849072e+00 7.574557e-01
427 2.852102e+00 7.567542e-01
428 2.867941e+00 7.571619e-01
429 2.859098e+00 7.696972e-01
430 2.941595e+00 7.860778e-01
431 2.937207e+00 7.887184e-01
432 2.932697e+00 7.787714e-01
433 2.932769e+00 7.837388e-01
434 2.924400e+00 7.817543e-01
435 2.926520e+00 7.758198e-01
436 2.926568e+00 7.758260e-01
437 2.944336e+00 7.733802e-01
438 2.968841e+00 7.780381e-01
439 2.990775e+00 7.590027e-01
440 3.014017e+00 7.493688e-01
441 3.044674e+00 7.345831e-01
442 3.037349e+00 7.318402e-01
443 3.031427e+00 7.328730e-01
444 3.012434e+00 7.351115e-01
445 3.003562e+00 7.408593e-01
446 3.021119e+00 7.479674e-01
447 3.024693e+00 7.363066e-01
448 3.027491e+00 7.456858e-01
449 3.031192e+00 7.371244e-01
450 3.007657e+00 7.353579e-01
451 3.001466e+00 7.116444e-01
452 3.001199e+00 7.127032e-01
453 2.984331e+00 7.161809e-01
454 3.017959e+00 6.408546e-01
455 3.034667e+00 6.299556e-01
456 3.028934e+00 6.285018e-01
457 3.008201e+00 6.382490e-01
458 3.006866e+00 6.391210e-01
459 3.001723e+00 6.705951e-01
460 2.993136e+00 6.837159e-01
461 3.003949e+00 6.720734e-01
462 2.923905e+00 7.110981e-01
463 2.924092e+00 7.187035e-01
464 2.930044e+00 7.204359e-01
465 2.929196e+00 7.242705e-01
466 2.929181e+00 7.246692e-01
467 2.931162e+00 7.254611e-01
468 2.930170e+00 7.135366e-01
469 2.930779e+00 7.298061e-01
470 2.925900e+00 7.109967e-01
471 2.925159e+00 7.075999e-01
472 2.922556e+00 7.159833e-01
473 2.934322e+00 7.239750e-01
474 2.892836e+00 6.810374e-01
475 2.865434e+00 7.072015e-01
476 2.863822e+00 6.972094e-01
477 2.836256e+00 6.977357e-01
478 2.835368e+00 6.943857e-01
479 2.843898e+00 6.974336e-01
480 2.855435e+00 7.136841e-01
481 2.831293e+00 7.118308e-01
482 2.780575e+00 7.464926e-01
483 2.752868e+00 7.913836e-01
484 2.752041e+00 7.883766e-01
485 2.741313e+00 7.937490e-01
486 2.731464e+00 8.010070e-01
487 2.734922e+00 8.052416e-01
488 2.730610e+00 8.158303e-01
489 2.726203e+00 8.178665e-01
490 2.725196e+00 8.150523e-01
491 2.711346e+00 8.248623e-01
492 2.712613e+00 8.214496e-01
493 2.714485e+00 8.155827e-01
494 2.710443e+00 8.115713e-01
495 2.731511e+00 7.977344e-01
496 2.720919e+00 8.134961e-01
497 2.737782e+00 8.589418e-01
498 2.738838e+00 8.602577e-01
499 2.725884e+00 8.579306e-01
500 2.731184e+00 8.387981e-01
501 2.726944e+00 8.469985e-01
502 2.722182e+00 8.413826e-01
503 2.684848e+00 8.850120e-01
504 2.686033e+00 8.852742e-01
505 2.685539e+00 9.127723e-01
506 2.702265e+00 9.235368e-01
507 2.663453e+00 9.203674e-01
508 2.659301e+00 9.230149e-01
509 2.660302e+00 9.282508e-01
510 2.661945e+00 9.253467e-01
511 2.629618e+00 9.303436e-01
512 2.629706e+00 9.396911e-01
513 2.648977e+00 9.573030e-01
514 2.648036e+00 9.587249e-01
515 2.633833e+00 9.669139e-01
516 2.633664e+00 9.670817e-01
517 2.628751e+00 9.867143e-01
518 2.608908e+00 9.857369e-01
519 2.681241e+00 9.504248e-01
520 2.680156e+00 9.461913e-01
521 2.673204e+00 9.379041e-01
522 2.660580e+00 9.404085e-01
523 2.663443e+00 9.502443e-01
524 2.656450e+00 9.448769e-01
525 2.656195e+00 9.227815e-01
526 2.659688e+00 9.075246e-01
527 2.705177e+00 9.031640e-01
528 2.695390e+00 9.154468e-01
529 2.696047e+00 9.152623e-01
530 2.708167e+00 9.063509e-01
531 2.714686e+00 9.054430e-01
532 2.704605e+00 9.108586e-01
533 2.705622e+00 9.136383e-01
534 2.710597e+00 9.135733e-01
535 2.732482e+00 9.127057e-01
536 2.734602e+00 9.173311e-01
537 2.707928e+00 8.644686e-01
538 2.706268e+00 8.776024e-01
539 2.687653e+00 8.873937e-01
540 2.724605e+00 8.088298e-01
541 2.710552e+00 8.149259e-01
542 2.720715e+00 8.321244e-01
543 2.718665e+00 8.745861e-01
544 2.717983e+00 8.712797e-01
545 2.720026e+00 8.724896e-01
546 2.718550e+00 8.341950e-01
547 2.708260e+00 8.460925e-01
548 2.717098e+00 8.478968e-01
549 2.727401e+00 8.568298e-01
550 2.717198e+00 8.638019e-01
551 2.705703e+00 9.043437e-01
552 2.702790e+00 9.026160e-01
553 2.678479e+00 9.048659e-01
554 2.671972e+00 9.414932e-01
555 2.668935e+00 9.407444e-01
556 2.711414e+00 9.298668e-01
557 2.707033e+00 9.390272e-01
558 2.702933e+00 9.435940e-01
559 2.698460e+00 9.119222e-01
560 2.698609e+00 8.962991e-01
561 2.699741e+00 8.958771e-01
562 2.770186e+00 9.261867e-01
563 2.789665e+00 9.246244e-01
564 2.789772e+00 9.293239e-01
565 2.778827e+00 9.170839e-01
566 2.796533e+00 9.222125e-01
567 2.788845e+00 9.370996e-01
568 2.773027e+00 9.459222e-01
569 2.792674e+00 9.509342e-01
570 2.790318e+00 9.488650e-01
571 2.777663e+00 9.254855e-01
572 2.779489e+00 9.257047e-01
573 2.778995e+00 9.287695e-01
574 2.751065e+00 9.167922e-01
575 2.770410e+00 9.070654e-01
576 2.762412e+00 8.820909e-01
577 2.744815e+00 8.908117e-01
578 2.745522e+00 8.933831e-01
579 2.748060e+00 9.029901e-01
580 2.718723e+00 8.818944e-01
581 2.704906e+00 9.051275e-01
582 2.709044e+00 8.876664e-01
583 2.708657e+00 8.931078e-01
584 2.654370e+00 8.956757e-01
585 2.653777e+00 9.063177e-01
586 2.650305e+00 8.991128e-01
587 2.653083e+00 8.956525e-01
588 2.650703e+00 8.875942e-01
589 2.650986e+00 8.940057e-01
590 2.653103e+00 8.905615e-01
591 2.653366e+00 8.904582e-01
592 2.662760e+00 9.217722e-01
593 2.662929e+00 9.213988e-01
594 2.663825e+00 9.149652e-01
595 2.681522e+00 9.304349e-01
596 2.690663e+00 9.262855e-01
597 2.709503e+00 9.179777e-01
598 2.757257e+00 8.821805e-01
599 2.818171e+00 9.157467e-01
600 2.818013e+00 9.218643e-01
601 2.822680e+00 9.182210e-01
602 2.821433e+00 9.180374e-01
603 2.797434e+00 9.067406e-01
604 2.773332e+00 8.967677e-01
605 2.767971e+00 9.005327e-01
606 2.769120e+00 8.991636e-01
607 2.752439e+00 9.223588e-01
608 2.724196e+00 9.223006e-01
609 2.724139e+00 9.189338e-01
610 2.695806e+00 9.392264e-01
611 2.702294e+00 9.341518e-01
612 2.702935e+00 9.339822e-01
613 2.689443e+00 9.264591e-01
614 2.688359e+00 9.227477e-01
615 2.678402e+00 9.277288e-01
616 2.693580e+00 9.275805e-01
617 2.669154e+00 8.532103e-01
618 2.669220e+00 8.533487e-01
619 2.702203e+00 8.712748e-01
620 2.729628e+00 8.935508e-01
621 2.728087e+00 8.763651e-01
622 2.693161e+00 8.167097e-01
623 2.713213e+00 8.364681e-01
624 2.713958e+00 8.290831e-01
625 2.701584e+00 7.942867e-01
626 2.703426e+00 7.539937e-01
627 2.700867e+00 7.593674e-01
628 2.752012e+00 7.891104e-01
629 2.753615e+00 7.859609e-01
630 2.749330e+00 7.836755e-01
631 2.745237e+00 7.741015e-01
632 2.734813e+00 7.773661e-01
633 2.715954e+00 7.947076e-01
634 2.702499e+00 8.028784e-01
635 2.703736e+00 8.050708e-01
636 2.703012e+00 8.052568e-01
637 2.687518e+00 8.047450e-01
638 2.692285e+00 8.036239e-01
639 2.713644e+00 8.046566e-01
640 2.718424e+00 8.070431e-01
641 2.706896e+00 8.051922e-01
642 2.714858e+00 8.270107e-01
643 2.717488e+00 8.214045e-01
644 2.724669e+00 8.203195e-01
645 2.723775e+00 8.123775e-01
646 2.721819e+00 8.003777e-01
647 2.724061e+00 7.913981e-01
648 2.725111e+00 8.036481e-01
649 2.748409e+00 7.685423e-01
650 2.739721e+00 7.722495e-01
651 2.736484e+00 7.637608e-01
652 2.748441e+00 7.617515e-01
653 2.749395e+00 7.629580e-01
654 2.737539e+00 7.600134e-01
655 2.747855e+00 7.484581e-01
656 2.728027e+00 7.502088e-01
657 2.716410e+00 7.463194e-01
658 2.683217e+00 7.157795e-01
659 2.633629e+00 6.525214e-01
660 2.622679e+00 6.609384e-01
661 2.602042e+00 6.243755e-01
662 2.592862e+00 6.521341e-01
663 2.594313e+00 6.664451e-01
664 2.585590e+00 6.275114e-01
665 2.592946e+00 6.529719e-01
666 2.609367e+00 6.574745e-01
667 2.586497e+00 6.596199e-01
668 2.550582e+00 6.904141e-01
669 2.557374e+00 6.927024e-01
670 2.563270e+00 7.147998e-01
671 2.534051e+00 7.132463e-01
672 2.537882e+00 6.894318e-01
673 2.527284e+00 6.756761e-01
674 2.553223e+00 6.825319e-01
675 2.547309e+00 6.752391e-01
676 2.548338e+00 6.685971e-01
677 2.549098e+00 6.798743e-01
678 2.547940e+00 6.816038e-01
679 2.565125e+00 6.517251e-01
680 2.560635e+00 6.332913e-01
681 2.565883e+00 6.380374e-01
682 2.561388e+00 6.236532e-01
683 2.592445e+00 6.518223e-01
684 2.607982e+00 6.483818e-01
685 2.619228e+00 6.193057e-01
686 2.631703e+00 6.008981e-01
687 2.611372e+00 6.028502e-01
688 2.609309e+00 6.165569e-01
689 2.625556e+00 6.004471e-01
690 2.624818e+00 6.019150e-01
691 2.633546e+00 6.102701e-01
692 2.639173e+00 6.121420e-01
693 2.649976e+00 6.036402e-01
694 2.651957e+00 6.038184e-01
695 2.643045e+00 5.840570e-01
696 2.638817e+00 5.802878e-01
697 2.659931e+00 5.516694e-01
698 2.667092e+00 5.557148e-01
699 2.697429e+00 5.550027e-01
700 2.708239e+00 5.694380e-01
701 2.697900e+00 6.094055e-01
702 2.702493e+00 6.084392e-01
703 2.698611e+00 6.135961e-01
704 2.696467e+00 6.165194e-01
705 2.698979e+00 6.219539e-01
706 2.687340e+00 6.117513e-01
707 2.679735e+00 6.278921e-01
708 2.679501e+00 6.317682e-01
709 2.675770e+00 6.232227e-01
710 2.672254e+00 6.177595e-01
711 2.677833e+00 6.104913e-01
712 2.648258e+00 6.467494e-01
713 2.641220e+00 6.309606e-01
714 2.639569e+00 6.307487e-01
715 2.612840e+00 6.885907e-01
716 2.618703e+00 7.077860e-01
717 2.623656e+00 7.224930e-01
718 2.609420e+00 7.329603e-01
719 2.615329e+00 7.296583e-01
720 2.618071e+00 7.300146e-01
721 2.587612e+00 7.127010e-01
722 2.595095e+00 7.114041e-01
723 2.671066e+00 6.926476e-01
724 2.655613e+00 7.087385e-01
725 2.651939e+00 6.995411e-01
726 2.654155e+00 7.050969e-01
727 2.651035e+00 7.129905e-01
728 2.651317e+00 7.112973e-01
729 2.655476e+00 7.128564e-01
730 2.669774e+00 7.066026e-01
731 2.664936e+00 7.118144e-01
732 2.663882e+00 7.127454e-01
733 2.653805e+00 7.127219e-01
734 2.607417e+00 7.146047e-01
735 2.630083e+00 7.075836e-01
736 2.644276e+00 7.371600e-01
737 2.618883e+00 7.499081e-01
738 2.617561e+00 7.465503e-01
739 2.594261e+00 7.597360e-01
740 2.618060e+00 7.410286e-01
741 2.553672e+00 6.970700e-01
742 2.551367e+00 7.106579e-01
743 2.547236e+00 7.096195e-01
744 2.558547e+00 6.928808e-01
745 2.568288e+00 6.950413e-01
746 2.551344e+00 6.629822e-01
747 2.502103e+00 5.808225e-01
748 2.504705e+00 5.825743e-01
749 2.503868e+00 5.870526e-01
750 2.485211e+00 5.970584e-01
751 2.498216e+00 5.831679e-01
752 2.504372e+00 5.818633e-01
753 2.505189e+00 5.832584e-01
754 2.505497e+00 5.823269e-01
755 2.508277e+00 5.817510e-01
756 2.500624e+00 5.451616e-01
757 2.501634e+00 5.447511e-01
758 2.503066e+00 5.430478e-01
759 2.496431e+00 5.467620e-01
760 2.492328e+00 5.598848e-01
761 2.487210e+00 5.588393e-01
762 2.491563e+00 5.474873e-01
763 2.482170e+00 5.506704e-01
764 2.480120e+00 5.500958e-01
765 2.466509e+00 5.506543e-01
766 2.469101e+00 5.511528e-01
767 2.472633e+00 5.484417e-01
768 2.473659e+00 5.381607e-01
769 2.484263e+00 5.595819e-01
770 2.472795e+00 6.187500e-01
771 2.465499e+00 6.089723e-01
772 2.464310e+00 6.024160e-01
773 2.459364e+00 6.021572e-01
774 2.455326e+00 6.026301e-01
775 2.460264e+00 5.857686e-01
776 2.474398e+00 6.000431e-01
777 2.486441e+00 5.808568e-01
778 2.482794e+00 5.845545e-01
779 2.488923e+00 5.858569e-01
780 2.446763e+00 6.075020e-01
781 2.463750e+00 6.295793e-01
782 2.463866e+00 6.283351e-01
783 2.466938e+00 6.365310e-01
784 2.466662e+00 6.371159e-01
785 2.481317e+00 6.489214e-01
786 2.472636e+00 6.522406e-01
787 2.472811e+00 6.529341e-01
788 2.457387e+00 6.356544e-01
789 2.450921e+00 6.398224e-01
790 2.455203e+00 6.373644e-01
791 2.452019e+00 6.495589e-01
792 2.427167e+00 6.585818e-01
793 2.458611e+00 6.428774e-01
794 2.482725e+00 6.486607e-01
795 2.421856e+00 6.525737e-01
796 2.424087e+00 6.538441e-01
797 2.409228e+00 6.708807e-01
798 2.410930e+00 6.735285e-01
799 2.387580e+00 6.785640e-01
800 2.372264e+00 6.797025e-01
801 2.370799e+00 6.945143e-01
802 2.442300e+00 7.024052e-01
803 2.422876e+00 6.669607e-01
804 2.402950e+00 6.424206e-01
805 2.396749e+00 6.725893e-01
806 2.396679e+00 6.724925e-01
807 2.398855e+00 6.684964e-01
808 2.398785e+00 6.710595e-01
809 2.406293e+00 6.726986e-01
810 2.403825e+00 6.599063e-01
811 2.419680e+00 6.941767e-01
812 2.416605e+00 6.862000e-01
813 2.416929e+00 6.859409e-01
814 2.394871e+00 7.039964e-01
815 2.388139e+00 7.022774e-01
816 2.396570e+00 7.105873e-01
817 2.384631e+00 7.078100e-01
818 2.341805e+00 7.261203e-01
819 2.351868e+00 7.230292e-01
820 2.350664e+00 7.572551e-01
821 2.353532e+00 7.646517e-01
822 2.340787e+00 7.496147e-01
823 2.330926e+00 7.577970e-01
824 2.321627e+00 7.534249e-01
825 2.333558e+00 7.573655e-01
826 2.311653e+00 7.259864e-01
827 2.288765e+00 6.949030e-01
828 2.318644e+00 6.821284e-01
829 2.305145e+00 6.828941e-01
830 2.292354e+00 6.916588e-01
831 2.274930e+00 7.032787e-01
832 2.262374e+00 6.957940e-01
833 2.246466e+00 7.202606e-01
834 2.248058e+00 7.136803e-01
835 2.305564e+00 7.838602e-01
836 2.323412e+00 7.759355e-01
837 2.317329e+00 7.661026e-01
838 2.373978e+00 7.321302e-01
839 2.372232e+00 7.323885e-01
840 2.364516e+00 7.358564e-01
841 2.372754e+00 7.512353e-01
842 2.361643e+00 7.614230e-01
843 2.359688e+00 7.642709e-01
844 2.355143e+00 7.520437e-01
845 2.354965e+00 7.465296e-01
846 2.359181e+00 7.495638e-01
847 2.359247e+00 7.620142e-01
848 2.337537e+00 7.837419e-01
849 2.339586e+00 7.859344e-01
850 2.349310e+00 7.851027e-01
851 2.353059e+00 7.768753e-01
852 2.358559e+00 7.751349e-01
853 2.354533e+00 7.785783e-01
854 2.348591e+00 7.789958e-01
855 2.350134e+00 7.755661e-01
856 2.345941e+00 7.881427e-01
857 2.264062e+00 9.051499e-01
858 2.269828e+00 9.247276e-01
859 2.258171e+00 8.751729e-01
860 2.259888e+00 8.860081e-01
861 2.262444e+00 8.753852e-01
862 2.269085e+00 8.793386e-01
863 2.288208e+00 8.712593e-01
864 2.286605e+00 8.723610e-01
865 2.287003e+00 8.720863e-01
866 2.249360e+00 8.386595e-01
867 2.296692e+00 8.413520e-01
868 2.304253e+00 8.428716e-01
869 2.305944e+00 8.439599e-01
870 2.310160e+00 8.463057e-01
871 2.312092e+00 8.361923e-01
872 2.284439e+00 8.949998e-01
873 2.291419e+00 8.955704e-01
874 2.267640e+00 8.869402e-01
875 2.274290e+00 8.924766e-01
876 2.261724e+00 9.066045e-01
877 2.254909e+00 9.097943e-01
878 2.153558e+00 9.067566e-01
879 2.151605e+00 9.068939e-01
880 2.136556e+00 9.190069e-01
881 2.136483e+00 9.194077e-01
882 2.137710e+00 9.191875e-01
883 2.148737e+00 9.735542e-01
884 2.153200e+00 1.002528e+00
885 2.174401e+00 1.009331e+00
886 2.176135e+00 1.011956e+00
887 2.200211e+00 1.014281e+00
888 2.202037e+00 1.013911e+00
889 2.198283e+00 1.010906e+00
890 2.199239e+00 1.009191e+00
891 2.217531e+00 1.020574e+00
892 2.227938e+00 1.077510e+00
893 2.232400e+00 1.092340e+00
894 2.200177e+00 1.110312e+00
895 2.226121e+00 1.113539e+00
896 2.257272e+00 1.087717e+00
897 2.235817e+00 1.075433e+00
898 2.241101e+00 1.057950e+00
899 2.262314e+00 1.067276e+00
900 2.250731e+00 1.063627e+00
901 2.254371e+00 1.042014e+00
902 2.260035e+00 1.021278e+00
903 2.293943e+00 9.485394e-01
904 2.291062e+00 9.467910e-01
905 2.269681e+00 9.686927e-01
906 2.272204e+00 9.723645e-01
907 2.261773e+00 9.714960e-01
908 2.285604e+00 9.454470e-01
909 2.298363e+00 9.118028e-01
910 2.294299e+00 9.568441e-01
911 2.289896e+00 9.510008e-01
912 2.271017e+00 9.592766e-01
913 2.259506e+00 9.602158e-01
914 2.268271e+00 9.881559e-01
915 2.278123e+00 9.895853e-01
916 2.279717e+00 9.878580e-01
917 2.229965e+00 1.042652e+00
918 2.235435e+00 1.034512e+00
919 2.233653e+00 1.024818e+00
920 2.220912e+00 1.083017e+00
921 2.223766e+00 1.081961e+00
922 2.217616e+00 1.078437e+00
923 2.243731e+00 1.084263e+00
924 2.204438e+00 1.069656e+00
925 2.156977e+00 1.077091e+00
926 2.164956e+00 1.068789e+00
927 2.174130e+00 1.060181e+00
928 2.167130e+00 1.072655e+00
929 2.159658e+00 1.058426e+00
930 2.158505e+00 1.063999e+00
931 2.158456e+00 1.063099e+00
932 2.155226e+00 1.062034e+00
933 2.175808e+00 1.062233e+00
934 2.181637e+00 1.060084e+00
935 2.185740e+00 1.044272e+00
936 2.183140e+00 1.029707e+00
937 2.186531e+00 1.045259e+00
938 2.186404e+00 1.047930e+00
939 2.106331e+00 1.100845e+00
940 2.110466e+00 1.098589e+00
941 2.108317e+00 1.057347e+00
942 2.106120e+00 1.056555e+00
943 2.122757e+00 1.053924e+00
944 2.117928e+00 1.051717e+00
945 2.134592e+00 1.055406e+00
946 2.165483e+00 1.040164e+00
947 2.159685e+00 1.040738e+00
948 2.135268e+00 1.072698e+00
949 2.137510e+00 1.074505e+00
950 2.150265e+00 1.038925e+00
951 2.154844e+00 1.047365e+00
952 2.150964e+00 1.069826e+00
953 2.153370e+00 1.069936e+00
954 2.213624e+00 1.067125e+00
955 2.216465e+00 1.071101e+00
956 2.201072e+00 1.034488e+00
957 2.219741e+00 1.053727e+00
958 2.222550e+00 1.019927e+00
959 2.225890e+00 9.904202e-01
960 2.211804e+00 1.008944e+00
961 2.243174e+00 9.905778e-01
962 2.241273e+00 9.951061e-01
963 2.257829e+00 1.018657e+00
964 2.266480e+00 1.023549e+00
965 2.262099e+00 1.012738e+00
966 2.260063e+00 1.015656e+00
967 2.244531e+00 1.042448e+00
968 2.264999e+00 1.054938e+00
969 2.289384e+00 1.054689e+00
970 2.295149e+00 1.039187e+00
971 2.296194e+00 1.039685e+00
972 2.271230e+00 1.059866e+00
973 2.273012e+00 1.073509e+00
974 2.288689e+00 1.026782e+00
975 2.245150e+00 1.033207e+00
976 2.251898e+00 1.004967e+00
977 2.252913e+00 1.004039e+00
978 2.237669e+00 9.931293e-01
979 2.235882e+00 9.942802e-01
980 2.232893e+00 9.944871e-01
981 2.228178e+00 1.007994e+00
982 2.240747e+00 1.022654e+00
983 2.240103e+00 1.022425e+00
984 2.210381e+00 1.028171e+00
985 2.193987e+00 1.032390e+00
986 2.211169e+00 1.019304e+00
987 2.222711e+00 1.028985e+00
988 2.222250e+00 1.028643e+00
989 2.221176e+00 1.022312e+00
990 2.224576e+00 1.025404e+00
991 2.237744e+00 1.023505e+00
992 2.252689e+00 1.047062e+00
993 2.242552e+00 1.045117e+00
994 2.240442e+00 1.051274e+00
995 2.208616e+00 1.074041e+00
996 2.208681e+00 1.074015e+00
997 2.211689e+00 1.087130e+00
998 2.204357e+00 1.077503e+00
999 2.204478e+00 1.077608e+00
1000 2.208817e+00 1.103625e+00
1001 2.208472e+00 1.107038e+00
1002 2.204835e+00 1.105844e+00
1003 2.208782e+00 1.107667e+00
1004 2.214070e+00 1.113661e+00
1005 2.214236e+00 1.112637e+00
1006 2.211563e+00 1.108780e+00
1007 2.238847e+00 1.118039e+00
1008 2.222150e+00 1.133841e+00
1009 2.226792e+00 1.125203e+00
1010 2.273285e+00 1.079584e+00
1011 2.271133e+00 1.078382e+00
1012 2.246235e+00 1.136158e+00
1013 2.248935e+00 1.142922e+00
1014 2.251127e+00 1.138498e+00
1015 2.250948e+00 1.137597e+00
1016 2.247410e+00 1.146586e+00
1017 2.240493e+00 1.128497e+00
1018 2.118886e+00 1.124429e+00
1019 2.116098e+00 1.120702e+00
1020 2.116510e+00 1.119076e+00
1021 2.108236e+00 1.128330e+00
1022 2.108815e+00 1.122806e+00
1023 2.126484e+00 1.137737e+00
1024 2.130586e+00 1.138446e+00
1025 2.120883e+00 1.138651e+00
1026 2.129376e+00 1.137055e+00
1027 2.139279e+00 1.146610e+00
1028 2.134458e+00 1.133886e+00
1029 2.133196e+00 1.134124e+00
1030 2.099934e+00 1.137522e+00
1031 2.083416e+00 1.115166e+00
1032 2.079285e+00 1.117896e+00
1033 2.063719e+00 1.118206e+00
1034 2.064700e+00 1.138624e+00
1035 2.046688e+00 1.159742e+00
1036 2.067743e+00 1.170441e+00
1037 2.071622e+00 1.170927e+00
1038 2.078546e+00 1.200563e+00
1039 2.110329e+00 1.173623e+00
1040 2.103262e+00 1.171579e+00
1041 2.159449e+00 1.139781e+00
1042 2.164154e+00 1.135729e+00
1043 2.155733e+00 1.139358e+00
1044 2.155431e+00 1.150563e+00
1045 2.132519e+00 1.168515e+00
1046 2.148576e+00 1.170362e+00
1047 2.154621e+00 1.176214e+00
1048 2.171843e+00 1.153108e+00
1049 2.174049e+00 1.145059e+00
1050 2.173017e+00 1.138110e+00
1051 2.175270e+00 1.129300e+00
1052 2.172149e+00 1.130394e+00
1053 2.164193e+00 1.132971e+00
1054 2.158511e+00 1.114361e+00
1055 2.134802e+00 1.096743e+00
1056 2.165407e+00 1.106027e+00
1057 2.186438e+00 1.119038e+00
1058 2.186434e+00 1.119008e+00
1059 2.182260e+00 1.140345e+00
1060 2.198181e+00 1.137082e+00
1061 2.215692e+00 1.174601e+00
1062 2.243675e+00 1.157626e+00
1063 2.243668e+00 1.157632e+00
1064 2.239986e+00 1.158745e+00
1065 2.254911e+00 1.201464e+00
1066 2.285676e+00 1.219973e+00
1067 2.275035e+00 1.200949e+00
1068 2.271610e+00 1.199955e+00
1069 2.257529e+00 1.188120e+00
1070 2.249558e+00 1.187424e+00
1071 2.262323e+00 1.196735e+00
1072 2.261341e+00 1.207182e+00
1073 2.261829e+00 1.207528e+00
1074 2.260982e+00 1.199652e+00
1075 2.299685e+00 1.194633e+00
1076 2.278406e+00 1.192930e+00
1077 2.275930e+00 1.195371e+00
1078 2.259434e+00 1.184720e+00
1079 2.284285e+00 1.191008e+00
1080 2.277564e+00 1.174687e+00
1081 2.282277e+00 1.137687e+00
1082 2.281846e+00 1.133229e+00
1083 2.252300e+00 1.175866e+00
1084 2.261815e+00 1.172070e+00
1085 2.259454e+00 1.168282e+00
1086 2.253850e+00 1.156184e+00
1087 2.247253e+00 1.157403e+00
1088 2.262431e+00 1.171526e+00
1089 2.257597e+00 1.164594e+00
1090 2.249420e+00 1.185422e+00
1091 2.252535e+00 1.202137e+00
1092 2.261334e+00 1.200090e+00
1093 2.250869e+00 1.202714e+00
1094 2.321216e+00 1.233755e+00
1095 2.325629e+00 1.235044e+00
1096 2.328968e+00 1.213390e+00
1097 2.329067e+00 1.215620e+00
1098 2.304013e+00 1.226887e+00
1099 2.305582e+00 1.227658e+00
1100 2.312022e+00 1.221168e+00
1101 2.301322e+00 1.239187e+00
1102 2.301484e+00 1.244345e+00
1103 2.263834e+00 1.206965e+00
1104 2.251162e+00 1.213936e+00
1105 2.255796e+00 1.218633e+00
1106 2.254484e+00 1.291046e+00
1107 2.261818e+00 1.289542e+00
1108 2.260364e+00 1.279783e+00
1109 2.270170e+00 1.288217e+00
1110 2.337501e+00 1.248379e+00
1111 2.342609e+00 1.248819e+00
1112 2.376838e+00 1.283638e+00
1113 2.378537e+00 1.283865e+00
1114 2.396893e+00 1.217797e+00
1115 2.385456e+00 1.203507e+00
1116 2.376828e+00 1.202458e+00
1117 2.378563e+00 1.215173e+00
1118 2.393838e+00 1.222487e+00
1119 2.385969e+00 1.232951e+00
1120 2.394929e+00 1.258669e+00
1121 2.390824e+00 1.253238e+00
1122 2.378632e+00 1.234285e+00
1123 2.415006e+00 1.225434e+00
1124 2.417458e+00 1.243505e+00
1125 2.416783e+00 1.242736e+00
1126 2.437888e+00 1.252101e+00
1127 2.438271e+00 1.252802e+00
1128 2.436621e+00 1.249053e+00
1129 2.435032e+00 1.249241e+00
1130 2.434495e+00 1.245727e+00
1131 2.453619e+00 1.229049e+00
1132 2.453634e+00 1.229145e+00
1133 2.438591e+00 1.230148e+00
1134 2.438491e+00 1.229249e+00
1135 2.397380e+00 1.280191e+00
1136 2.443190e+00 1.349783e+00
1137 2.442484e+00 1.345042e+00
1138 2.453476e+00 1.347028e+00
1139 2.442085e+00 1.370009e+00
1140 2.449630e+00 1.361201e+00
1141 2.494393e+00 1.372809e+00
1142 2.536540e+00 1.344461e+00
1143 2.530342e+00 1.341885e+00
1144 2.487316e+00 1.298952e+00
1145 2.497002e+00 1.302103e+00
1146 2.490404e+00 1.314972e+00
1147 2.471104e+00 1.314426e+00
1148 2.471101e+00 1.314440e+00
1149 2.462058e+00 1.319114e+00
1150 2.464037e+00 1.318619e+00
1151 2.464902e+00 1.297613e+00
1152 2.467156e+00 1.284028e+00
1153 2.473757e+00 1.280136e+00
1154 2.521167e+00 1.299365e+00
1155 2.521096e+00 1.288442e+00
1156 2.518941e+00 1.283416e+00
1157 2.508227e+00 1.317996e+00
1158 2.515576e+00 1.338642e+00
1159 2.563757e+00 1.334336e+00
1160 2.593015e+00 1.325494e+00
1161 2.572667e+00 1.316219e+00
1162 2.572116e+00 1.314564e+00
1163 2.574914e+00 1.257587e+00
1164 2.571423e+00 1.250558e+00
1165 2.562604e+00 1.250054e+00
1166 2.579799e+00 1.278909e+00
1167 2.578609e+00 1.278504e+00
1168 2.544724e+00 1.276409e+00
1169 2.550627e+00 1.276347e+00
1170 2.543965e+00 1.267862e+00
1171 2.551543e+00 1.248950e+00
1172 2.526809e+00 1.275651e+00
1173 2.526841e+00 1.276135e+00
1174 2.522000e+00 1.287563e+00
1175 2.534455e+00 1.301158e+00
1176 2.518178e+00 1.304323e+00
1177 2.483366e+00 1.318242e+00
1178 2.483797e+00 1.323222e+00
1179 2.479002e+00 1.323370e+00
1180 2.464213e+00 1.338471e+00
1181 2.459926e+00 1.348259e+00
1182 2.449244e+00 1.347649e+00
1183 2.445433e+00 1.345382e+00
1184 2.417648e+00 1.310390e+00
1185 2.419730e+00 1.323470e+00
1186 2.409092e+00 1.321626e+00
1187 2.411949e+00 1.317576e+00
1188 2.413610e+00 1.316465e+00
1189 2.411598e+00 1.314404e+00
1190 2.408187e+00 1.323453e+00
1191 2.403199e+00 1.324673e+00
1192 2.360611e+00 1.286540e+00
1193 2.369852e+00 1.290644e+00
1194 2.389952e+00 1.248577e+00
1195 2.410222e+00 1.253259e+00
1196 2.402609e+00 1.249821e+00
1197 2.432298e+00 1.205459e+00
1198 2.433252e+00 1.205906e+00
1199 2.417023e+00 1.210850e+00
1200 2.416600e+00 1.215780e+00
1201 2.434974e+00 1.224776e+00
1202 2.435190e+00 1.225382e+00
1203 2.439780e+00 1.224190e+00
1204 2.415466e+00 1.212383e+00
1205 2.438862e+00 1.189498e+00
1206 2.438805e+00 1.190193e+00
1207 2.429395e+00 1.219813e+00
1208 2.425489e+00 1.206055e+00
1209 2.430398e+00 1.208343e+00
1210 2.417519e+00 1.209721e+00
1211 2.388094e+00 1.231329e+00
1212 2.373512e+00 1.234219e+00
1213 2.374274e+00 1.226847e+00
1214 2.364584e+00 1.223953e+00
1215 2.374717e+00 1.216730e+00
1216 2.382283e+00 1.208079e+00
1217 2.390673e+00 1.210642e+00
1218 2.378518e+00 1.216610e+00
1219 2.364635e+00 1.207238e+00
1220 2.363418e+00 1.205853e+00
1221 2.414941e+00 1.188569e+00
1222 2.412816e+00 1.188658e+00
1223 2.406667e+00 1.180568e+00
1224 2.411285e+00 1.181315e+00
1225 2.420102e+00 1.147888e+00
1226 2.428152e+00 1.147532e+00
1227 2.401214e+00 1.173881e+00
1228 2.430593e+00 1.189484e+00
1229 2.435786e+00 1.192477e+00
1230 2.450074e+00 1.196623e+00
1231 2.474193e+00 1.260920e+00
1232 2.519422e+00 1.284551e+00
1233 2.519857e+00 1.284602e+00
1234 2.527832e+00 1.287115e+00
1235 2.534256e+00 1.366303e+00
1236 2.533319e+00 1.368064e+00
1237 2.538592e+00 1.363755e+00
1238 2.593095e+00 1.378084e+00
1239 2.597033e+00 1.405438e+00
1240 2.591682e+00 1.416723e+00
1241 2.539518e+00 1.384867e+00
1242 2.603785e+00 1.336345e+00
1243 2.607155e+00 1.335455e+00
1244 2.605301e+00 1.335847e+00
1245 2.604199e+00 1.333257e+00
1246 2.588349e+00 1.340860e+00
1247 2.594731e+00 1.338478e+00
1248 2.631968e+00 1.345779e+00
1249 2.631752e+00 1.345643e+00
1250 2.609386e+00 1.367989e+00
1251 2.606271e+00 1.359677e+00
1252 2.600012e+00 1.356980e+00
1253 2.543609e+00 1.338887e+00
1254 2.568609e+00 1.338474e+00
1255 2.569189e+00 1.357161e+00
1256 2.578268e+00 1.371121e+00
1257 2.553651e+00 1.388557e+00
1258 2.552141e+00 1.388611e+00
1259 2.551478e+00 1.388101e+00
1260 2.605389e+00 1.412529e+00
1261 2.587417e+00 1.443993e+00
1262 2.584075e+00 1.414760e+00
1263 2.613152e+00 1.401731e+00
1264 2.616349e+00 1.397121e+00
1265 2.653701e+00 1.397705e+00
1266 2.670066e+00 1.374640e+00
1267 2.659181e+00 1.376666e+00
1268 2.659919e+00 1.376265e+00
1269 2.661144e+00 1.375715e+00
1270 2.671738e+00 1.388421e+00
1271 2.648373e+00 1.413123e+00
1272 2.634831e+00 1.388522e+00
1273 2.644553e+00 1.398542e+00
1274 2.643576e+00 1.430591e+00
1275 2.662605e+00 1.407323e+00
1276 2.658822e+00 1.408297e+00
1277 2.624136e+00 1.401214e+00
1278 2.625167e+00 1.402480e+00
1279 2.618448e+00 1.407916e+00
1280 2.618565e+00 1.393887e+00
1281 2.646727e+00 1.408991e+00
1282 2.646410e+00 1.409368e+00
1283 2.652090e+00 1.336801e+00
1284 2.636897e+00 1.355480e+00
1285 2.636229e+00 1.343530e+00
1286 2.630352e+00 1.348961e+00
1287 2.623243e+00 1.351354e+00
1288 2.631116e+00 1.365969e+00
1289 2.631112e+00 1.372579e+00
1290 2.633546e+00 1.377674e+00
1291 2.636726e+00 1.371206e+00
1292 2.660548e+00 1.411533e+00
1293 2.672393e+00 1.392716e+00
1294 2.681048e+00 1.395261e+00
1295 2.680815e+00 1.404834e+00
1296 2.657896e+00 1.447218e+00
1297 2.653475e+00 1.435284e+00
1298 2.653981e+00 1.432320e+00
1299 2.648409e+00 1.431579e+00
1300 2.648778e+00 1.433140e+00
1301 2.636165e+00 1.428785e+00
1302 2.628770e+00 1.426696e+00
1303 2.610273e+00 1.435828e+00
1304 2.631808e+00 1.471128e+00
1305 2.624963e+00 1.505804e+00
1306 2.622361e+00 1.503930e+00
1307 2.646340e+00 1.498179e+00
1308 2.677834e+00 1.486769e+00
1309 2.698003e+00 1.494880e+00
1310 2.695615e+00 1.491655e+00
1311 2.699588e+00 1.488278e+00
1312 2.684470e+00 1.499934e+00
1313 2.676350e+00 1.531535e+00
1314 2.683493e+00 1.539879e+00
1315 2.722165e+00 1.584164e+00
1316 2.750253e+00 1.570346e+00
1317 2.768727e+00 1.605523e+00
1318 2.785852e+00 1.598665e+00
1319 2.800204e+00 1.599790e+00
1320 2.801392e+00 1.604148e+00
1321 2.796600e+00 1.605004e+00
1322 2.811179e+00 1.597220e+00
1323 2.811678e+00 1.594074e+00
1324 2.876050e+00 1.641646e+00
1325 2.876868e+00 1.640764e+00
1326 2.845167e+00 1.596404e+00
1327 2.846970e+00 1.590591e+00
1328 2.865865e+00 1.591257e+00
1329 2.866556e+00 1.590886e+00
1330 2.886819e+00 1.599478e+00
1331 2.889775e+00 1.609642e+00
1332 2.954282e+00 1.628005e+00
1333 2.941576e+00 1.612567e+00
1334 2.940219e+00 1.621633e+00
1335 2.906304e+00 1.612243e+00
1336 2.915950e+00 1.636589e+00
1337 2.912255e+00 1.645019e+00
1338 2.936860e+00 1.584292e+00
1339 2.942247e+00 1.565928e+00
1340 2.934932e+00 1.599450e+00
1341 2.930911e+00 1.606957e+00
1342 2.899100e+00 1.607282e+00
1343 2.900668e+00 1.602260e+00
1344 2.904093e+00 1.604337e+00
1345 2.902733e+00 1.606655e+00
1346 2.902808e+00 1.606550e+00
1347 2.910855e+00 1.601223e+00
1348 2.939880e+00 1.592071e+00
1349 2.938259e+00 1.593312e+00
1350 2.916527e+00 1.618377e+00
1351 2.892397e+00 1.603535e+00
1352 2.877173e+00 1.608365e+00
1353 2.862419e+00 1.633807e+00
1354 2.860142e+00 1.639074e+00
1355 2.857450e+00 1.639869e+00
1356 2.851741e+00 1.657939e+00
1357 2.852874e+00 1.655893e+00
1358 2.832792e+00 1.602737e+00
1359 2.838367e+00 1.611530e+00
1360 2.840678e+00 1.619086e+00
1361 2.839005e+00 1.618107e+00
1362 2.838506e+00 1.606359e+00
1363 2.778581e+00 1.618521e+00
1364 2.785817e+00 1.611728e+00
1365 2.786084e+00 1.611953e+00
1366 2.786707e+00 1.613126e+00
1367 2.787513e+00 1.605815e+00
1368 2.780381e+00 1.625610e+00
1369 2.756653e+00 1.594835e+00
1370 2.752995e+00 1.596543e+00
1371 2.746689e+00 1.626871e+00
1372 2.743487e+00 1.628647e+00
1373 2.802426e+00 1.605650e+00
1374 2.794814e+00 1.590903e+00
1375 2.802376e+00 1.656624e+00
1376 2.823668e+00 1.649107e+00
1377 2.809037e+00 1.614274e+00
1378 2.823498e+00 1.606673e+00
1379 2.823839e+00 1.609256e+00
1380 2.811399e+00 1.590396e+00
1381 2.802204e+00 1.572071e+00
1382 2.789670e+00 1.552591e+00
1383 2.775699e+00 1.597595e+00
1384 2.773177e+00 1.598729e+00
1385 2.782061e+00 1.581744e+00
1386 2.762486e+00 1.564818e+00
1387 2.766982e+00 1.563774e+00
1388 2.766575e+00 1.562288e+00
1389 2.766224e+00 1.561785e+00
1390 2.766694e+00 1.557717e+00
1391 2.769712e+00 1.558300e+00
1392 2.760373e+00 1.560767e+00
1393 2.780363e+00 1.504715e+00
1394 2.759658e+00 1.470363e+00
1395 2.764654e+00 1.457295e+00
1396 2.762480e+00 1.448153e+00
1397 2.763219e+00 1.447095e+00
1398 2.766686e+00 1.445901e+00
1399 2.767200e+00 1.432333e+00
1400 2.765587e+00 1.429950e+00
1401 2.724316e+00 1.416551e+00
1402 2.719523e+00 1.383521e+00
1403 2.715272e+00 1.343550e+00
1404 2.715896e+00 1.342437e+00
1405 2.699506e+00 1.336350e+00
1406 2.690212e+00 1.309251e+00
1407 2.682704e+00 1.329258e+00
1408 2.671152e+00 1.322520e+00
1409 2.639615e+00 1.328719e+00
1410 2.642703e+00 1.337157e+00
1411 2.656740e+00 1.320700e+00
1412 2.657294e+00 1.319829e+00
1413 2.666867e+00 1.323416e+00
1414 2.666842e+00 1.323480e+00
1415 2.648405e+00 1.314963e+00
1416 2.647703e+00 1.314541e+00
1417 2.610520e+00 1.311775e+00
1418 2.611002e+00 1.311558e+00
1419 2.586586e+00 1.286608e+00
1420 2.639108e+00 1.244432e+00
1421 2.636558e+00 1.246012e+00
1422 2.637425e+00 1.247394e+00
1423 2.602240e+00 1.226621e+00
1424 2.606246e+00 1.231668e+00
1425 2.588491e+00 1.260694e+00
1426 2.587910e+00 1.234813e+00
1427 2.604656e+00 1.229029e+00
1428 2.607417e+00 1.239852e+00
1429 2.612798e+00 1.234990e+00
1430 2.582058e+00 1.242914e+00
1431 2.581543e+00 1.239679e+00
1432 2.576991e+00 1.232278e+00
1433 2.579948e+00 1.236076e+00
1434 2.604425e+00 1.239619e+00
1435 2.611506e+00 1.243245e+00
1436 2.612083e+00 1.211256e+00
1437 2.595338e+00 1.191926e+00
1438 2.652156e+00 1.184843e+00
1439 2.649489e+00 1.180103e+00
1440 2.650760e+00 1.178244e+00
1441 2.651532e+00 1.178165e+00
1442 2.644818e+00 1.200670e+00
1443 2.678146e+00 1.194687e+00
1444 2.689179e+00 1.208018e+00
1445 2.686170e+00 1.202072e+00
1446 2.667908e+00 1.159250e+00
1447 2.674496e+00 1.183747e+00
1448 2.709184e+00 1.195867e+00
1449 2.693532e+00 1.182228e+00
1450 2.667969e+00 1.112503e+00
1451 2.649543e+00 1.138558e+00
1452 2.641948e+00 1.146671e+00
1453 2.648120e+00 1.166942e+00
1454 2.639729e+00 1.187152e+00
1455 2.649444e+00 1.197176e+00
1456 2.647124e+00 1.201822e+00
1457 2.650259e+00 1.223793e+00
1458 2.648457e+00 1.223855e+00
1459 2.649104e+00 1.201789e+00
1460 2.658461e+00 1.210008e+00
1461 2.663565e+00 1.202702e+00
1462 2.663286e+00 1.205507e+00
1463 2.662775e+00 1.204754e+00
1464 2.672716e+00 1.201677e+00
1465 2.644899e+00 1.181311e+00
1466 2.644646e+00 1.184499e+00
1467 2.630895e+00 1.205476e+00
1468 2.624938e+00 1.199081e+00
1469 2.614119e+00 1.203019e+00
1470 2.606789e+00 1.206582e+00
1471 2.606741e+00 1.209972e+00
1472 2.607204e+00 1.208584e+00
1473 2.605014e+00 1.208658e+00
1474 2.604774e+00 1.209553e+00
1475 2.606177e+00 1.212294e+00
1476 2.598885e+00 1.209177e+00
1477 2.591964e+00 1.223292e+00
1478 2.581101e+00 1.151661e+00
1479 2.581092e+00 1.151566e+00
1480 2.580866e+00 1.147756e+00
1481 2.562625e+00 1.167788e+00
1482 2.561570e+00 1.169998e+00
1483 2.568979e+00 1.213359e+00
1484 2.569768e+00 1.215536e+00
1485 2.569135e+00 1.220182e+00
1486 2.559848e+00 1.216848e+00
1487 2.581536e+00 1.214326e+00
1488 2.592408e+00 1.204786e+00
1489 2.584014e+00 1.165979e+00
1490 2.584407e+00 1.123112e+00
1491 2.536226e+00 1.149250e+00
1492 2.545745e+00 1.141680e+00
1493 2.533468e+00 1.125292e+00
1494 2.498405e+00 1.149171e+00
1495 2.498251e+00 1.141615e+00
1496 2.490632e+00 1.139799e+00
1497 2.471391e+00 1.123145e+00
1498 2.472532e+00 1.121222e+00
1499 2.456834e+00 1.131537e+00
1500 2.470766e+00 1.108665e+00
1501 2.468923e+00 1.114389e+00
1502 2.449289e+00 1.187828e+00
1503 2.429183e+00 1.244684e+00
1504 2.450303e+00 1.243644e+00
1505 2.450290e+00 1.243853e+00
1506 2.447497e+00 1.242803e+00
1507 2.448635e+00 1.240996e+00
1508 2.445994e+00 1.271265e+00
1509 2.443742e+00 1.311908e+00
1510 2.444660e+00 1.310348e+00
1511 2.449092e+00 1.309034e+00
1512 2.446853e+00 1.306848e+00
1513 2.433796e+00 1.296036e+00
1514 2.437524e+00 1.304711e+00
1515 2.434262e+00 1.307106e+00
1516 2.447918e+00 1.262681e+00
1517 2.445648e+00 1.264664e+00
1518 2.462035e+00 1.274233e+00
1519 2.448074e+00 1.259069e+00
1520 2.459775e+00 1.250364e+00
1521 2.448531e+00 1.258675e+00
1522 2.446817e+00 1.252017e+00
1523 2.474201e+00 1.225964e+00
1524 2.449425e+00 1.197556e+00
1525 2.420336e+00 1.215299e+00
1526 2.408387e+00 1.219959e+00
1527 2.422220e+00 1.233397e+00
1528 2.423202e+00 1.267765e+00
1529 2.433248e+00 1.277742e+00
1530 2.428482e+00 1.271584e+00
1531 2.437481e+00 1.269836e+00
1532 2.436287e+00 1.268528e+00
1533 2.468048e+00 1.285007e+00
1534 2.465579e+00 1.304273e+00
1535 2.454941e+00 1.290521e+00
1536 2.461281e+00 1.287151e+00
1537 2.498241e+00 1.199788e+00
1538 2.515731e+00 1.189667e+00
1539 2.466406e+00 1.135449e+00
1540 2.447656e+00 1.128509e+00
1541 2.446838e+00 1.133312e+00
1542 2.515785e+00 1.158599e+00
1543 2.518635e+00 1.148831e+00
1544 2.514802e+00 1.160178e+00
1545 2.511338e+00 1.156586e+00
1546 2.516076e+00 1.143336e+00
1547 2.517637e+00 1.146982e+00
1548 2.526824e+00 1.151363e+00
1549 2.513193e+00 1.154533e+00
1550 2.528942e+00 1.194572e+00
1551 2.530285e+00 1.195749e+00
1552 2.531721e+00 1.211607e+00
1553 2.520206e+00 1.199065e+00
1554 2.537549e+00 1.230930e+00
1555 2.526390e+00 1.232472e+00
1556 2.533111e+00 1.256585e+00
1557 2.532811e+00 1.255965e+00
1558 2.532818e+00 1.255421e+00
1559 2.532880e+00 1.255126e+00
1560 2.507002e+00 1.273452e+00
1561 2.501542e+00 1.295471e+00
1562 2.499704e+00 1.296284e+00
1563 2.504014e+00 1.278525e+00
1564 2.494080e+00 1.288368e+00
1565 2.501504e+00 1.286211e+00
1566 2.507527e+00 1.279303e+00
1567 2.512609e+00 1.291891e+00
1568 2.523965e+00 1.257934e+00
1569 2.420864e+00 1.258387e+00
1570 2.441088e+00 1.261515e+00
1571 2.434888e+00 1.275465e+00
1572 2.437132e+00 1.282585e+00
1573 2.447414e+00 1.283565e+00
1574 2.430935e+00 1.284928e+00
1575 2.426048e+00 1.289415e+00
1576 2.428188e+00 1.283893e+00
1577 2.428181e+00 1.286148e+00
1578 2.426930e+00 1.291445e+00
1579 2.408808e+00 1.302389e+00
1580 2.408110e+00 1.299888e+00
1581 2.371283e+00 1.312098e+00
1582 2.365161e+00 1.250143e+00
1583 2.358960e+00 1.240125e+00
1584 2.348997e+00 1.243895e+00
1585 2.360721e+00 1.273695e+00
1586 2.366452e+00 1.275609e+00
1587 2.372550e+00 1.271553e+00
1588 2.358842e+00 1.254564e+00
1589 2.377419e+00 1.218728e+00
1590 2.378260e+00 1.219125e+00
1591 2.384885e+00 1.202111e+00
1592 2.385913e+00 1.184526e+00
1593 2.378315e+00 1.163020e+00
1594 2.357361e+00 1.191824e+00
1595 2.362255e+00 1.200531e+00
1596 2.384474e+00 1.198939e+00
1597 2.370059e+00 1.206355e+00
1598 2.371363e+00 1.206160e+00
1599 2.368228e+00 1.194723e+00
1600 2.359280e+00 1.192502e+00
1601 2.359151e+00 1.244806e+00
1602 2.412806e+00 1.245111e+00
1603 2.416471e+00 1.233434e+00
1604 2.422194e+00 1.230482e+00
1605 2.410404e+00 1.228888e+00
1606 2.411350e+00 1.228531e+00
1607 2.408497e+00 1.231748e+00
1608 2.390354e+00 1.202117e+00
1609 2.393899e+00 1.212012e+00
1610 2.398963e+00 1.212909e+00
1611 2.404569e+00 1.214614e+00
1612 2.407389e+00 1.201327e+00
1613 2.379221e+00 1.212994e+00
1614 2.390700e+00 1.201530e+00
1615 2.387305e+00 1.199360e+00
1616 2.402774e+00 1.178906e+00
1617 2.405598e+00 1.184449e+00
1618 2.407271e+00 1.186605e+00
1619 2.398189e+00 1.197010e+00
1620 2.402541e+00 1.183520e+00
1621 2.402679e+00 1.182575e+00
1622 2.396644e+00 1.224507e+00
1623 2.414634e+00 1.184654e+00
1624 2.383479e+00 1.120151e+00
1625 2.397174e+00 1.098566e+00
1626 2.398397e+00 1.090196e+00
1627 2.396120e+00 1.083396e+00
1628 2.394027e+00 1.079841e+00
1629 2.338660e+00 1.068900e+00
1630 2.339884e+00 1.057126e+00
1631 2.340992e+00 1.055566e+00
1632 2.341601e+00 1.055512e+00
1633 2.326576e+00 1.040717e+00
1634 2.302690e+00 1.096267e+00
1635 2.290370e+00 1.102371e+00
1636 2.290647e+00 1.103077e+00
1637 2.310240e+00 1.111721e+00
1638 2.328773e+00 1.092308e+00
1639 2.288652e+00 1.091324e+00
1640 2.309022e+00 1.130587e+00
1641 2.305961e+00 1.125616e+00
1642 2.292267e+00 1.104879e+00
1643 2.331033e+00 1.115592e+00
1644 2.318005e+00 1.105903e+00
1645 2.321470e+00 1.107082e+00
1646 2.366185e+00 1.120889e+00
1647 2.342777e+00 1.129276e+00
1648 2.407481e+00 1.112532e+00
1649 2.423235e+00 1.140896e+00
1650 2.426146e+00 1.143968e+00
1651 2.493893e+00 1.137791e+00
1652 2.492610e+00 1.159299e+00
1653 2.534145e+00 1.132661e+00
1654 2.486993e+00 1.158474e+00
1655 2.454363e+00 1.103914e+00
1656 2.404725e+00 1.084640e+00
1657 2.408915e+00 1.077875e+00
1658 2.373604e+00 1.110186e+00
1659 2.373754e+00 1.111531e+00
1660 2.384705e+00 1.093178e+00
1661 2.383138e+00 1.094629e+00
1662 2.383146e+00 1.093898e+00
1663 2.377790e+00 1.097741e+00
1664 2.369333e+00 1.101689e+00
1665 2.392214e+00 1.114550e+00
1666 2.405759e+00 1.106747e+00
1667 2.396074e+00 1.104245e+00
1668 2.403226e+00 1.165252e+00
1669 2.406616e+00 1.177216e+00
1670 2.387398e+00 1.174873e+00
1671 2.331435e+00 1.178395e+00
1672 2.363128e+00 1.178684e+00
1673 2.372088e+00 1.197296e+00
1674 2.377953e+00 1.255833e+00
1675 2.353934e+00 1.261756e+00
1676 2.355672e+00 1.250019e+00
1677 2.360311e+00 1.252202e+00
1678 2.388894e+00 1.324939e+00
1679 2.387288e+00 1.326272e+00
1680 2.394715e+00 1.327714e+00
1681 2.393706e+00 1.326382e+00
1682 2.400077e+00 1.313891e+00
1683 2.354109e+00 1.310272e+00
1684 2.347070e+00 1.311536e+00
1685 2.342403e+00 1.331611e+00
1686 2.360472e+00 1.337258e+00
1687 2.353997e+00 1.342035e+00
1688 2.351174e+00 1.341674e+00
1689 2.333902e+00 1.353939e+00
1690 2.332804e+00 1.354089e+00
1691 2.334246e+00 1.355549e+00
1692 2.322800e+00 1.366787e+00
1693 2.328037e+00 1.362527e+00
1694 2.343953e+00 1.387987e+00
1695 2.345267e+00 1.384884e+00
1696 2.336043e+00 1.399777e+00
1697 2.285533e+00 1.392401e+00
1698 2.277464e+00 1.384332e+00
1699 2.275993e+00 1.400037e+00
1700 2.264510e+00 1.425943e+00
1701 2.264749e+00 1.426112e+00
1702 2.251073e+00 1.445966e+00
1703 2.256052e+00 1.446947e+00
1704 2.264588e+00 1.444632e+00
1705 2.263497e+00 1.441658e+00
1706 2.260261e+00 1.432707e+00
1707 2.262282e+00 1.428842e+00
1708 2.244170e+00 1.422151e+00
1709 2.242246e+00 1.428415e+00
1710 2.244930e+00 1.443899e+00
1711 2.253249e+00 1.432185e+00
1712 2.257774e+00 1.431549e+00
1713 2.248193e+00 1.421519e+00
1714 2.246335e+00 1.415118e+00
1715 2.252157e+00 1.443165e+00
1716 2.255891e+00 1.448809e+00
1717 2.259909e+00 1.450295e+00
1718 2.259669e+00 1.449445e+00
1719 2.241370e+00 1.453115e+00
1720 2.239140e+00 1.457067e+00
1721 2.253468e+00 1.462182e+00
1722 2.251083e+00 1.461299e+00
1723 2.247016e+00 1.436947e+00
1724 2.275637e+00 1.451278e+00
1725 2.279230e+00 1.437062e+00
1726 2.268056e+00 1.434474e+00
1727 2.330026e+00 1.418549e+00
1728 2.323847e+00 1.427366e+00
1729 2.333866e+00 1.431908e+00
1730 2.334439e+00 1.418690e+00
1731 2.324182e+00 1.414454e+00
1732 2.317437e+00 1.450821e+00
1733 2.330907e+00 1.456187e+00
1734 2.330251e+00 1.454558e+00
1735 2.341088e+00 1.476654e+00
1736 2.354037e+00 1.482231e+00
1737 2.360895e+00 1.478726e+00
1738 2.345029e+00 1.473824e+00
1739 2.343732e+00 1.458711e+00
1740 2.312738e+00 1.470421e+00
1741 2.310581e+00 1.464244e+00
1742 2.317152e+00 1.417767e+00
1743 2.308502e+00 1.424266e+00
1744 2.288671e+00 1.427273e+00
1745 2.260931e+00 1.409623e+00
1746 2.252507e+00 1.397594e+00
1747 2.253894e+00 1.398309e+00
1748 2.285709e+00 1.389161e+00
1749 2.286055e+00 1.389704e+00
1750 2.285935e+00 1.375064e+00
1751 2.303825e+00 1.408646e+00
1752 2.282742e+00 1.394537e+00
1753 2.277217e+00 1.390313e+00
1754 2.288532e+00 1.401688e+00
1755 2.290124e+00 1.402731e+00
1756 2.288747e+00 1.405058e+00
1757 2.297973e+00 1.394690e+00
1758 2.274610e+00 1.380808e+00
1759 2.285433e+00 1.396695e+00
1760 2.242340e+00 1.393793e+00
1761 2.276819e+00 1.414662e+00
1762 2.298155e+00 1.416553e+00
1763 2.270974e+00 1.411796e+00
1764 2.269155e+00 1.418629e+00
1765 2.263334e+00 1.423410e+00
1766 2.249265e+00 1.393939e+00
1767 2.255540e+00 1.389531e+00
1768 2.268982e+00 1.373024e+00
1769 2.312385e+00 1.358530e+00
1770 2.328631e+00 1.324167e+00
1771 2.328370e+00 1.322660e+00
1772 2.357227e+00 1.321696e+00
1773 2.357352e+00 1.319918e+00
1774 2.363861e+00 1.329281e+00
1775 2.376439e+00 1.321040e+00
1776 2.373812e+00 1.325802e+00
1777 2.364817e+00 1.317481e+00
1778 2.373066e+00 1.315980e+00
1779 2.400186e+00 1.383081e+00
1780 2.385349e+00 1.411618e+00
1781 2.383664e+00 1.429709e+00
1782 2.366305e+00 1.447250e+00
1783 2.349024e+00 1.467025e+00
1784 2.381526e+00 1.524804e+00
1785 2.386285e+00 1.519008e+00
1786 2.397986e+00 1.458238e+00
1787 2.398843e+00 1.458275e+00
1788 2.400992e+00 1.461231e+00
1789 2.395156e+00 1.462196e+00
1790 2.393702e+00 1.468697e+00
1791 2.392666e+00 1.469251e+00
1792 2.398661e+00 1.445823e+00
1793 2.397292e+00 1.445952e+00
1794 2.375211e+00 1.426280e+00
1795 2.384179e+00 1.422516e+00
1796 2.402008e+00 1.407234e+00
1797 2.378088e+00 1.419484e+00
1798 2.369458e+00 1.425316e+00
1799 2.379806e+00 1.420531e+00
1800 2.413753e+00 1.408850e+00
1801 2.438481e+00 1.416859e+00
1802 2.437426e+00 1.448900e+00
1803 2.430022e+00 1.457527e+00
1804 2.452609e+00 1.447453e+00
1805 2.461102e+00 1.458036e+00
1806 2.430089e+00 1.437523e+00
1807 2.442930e+00 1.431955e+00
1808 2.444795e+00 1.433205e+00
1809 2.456617e+00 1.408425e+00
1810 2.454898e+00 1.406288e+00
1811 2.442101e+00 1.409818e+00
1812 2.441448e+00 1.407922e+00
1813 2.455076e+00 1.403901e+00
1814 2.471496e+00 1.394314e+00
1815 2.462824e+00 1.399836e+00
1816 2.469997e+00 1.391123e+00
1817 2.463799e+00 1.386420e+00
1818 2.420178e+00 1.380075e+00
1819 2.424819e+00 1.391097e+00
1820 2.422490e+00 1.397754e+00
1821 2.419379e+00 1.413088e+00
1822 2.419711e+00 1.416184e+00
1823 2.426277e+00 1.416588e+00
1824 2.430017e+00 1.404458e+00
1825 2.431394e+00 1.418711e+00
1826 2.398487e+00 1.345251e+00
1827 2.399139e+00 1.345440e+00
1828 2.400570e+00 1.363872e+00
1829 2.414766e+00 1.345003e+00
1830 2.411685e+00 1.350583e+00
1831 2.412997e+00 1.347725e+00
1832 2.419465e+00 1.332460e+00
1833 2.423983e+00 1.321713e+00
1834 2.424358e+00 1.312865e+00
1835 2.419165e+00 1.306689e+00
1836 2.402337e+00 1.309561e+00
1837 2.402205e+00 1.309540e+00
1838 2.401120e+00 1.305308e+00
1839 2.394625e+00 1.312961e+00
1840 2.402334e+00 1.309768e+00
1841 2.424255e+00 1.306841e+00
1842 2.428855e+00 1.298946e+00
1843 2.411506e+00 1.298661e+00
1844 2.417027e+00 1.292305e+00
1845 2.424715e+00 1.305506e+00
1846 2.420038e+00 1.309807e+00
1847 2.417733e+00 1.311786e+00
1848 2.416834e+00 1.313120e+00
1849 2.421483e+00 1.301339e+00
1850 2.415914e+00 1.310895e+00
1851 2.418569e+00 1.296459e+00
1852 2.421412e+00 1.291823e+00
1853 2.405128e+00 1.404809e+00
1854 2.405098e+00 1.412137e+00
1855 2.407371e+00 1.415655e+00
1856 2.412377e+00 1.396798e+00
1857 2.422910e+00 1.412464e+00
1858 2.423130e+00 1.412235e+00
1859 2.409856e+00 1.397254e+00
1860 2.387656e+00 1.353601e+00
1861 2.370525e+00 1.438715e+00
1862 2.394449e+00 1.431671e+00
1863 2.393297e+00 1.437670e+00
1864 2.402620e+00 1.428215e+00
1865 2.357115e+00 1.436887e+00
1866 2.383814e+00 1.453076e+00
1867 2.379476e+00 1.451733e+00
1868 2.433373e+00 1.417865e+00
1869 2.433591e+00 1.408628e+00
1870 2.434766e+00 1.431122e+00
1871 2.425291e+00 1.467401e+00
1872 2.426255e+00 1.457942e+00
1873 2.410953e+00 1.461978e+00
1874 2.407590e+00 1.456596e+00
1875 2.442476e+00 1.403010e+00
1876 2.428495e+00 1.386363e+00
1877 2.433736e+00 1.381444e+00
1878 2.433926e+00 1.386353e+00
1879 2.408392e+00 1.379266e+00
1880 2.403680e+00 1.385487e+00
1881 2.405627e+00 1.387205e+00
1882 2.417045e+00 1.386726e+00
1883 2.440102e+00 1.402656e+00
1884 2.440900e+00 1.392426e+00
1885 2.441634e+00 1.392408e+00
1886 2.444478e+00 1.423479e+00
1887 2.447011e+00 1.425771e+00
1888 2.449119e+00 1.424543e+00
1889 2.471413e+00 1.417226e+00
1890 2.471263e+00 1.420772e+00
1891 2.465502e+00 1.434765e+00
1892 2.430498e+00 1.441970e+00
1893 2.441281e+00 1.445414e+00
1894 2.437786e+00 1.414819e+00
1895 2.438004e+00 1.413121e+00
1896 2.443141e+00 1.386804e+00
1897 2.433826e+00 1.387321e+00
1898 2.437019e+00 1.379449e+00
1899 2.452526e+00 1.375798e+00
1900 2.414533e+00 1.385322e+00
1901 2.424047e+00 1.420558e+00
1902 2.426326e+00 1.420865e+00
1903 2.426693e+00 1.421680e+00
1904 2.425809e+00 1.421132e+00
1905 2.419019e+00 1.428565e+00
1906 2.420109e+00 1.431470e+00
1907 2.413532e+00 1.448438e+00
1908 2.413544e+00 1.447379e+00
1909 2.440651e+00 1.457603e+00
1910 2.417837e+00 1.460560e+00
1911 2.436773e+00 1.460169e+00
1912 2.463396e+00 1.479699e+00
1913 2.452526e+00 1.477152e+00
1914 2.464732e+00 1.494437e+00
1915 2.446327e+00 1.481015e+00
1916 2.530329e+00 1.491093e+00
1917 2.543359e+00 1.497085e+00
1918 2.542010e+00 1.512712e+00
1919 2.534696e+00 1.517477e+00
1920 2.522075e+00 1.480124e+00
1921 2.495584e+00 1.483463e+00
1922 2.495363e+00 1.483510e+00
1923 2.505021e+00 1.487135e+00
1924 2.517891e+00 1.467839e+00
1925 2.512659e+00 1.489858e+00
1926 2.516702e+00 1.533180e+00
1927 2.500151e+00 1.574072e+00
1928 2.501988e+00 1.573847e+00
1929 2.490671e+00 1.578891e+00
1930 2.467330e+00 1.579346e+00
1931 2.467298e+00 1.578430e+00
1932 2.465647e+00 1.580897e+00
1933 2.461409e+00 1.582915e+00
1934 2.462829e+00 1.587947e+00
1935 2.462700e+00 1.598450e+00
1936 2.469605e+00 1.606134e+00
1937 2.470516e+00 1.605901e+00
1938 2.467411e+00 1.593158e+00
1939 2.467310e+00 1.592434e+00
1940 2.483178e+00 1.592253e+00
1941 2.488280e+00 1.582801e+00
1942 2.498720e+00 1.570227e+00
1943 2.489455e+00 1.545321e+00
1944 2.533214e+00 1.536008e+00
1945 2.514973e+00 1.542763e+00
1946 2.507841e+00 1.532447e+00
1947 2.513082e+00 1.538623e+00
1948 2.500540e+00 1.506389e+00
1949 2.502603e+00 1.505339e+00
1950 2.504424e+00 1.504655e+00
1951 2.485054e+00 1.532581e+00
1952 2.497329e+00 1.481531e+00
1953 2.481777e+00 1.523221e+00
1954 2.532218e+00 1.545283e+00
1955 2.581580e+00 1.551335e+00
1956 2.580395e+00 1.563297e+00
1957 2.583491e+00 1.595201e+00
1958 2.582073e+00 1.594531e+00
1959 2.577404e+00 1.592253e+00
1960 2.544973e+00 1.588356e+00
1961 2.576131e+00 1.594840e+00
1962 2.576925e+00 1.596032e+00
1963 2.585083e+00 1.601736e+00
1964 2.604872e+00 1.620769e+00
1965 2.622880e+00 1.620342e+00
1966 2.623604e+00 1.596079e+00
1967 2.624420e+00 1.596717e+00
1968 2.623321e+00 1.590791e+00
1969 2.623244e+00 1.591050e+00
1970 2.629404e+00 1.627624e+00
1971 2.635090e+00 1.618203e+00
1972 2.633195e+00 1.615932e+00
1973 2.638387e+00 1.613601e+00
1974 2.636419e+00 1.613691e+00
1975 2.632367e+00 1.610397e+00
1976 2.588669e+00 1.632344e+00
1977 2.588949e+00 1.630627e+00
1978 2.598946e+00 1.638382e+00
1979 2.587112e+00 1.644254e+00
1980 2.514633e+00 1.659901e+00
1981 2.520506e+00 1.647359e+00
1982 2.573594e+00 1.652092e+00
1983 2.575794e+00 1.645974e+00
1984 2.588072e+00 1.642136e+00
1985 2.564561e+00 1.647108e+00
1986 2.567618e+00 1.654696e+00
1987 2.564652e+00 1.653364e+00
1988 2.565422e+00 1.653145e+00
1989 2.571912e+00 1.633930e+00
1990 2.575259e+00 1.634823e+00
1991 2.590133e+00 1.679683e+00
1992 2.595741e+00 1.683542e+00
1993 2.584070e+00 1.679722e+00
1994 2.589507e+00 1.677814e+00
1995 2.610301e+00 1.725055e+00
1996 2.604877e+00 1.748231e+00
1997 2.570592e+00 1.700359e+00
1998 2.595252e+00 1.736243e+00
1999 2.551674e+00 1.686290e+00
2000 2.540627e+00 1.697087e+00
2001 2.542148e+00 1.699094e+00
2002 2.544993e+00 1.711250e+00
2003 2.537888e+00 1.713181e+00
2004 2.548050e+00 1.716560e+00
2005 2.537487e+00 1.723771e+00
2006 2.530546e+00 1.718187e+00
2007 2.539209e+00 1.746642e+00
2008 2.539710e+00 1.750587e+00
2009 2.536625e+00 1.750316e+00
2010 2.527353e+00 1.723115e+00
2011 2.532047e+00 1.704542e+00
2012 2.531028e+00 1.705963e+00
2013 2.535916e+00 1.708518e+00
2014 2.541930e+00 1.729359e+00
2015 2.545103e+00 1.755355e+00
2016 2.540213e+00 1.765977e+00
2017 2.538137e+00 1.765888e+00
2018 2.520909e+00 1.774513e+00
2019 2.496480e+00 1.760144e+00
2020 2.492606e+00 1.753201e+00
2021 2.459831e+00 1.782645e+00
2022 2.473288e+00 1.788661e+00
2023 2.451389e+00 1.806184e+00
2024 2.443102e+00 1.814844e+00
2025 2.440625e+00 1.817593e+00
2026 2.443715e+00 1.820194e+00
2027 2.508225e+00 1.814045e+00
2028 2.533085e+00 1.831049e+00
2029 2.529271e+00 1.823518e+00
2030 2.522225e+00 1.828765e+00
2031 2.561193e+00 1.891653e+00
2032 2.563337e+00 1.898851e+00
2033 2.585097e+00 1.930927e+00
2034 2.574727e+00 1.915068e+00
2035 2.578270e+00 1.913238e+00
2036 2.513276e+00 1.849033e+00
2037 2.434301e+00 1.841853e+00
2038 2.424734e+00 1.834740e+00
2039 2.443383e+00 1.853440e+00
2040 2.457199e+00 1.830630e+00
2041 2.440570e+00 1.842823e+00
2042 2.440559e+00 1.842882e+00
2043 2.454334e+00 1.859588e+00
2044 2.445435e+00 1.851025e+00
2045 2.435994e+00 1.844918e+00
2046 2.413326e+00 1.884529e+00
2047 2.437523e+00 1.869645e+00
2048 2.516852e+00 1.784769e+00
2049 2.517214e+00 1.781031e+00
2050 2.571511e+00 1.764970e+00
2051 2.615028e+00 1.770509e+00
2052 2.603196e+00 1.711848e+00
2053 2.654451e+00 1.684609e+00
2054 2.640976e+00 1.704985e+00
2055 2.640750e+00 1.701923e+00
2056 2.604387e+00 1.696873e+00
2057 2.606628e+00 1.692550e+00
2058 2.611235e+00 1.702776e+00
2059 2.570740e+00 1.729545e+00
2060 2.570303e+00 1.728864e+00
2061 2.570222e+00 1.728856e+00
2062 2.571041e+00 1.732425e+00
2063 2.576066e+00 1.721821e+00
2064 2.596264e+00 1.721618e+00
2065 2.597238e+00 1.736143e+00
2066 2.592470e+00 1.760019e+00
2067 2.592353e+00 1.730992e+00
2068 2.610191e+00 1.720021e+00
2069 2.625925e+00 1.715516e+00
2070 2.620695e+00 1.725739e+00
2071 2.621156e+00 1.726541e+00
2072 2.653698e+00 1.747738e+00
2073 2.658237e+00 1.744579e+00
2074 2.656209e+00 1.740519e+00
2075 2.658616e+00 1.753075e+00
2076 2.711353e+00 1.773126e+00
2077 2.709453e+00 1.772060e+00
2078 2.683645e+00 1.734411e+00
2079 2.664920e+00 1.734888e+00
2080 2.675205e+00 1.757796e+00
2081 2.691883e+00 1.746530e+00
2082 2.712921e+00 1.735388e+00
2083 2.697457e+00 1.700333e+00
2084 2.697680e+00 1.734989e+00
2085 2.699933e+00 1.747718e+00
2086 2.698249e+00 1.774800e+00
2087 2.697067e+00 1.780087e+00
2088 2.711238e+00 1.784210e+00
2089 2.709726e+00 1.786884e+00
2090 2.702408e+00 1.790749e+00
2091 2.700684e+00 1.788507e+00
2092 2.700680e+00 1.788531e+00
2093 2.699938e+00 1.787336e+00
2094 2.658612e+00 1.776436e+00
2095 2.664865e+00 1.800217e+00
2096 2.666355e+00 1.801591e+00
2097 2.666339e+00 1.802772e+00
2098 2.669670e+00 1.804241e+00
2099 2.668434e+00 1.803824e+00
2100 2.674446e+00 1.805091e+00
2101 2.666497e+00 1.842088e+00
2102 2.665260e+00 1.840865e+00
2103 2.627092e+00 1.848912e+00
2104 2.630964e+00 1.854959e+00
2105 2.618903e+00 1.859127e+00
2106 2.618432e+00 1.865683e+00
2107 2.619450e+00 1.866248e+00
2108 2.610008e+00 1.874954e+00
2109 2.601619e+00 1.869833e+00
2110 2.536002e+00 1.881478e+00
2111 2.536005e+00 1.881291e+00
2112 2.522545e+00 1.888003e+00
2113 2.521939e+00 1.886273e+00
2114 2.545583e+00 1.900384e+00
2115 2.541205e+00 1.915224e+00
2116 2.542129e+00 1.903747e+00
2117 2.512325e+00 1.901485e+00
2118 2.507395e+00 1.899302e+00
2119 2.507583e+00 1.899113e+00
2120 2.517349e+00 1.876871e+00
2121 2.515953e+00 1.873292e+00
2122 2.444594e+00 1.863279e+00
2123 2.448690e+00 1.848932e+00
2124 2.468268e+00 1.852563e+00
2125 2.468561e+00 1.849904e+00
2126 2.468217e+00 1.857906e+00
2127 2.467129e+00 1.864448e+00
2128 2.464714e+00 1.862622e+00
2129 2.483966e+00 1.846159e+00
2130 2.484968e+00 1.846225e+00
2131 2.485397e+00 1.849231e+00
2132 2.480520e+00 1.860223e+00
2133 2.479411e+00 1.859369e+00
2134 2.484167e+00 1.864355e+00
2135 2.531658e+00 1.853522e+00
2136 2.529344e+00 1.846124e+00
2137 2.540393e+00 1.834603e+00
2138 2.542001e+00 1.825910e+00
2139 2.549070e+00 1.811373e+00
2140 2.561897e+00 1.809890e+00
2141 2.560182e+00 1.799637e+00
2142 2.577697e+00 1.797883e+00
2143 2.554610e+00 1.782420e+00
2144 2.546033e+00 1.776073e+00
2145 2.546159e+00 1.776111e+00
2146 2.541997e+00 1.766008e+00
2147 2.545551e+00 1.749057e+00
2148 2.579727e+00 1.721725e+00
2149 2.577512e+00 1.759238e+00
2150 2.576589e+00 1.763379e+00
2151 2.576539e+00 1.763117e+00
2152 2.574656e+00 1.764630e+00
2153 2.571919e+00 1.754510e+00
2154 2.543050e+00 1.745868e+00
2155 2.530028e+00 1.701296e+00
2156 2.528984e+00 1.700499e+00
2157 2.542169e+00 1.703239e+00
2158 2.543734e+00 1.705569e+00
2159 2.511394e+00 1.713110e+00
2160 2.508592e+00 1.712413e+00
2161 2.513877e+00 1.703811e+00
2162 2.520212e+00 1.711229e+00
2163 2.504538e+00 1.727486e+00
2164 2.526875e+00 1.803150e+00
2165 2.514402e+00 1.802159e+00
2166 2.512312e+00 1.809365e+00
2167 2.530500e+00 1.823225e+00
2168 2.526576e+00 1.832914e+00
2169 2.556173e+00 1.877943e+00
2170 2.527371e+00 1.895048e+00
2171 2.466001e+00 1.863191e+00
2172 2.501523e+00 1.826885e+00
2173 2.522815e+00 1.872345e+00
2174 2.516732e+00 1.877511e+00
2175 2.516707e+00 1.877551e+00
2176 2.551291e+00 1.885341e+00
2177 2.548522e+00 1.898483e+00
2178 2.544053e+00 1.895393e+00
2179 2.547032e+00 1.889844e+00
2180 2.527814e+00 1.899355e+00
2181 2.528397e+00 1.904897e+00
2182 2.541295e+00 1.892268e+00
2183 2.544956e+00 1.931393e+00
2184 2.542384e+00 1.930166e+00
2185 2.568578e+00 1.935392e+00
2186 2.568777e+00 1.935605e+00
2187 2.570089e+00 1.936535e+00
2188 2.568843e+00 1.937523e+00
2189 2.571190e+00 1.932940e+00
2190 2.600331e+00 1.991651e+00
2191 2.623486e+00 2.007889e+00
2192 2.621779e+00 2.004291e+00
2193 2.630508e+00 2.031846e+00
2194 2.630728e+00 2.024461e+00
2195 2.636256e+00 2.022851e+00
2196 2.592563e+00 2.054591e+00
2197 2.589612e+00 2.069944e+00
2198 2.581115e+00 2.047173e+00
2199 2.582508e+00 2.041528e+00
2200 2.594144e+00 2.071006e+00
2201 2.578785e+00 2.083100e+00
2202 2.580018e+00 2.084201e+00
2203 2.579114e+00 2.063579e+00
2204 2.582709e+00 2.061259e+00
2205 2.609100e+00 2.056731e+00
2206 2.610569e+00 2.069992e+00
2207 2.611643e+00 2.079777e+00
2208 2.646423e+00 2.114464e+00
2209 2.636160e+00 2.088722e+00
2210 2.632057e+00 2.079188e+00
2211 2.629420e+00 2.074513e+00
2212 2.626511e+00 2.072825e+00
2213 2.635334e+00 2.053543e+00
2214 2.620102e+00 2.030623e+00
2215 2.630988e+00 2.040190e+00
2216 2.638761e+00 2.060745e+00
2217 2.639081e+00 2.076263e+00
2218 2.685929e+00 2.053632e+00
2219 2.709349e+00 2.041620e+00
2220 2.712753e+00 2.035123e+00
2221 2.663668e+00 2.016015e+00
2222 2.676173e+00 2.004156e+00
2223 2.715041e+00 2.011623e+00
2224 2.706146e+00 2.032797e+00
2225 2.708087e+00 2.035114e+00
2226 2.754548e+00 2.023738e+00
2227 2.755108e+00 2.033434e+00
2228 2.753003e+00 2.052267e+00
2229 2.752925e+00 2.052534e+00
2230 2.752350e+00 2.052351e+00
2231 2.694649e+00 2.017826e+00
2232 2.716748e+00 2.030286e+00
2233 2.722068e+00 2.030255e+00
2234 2.724282e+00 2.033987e+00
2235 2.710723e+00 2.036081e+00
2236 2.712050e+00 2.058599e+00
2237 2.750222e+00 2.044687e+00
2238 2.762691e+00 2.046315e+00
2239 2.771409e+00 2.078619e+00
2240 2.766252e+00 2.088097e+00
2241 2.764385e+00 2.097005e+00
2242 2.763371e+00 2.097199e+00
2243 2.787246e+00 2.125923e+00
2244 2.687190e+00 2.103171e+00
2245 2.682216e+00 2.100529e+00
2246 2.674007e+00 2.102715e+00
2247 2.670341e+00 2.096802e+00
2248 2.680021e+00 2.125228e+00
2249 2.680424e+00 2.127520e+00
2250 2.672931e+00 2.148270e+00
2251 2.673189e+00 2.148227e+00
2252 2.678147e+00 2.146885e+00
2253 2.680433e+00 2.141918e+00
2254 2.688430e+00 2.157063e+00
2255 2.680462e+00 2.155405e+00
2256 2.664503e+00 2.170115e+00
2257 2.664969e+00 2.167869e+00
2258 2.633217e+00 2.188057e+00
2259 2.641293e+00 2.186183e+00
2260 2.636758e+00 2.186702e+00
2261 2.636707e+00 2.171983e+00
2262 2.629010e+00 2.170354e+00
2263 2.642677e+00 2.199258e+00
2264 2.632545e+00 2.202512e+00
2265 2.643845e+00 2.231072e+00
2266 2.645997e+00 2.231043e+00
2267 2.558653e+00 2.282218e+00
2268 2.560910e+00 2.282690e+00
2269 2.571615e+00 2.283720e+00
2270 2.622819e+00 2.304846e+00
2271 2.623274e+00 2.304548e+00
2272 2.614647e+00 2.309729e+00
2273 2.618275e+00 2.304572e+00
2274 2.623023e+00 2.304263e+00
2275 2.632621e+00 2.302968e+00
2276 2.632890e+00 2.303577e+00
2277 2.658257e+00 2.314960e+00
2278 2.651132e+00 2.312642e+00
2279 2.638142e+00 2.326980e+00
2280 2.639256e+00 2.326482e+00
2281 2.628739e+00 2.291526e+00
2282 2.610208e+00 2.370572e+00
2283 2.606357e+00 2.326564e+00
2284 2.593781e+00 2.364011e+00
2285 2.593523e+00 2.361106e+00
2286 2.580242e+00 2.409169e+00
2287 2.550452e+00 2.422137e+00
2288 2.570079e+00 2.393747e+00
2289 2.536141e+00 2.421604e+00
2290 2.526642e+00 2.445446e+00
2291 2.526510e+00 2.424382e+00
2292 2.530136e+00 2.422579e+00
2293 2.528341e+00 2.421619e+00
2294 2.530571e+00 2.414969e+00
2295 2.542904e+00 2.421334e+00
2296 2.577097e+00 2.400680e+00
2297 2.575213e+00 2.394653e+00
2298 2.570938e+00 2.418144e+00
2299 2.552333e+00 2.379420e+00
2300 2.532481e+00 2.389881e+00
2301 2.530387e+00 2.385016e+00
2302 2.507731e+00 2.373264e+00
2303 2.568798e+00 2.352260e+00
2304 2.588604e+00 2.344788e+00
2305 2.591352e+00 2.358394e+00
2306 2.607273e+00 2.352364e+00
2307 2.562317e+00 2.401282e+00
2308 2.563689e+00 2.404327e+00
2309 2.569569e+00 2.399936e+00
2310 2.572341e+00 2.390937e+00
2311 2.571339e+00 2.375378e+00
2312 2.563338e+00 2.347195e+00
2313 2.565110e+00 2.349894e+00
2314 2.565633e+00 2.330472e+00
2315 2.559645e+00 2.330050e+00
2316 2.565043e+00 2.327122e+00
2317 2.520511e+00 2.287325e+00
2318 2.524834e+00 2.288147e+00
2319 2.524560e+00 2.288117e+00
2320 2.521279e+00 2.296532e+00
2321 2.521782e+00 2.284314e+00
2322 2.520425e+00 2.280653e+00
2323 2.522965e+00 2.269813e+00
2324 2.530191e+00 2.259169e+00
2325 2.524458e+00 2.251547e+00
2326 2.523056e+00 2.257859e+00
2327 2.510664e+00 2.253364e+00
2328 2.517376e+00 2.249692e+00
2329 2.520483e+00 2.183467e+00
2330 2.524441e+00 2.202984e+00
2331 2.543338e+00 2.214922e+00
2332 2.539479e+00 2.177123e+00
2333 2.541138e+00 2.169489e+00
2334 2.552223e+00 2.172550e+00
2335 2.523810e+00 2.185152e+00
2336 2.576535e+00 2.192263e+00
2337 2.585359e+00 2.170605e+00
2338 2.640694e+00 2.195841e+00
2339 2.640314e+00 2.191490e+00
2340 2.647559e+00 2.222903e+00
2341 2.648415e+00 2.223185e+00
2342 2.657389e+00 2.228229e+00
2343 2.590073e+00 2.288061e+00
2344 2.569728e+00 2.274990e+00
2345 2.572357e+00 2.272132e+00
2346 2.583806e+00 2.262852e+00
2347 2.587834e+00 2.231198e+00
2348 2.590255e+00 2.204560e+00
2349 2.591473e+00 2.201665e+00
2350 2.597428e+00 2.222407e+00
2351 2.601114e+00 2.227771e+00
2352 2.612720e+00 2.216741e+00
2353 2.619890e+00 2.208674e+00
2354 2.644895e+00 2.194424e+00
2355 2.645129e+00 2.184709e+00
2356 2.645768e+00 2.193630e+00
2357 2.651773e+00 2.209678e+00
2358 2.658917e+00 2.264223e+00
2359 2.667566e+00 2.256016e+00
2360 2.661544e+00 2.242318e+00
2361 2.658537e+00 2.254702e+00
2362 2.682131e+00 2.285712e+00
2363 2.662771e+00 2.251531e+00
2364 2.662869e+00 2.251489e+00
2365 2.560175e+00 2.269695e+00
2366 2.576226e+00 2.227064e+00
2367 2.572721e+00 2.198897e+00
2368 2.563154e+00 2.234815e+00
2369 2.556845e+00 2.238917e+00
2370 2.559994e+00 2.223804e+00
2371 2.565996e+00 2.206217e+00
2372 2.559974e+00 2.205781e+00
2373 2.549748e+00 2.209929e+00
2374 2.562404e+00 2.206782e+00
2375 2.547289e+00 2.233771e+00
2376 2.513214e+00 2.237020e+00
2377 2.512333e+00 2.241465e+00
2378 2.531471e+00 2.223615e+00
2379 2.533021e+00 2.206987e+00
2380 2.532496e+00 2.239395e+00
2381 2.555927e+00 2.210101e+00
2382 2.499878e+00 2.250447e+00
2383 2.506274e+00 2.271694e+00
2384 2.506133e+00 2.272239e+00
2385 2.512316e+00 2.254105e+00
2386 2.497911e+00 2.261211e+00
2387 2.518701e+00 2.259652e+00
2388 2.515642e+00 2.259320e+00
2389 2.511798e+00 2.259098e+00
2390 2.538325e+00 2.256801e+00
2391 2.536745e+00 2.226149e+00
2392 2.518438e+00 2.247676e+00
2393 2.505615e+00 2.256811e+00
2394 2.477894e+00 2.304351e+00
2395 2.446526e+00 2.340813e+00
2396 2.429138e+00 2.361861e+00
2397 2.400946e+00 2.363328e+00
2398 2.406091e+00 2.360949e+00
2399 2.377939e+00 2.365385e+00
2400 2.386064e+00 2.380731e+00
2401 2.395211e+00 2.402073e+00
2402 2.434045e+00 2.417957e+00
2403 2.456873e+00 2.395799e+00
2404 2.440995e+00 2.377677e+00
2405 2.439564e+00 2.369782e+00
2406 2.416700e+00 2.355258e+00
2407 2.408673e+00 2.348152e+00
2408 2.391685e+00 2.358462e+00
2409 2.361843e+00 2.337540e+00
2410 2.362788e+00 2.336202e+00
2411 2.355765e+00 2.342126e+00
2412 2.394076e+00 2.375871e+00
2413 2.395212e+00 2.373760e+00
2414 2.418691e+00 2.363318e+00
2415 2.464089e+00 2.425005e+00
2416 2.458454e+00 2.467231e+00
2417 2.470725e+00 2.459134e+00
2418 2.471774e+00 2.445269e+00
2419 2.477378e+00 2.441707e+00
2420 2.464665e+00 2.451244e+00
2421 2.472776e+00 2.444236e+00
2422 2.475474e+00 2.445158e+00
2423 2.498626e+00 2.441596e+00
2424 2.483228e+00 2.442887e+00
2425 2.499355e+00 2.455182e+00
2426 2.500866e+00 2.455810e+00
2427 2.585719e+00 2.477422e+00
2428 2.585632e+00 2.477292e+00
2429 2.550064e+00 2.414232e+00
2430 2.539098e+00 2.451827e+00
2431 2.551050e+00 2.434506e+00
2432 2.546075e+00 2.440858e+00
2433 2.570544e+00 2.440770e+00
2434 2.553581e+00 2.432199e+00
2435 2.545700e+00 2.437203e+00
2436 2.486366e+00 2.438380e+00
2437 2.454315e+00 2.473305e+00
2438 2.500790e+00 2.429914e+00
2439 2.512288e+00 2.438843e+00
2440 2.518745e+00 2.442663e+00
2441 2.473262e+00 2.400516e+00
2442 2.490723e+00 2.407550e+00
2443 2.482157e+00 2.444577e+00
2444 2.409759e+00 2.455128e+00
2445 2.476419e+00 2.448650e+00
2446 2.499019e+00 2.462175e+00
2447 2.488843e+00 2.462669e+00
2448 2.495312e+00 2.473074e+00
2449 2.498533e+00 2.480459e+00
2450 2.505227e+00 2.465397e+00
2451 2.499152e+00 2.448325e+00
2452 2.541077e+00 2.462903e+00
2453 2.545360e+00 2.450060e+00
2454 2.535566e+00 2.461975e+00
2455 2.534141e+00 2.461928e+00
2456 2.531855e+00 2.458969e+00
2457 2.531357e+00 2.463648e+00
2458 2.588070e+00 2.444272e+00
2459 2.585455e+00 2.433145e+00
2460 2.634648e+00 2.435660e+00
2461 2.631351e+00 2.430408e+00
2462 2.705144e+00 2.407693e+00
2463 2.712221e+00 2.411494e+00
2464 2.699305e+00 2.407562e+00
2465 2.706635e+00 2.403332e+00
2466 2.771892e+00 2.432571e+00
2467 2.775919e+00 2.414495e+00
2468 2.775486e+00 2.414024e+00
2469 2.778550e+00 2.413462e+00
2470 2.812657e+00 2.394388e+00
2471 2.809535e+00 2.392625e+00
2472 2.803787e+00 2.375256e+00
2473 2.808886e+00 2.367620e+00
2474 2.789300e+00 2.387203e+00
2475 2.791229e+00 2.395857e+00
2476 2.795386e+00 2.407882e+00
2477 2.793075e+00 2.405220e+00
2478 2.792611e+00 2.404957e+00
2479 2.722394e+00 2.460342e+00
2480 2.732863e+00 2.408110e+00
2481 2.770623e+00 2.398257e+00
2482 2.761610e+00 2.411041e+00
2483 2.762776e+00 2.414657e+00
2484 2.683818e+00 2.407672e+00
2485 2.674803e+00 2.419658e+00
2486 2.674958e+00 2.419302e+00
2487 2.671611e+00 2.418193e+00
2488 2.609845e+00 2.456455e+00
2489 2.628227e+00 2.431232e+00
2490 2.623289e+00 2.430996e+00
2491 2.623351e+00 2.431010e+00
2492 2.615928e+00 2.425889e+00
2493 2.637225e+00 2.420868e+00
2494 2.636916e+00 2.418386e+00
2495 2.638898e+00 2.434767e+00
2496 2.621723e+00 2.439157e+00
2497 2.668203e+00 2.438401e+00
2498 2.815319e+00 2.435606e+00
2499 2.790144e+00 2.462130e+00
2500 2.788290e+00 2.450090e+00
2501 2.790127e+00 2.445383e+00
2502 2.786837e+00 2.441843e+00
2503 2.823022e+00 2.458505e+00
2504 2.833215e+00 2.458471e+00
2505 2.835513e+00 2.452615e+00
2506 2.840305e+00 2.450303e+00
2507 2.831552e+00 2.437459e+00
2508 2.817077e+00 2.441842e+00
2509 2.813292e+00 2.467513e+00
2510 2.805268e+00 2.485784e+00
2511 2.769249e+00 2.470329e+00
2512 2.751309e+00 2.464576e+00
2513 2.751936e+00 2.461746e+00
2514 2.749396e+00 2.436104e+00
2515 2.764526e+00 2.452408e+00
2516 2.752431e+00 2.480256e+00
2517 2.758764e+00 2.478306e+00
2518 2.782897e+00 2.493926e+00
2519 2.829661e+00 2.520906e+00
2520 2.822872e+00 2.519760e+00
2521 2.802259e+00 2.541952e+00
2522 2.841019e+00 2.538852e+00
2523 2.875651e+00 2.545097e+00
2524 2.872430e+00 2.553875e+00
2525 2.880363e+00 2.565559e+00
2526 2.884104e+00 2.567701e+00
2527 2.888733e+00 2.582682e+00
2528 2.964542e+00 2.612680e+00
2529 2.918714e+00 2.700081e+00
2530 2.904919e+00 2.708061e+00
2531 2.914373e+00 2.687405e+00
2532 2.910076e+00 2.691024e+00
2533 2.900412e+00 2.675471e+00
2534 2.892946e+00 2.654272e+00
2535 2.886431e+00 2.658422e+00
2536 2.882986e+00 2.656502e+00
2537 2.879037e+00 2.646669e+00
2538 2.904749e+00 2.662918e+00
2539 2.892709e+00 2.641767e+00
2540 2.876605e+00 2.632872e+00
2541 2.881350e+00 2.631014e+00
2542 2.880530e+00 2.632561e+00
2543 2.878231e+00 2.634057e+00
2544 2.878418e+00 2.633799e+00
2545 2.852641e+00 2.615362e+00
2546 2.857557e+00 2.614911e+00
2547 2.848772e+00 2.616673e+00
2548 2.821570e+00 2.637223e+00
2549 2.820008e+00 2.656368e+00
2550 2.816832e+00 2.650844e+00
2551 2.812292e+00 2.650061e+00
2552 2.809652e+00 2.655007e+00
2553 2.809450e+00 2.654828e+00
2554 2.805706e+00 2.656648e+00
2555 2.808892e+00 2.658204e+00
2556 2.807425e+00 2.654302e+00
2557 2.805905e+00 2.655363e+00
2558 2.809793e+00 2.665901e+00
2559 2.815165e+00 2.665858e+00
2560 2.822043e+00 2.668356e+00
2561 2.819958e+00 2.675058e+00
2562 2.820279e+00 2.675312e+00
2563 2.786120e+00 2.647982e+00
2564 2.797150e+00 2.670902e+00
2565 2.822781e+00 2.643803e+00
2566 2.820886e+00 2.635649e+00
2567 2.868898e+00 2.670131e+00
2568 2.867136e+00 2.670766e+00
2569 2.867607e+00 2.671305e+00
2570 2.859177e+00 2.659192e+00
2571 2.909161e+00 2.662075e+00
2572 2.938752e+00 2.706632e+00
2573 2.959105e+00 2.683232e+00
2574 2.982766e+00 2.688107e+00
2575 2.966454e+00 2.698163e+00
2576 2.953056e+00 2.679212e+00
2577 2.955851e+00 2.682278e+00
2578 2.957582e+00 2.682276e+00
2579 2.964438e+00 2.690724e+00
2580 2.964219e+00 2.699120e+00
2581 2.945528e+00 2.715510e+00
2582 2.951608e+00 2.720873e+00
2583 2.948220e+00 2.705312e+00
2584 2.943371e+00 2.707515e+00
2585 2.942457e+00 2.706594e+00
2586 2.965749e+00 2.704976e+00
2587 2.990738e+00 2.734628e+00
2588 2.991612e+00 2.736939e+00
2589 2.991969e+00 2.738370e+00
2590 2.945360e+00 2.824472e+00
2591 2.945403e+00 2.835774e+00
2592 2.932391e+00 2.819426e+00
2593 2.933012e+00 2.820212e+00
2594 2.968968e+00 2.811121e+00
2595 2.969722e+00 2.810021e+00
2596 2.970245e+00 2.809509e+00
2597 2.967259e+00 2.805054e+00
2598 2.965607e+00 2.803568e+00
2599 2.963848e+00 2.805689e+00
2600 2.976458e+00 2.770715e+00
2601 2.964863e+00 2.782253e+00
2602 2.964042e+00 2.785818e+00
2603 2.923429e+00 2.788781e+00
2604 2.906540e+00 2.814932e+00
2605 2.886125e+00 2.854301e+00
2606 2.880172e+00 2.836992e+00
2607 2.881878e+00 2.830187e+00
2608 2.861986e+00 2.849367e+00
2609 2.856750e+00 2.847074e+00
2610 2.860320e+00 2.848860e+00
2611 2.927405e+00 2.826407e+00
2612 2.924647e+00 2.831067e+00
2613 2.924509e+00 2.831504e+00
2614 2.909316e+00 2.811974e+00
2615 2.949440e+00 2.839252e+00
2616 2.947236e+00 2.835580e+00
2617 2.953047e+00 2.831544e+00
2618 2.937680e+00 2.829707e+00
2619 2.934812e+00 2.846976e+00
2620 2.932387e+00 2.845572e+00
2621 2.914965e+00 2.854819e+00
2622 2.905823e+00 2.858520e+00
2623 2.923031e+00 2.855648e+00
2624 2.909196e+00 2.855685e+00
2625 2.907834e+00 2.848904e+00
2626 2.889106e+00 2.831756e+00
2627 2.888630e+00 2.832837e+00
2628 2.901185e+00 2.833718e+00
2629 2.900373e+00 2.832044e+00
2630 2.887032e+00 2.853841e+00
2631 2.882001e+00 2.854656e+00
2632 2.887315e+00 2.861329e+00
2633 2.887205e+00 2.861289e+00
2634 2.896337e+00 2.916196e+00
2635 2.885300e+00 2.910286e+00
2636 2.874100e+00 2.913138e+00
2637 2.885409e+00 2.872262e+00
2638 2.891456e+00 2.883114e+00
2639 2.882328e+00 2.892929e+00
2640 2.887530e+00 2.893591e+00
2641 2.885123e+00 2.894611e+00
2642 2.868263e+00 2.867620e+00
2643 2.863341e+00 2.825654e+00
2644 2.855266e+00 2.804724e+00
2645 2.855214e+00 2.804708e+00
2646 2.869697e+00 2.792842e+00
2647 2.869778e+00 2.793006e+00
2648 2.871120e+00 2.810810e+00
2649 2.889003e+00 2.795390e+00
2650 2.852967e+00 2.830442e+00
2651 2.833124e+00 2.858857e+00
2652 2.831605e+00 2.854246e+00
2653 2.823347e+00 2.855860e+00
2654 2.842144e+00 2.857116e+00
2655 2.834666e+00 2.851854e+00
2656 2.846173e+00 2.853734e+00
2657 2.806795e+00 2.845800e+00
2658 2.796043e+00 2.860912e+00
2659 2.796476e+00 2.858126e+00
2660 2.788676e+00 2.849621e+00
2661 2.811691e+00 2.818293e+00
2662 2.808159e+00 2.797828e+00
2663 2.802837e+00 2.804187e+00
2664 2.801368e+00 2.804060e+00
2665 2.799226e+00 2.807700e+00
2666 2.800345e+00 2.813050e+00
2667 2.799669e+00 2.817187e+00
2668 2.821585e+00 2.784726e+00
2669 2.820209e+00 2.790217e+00
2670 2.820950e+00 2.789219e+00
2671 2.819081e+00 2.755675e+00
2672 2.816350e+00 2.755494e+00
2673 2.820581e+00 2.740982e+00
2674 2.744895e+00 2.811357e+00
2675 2.746906e+00 2.804813e+00
2676 2.757677e+00 2.794371e+00
2677 2.764535e+00 2.809345e+00
2678 2.804842e+00 2.797114e+00
2679 2.805283e+00 2.809405e+00
2680 2.806811e+00 2.813189e+00
2681 2.802082e+00 2.804729e+00
2682 2.800783e+00 2.804689e+00
2683 2.818559e+00 2.805920e+00
2684 2.809032e+00 2.813839e+00
2685 2.838292e+00 2.784652e+00
2686 2.838498e+00 2.785035e+00
2687 2.838573e+00 2.785433e+00
2688 2.848017e+00 2.770359e+00
2689 2.851267e+00 2.770952e+00
2690 2.856010e+00 2.781956e+00
2691 2.812548e+00 2.782410e+00
2692 2.808750e+00 2.788843e+00
2693 2.754938e+00 2.824922e+00
2694 2.748926e+00 2.806848e+00
2695 2.719993e+00 2.826531e+00
2696 2.723270e+00 2.828961e+00
2697 2.721019e+00 2.808196e+00
2698 2.720786e+00 2.806493e+00
2699 2.721852e+00 2.810948e+00
2700 2.726021e+00 2.808509e+00
2701 2.747068e+00 2.811726e+00
2702 2.760353e+00 2.805817e+00
2703 2.733336e+00 2.771511e+00
2704 2.730730e+00 2.775726e+00
2705 2.697582e+00 2.746344e+00
2706 2.693216e+00 2.772477e+00
2707 2.650510e+00 2.744272e+00
2708 2.662769e+00 2.753132e+00
2709 2.668892e+00 2.750839e+00
2710 2.641246e+00 2.683919e+00
2711 2.633783e+00 2.704657e+00
2712 2.647860e+00 2.709429e+00
2713 2.722057e+00 2.694122e+00
2714 2.722032e+00 2.692980e+00
2715 2.768877e+00 2.681443e+00
2716 2.763527e+00 2.632551e+00
2717 2.771745e+00 2.632811e+00
2718 2.771944e+00 2.632864e+00
2719 2.778918e+00 2.640395e+00
2720 2.749094e+00 2.637195e+00
2721 2.761226e+00 2.649172e+00
2722 2.752667e+00 2.671038e+00
2723 2.796735e+00 2.696511e+00
2724 2.747847e+00 2.685029e+00
2725 2.750468e+00 2.694296e+00
2726 2.722606e+00 2.628617e+00
2727 2.707017e+00 2.624878e+00
2728 2.718128e+00 2.626688e+00
2729 2.719492e+00 2.634267e+00
2730 2.715125e+00 2.638539e+00
2731 2.719841e+00 2.638994e+00
2732 2.718196e+00 2.638743e+00
2733 2.715232e+00 2.663997e+00
2734 2.720520e+00 2.658009e+00
2735 2.697664e+00 2.639539e+00
2736 2.680287e+00 2.649499e+00
2737 2.676286e+00 2.650845e+00
2738 2.664406e+00 2.674300e+00
2739 2.662724e+00 2.672608e+00
2740 2.659669e+00 2.669893e+00
2741 2.657089e+00 2.660940e+00
2742 2.657646e+00 2.682065e+00
2743 2.654132e+00 2.694025e+00
2744 2.655383e+00 2.689643e+00
2745 2.644866e+00 2.705032e+00
2746 2.636358e+00 2.709638e+00
2747 2.635379e+00 2.710251e+00
2748 2.631661e+00 2.710320e+00
2749 2.643386e+00 2.715510e+00
2750 2.638673e+00 2.723705e+00
2751 2.608052e+00 2.707997e+00
2752 2.596264e+00 2.700488e+00
2753 2.632183e+00 2.696561e+00
2754 2.626912e+00 2.684745e+00
2755 2.621017e+00 2.685023e+00
2756 2.658466e+00 2.684738e+00
2757 2.658460e+00 2.684753e+00
2758 2.655894e+00 2.712873e+00
2759 2.612801e+00 2.694491e+00
2760 2.590532e+00 2.711567e+00
2761 2.663909e+00 2.746829e+00
2762 2.659511e+00 2.741777e+00
2763 2.660319e+00 2.741304e+00
2764 2.650043e+00 2.739028e+00
2765 2.635109e+00 2.740933e+00
2766 2.637631e+00 2.742474e+00
2767 2.639714e+00 2.739553e+00
2768 2.640665e+00 2.742872e+00
2769 2.631653e+00 2.758995e+00
2770 2.632152e+00 2.760366e+00
2771 2.620179e+00 2.746357e+00
2772 2.612038e+00 2.753608e+00
2773 2.617506e+00 2.762531e+00
2774 2.625134e+00 2.753847e+00
2775 2.612145e+00 2.750918e+00
2776 2.651982e+00 2.749561e+00
2777 2.640360e+00 2.725340e+00
2778 2.643697e+00 2.729530e+00
2779 2.650427e+00 2.716451e+00
2780 2.665882e+00 2.696175e+00
2781 2.655946e+00 2.708151e+00
2782 2.659275e+00 2.720734e+00
2783 2.661874e+00 2.701982e+00
2784 2.666182e+00 2.683230e+00
2785 2.714790e+00 2.700113e+00
2786 2.734800e+00 2.691338e+00
2787 2.726661e+00 2.702125e+00
2788 2.716496e+00 2.694556e+00
2789 2.720444e+00 2.671849e+00
2790 2.733214e+00 2.679761e+00
2791 2.732647e+00 2.663523e+00
2792 2.715799e+00 2.648085e+00
2793 2.726573e+00 2.644178e+00
2794 2.726695e+00 2.643535e+00
2795 2.726053e+00 2.642996e+00
2796 2.722993e+00 2.637846e+00
2797 2.700424e+00 2.591423e+00
2798 2.705917e+00 2.591688e+00
2799 2.698445e+00 2.596798e+00
2800 2.705301e+00 2.600178e+00
2801 2.742291e+00 2.586583e+00
2802 2.741726e+00 2.603277e+00
2803 2.743451e+00 2.603585e+00
2804 2.743519e+00 2.603569e+00
2805 2.746494e+00 2.574964e+00
2806 2.775669e+00 2.555734e+00
2807 2.768710e+00 2.558957e+00
2808 2.759655e+00 2.616557e+00
2809 2.778902e+00 2.598074e+00
2810 2.791436e+00 2.588238e+00
2811 2.815014e+00 2.573600e+00
2812 2.814430e+00 2.574551e+00
2813 2.828533e+00 2.506401e+00
2814 2.826611e+00 2.508215e+00
2815 2.831829e+00 2.519104e+00
2816 2.803025e+00 2.515364e+00
2817 2.781116e+00 2.545758e+00
2818 2.764891e+00 2.546894e+00
2819 2.738469e+00 2.546175e+00
2820 2.720169e+00 2.565555e+00
2821 2.720165e+00 2.562868e+00
2822 2.777590e+00 2.582093e+00
2823 2.724024e+00 2.531434e+00
2824 2.735201e+00 2.527803e+00
2825 2.734645e+00 2.516572e+00
2826 2.738555e+00 2.518662e+00
2827 2.736629e+00 2.520582e+00
2828 2.731212e+00 2.518027e+00
2829 2.744592e+00 2.524542e+00
2830 2.749922e+00 2.564468e+00
2831 2.690298e+00 2.552212e+00
2832 2.693653e+00 2.550326e+00
2833 2.702949e+00 2.551340e+00
2834 2.724695e+00 2.515462e+00
2835 2.711348e+00 2.513166e+00
2836 2.699094e+00 2.492611e+00
2837 2.731205e+00 2.473962e+00
2838 2.734239e+00 2.478255e+00
2839 2.725705e+00 2.482250e+00
2840 2.730005e+00 2.481712e+00
2841 2.732194e+00 2.478990e+00
2842 2.713217e+00 2.507076e+00
2843 2.724647e+00 2.491270e+00
2844 2.737494e+00 2.496374e+00
2845 2.711909e+00 2.483469e+00
2846 2.707213e+00 2.484719e+00
2847 2.718913e+00 2.485517e+00
2848 2.708295e+00 2.472112e+00
2849 2.711117e+00 2.471804e+00
2850 2.720438e+00 2.469181e+00
2851 2.722152e+00 2.463532e+00
2852 2.721722e+00 2.439305e+00
2853 2.721480e+00 2.427905e+00
2854 2.720687e+00 2.425338e+00
2855 2.739483e+00 2.438420e+00
2856 2.725501e+00 2.475720e+00
2857 2.722651e+00 2.467571e+00
2858 2.723110e+00 2.479874e+00
2859 2.702935e+00 2.491393e+00
2860 2.717656e+00 2.524193e+00
2861 2.730574e+00 2.518700e+00
2862 2.734769e+00 2.519387e+00
2863 2.731505e+00 2.524106e+00
2864 2.777344e+00 2.535807e+00
2865 2.779436e+00 2.535664e+00
2866 2.778634e+00 2.526537e+00
2867 2.779301e+00 2.527139e+00
2868 2.782823e+00 2.525809e+00
2869 2.782047e+00 2.526402e+00
2870 2.769784e+00 2.547546e+00
2871 2.772081e+00 2.562864e+00
2872 2.809454e+00 2.593811e+00
2873 2.810563e+00 2.558523e+00
2874 2.793005e+00 2.567589e+00
2875 2.797384e+00 2.545364e+00
2876 2.813812e+00 2.575499e+00
2877 2.804595e+00 2.593973e+00
2878 2.801721e+00 2.592743e+00
2879 2.853412e+00 2.594433e+00
2880 2.837034e+00 2.602198e+00
2881 2.838486e+00 2.601670e+00
2882 2.839709e+00 2.585940e+00
2883 2.871864e+00 2.624173e+00
2884 2.896766e+00 2.646775e+00
2885 2.897778e+00 2.659562e+00
2886 2.916206e+00 2.647706e+00
2887 2.916913e+00 2.641612e+00
2888 2.887393e+00 2.706643e+00
2889 2.883089e+00 2.686002e+00
2890 2.890033e+00 2.693347e+00
2891 2.886521e+00 2.693476e+00
2892 2.885370e+00 2.697216e+00
2893 2.885123e+00 2.694727e+00
2894 2.887144e+00 2.695732e+00
2895 2.883674e+00 2.681841e+00
2896 2.883669e+00 2.684209e+00
2897 2.886744e+00 2.682317e+00
2898 2.911879e+00 2.678849e+00
2899 2.912064e+00 2.679497e+00
2900 2.932264e+00 2.686749e+00
2901 2.944137e+00 2.691808e+00
2902 2.953031e+00 2.687778e+00
2903 2.956787e+00 2.702948e+00
2904 2.894153e+00 2.703500e+00
2905 2.878177e+00 2.715052e+00
2906 2.923848e+00 2.772791e+00
2907 2.921920e+00 2.772267e+00
2908 2.906663e+00 2.765327e+00
2909 2.921438e+00 2.832882e+00
2910 2.946672e+00 2.880646e+00
2911 2.945647e+00 2.881060e+00
2912 2.994677e+00 2.781952e+00
2913 3.011368e+00 2.801627e+00
2914 3.029152e+00 2.805364e+00
2915 3.031355e+00 2.797594e+00
2916 2.981608e+00 2.769004e+00
2917 2.924941e+00 2.786024e+00
2918 2.927243e+00 2.770944e+00
2919 2.924319e+00 2.770927e+00
2920 2.917435e+00 2.763630e+00
2921 2.918193e+00 2.763563e+00
2922 2.916387e+00 2.760198e+00
2923 2.917597e+00 2.749997e+00
2924 2.858799e+00 2.788183e+00
2925 2.783798e+00 2.789071e+00
2926 2.759990e+00 2.801405e+00
2927 2.728928e+00 2.829678e+00
2928 2.729427e+00 2.872683e+00
2929 2.725324e+00 2.869239e+00
2930 2.728427e+00 2.863037e+00
2931 2.737221e+00 2.865937e+00
2932 2.745927e+00 2.863442e+00
2933 2.748490e+00 2.853647e+00
2934 2.753944e+00 2.877483e+00
2935 2.754892e+00 2.879541e+00
2936 2.755298e+00 2.893444e+00
2937 2.756537e+00 2.893740e+00
2938 2.752928e+00 2.887591e+00
2939 2.746477e+00 2.878588e+00
2940 2.748929e+00 2.875750e+00
2941 2.740084e+00 2.873810e+00
2942 2.740609e+00 2.876483e+00
2943 2.738454e+00 2.878162e+00
2944 2.839432e+00 2.830970e+00
2945 2.828586e+00 2.813617e+00
2946 2.817214e+00 2.730564e+00
2947 2.844793e+00 2.717735e+00
2948 2.848554e+00 2.717449e+00
2949 2.843161e+00 2.719141e+00
2950 2.849129e+00 2.700746e+00
2951 2.849072e+00 2.701739e+00
2952 2.836462e+00 2.704603e+00
2953 2.839594e+00 2.695036e+00
2954 2.894668e+00 2.729676e+00
2955 2.921173e+00 2.715558e+00
2956 2.932112e+00 2.678884e+00
2957 2.930585e+00 2.679363e+00
2958 2.928171e+00 2.654351e+00
2959 2.926993e+00 2.655211e+00
2960 2.928985e+00 2.674471e+00
2961 2.945893e+00 2.685155e+00
2962 2.951414e+00 2.686156e+00
2963 2.913496e+00 2.703928e+00
2964 2.894740e+00 2.710501e+00
2965 2.887201e+00 2.700504e+00
2966 2.878826e+00 2.699364e+00
2967 2.870092e+00 2.733627e+00
2968 2.857996e+00 2.742885e+00
2969 2.853619e+00 2.759260e+00
2970 2.848725e+00 2.754260e+00
2971 2.847356e+00 2.753895e+00
2972 2.821287e+00 2.736955e+00
2973 2.818761e+00 2.738496e+00
2974 2.807556e+00 2.741972e+00
2975 2.803782e+00 2.762950e+00
2976 2.803890e+00 2.761648e+00
2977 2.798898e+00 2.769748e+00
2978 2.814070e+00 2.772301e+00
2979 2.776398e+00 2.793448e+00
2980 2.779228e+00 2.800793e+00
2981 2.778757e+00 2.801025e+00
2982 2.778254e+00 2.802466e+00
2983 2.781623e+00 2.810421e+00
2984 2.778531e+00 2.812010e+00
2985 2.772199e+00 2.800605e+00
2986 2.771070e+00 2.802672e+00
2987 2.770524e+00 2.802629e+00
2988 2.784376e+00 2.786961e+00
2989 2.797386e+00 2.775875e+00
2990 2.797268e+00 2.771703e+00
2991 2.791809e+00 2.735238e+00
2992 2.794923e+00 2.717592e+00
2993 2.796694e+00 2.721916e+00
2994 2.790953e+00 2.729677e+00
2995 2.783813e+00 2.726466e+00
2996 2.751533e+00 2.709897e+00
2997 2.738911e+00 2.728757e+00
2998 2.760558e+00 2.676395e+00
2999 2.760217e+00 2.710047e+00
3000 2.761802e+00 2.708424e+00
3001 2.748226e+00 2.719441e+00
3002 2.745095e+00 2.707779e+00
3003 2.758469e+00 2.712019e+00
3004 2.736924e+00 2.670757e+00
3005 2.742548e+00 2.661225e+00
3006 2.745950e+00 2.661982e+00
3007 2.742484e+00 2.659942e+00
3008 2.746953e+00 2.697561e+00
3009 2.719983e+00 2.697313e+00
3010 2.742983e+00 2.690990e+00
3011 2.743199e+00 2.690780e+00
3012 2.738248e+00 2.687493e+00
3013 2.735472e+00 2.703446e+00
3014 2.743931e+00 2.708197e+00
3015 2.743941e+00 2.708192e+00
3016 2.725800e+00 2.702613e+00
3017 2.721251e+00 2.695663e+00
3018 2.721390e+00 2.693981e+00
3019 2.687040e+00 2.673182e+00
3020 2.686030e+00 2.665073e+00
3021 2.684013e+00 2.672264e+00
3022 2.702238e+00 2.672981e+00
3023 2.704606e+00 2.675942e+00
3024 2.710108e+00 2.673792e+00
3025 2.643779e+00 2.677854e+00
3026 2.631845e+00 2.706078e+00
3027 2.630192e+00 2.710976e+00
3028 2.629856e+00 2.712372e+00
3029 2.631611e+00 2.711393e+00
3030 2.616629e+00 2.716167e+00
3031 2.617010e+00 2.714942e+00
3032 2.612244e+00 2.707786e+00
3033 2.607265e+00 2.701977e+00
3034 2.598469e+00 2.704385e+00
3035 2.602310e+00 2.709402e+00
3036 2.617622e+00 2.725023e+00
3037 2.619103e+00 2.723726e+00
3038 2.614288e+00 2.727308e+00
3039 2.648240e+00 2.707045e+00
3040 2.615634e+00 2.735227e+00
3041 2.644448e+00 2.739929e+00
3042 2.641230e+00 2.753973e+00
3043 2.653598e+00 2.751794e+00
3044 2.689433e+00 2.728291e+00
3045 2.661660e+00 2.744452e+00
3046 2.659473e+00 2.748719e+00
3047 2.660161e+00 2.756556e+00
3048 2.645976e+00 2.744337e+00
3049 2.660155e+00 2.742644e+00
3050 2.661731e+00 2.744357e+00
3051 2.653741e+00 2.742339e+00
3052 2.681138e+00 2.751873e+00
3053 2.680860e+00 2.749940e+00
3054 2.683499e+00 2.746512e+00
3055 2.679723e+00 2.749773e+00
3056 2.674734e+00 2.743801e+00
3057 2.663980e+00 2.745104e+00
3058 2.664850e+00 2.748321e+00
3059 2.655011e+00 2.747446e+00
3060 2.648538e+00 2.760641e+00
3061 2.645385e+00 2.754253e+00
3062 2.645980e+00 2.788759e+00
3063 2.632479e+00 2.801520e+00
3064 2.633527e+00 2.806098e+00
3065 2.639843e+00 2.812075e+00
3066 2.620909e+00 2.835225e+00
3067 2.642260e+00 2.824809e+00
3068 2.754618e+00 2.845412e+00
3069 2.754473e+00 2.855396e+00
3070 2.750140e+00 2.861933e+00
3071 2.751909e+00 2.892124e+00
3072 2.752122e+00 2.892000e+00
3073 2.741718e+00 2.883615e+00
3074 2.735983e+00 2.876056e+00
3075 2.745035e+00 2.874127e+00
3076 2.770381e+00 2.935700e+00
3077 2.773507e+00 2.930469e+00
3078 2.790003e+00 2.860072e+00
3079 2.789898e+00 2.844877e+00
3080 2.783220e+00 2.825106e+00
3081 2.815640e+00 2.780522e+00
3082 2.814779e+00 2.759961e+00
3083 2.822911e+00 2.810247e+00
3084 2.824947e+00 2.812428e+00
3085 2.801537e+00 2.821089e+00
3086 2.797016e+00 2.815432e+00
3087 2.796652e+00 2.815325e+00
3088 2.795011e+00 2.832122e+00
3089 2.819983e+00 2.824440e+00
3090 2.785269e+00 2.868223e+00
3091 2.786492e+00 2.864222e+00
3092 2.772364e+00 2.880072e+00
3093 2.758827e+00 2.893281e+00
3094 2.758823e+00 2.892975e+00
3095 2.766014e+00 2.899818e+00
3096 2.793016e+00 2.960102e+00
3097 2.775558e+00 2.911605e+00
3098 2.780741e+00 2.919391e+00
3099 2.786041e+00 2.911774e+00
3100 2.784573e+00 2.900562e+00
3101 2.793270e+00 2.899250e+00
3102 2.790144e+00 2.901727e+00
3103 2.789640e+00 2.901980e+00
3104 2.802794e+00 2.890177e+00
3105 2.799526e+00 2.900075e+00
3106 2.812305e+00 2.893801e+00
3107 2.803290e+00 2.892957e+00
3108 2.819947e+00 2.905185e+00
3109 2.804917e+00 2.913275e+00
3110 2.806176e+00 2.916539e+00
3111 2.857619e+00 2.964269e+00
3112 2.894701e+00 2.960053e+00
3113 2.874890e+00 2.951399e+00
3114 2.887175e+00 2.944595e+00
3115 2.883324e+00 2.953524e+00
3116 2.883981e+00 2.958528e+00
3117 2.887248e+00 2.932475e+00
3118 2.889052e+00 2.940858e+00
3119 2.872857e+00 2.892268e+00
3120 2.862909e+00 2.888692e+00
3121 2.854316e+00 2.874480e+00
3122 2.851239e+00 2.871555e+00
3123 2.837001e+00 2.884923e+00
3124 2.834739e+00 2.885708e+00
3125 2.834210e+00 2.884730e+00
3126 2.837404e+00 2.864217e+00
3127 2.887758e+00 2.872349e+00
3128 2.883937e+00 2.884346e+00
3129 2.913879e+00 2.967404e+00
3130 2.906255e+00 2.971407e+00
3131 2.909398e+00 2.980810e+00
3132 2.900105e+00 3.004193e+00
