0 4.633005e+00 2.153616e+00
1 4.641740e+00 2.150613e+00
2 4.637235e+00 2.138263e+00
3 4.628466e+00 2.129382e+00
4 4.639534e+00 2.131627e+00
5 4.653561e+00 2.155764e+00
6 4.645987e+00 2.160185e+00
7 4.647354e+00 2.170897e+00
8 4.653879e+00 2.115944e+00
9 4.717935e+00 2.025971e+00
10 4.725511e+00 2.032359e+00
11 4.724239e+00 2.032504e+00
12 4.720021e+00 2.033790e+00
13 4.649530e+00 2.020252e+00
14 4.646612e+00 2.025423e+00
15 4.648786e+00 2.019835e+00
16 4.672271e+00 2.003511e+00
17 4.682379e+00 2.003349e+00
18 4.701400e+00 2.001987e+00
19 4.698688e+00 2.033064e+00
20 4.727681e+00 2.058892e+00
21 4.726624e+00 2.067654e+00
22 4.734929e+00 2.062239e+00
23 4.734813e+00 2.054474e+00
24 4.733313e+00 2.053361e+00
25 4.716854e+00 2.052497e+00
26 4.715684e+00 2.053135e+00
27 4.716328e+00 2.058034e+00
28 4.666634e+00 1.982782e+00
29 4.678270e+00 1.982345e+00
30 4.695636e+00 1.939085e+00
31 4.628303e+00 1.971503e+00
32 4.684678e+00 1.956982e+00
33 4.687753e+00 1.969948e+00
34 4.686221e+00 1.967272e+00
35 4.704808e+00 1.967641e+00
36 4.700482e+00 1.972024e+00
37 4.674090e+00 1.953637e+00
38 4.676831e+00 1.959035e+00
39 4.693844e+00 1.942683e+00
40 4.655074e+00 1.910061e+00
41 4.627455e+00 1.925084e+00
42 4.638972e+00 1.948031e+00
43 4.640823e+00 1.947984e+00
44 4.565228e+00 1.974528e+00
45 4.569353e+00 1.971661e+00
46 4.527806e+00 2.009773e+00
47 4.522340e+00 2.012587e+00
48 4.497053e+00 2.011350e+00
49 4.488728e+00 2.004737e+00
50 4.470559e+00 2.007165e+00
51 4.463403e+00 2.008992e+00
52 4.446506e+00 2.083365e+00
53 4.451609e+00 2.072350e+00
54 4.452633e+00 2.072192e+00
55 4.458220e+00 2.075826e+00
56 4.472913e+00 2.061386e+00
57 4.470175e+00 2.046986e+00
58 4.469159e+00 2.046547e+00
59 4.475796e+00 2.044059e+00
60 4.488811e+00 2.068213e+00
61 4.489018e+00 2.067279e+00
62 4.438716e+00 2.082984e+00
63 4.437168e+00 2.081683e+00
64 4.433719e+00 2.077639e+00
65 4.451686e+00 2.083701e+00
66 4.409041e+00 2.062694e+00
67 4.412869e+00 2.067026e+00
68 4.406206e+00 2.063115e+00
69 4.392224e+00 2.052103e+00
70 4.400937e+00 2.044003e+00
71 4.403335e+00 2.048562e+00
72 4.436971e+00 1.976408e+00
73 4.443898e+00 1.967726e+00
74 4.447942e+00 1.964907e+00
75 4.437562e+00 1.975671e+00
76 4.442333e+00 1.972127e+00
77 4.452521e+00 1.970706e+00
78 4.438583e+00 1.961354e+00
79 4.408013e+00 2.051256e+00
80 4.408633e+00 2.013720e+00
81 4.409480e+00 2.015278e+00
82 4.420678e+00 2.023049e+00
83 4.391451e+00 2.126597e+00
84 4.375100e+00 2.153409e+00
85 4.374105e+00 2.165260e+00
86 4.366557e+00 2.170395e+00
87 4.336007e+00 2.172882e+00
88 4.336197e+00 2.172991e+00
89 4.314133e+00 2.172006e+00
90 4.315191e+00 2.172566e+00
91 4.300661e+00 2.181944e+00
92 4.240368e+00 2.252178e+00
93 4.240033e+00 2.252637e+00
94 4.255398e+00 2.261838e+00
95 4.249533e+00 2.264325e+00
96 4.250559e+00 2.263408e+00
97 4.248840e+00 2.264869e+00
98 4.196882e+00 2.222700e+00
99 4.181099e+00 2.214438e+00
100 4.191245e+00 2.206997e+00
101 4.182026e+00 2.194421e+00
102 4.193436e+00 2.200274e+00
103 4.204090e+00 2.207581e+00
104 4.188710e+00 2.217553e+00
105 4.189817e+00 2.216611e+00
106 4.206700e+00 2.222721e+00
107 4.203802e+00 2.218377e+00
108 4.203845e+00 2.218392e+00
109 4.195171e+00 2.215822e+00
110 4.190186e+00 2.209991e+00
111 4.194290e+00 2.198554e+00
112 4.191904e+00 2.237722e+00
113 4.187720e+00 2.232715e+00
114 4.199382e+00 2.202263e+00
115 4.203286e+00 2.194596e+00
116 4.203258e+00 2.197270e+00
117 4.217679e+00 2.183857e+00
118 4.220666e+00 2.182779e+00
119 4.221108e+00 2.184983e+00
120 4.283996e+00 2.193381e+00
121 4.293842e+00 2.192666e+00
122 4.301062e+00 2.190787e+00
123 4.297552e+00 2.197802e+00
124 4.309639e+00 2.191975e+00
125 4.308297e+00 2.203690e+00
126 4.311912e+00 2.194853e+00
127 4.316435e+00 2.190378e+00
128 4.292906e+00 2.165943e+00
129 4.293279e+00 2.175881e+00
130 4.310531e+00 2.185694e+00
131 4.296230e+00 2.169986e+00
132 4.300416e+00 2.188553e+00
133 4.281087e+00 2.228765e+00
134 4.289220e+00 2.231103e+00
135 4.285664e+00 2.230098e+00
136 4.316565e+00 2.233263e+00
137 4.317486e+00 2.236718e+00
138 4.324434e+00 2.264309e+00
139 4.314998e+00 2.282536e+00
140 4.315072e+00 2.290335e+00
141 4.337362e+00 2.306840e+00
142 4.335855e+00 2.305094e+00
143 4.327764e+00 2.269323e+00
144 4.338951e+00 2.250141e+00
145 4.321034e+00 2.257743e+00
146 4.312181e+00 2.267511e+00
147 4.316431e+00 2.271507e+00
148 4.370491e+00 2.286156e+00
149 4.347566e+00 2.315256e+00
150 4.339418e+00 2.359562e+00
151 4.341700e+00 2.357574e+00
152 4.341594e+00 2.373442e+00
153 4.357873e+00 2.362559e+00
154 4.362253e+00 2.410876e+00
155 4.362500e+00 2.410562e+00
156 4.363982e+00 2.411108e+00
157 4.355082e+00 2.421310e+00
158 4.356923e+00 2.420099e+00
159 4.344728e+00 2.419868e+00
160 4.357671e+00 2.437846e+00
161 4.372457e+00 2.443189e+00
162 4.382853e+00 2.423684e+00
163 4.366882e+00 2.430927e+00
164 4.380799e+00 2.419879e+00
165 4.371748e+00 2.422711e+00
166 4.369888e+00 2.446640e+00
167 4.368589e+00 2.443305e+00
168 4.369052e+00 2.450717e+00
169 4.366427e+00 2.453987e+00
170 4.368496e+00 2.491653e+00
171 4.373572e+00 2.489331e+00
172 4.373615e+00 2.489001e+00
173 4.333570e+00 2.489277e+00
174 4.328467e+00 2.478236e+00
175 4.337051e+00 2.491130e+00
176 4.341865e+00 2.485562e+00
177 4.352193e+00 2.477895e+00
178 4.364377e+00 2.461932e+00
179 4.346534e+00 2.467022e+00
180 4.339499e+00 2.450949e+00
181 4.356507e+00 2.450967e+00
182 4.349178e+00 2.445906e+00
183 4.363782e+00 2.433703e+00
184 4.338576e+00 2.424792e+00
185 4.338190e+00 2.424400e+00
186 4.333669e+00 2.422722e+00
187 4.330024e+00 2.424978e+00
188 4.314420e+00 2.433782e+00
189 4.287662e+00 2.434251e+00
190 4.284720e+00 2.434948e+00
191 4.280437e+00 2.433898e+00
192 4.243195e+00 2.403453e+00
193 4.245453e+00 2.423384e+00
194 4.252141e+00 2.416242e+00
195 4.250588e+00 2.436281e+00
196 4.262755e+00 2.410028e+00
197 4.242103e+00 2.416808e+00
198 4.263858e+00 2.430273e+00
199 4.262971e+00 2.429655e+00
200 4.266482e+00 2.450545e+00
201 4.268879e+00 2.446845e+00
202 4.341922e+00 2.465405e+00
203 4.369855e+00 2.463409e+00
204 4.413511e+00 2.459800e+00
205 4.417935e+00 2.454420e+00
206 4.416340e+00 2.453502e+00
207 4.424154e+00 2.395515e+00
208 4.440727e+00 2.392131e+00
209 4.460451e+00 2.387567e+00
210 4.393302e+00 2.402509e+00
211 4.396775e+00 2.378245e+00
212 4.387289e+00 2.409104e+00
213 4.392251e+00 2.433981e+00
214 4.361561e+00 2.452705e+00
215 4.362316e+00 2.453957e+00
216 4.346486e+00 2.433508e+00
217 4.315702e+00 2.459259e+00
218 4.386252e+00 2.482945e+00
219 4.333875e+00 2.410215e+00
220 4.319240e+00 2.418891e+00
221 4.316966e+00 2.417439e+00
222 4.315942e+00 2.428005e+00
223 4.316529e+00 2.428794e+00
224 4.339406e+00 2.371829e+00
225 4.372006e+00 2.366543e+00
226 4.365666e+00 2.376836e+00
227 4.399882e+00 2.420339e+00
228 4.396588e+00 2.409259e+00
229 4.408592e+00 2.400259e+00
230 4.400491e+00 2.366104e+00
231 4.413593e+00 2.372156e+00
232 4.385786e+00 2.373314e+00
233 4.383973e+00 2.373196e+00
234 4.355039e+00 2.373736e+00
235 4.356168e+00 2.374777e+00
236 4.346626e+00 2.342284e+00
237 4.345778e+00 2.335919e+00
238 4.351406e+00 2.331101e+00
239 4.351406e+00 2.331101e+00
240 4.360718e+00 2.324236e+00
241 4.386882e+00 2.345900e+00
242 4.386692e+00 2.345831e+00
243 4.379265e+00 2.352828e+00
244 4.367772e+00 2.346999e+00
245 4.368175e+00 2.350717e+00
246 4.365270e+00 2.347053e+00
247 4.374572e+00 2.362869e+00
248 4.375237e+00 2.363620e+00
249 4.383667e+00 2.342937e+00
250 4.378517e+00 2.345329e+00
251 4.378853e+00 2.331789e+00
252 4.367048e+00 2.311332e+00
253 4.388779e+00 2.298244e+00
254 4.391318e+00 2.297081e+00
255 4.412527e+00 2.296127e+00
256 4.412736e+00 2.299005e+00
257 4.411212e+00 2.301591e+00
258 4.402272e+00 2.291692e+00
259 4.402121e+00 2.291445e+00
260 4.361792e+00 2.240868e+00
261 4.336108e+00 2.260088e+00
262 4.335096e+00 2.261393e+00
263 4.336514e+00 2.250623e+00
264 4.348147e+00 2.254137e+00
265 4.355971e+00 2.272130e+00
266 4.353752e+00 2.253714e+00
267 4.267116e+00 2.287398e+00
268 4.271601e+00 2.271267e+00
269 4.237944e+00 2.274634e+00
270 4.239570e+00 2.276346e+00
271 4.227431e+00 2.280471e+00
272 4.225435e+00 2.275545e+00
273 4.189533e+00 2.265638e+00
274 4.190523e+00 2.265144e+00
275 4.240767e+00 2.232622e+00
276 4.237863e+00 2.233291e+00
277 4.240126e+00 2.234005e+00
278 4.265694e+00 2.220310e+00
279 4.271724e+00 2.225086e+00
280 4.271057e+00 2.213917e+00
281 4.257455e+00 2.198105e+00
282 4.257271e+00 2.198402e+00
283 4.287291e+00 2.186555e+00
284 4.290593e+00 2.125414e+00
285 4.287453e+00 2.122623e+00
286 4.285698e+00 2.128999e+00
287 4.296675e+00 2.130671e+00
288 4.294253e+00 2.135490e+00
289 4.289738e+00 2.134580e+00
290 4.295012e+00 2.126505e+00
291 4.295694e+00 2.126710e+00
292 4.312079e+00 2.117605e+00
293 4.311753e+00 2.117052e+00
294 4.309298e+00 2.108192e+00
295 4.289356e+00 2.096478e+00
296 4.278577e+00 2.070452e+00
297 4.273451e+00 2.069437e+00
298 4.252386e+00 2.060752e+00
299 4.256583e+00 2.079617e+00
300 4.265099e+00 2.082456e+00
301 4.281863e+00 2.081507e+00
302 4.281486e+00 2.082073e+00
303 4.281185e+00 2.082227e+00
304 4.295240e+00 2.086813e+00
305 4.281928e+00 2.071817e+00
306 4.255000e+00 2.102164e+00
307 4.232149e+00 2.099698e+00
308 4.236270e+00 2.102633e+00
309 4.235550e+00 2.101180e+00
310 4.247834e+00 2.124606e+00
311 4.230850e+00 2.131195e+00
312 4.230830e+00 2.122071e+00
313 4.227996e+00 2.089261e+00
314 4.245897e+00 2.083903e+00
315 4.250166e+00 2.121598e+00
316 4.252326e+00 2.140955e+00
317 4.250857e+00 2.140899e+00
318 4.290022e+00 2.147717e+00
319 4.230056e+00 2.135148e+00
320 4.259814e+00 2.130169e+00
321 4.248475e+00 2.129221e+00
322 4.240195e+00 2.135054e+00
323 4.204989e+00 2.135731e+00
324 4.209556e+00 2.137583e+00
325 4.249568e+00 2.096739e+00
326 4.244025e+00 2.090715e+00
327 4.252142e+00 2.132618e+00
328 4.231056e+00 2.114296e+00
329 4.236215e+00 2.126880e+00
330 4.237358e+00 2.153388e+00
331 4.235181e+00 2.134828e+00
332 4.233278e+00 2.138582e+00
333 4.221546e+00 2.137745e+00
334 4.235021e+00 2.110881e+00
335 4.174861e+00 2.110290e+00
336 4.205131e+00 2.115256e+00
337 4.170902e+00 2.086110e+00
338 4.167786e+00 2.087373e+00
339 4.162613e+00 2.095091e+00
340 4.163950e+00 2.094902e+00
341 4.140890e+00 2.077672e+00
342 4.124754e+00 2.084696e+00
343 4.124070e+00 2.084203e+00
344 4.122400e+00 2.070745e+00
345 4.094585e+00 2.104556e+00
346 4.113571e+00 2.077002e+00
347 4.032508e+00 2.090909e+00
348 4.057826e+00 2.044834e+00
349 4.081327e+00 2.059356e+00
350 4.042052e+00 2.047653e+00
351 4.038479e+00 2.048871e+00
352 4.037924e+00 2.049733e+00
353 4.038465e+00 2.045621e+00
354 4.114272e+00 2.053805e+00
355 4.116357e+00 2.033319e+00
356 4.126322e+00 2.046533e+00
357 4.126470e+00 2.064527e+00
358 4.127232e+00 2.065145e+00
359 4.142843e+00 2.072948e+00
360 4.142560e+00 2.082503e+00
361 4.150256e+00 2.092059e+00
362 4.133905e+00 2.099203e+00
363 4.132373e+00 2.099670e+00
364 4.161908e+00 2.070150e+00
365 4.220941e+00 1.998908e+00
366 4.232369e+00 2.011272e+00
367 4.234574e+00 2.044020e+00
368 4.260138e+00 2.022184e+00
369 4.241668e+00 2.022508e+00
370 4.214309e+00 2.017568e+00
371 4.216461e+00 2.026532e+00
372 4.199474e+00 2.039308e+00
373 4.182220e+00 2.038893e+00
374 4.183855e+00 2.038085e+00
375 4.188734e+00 2.037290e+00
376 4.167097e+00 2.038105e+00
377 4.094034e+00 1.953771e+00
378 4.122507e+00 1.968280e+00
379 4.117059e+00 1.964647e+00
380 4.130697e+00 1.963535e+00
381 4.133194e+00 1.959622e+00
382 4.133756e+00 1.960180e+00
383 4.138640e+00 1.955705e+00
384 4.165484e+00 1.920276e+00
385 4.150320e+00 1.930995e+00
386 4.153932e+00 1.923411e+00
387 4.175412e+00 1.921647e+00
388 4.167094e+00 1.931599e+00
389 4.173781e+00 1.927660e+00
390 4.163902e+00 1.932360e+00
391 4.156827e+00 1.942957e+00
392 4.130964e+00 1.975531e+00
393 4.118377e+00 1.992043e+00
394 4.108576e+00 1.996415e+00
395 4.101942e+00 2.000809e+00
396 4.147094e+00 2.000130e+00
397 4.152454e+00 1.987259e+00
398 4.148690e+00 1.992307e+00
399 4.167955e+00 1.992645e+00
400 4.158489e+00 2.034519e+00
401 4.157256e+00 2.039053e+00
402 4.169879e+00 2.051578e+00
403 4.158012e+00 2.044576e+00
404 4.160076e+00 2.046803e+00
405 4.170209e+00 2.109882e+00
406 4.168714e+00 2.111368e+00
407 4.170444e+00 2.113951e+00
408 4.159204e+00 2.143982e+00
409 4.159106e+00 2.144169e+00
410 4.133196e+00 2.136764e+00
411 4.146573e+00 2.150768e+00
412 4.132746e+00 2.143648e+00
413 4.132691e+00 2.128813e+00
414 4.130884e+00 2.136385e+00
415 4.140594e+00 2.131967e+00
416 4.135308e+00 2.132507e+00
417 4.131559e+00 2.134423e+00
418 4.140623e+00 2.102014e+00
419 4.140692e+00 2.096256e+00
420 4.148600e+00 2.070637e+00
421 4.159647e+00 2.069913e+00
422 4.153474e+00 2.061846e+00
423 4.150176e+00 2.064762e+00
424 4.150167e+00 2.064780e+00
425 4.126456e+00 2.038488e+00
426 4.110505e+00 2.016439e+00
427 4.113622e+00 2.010511e+00
428 4.156465e+00 1.974878e+00
429 4.160047e+00 1.929090e+00
430 4.155749e+00 1.925641e+00
431 4.206265e+00 1.879511e+00
432 4.193703e+00 1.862689e+00
433 4.177400e+00 1.871536e+00
434 4.170706e+00 1.879273e+00
435 4.173025e+00 1.856461e+00
436 4.171885e+00 1.857838e+00
437 4.182876e+00 1.857213e+00
438 4.180482e+00 1.855862e+00
439 4.168349e+00 1.862738e+00
440 4.160054e+00 1.873766e+00
441 4.171835e+00 1.850168e+00
442 4.167838e+00 1.847114e+00
443 4.182428e+00 1.845567e+00
444 4.208810e+00 1.825810e+00
445 4.210855e+00 1.827137e+00
446 4.208048e+00 1.828198e+00
447 4.207907e+00 1.827301e+00
448 4.206248e+00 1.836585e+00
449 4.204516e+00 1.839303e+00
450 4.163854e+00 1.859608e+00
451 4.079355e+00 1.891733e+00
452 4.055959e+00 1.888745e+00
453 4.072007e+00 1.880602e+00
454 4.068071e+00 1.921302e+00
455 4.034255e+00 1.991127e+00
456 4.034354e+00 1.990765e+00
457 4.036137e+00 1.974237e+00
458 4.033221e+00 1.978970e+00
459 4.055858e+00 1.985434e+00
460 4.056445e+00 1.980335e+00
461 4.050550e+00 1.974294e+00
462 4.074137e+00 1.918122e+00
463 4.093770e+00 1.896196e+00
464 4.110311e+00 1.866495e+00
465 4.079471e+00 1.884599e+00
466 4.081085e+00 1.881171e+00
467 4.075916e+00 1.887543e+00
468 4.083536e+00 1.877648e+00
469 4.090558e+00 1.871243e+00
470 4.091233e+00 1.890598e+00
471 4.072176e+00 1.896610e+00
472 4.063565e+00 1.899826e+00
473 4.038314e+00 1.917950e+00
474 4.046048e+00 1.912506e+00
475 4.023573e+00 1.919886e+00
476 4.029021e+00 1.917233e+00
477 4.003414e+00 1.922815e+00
478 4.004213e+00 1.914081e+00
479 4.003460e+00 1.910495e+00
480 4.003836e+00 1.910882e+00
481 4.016207e+00 1.906578e+00
482 4.014655e+00 1.904780e+00
483 4.018392e+00 1.894768e+00
484 4.031551e+00 1.879612e+00
485 4.033033e+00 1.880804e+00
486 4.035960e+00 1.889067e+00
487 4.089251e+00 1.854868e+00
488 4.078794e+00 1.855485e+00
489 4.088501e+00 1.847821e+00
490 4.083657e+00 1.845655e+00
491 4.082709e+00 1.844661e+00
492 4.083883e+00 1.861849e+00
493 4.102762e+00 1.862608e+00
494 4.099416e+00 1.854693e+00
495 4.096182e+00 1.889363e+00
496 4.111723e+00 1.891019e+00
497 4.121781e+00 1.878233e+00
498 4.113381e+00 1.875769e+00
499 4.126892e+00 1.872760e+00
500 4.117909e+00 1.878977e+00
501 4.096386e+00 1.871788e+00
502 4.096724e+00 1.871855e+00
503 4.093242e+00 1.876560e+00
504 4.095970e+00 1.876238e+00
505 4.094615e+00 1.869780e+00
506 4.064518e+00 1.871663e+00
507 4.054985e+00 1.873259e+00
508 4.060238e+00 1.859232e+00
509 4.064196e+00 1.861253e+00
510 4.063998e+00 1.861620e+00
511 4.064285e+00 1.866242e+00
512 4.064745e+00 1.864584e+00
513 4.037126e+00 1.883898e+00
514 4.052770e+00 1.876861e+00
515 4.056772e+00 1.862023e+00
516 4.109869e+00 1.859383e+00
517 4.102548e+00 1.837205e+00
518 4.112692e+00 1.833489e+00
519 4.108151e+00 1.827893e+00
520 4.105416e+00 1.835708e+00
521 4.108731e+00 1.839190e+00
522 4.048938e+00 1.856628e+00
523 4.050899e+00 1.846819e+00
524 4.055197e+00 1.844249e+00
525 4.051279e+00 1.841757e+00
526 4.116105e+00 1.843990e+00
527 4.114580e+00 1.845384e+00
528 4.126542e+00 1.831797e+00
529 4.120658e+00 1.829534e+00
530 4.099518e+00 1.855573e+00
531 4.115202e+00 1.875689e+00
532 4.085925e+00 1.876217e+00
533 4.104853e+00 1.926956e+00
534 4.117846e+00 1.917407e+00
535 4.153627e+00 1.869442e+00
536 4.159287e+00 1.880196e+00
537 4.155435e+00 1.878526e+00
538 4.156329e+00 1.880174e+00
539 4.161632e+00 1.890076e+00
540 4.160183e+00 1.889215e+00
541 4.157123e+00 1.940784e+00
542 4.117821e+00 1.942347e+00
543 4.110533e+00 1.964269e+00
544 4.112041e+00 1.967542e+00
545 4.112031e+00 1.967539e+00
546 4.115876e+00 1.960438e+00
547 4.114296e+00 1.958965e+00
548 4.100641e+00 1.914134e+00
549 4.099724e+00 1.905580e+00
550 4.134727e+00 1.919728e+00
551 4.135752e+00 1.920614e+00
552 4.102962e+00 1.889504e+00
553 4.094154e+00 1.892804e+00
554 4.083008e+00 1.878813e+00
555 4.099948e+00 1.876194e+00
556 4.098241e+00 1.885143e+00
557 4.100418e+00 1.880041e+00
558 4.121633e+00 1.899758e+00
559 4.094150e+00 1.910783e+00
560 4.099459e+00 1.907387e+00
561 4.105559e+00 1.907879e+00
562 4.093900e+00 1.918078e+00
563 4.076019e+00 1.902368e+00
564 4.075844e+00 1.907989e+00
565 4.077473e+00 1.891429e+00
566 4.061084e+00 1.862894e+00
567 4.064851e+00 1.853641e+00
568 4.047474e+00 1.854950e+00
569 4.057819e+00 1.844424e+00
570 4.067285e+00 1.851808e+00
571 4.065626e+00 1.850647e+00
572 4.066540e+00 1.854756e+00
573 4.066069e+00 1.857453e+00
574 4.052300e+00 1.854142e+00
575 4.038182e+00 1.839335e+00
576 4.069667e+00 1.804681e+00
577 4.058893e+00 1.809577e+00
578 4.047574e+00 1.808800e+00
579 4.061349e+00 1.821179e+00
580 4.049135e+00 1.822417e+00
581 4.028465e+00 1.827937e+00
582 4.037826e+00 1.812861e+00
583 4.016864e+00 1.790290e+00
584 4.017676e+00 1.789850e+00
585 4.027243e+00 1.747765e+00
586 4.027816e+00 1.747852e+00
587 4.039366e+00 1.731655e+00
588 4.045101e+00 1.718570e+00
589 4.045215e+00 1.717570e+00
590 4.036217e+00 1.686783e+00
591 4.036206e+00 1.686081e+00
592 4.036416e+00 1.686906e+00
593 4.043756e+00 1.690492e+00
594 4.045040e+00 1.688732e+00
595 4.039367e+00 1.668354e+00
596 4.028182e+00 1.659258e+00
597 4.009735e+00 1.664187e+00
598 4.075156e+00 1.554984e+00
599 4.082666e+00 1.552434e+00
600 4.068349e+00 1.567034e+00
601 4.073070e+00 1.565747e+00
602 4.062755e+00 1.548772e+00
603 4.063620e+00 1.528247e+00
604 4.068741e+00 1.510487e+00
605 4.048833e+00 1.542156e+00
606 4.035621e+00 1.538811e+00
607 4.066752e+00 1.533313e+00
608 4.115603e+00 1.481453e+00
609 4.117158e+00 1.485869e+00
610 4.117210e+00 1.456552e+00
611 4.116992e+00 1.457312e+00
612 4.122045e+00 1.446220e+00
613 4.122050e+00 1.446218e+00
614 4.121764e+00 1.456428e+00
615 4.155311e+00 1.472272e+00
616 4.148402e+00 1.466585e+00
617 4.140256e+00 1.468544e+00
618 4.138438e+00 1.459050e+00
619 4.127188e+00 1.476000e+00
620 4.117886e+00 1.487011e+00
621 4.108174e+00 1.499896e+00
622 4.110668e+00 1.485329e+00
623 4.123827e+00 1.499395e+00
624 4.123205e+00 1.573664e+00
625 4.127840e+00 1.569906e+00
626 4.157806e+00 1.595859e+00
627 4.169901e+00 1.601512e+00
628 4.164175e+00 1.552062e+00
629 4.157975e+00 1.555813e+00
630 4.157538e+00 1.555119e+00
631 4.160690e+00 1.548847e+00
632 4.167097e+00 1.576889e+00
633 4.198497e+00 1.580831e+00
634 4.151589e+00 1.573425e+00
635 4.166418e+00 1.558992e+00
636 4.256115e+00 1.594955e+00
637 4.273218e+00 1.580469e+00
638 4.187520e+00 1.572705e+00
639 4.180014e+00 1.562630e+00
640 4.162026e+00 1.526378e+00
641 4.194140e+00 1.541138e+00
642 4.213245e+00 1.550133e+00
643 4.218008e+00 1.559996e+00
644 4.215520e+00 1.522680e+00
645 4.225873e+00 1.513050e+00
646 4.229224e+00 1.519221e+00
647 4.245867e+00 1.518137e+00
648 4.256641e+00 1.526429e+00
649 4.256693e+00 1.525662e+00
650 4.254456e+00 1.531430e+00
651 4.263949e+00 1.538295e+00
652 4.263090e+00 1.527878e+00
653 4.259219e+00 1.518601e+00
654 4.309498e+00 1.501227e+00
655 4.307820e+00 1.500051e+00
656 4.344710e+00 1.523769e+00
657 4.415392e+00 1.585958e+00
658 4.463410e+00 1.574968e+00
659 4.448516e+00 1.560343e+00
660 4.433874e+00 1.483338e+00
661 4.431035e+00 1.475638e+00
662 4.422913e+00 1.477127e+00
663 4.425166e+00 1.478430e+00
664 4.375609e+00 1.463726e+00
665 4.398653e+00 1.447314e+00
666 4.423940e+00 1.453128e+00
667 4.425306e+00 1.452401e+00
668 4.427350e+00 1.454630e+00
669 4.431426e+00 1.459135e+00
670 4.433272e+00 1.453039e+00
671 4.430296e+00 1.457784e+00
672 4.418302e+00 1.456581e+00
673 4.406186e+00 1.406041e+00
674 4.407869e+00 1.408671e+00
675 4.408564e+00 1.408059e+00
676 4.398541e+00 1.396121e+00
677 4.400023e+00 1.370392e+00
678 4.404482e+00 1.345853e+00
679 4.406123e+00 1.345739e+00
680 4.410724e+00 1.354594e+00
681 4.422625e+00 1.331701e+00
682 4.411970e+00 1.362218e+00
683 4.413662e+00 1.363393e+00
684 4.362878e+00 1.322418e+00
685 4.365947e+00 1.290834e+00
686 4.375628e+00 1.286364e+00
687 4.370333e+00 1.338301e+00
688 4.370720e+00 1.332411e+00
689 4.362519e+00 1.351425e+00
690 4.380518e+00 1.379074e+00
691 4.383296e+00 1.349489e+00
692 4.361774e+00 1.346293e+00
693 4.296815e+00 1.344567e+00
694 4.297141e+00 1.352875e+00
695 4.299857e+00 1.351698e+00
696 4.284264e+00 1.350113e+00
697 4.307685e+00 1.363607e+00
698 4.308332e+00 1.361911e+00
699 4.306764e+00 1.363838e+00
700 4.263542e+00 1.363282e+00
701 4.271480e+00 1.348927e+00
702 4.271475e+00 1.348917e+00
703 4.277874e+00 1.356805e+00
704 4.281805e+00 1.353291e+00
705 4.284861e+00 1.338509e+00
706 4.281901e+00 1.337771e+00
707 4.294804e+00 1.333888e+00
708 4.294374e+00 1.334807e+00
709 4.295115e+00 1.335615e+00
710 4.291961e+00 1.346552e+00
711 4.270812e+00 1.391205e+00
712 4.264297e+00 1.390266e+00
713 4.265045e+00 1.387143e+00
714 4.272294e+00 1.380133e+00
715 4.271032e+00 1.379781e+00
716 4.270985e+00 1.379744e+00
717 4.268356e+00 1.382730e+00
718 4.264952e+00 1.391416e+00
719 4.259764e+00 1.390220e+00
720 4.294903e+00 1.369134e+00
721 4.293078e+00 1.365195e+00
722 4.317808e+00 1.459528e+00
723 4.318496e+00 1.458059e+00
724 4.324884e+00 1.464466e+00
725 4.308896e+00 1.439112e+00
726 4.276999e+00 1.456017e+00
727 4.279724e+00 1.453725e+00
728 4.251211e+00 1.433881e+00
729 4.261218e+00 1.429633e+00
730 4.240554e+00 1.419652e+00
731 4.253224e+00 1.443944e+00
732 4.246438e+00 1.476016e+00
733 4.232754e+00 1.506417e+00
734 4.232262e+00 1.509973e+00
735 4.232922e+00 1.509205e+00
736 4.228833e+00 1.518202e+00
737 4.228526e+00 1.514322e+00
738 4.224082e+00 1.515015e+00
739 4.232730e+00 1.510461e+00
740 4.220377e+00 1.546046e+00
741 4.220600e+00 1.599280e+00
742 4.225814e+00 1.595874e+00
743 4.225713e+00 1.586744e+00
744 4.219418e+00 1.579993e+00
745 4.224612e+00 1.585732e+00
746 4.227953e+00 1.580796e+00
747 4.231353e+00 1.581246e+00
748 4.227275e+00 1.568974e+00
749 4.231953e+00 1.584207e+00
750 4.214978e+00 1.580443e+00
751 4.205996e+00 1.579870e+00
752 4.205174e+00 1.573988e+00
753 4.261441e+00 1.558777e+00
754 4.260901e+00 1.559037e+00
755 4.260721e+00 1.545774e+00
756 4.282681e+00 1.542093e+00
757 4.280204e+00 1.548471e+00
758 4.280323e+00 1.548464e+00
759 4.280024e+00 1.543059e+00
760 4.242793e+00 1.532044e+00
761 4.243347e+00 1.535265e+00
762 4.237389e+00 1.567006e+00
763 4.238010e+00 1.567758e+00
764 4.231032e+00 1.546868e+00
765 4.232930e+00 1.539973e+00
766 4.218253e+00 1.506090e+00
767 4.216621e+00 1.505318e+00
768 4.201566e+00 1.513519e+00
769 4.224061e+00 1.498215e+00
770 4.225701e+00 1.500389e+00
771 4.252698e+00 1.544370e+00
772 4.241938e+00 1.553915e+00
773 4.264620e+00 1.536666e+00
774 4.277128e+00 1.534733e+00
775 4.267622e+00 1.519781e+00
776 4.271914e+00 1.512722e+00
777 4.263626e+00 1.526311e+00
778 4.279928e+00 1.511851e+00
779 4.284037e+00 1.507707e+00
780 4.285961e+00 1.501945e+00
781 4.276037e+00 1.517034e+00
782 4.278542e+00 1.523514e+00
783 4.276800e+00 1.520409e+00
784 4.309579e+00 1.531080e+00
785 4.291500e+00 1.510729e+00
786 4.294924e+00 1.526187e+00
787 4.306771e+00 1.534506e+00
788 4.285407e+00 1.499927e+00
789 4.289437e+00 1.496869e+00
790 4.290698e+00 1.491942e+00
791 4.291445e+00 1.490077e+00
792 4.282355e+00 1.481637e+00
793 4.287955e+00 1.473773e+00
794 4.223574e+00 1.490987e+00
795 4.220038e+00 1.496960e+00
796 4.228709e+00 1.480336e+00
797 4.250837e+00 1.449992e+00
798 4.235751e+00 1.467386e+00
799 4.208556e+00 1.490499e+00
800 4.216112e+00 1.499064e+00
801 4.216319e+00 1.498335e+00
802 4.222909e+00 1.500885e+00
803 4.225206e+00 1.500139e+00
804 4.208381e+00 1.507025e+00
805 4.190280e+00 1.508456e+00
806 4.141583e+00 1.517889e+00
807 4.130816e+00 1.523304e+00
808 4.123954e+00 1.508861e+00
809 4.123547e+00 1.504203e+00
810 4.200031e+00 1.514489e+00
811 4.215667e+00 1.493907e+00
812 4.199887e+00 1.471911e+00
813 4.210192e+00 1.458358e+00
814 4.207793e+00 1.458301e+00
815 4.207981e+00 1.457599e+00
816 4.216959e+00 1.429628e+00
817 4.175260e+00 1.468340e+00
818 4.127733e+00 1.435609e+00
819 4.140827e+00 1.484861e+00
820 4.143444e+00 1.481688e+00
821 4.130226e+00 1.492489e+00
822 4.145538e+00 1.503095e+00
823 4.136466e+00 1.507893e+00
824 4.167058e+00 1.514239e+00
825 4.187979e+00 1.489414e+00
826 4.190927e+00 1.482201e+00
827 4.214648e+00 1.465990e+00
828 4.213224e+00 1.465056e+00
829 4.213159e+00 1.466069e+00
830 4.213095e+00 1.462885e+00
831 4.201202e+00 1.459451e+00
832 4.196032e+00 1.504485e+00
833 4.194460e+00 1.502034e+00
834 4.187018e+00 1.475528e+00
835 4.197185e+00 1.445305e+00
836 4.191299e+00 1.446285e+00
837 4.176625e+00 1.455603e+00
838 4.176287e+00 1.454964e+00
839 4.179727e+00 1.455184e+00
840 4.179178e+00 1.455253e+00
841 4.175544e+00 1.450016e+00
842 4.168983e+00 1.458938e+00
843 4.190045e+00 1.459585e+00
844 4.192168e+00 1.458472e+00
845 4.180966e+00 1.407872e+00
846 4.196100e+00 1.418242e+00
847 4.213385e+00 1.437071e+00
848 4.191902e+00 1.418080e+00
849 4.191734e+00 1.415662e+00
850 4.229453e+00 1.419224e+00
851 4.228676e+00 1.417853e+00
852 4.196334e+00 1.419234e+00
853 4.196259e+00 1.408377e+00
854 4.189516e+00 1.411184e+00
855 4.173700e+00 1.390883e+00
856 4.163626e+00 1.371473e+00
857 4.162091e+00 1.366244e+00
858 4.190899e+00 1.380323e+00
859 4.197519e+00 1.384035e+00
860 4.213244e+00 1.385295e+00
861 4.219869e+00 1.385369e+00
862 4.228035e+00 1.395901e+00
863 4.226328e+00 1.392656e+00
864 4.225858e+00 1.397181e+00
865 4.220862e+00 1.409023e+00
866 4.049168e+00 1.416834e+00
867 4.059130e+00 1.420090e+00
868 4.077959e+00 1.412846e+00
869 4.076155e+00 1.411141e+00
870 4.085283e+00 1.420230e+00
871 4.093701e+00 1.405120e+00
872 4.095227e+00 1.408512e+00
873 4.098159e+00 1.391012e+00
874 4.116324e+00 1.393159e+00
875 4.127394e+00 1.367105e+00
876 4.117526e+00 1.360027e+00
877 4.138011e+00 1.357063e+00
878 4.158277e+00 1.356859e+00
879 4.177719e+00 1.325112e+00
880 4.178038e+00 1.317368e+00
881 4.191650e+00 1.322660e+00
882 4.186095e+00 1.328253e+00
883 4.188237e+00 1.328414e+00
884 4.196459e+00 1.344728e+00
885 4.188110e+00 1.334961e+00
886 4.179380e+00 1.320436e+00
887 4.178494e+00 1.326618e+00
888 4.199537e+00 1.335605e+00
889 4.197960e+00 1.328335e+00
890 4.260425e+00 1.376669e+00
891 4.236183e+00 1.384406e+00
892 4.218440e+00 1.340961e+00
893 4.207341e+00 1.337705e+00
894 4.216837e+00 1.328230e+00
895 4.215829e+00 1.329527e+00
896 4.217468e+00 1.353617e+00
897 4.225712e+00 1.375286e+00
898 4.241867e+00 1.362245e+00
899 4.235871e+00 1.350477e+00
900 4.217367e+00 1.425867e+00
901 4.184376e+00 1.428168e+00
902 4.190742e+00 1.414483e+00
903 4.197086e+00 1.407739e+00
904 4.192248e+00 1.409681e+00
905 4.201388e+00 1.364632e+00
906 4.175812e+00 1.373512e+00
907 4.173761e+00 1.372105e+00
908 4.160197e+00 1.364151e+00
909 4.165470e+00 1.372923e+00
910 4.178499e+00 1.364672e+00
911 4.175265e+00 1.361426e+00
912 4.174005e+00 1.476558e+00
913 4.171248e+00 1.469669e+00
914 4.155519e+00 1.500872e+00
915 4.143555e+00 1.474572e+00
916 4.160281e+00 1.460500e+00
917 4.151864e+00 1.466387e+00
918 4.149597e+00 1.481758e+00
919 4.157647e+00 1.485261e+00
920 4.156656e+00 1.484787e+00
921 4.182826e+00 1.460315e+00
922 4.181337e+00 1.489320e+00
923 4.156491e+00 1.494352e+00
924 4.133591e+00 1.487410e+00
925 4.125136e+00 1.494865e+00
926 4.084785e+00 1.443642e+00
927 4.131019e+00 1.419285e+00
928 4.131970e+00 1.428403e+00
929 4.129827e+00 1.424730e+00
930 4.144729e+00 1.407742e+00
931 4.107147e+00 1.442938e+00
932 4.108357e+00 1.427943e+00
933 4.110745e+00 1.426039e+00
934 4.106240e+00 1.419858e+00
935 4.140382e+00 1.427426e+00
936 4.154699e+00 1.422501e+00
937 4.159350e+00 1.441725e+00
938 4.169988e+00 1.415681e+00
939 4.181965e+00 1.429591e+00
940 4.172346e+00 1.424497e+00
941 4.181848e+00 1.420298e+00
942 4.168104e+00 1.373685e+00
943 4.158191e+00 1.340978e+00
944 4.156336e+00 1.346967e+00
945 4.144176e+00 1.354209e+00
946 4.159005e+00 1.310785e+00
947 4.159302e+00 1.312919e+00
948 4.172748e+00 1.304646e+00
949 4.162517e+00 1.343852e+00
950 4.193506e+00 1.339777e+00
951 4.196136e+00 1.360645e+00
952 4.199313e+00 1.357190e+00
953 4.231607e+00 1.297881e+00
954 4.259141e+00 1.292329e+00
955 4.265310e+00 1.330756e+00
956 4.265758e+00 1.330014e+00
957 4.270506e+00 1.319924e+00
958 4.300159e+00 1.384019e+00
959 4.287782e+00 1.383738e+00
960 4.287896e+00 1.381611e+00
961 4.275809e+00 1.372245e+00
962 4.259333e+00 1.369827e+00
963 4.259406e+00 1.369789e+00
964 4.256483e+00 1.370316e+00
965 4.211036e+00 1.351316e+00
966 4.230192e+00 1.366245e+00
967 4.231530e+00 1.353288e+00
968 4.242929e+00 1.355942e+00
969 4.234812e+00 1.349929e+00
970 4.244688e+00 1.278591e+00
971 4.243406e+00 1.277807e+00
972 4.252594e+00 1.299901e+00
973 4.253311e+00 1.299836e+00
974 4.255757e+00 1.305876e+00
975 4.279154e+00 1.297143e+00
976 4.283146e+00 1.294600e+00
977 4.298260e+00 1.313656e+00
978 4.307665e+00 1.294994e+00
979 4.310264e+00 1.261226e+00
980 4.316012e+00 1.261431e+00
981 4.323461e+00 1.257029e+00
982 4.303406e+00 1.252792e+00
983 4.305108e+00 1.255402e+00
984 4.303368e+00 1.252986e+00
985 4.305386e+00 1.254325e+00
986 4.297726e+00 1.247931e+00
987 4.296605e+00 1.248188e+00
988 4.291317e+00 1.253869e+00
989 4.329795e+00 1.250910e+00
990 4.354671e+00 1.275583e+00
991 4.346474e+00 1.293140e+00
992 4.320597e+00 1.282895e+00
993 4.325198e+00 1.294881e+00
994 4.327092e+00 1.295453e+00
995 4.326210e+00 1.292713e+00
996 4.317677e+00 1.273129e+00
997 4.312811e+00 1.263225e+00
998 4.327097e+00 1.332960e+00
999 4.337086e+00 1.325906e+00
1000 4.334970e+00 1.325832e+00
1001 4.339316e+00 1.319939e+00
1002 4.318009e+00 1.327567e+00
1003 4.311369e+00 1.322624e+00
1004 4.304896e+00 1.341918e+00
1005 4.305856e+00 1.346343e+00
1006 4.314166e+00 1.353580e+00
1007 4.309993e+00 1.365360e+00
1008 4.329251e+00 1.324471e+00
1009 4.338018e+00 1.312043e+00
1010 4.284274e+00 1.303984e+00
1011 4.278960e+00 1.295134e+00
1012 4.352769e+00 1.176319e+00
1013 4.376496e+00 1.173175e+00
1014 4.377778e+00 1.168863e+00
1015 4.341979e+00 1.191660e+00
1016 4.330801e+00 1.184236e+00
1017 4.316787e+00 1.173883e+00
1018 4.284539e+00 1.149624e+00
1019 4.316287e+00 1.106039e+00
1020 4.335894e+00 1.107690e+00
1021 4.337727e+00 1.110078e+00
1022 4.357605e+00 1.138308e+00
1023 4.358732e+00 1.149997e+00
1024 4.329689e+00 1.112734e+00
1025 4.363920e+00 1.109463e+00
1026 4.395998e+00 1.062769e+00
1027 4.387476e+00 1.059246e+00
1028 4.386605e+00 1.059959e+00
1029 4.383867e+00 1.050312e+00
1030 4.384147e+00 1.044420e+00
1031 4.388019e+00 1.026952e+00
1032 4.377588e+00 9.865448e-01
1033 4.418832e+00 9.342273e-01
1034 4.412803e+00 9.272253e-01
1035 4.408441e+00 8.898621e-01
1036 4.390390e+00 8.275631e-01
1037 4.399371e+00 8.366887e-01
1038 4.386041e+00 8.426926e-01
1039 4.372420e+00 8.422622e-01
1040 4.361106e+00 8.304897e-01
1041 4.361538e+00 7.879485e-01
1042 4.354004e+00 7.908167e-01
1043 4.353148e+00 7.906353e-01
1044 4.340512e+00 7.674570e-01
1045 4.340950e+00 7.787497e-01
1046 4.344431e+00 7.801081e-01
1047 4.355321e+00 7.765850e-01
1048 4.345538e+00 7.723491e-01
1049 4.280805e+00 8.012459e-01
1050 4.281856e+00 7.737845e-01
1051 4.240378e+00 7.785320e-01
1052 4.187086e+00 8.007435e-01
1053 4.188400e+00 8.051387e-01
1054 4.171137e+00 8.238436e-01
1055 4.145441e+00 8.149098e-01
1056 4.135083e+00 8.112270e-01
1057 4.135147e+00 8.118116e-01
1058 4.135280e+00 8.117930e-01
1059 4.153888e+00 7.994668e-01
1060 4.159657e+00 8.038724e-01
1061 4.137955e+00 8.030181e-01
1062 4.127428e+00 7.807391e-01
1063 4.123047e+00 7.764791e-01
1064 4.137717e+00 7.653978e-01
1065 4.133356e+00 7.694284e-01
1066 4.120865e+00 7.977526e-01
1067 4.123515e+00 7.989070e-01
1068 4.133453e+00 7.955479e-01
1069 4.078760e+00 8.024374e-01
1070 4.105691e+00 7.314155e-01
1071 4.107833e+00 7.306761e-01
1072 4.112156e+00 7.439086e-01
1073 4.116590e+00 7.058477e-01
1074 4.149610e+00 7.211578e-01
1075 4.145421e+00 7.244050e-01
1076 4.143562e+00 7.331658e-01
1077 4.143293e+00 6.998621e-01
1078 4.135990e+00 6.933393e-01
1079 4.133812e+00 6.908901e-01
1080 4.136874e+00 6.928278e-01
1081 4.140353e+00 6.854070e-01
1082 4.147301e+00 6.788844e-01
1083 4.125705e+00 6.443523e-01
1084 4.127441e+00 6.456473e-01
1085 4.102429e+00 6.446993e-01
1086 4.186763e+00 6.084616e-01
1087 4.200036e+00 6.144163e-01
1088 4.219547e+00 5.984735e-01
1089 4.205562e+00 6.043932e-01
1090 4.210803e+00 5.916985e-01
1091 4.261985e+00 5.920479e-01
1092 4.262060e+00 5.920050e-01
1093 4.252681e+00 5.756974e-01
1094 4.257526e+00 5.655657e-01
1095 4.257779e+00 5.657530e-01
1096 4.262126e+00 5.508731e-01
1097 4.278644e+00 5.898135e-01
1098 4.266175e+00 6.082517e-01
1099 4.266516e+00 6.085814e-01
1100 4.265252e+00 6.088726e-01
1101 4.273949e+00 6.431075e-01
1102 4.272912e+00 6.441906e-01
1103 4.278046e+00 6.397969e-01
1104 4.266566e+00 6.657841e-01
1105 4.271401e+00 6.781032e-01
1106 4.266087e+00 6.722799e-01
1107 4.268275e+00 6.754359e-01
1108 4.283870e+00 6.999805e-01
1109 4.279992e+00 7.197867e-01
1110 4.277569e+00 7.183984e-01
1111 4.279727e+00 7.175806e-01
1112 4.290830e+00 7.218764e-01
1113 4.289481e+00 7.229350e-01
1114 4.289065e+00 7.224754e-01
1115 4.290174e+00 7.217595e-01
1116 4.277986e+00 7.213438e-01
1117 4.278885e+00 7.203062e-01
1118 4.309533e+00 7.119205e-01
1119 4.308018e+00 7.139022e-01
1120 4.334284e+00 7.306511e-01
1121 4.352812e+00 7.613186e-01
1122 4.379143e+00 7.518293e-01
1123 4.358196e+00 7.432252e-01
1124 4.369171e+00 7.169145e-01
1125 4.375897e+00 7.220123e-01
1126 4.377596e+00 7.195230e-01
1127 4.379875e+00 7.662984e-01
1128 4.377745e+00 7.670034e-01
1129 4.362338e+00 7.778626e-01
1130 4.355832e+00 7.798108e-01
1131 4.372834e+00 7.789410e-01
1132 4.382671e+00 7.748747e-01
1133 4.341786e+00 7.533935e-01
1134 4.341128e+00 7.464813e-01
1135 4.344568e+00 7.423758e-01
1136 4.332213e+00 7.361695e-01
1137 4.329001e+00 7.328833e-01
1138 4.347090e+00 7.540179e-01
1139 4.333391e+00 8.001481e-01
1140 4.347520e+00 7.919546e-01
1141 4.374631e+00 8.102646e-01
1142 4.378251e+00 8.095816e-01
1143 4.417169e+00 8.009175e-01
1144 4.412099e+00 7.876256e-01
1145 4.405296e+00 7.696413e-01
1146 4.383845e+00 7.479448e-01
1147 4.384089e+00 7.500508e-01
1148 4.380424e+00 7.429263e-01
1149 4.382025e+00 7.402846e-01
1150 4.362293e+00 7.226776e-01
1151 4.360616e+00 7.259808e-01
1152 4.360252e+00 7.261064e-01
1153 4.366689e+00 7.315713e-01
1154 4.343060e+00 7.588233e-01
1155 4.323279e+00 7.470056e-01
1156 4.325074e+00 7.541765e-01
1157 4.341461e+00 7.425035e-01
1158 4.324162e+00 7.492750e-01
1159 4.305848e+00 7.476367e-01
1160 4.302902e+00 7.554649e-01
1161 4.307402e+00 7.624065e-01
1162 4.284056e+00 7.666037e-01
1163 4.279759e+00 7.369839e-01
1164 4.282984e+00 7.353078e-01
1165 4.269200e+00 7.284642e-01
1166 4.269581e+00 7.408976e-01
1167 4.256215e+00 7.582225e-01
1168 4.252081e+00 7.573132e-01
1169 4.252493e+00 7.583958e-01
1170 4.251231e+00 7.564607e-01
1171 4.253851e+00 7.526962e-01
1172 4.270819e+00 7.507525e-01
1173 4.285351e+00 7.374163e-01
1174 4.301686e+00 7.379386e-01
1175 4.269144e+00 6.988458e-01
1176 4.269494e+00 6.140227e-01
1177 4.292830e+00 5.981797e-01
1178 4.293405e+00 5.944044e-01
1179 4.290770e+00 5.912647e-01
1180 4.294661e+00 5.887363e-01
1181 4.291324e+00 6.208937e-01
1182 4.284092e+00 6.184454e-01
1183 4.289398e+00 6.191913e-01
1184 4.271489e+00 6.343031e-01
1185 4.206743e+00 6.683164e-01
1186 4.231536e+00 6.395782e-01
1187 4.228888e+00 6.409024e-01
1188 4.230899e+00 6.307787e-01
1189 4.215609e+00 6.399641e-01
1190 4.218704e+00 6.067463e-01
1191 4.220739e+00 6.122287e-01
1192 4.218087e+00 6.112014e-01
1193 4.182753e+00 6.210173e-01
1194 4.191858e+00 5.940006e-01
1195 4.191995e+00 5.939876e-01
1196 4.184531e+00 5.608060e-01
1197 4.167466e+00 5.508470e-01
1198 4.149260e+00 5.513540e-01
1199 4.144281e+00 5.145620e-01
1200 4.154445e+00 5.243933e-01
1201 4.174183e+00 5.172844e-01
1202 4.176325e+00 5.151797e-01
1203 4.172581e+00 5.133627e-01
1204 4.169732e+00 5.128278e-01
1205 4.210900e+00 5.105975e-01
1206 4.209558e+00 5.064157e-01
1207 4.216650e+00 5.752165e-01
1208 4.230725e+00 5.751016e-01
1209 4.259639e+00 5.470883e-01
1210 4.274256e+00 5.364952e-01
1211 4.314841e+00 5.101754e-01
1212 4.317942e+00 4.881553e-01
1213 4.320331e+00 4.890611e-01
1214 4.315407e+00 4.890450e-01
1215 4.312791e+00 4.844220e-01
1216 4.319350e+00 4.844055e-01
1217 4.319782e+00 4.970050e-01
1218 4.319610e+00 4.963295e-01
1219 4.336417e+00 5.130718e-01
1220 4.325097e+00 5.133617e-01
1221 4.323473e+00 5.121312e-01
1222 4.351236e+00 5.466377e-01
1223 4.352953e+00 5.463538e-01
1224 4.352211e+00 5.423919e-01
1225 4.350020e+00 5.492737e-01
1226 4.381599e+00 5.922812e-01
1227 4.385933e+00 5.898476e-01
1228 4.322643e+00 6.063744e-01
1229 4.321547e+00 6.104204e-01
1230 4.334211e+00 6.178008e-01
1231 4.326765e+00 6.239221e-01
1232 4.312694e+00 7.086681e-01
1233 4.274328e+00 6.887101e-01
1234 4.295609e+00 6.667632e-01
1235 4.271497e+00 6.776127e-01
1236 4.270989e+00 6.768426e-01
1237 4.285193e+00 6.663365e-01
1238 4.284081e+00 6.640279e-01
1239 4.317311e+00 6.829554e-01
1240 4.317830e+00 6.826477e-01
1241 4.298568e+00 7.055283e-01
1242 4.288979e+00 6.997158e-01
1243 4.260749e+00 6.781165e-01
1244 4.259664e+00 6.798186e-01
1245 4.262107e+00 6.895309e-01
1246 4.264745e+00 6.946589e-01
1247 4.282737e+00 6.901668e-01
1248 4.286680e+00 6.772651e-01
1249 4.273582e+00 6.734474e-01
1250 4.257196e+00 6.671069e-01
1251 4.262470e+00 6.667329e-01
1252 4.292509e+00 6.539791e-01
1253 4.215756e+00 5.641386e-01
1254 4.247381e+00 5.660855e-01
1255 4.260189e+00 5.419812e-01
1256 4.233969e+00 5.463624e-01
1257 4.251179e+00 5.534122e-01
1258 4.223226e+00 5.535453e-01
1259 4.204074e+00 5.951297e-01
1260 4.195235e+00 5.934364e-01
1261 4.208777e+00 5.708410e-01
1262 4.205204e+00 5.674241e-01
1263 4.211348e+00 5.970712e-01
1264 4.218048e+00 5.874907e-01
1265 4.211908e+00 5.961574e-01
1266 4.216918e+00 6.046131e-01
1267 4.212363e+00 6.223116e-01
1268 4.215902e+00 6.145400e-01
1269 4.234285e+00 6.052379e-01
1270 4.235260e+00 6.212588e-01
1271 4.228614e+00 6.179942e-01
1272 4.194318e+00 5.677234e-01
1273 4.183480e+00 5.666794e-01
1274 4.172766e+00 6.260059e-01
1275 4.156240e+00 6.516355e-01
1276 4.155556e+00 6.499590e-01
1277 4.189243e+00 6.757852e-01
1278 4.187392e+00 6.771721e-01
1279 4.183727e+00 6.735047e-01
1280 4.183747e+00 6.727580e-01
1281 4.189670e+00 6.847855e-01
1282 4.185541e+00 6.811951e-01
1283 4.177695e+00 6.854340e-01
1284 4.178562e+00 6.841936e-01
1285 4.178515e+00 6.837035e-01
1286 4.197777e+00 7.003872e-01
1287 4.206111e+00 7.077743e-01
1288 4.206116e+00 7.068411e-01
1289 4.212061e+00 7.126784e-01
1290 4.210403e+00 7.151397e-01
1291 4.238301e+00 7.160605e-01
1292 4.256350e+00 7.384979e-01
1293 4.258354e+00 7.479531e-01
1294 4.326962e+00 7.441285e-01
1295 4.330197e+00 7.689709e-01
1296 4.330174e+00 7.663469e-01
1297 4.322821e+00 8.029649e-01
1298 4.344747e+00 8.029699e-01
1299 4.349436e+00 7.972032e-01
1300 4.314483e+00 7.970023e-01
1301 4.314762e+00 7.980792e-01
1302 4.305518e+00 7.755190e-01
1303 4.296963e+00 7.836844e-01
1304 4.292524e+00 8.413416e-01
1305 4.289409e+00 8.366956e-01
1306 4.245209e+00 7.866129e-01
1307 4.223663e+00 8.469782e-01
1308 4.209342e+00 8.301621e-01
1309 4.216174e+00 8.312913e-01
1310 4.177250e+00 8.337897e-01
1311 4.177768e+00 8.356404e-01
1312 4.174312e+00 8.338975e-01
1313 4.176280e+00 8.389063e-01
1314 4.194196e+00 8.445563e-01
1315 4.216887e+00 8.444635e-01
1316 4.248552e+00 8.328972e-01
1317 4.247899e+00 8.460988e-01
1318 4.254295e+00 8.442339e-01
1319 4.277703e+00 8.360273e-01
1320 4.294172e+00 8.441700e-01
1321 4.292989e+00 8.261515e-01
1322 4.298055e+00 8.343469e-01
1323 4.294502e+00 8.350482e-01
1324 4.296702e+00 8.470340e-01
1325 4.323727e+00 8.393340e-01
1326 4.326206e+00 8.362245e-01
1327 4.324446e+00 8.360973e-01
1328 4.312615e+00 8.512408e-01
1329 4.291137e+00 8.364979e-01
1330 4.299039e+00 8.302105e-01
1331 4.326090e+00 8.132230e-01
1332 4.329226e+00 8.182773e-01
1333 4.329717e+00 8.180286e-01
1334 4.336067e+00 8.131810e-01
1335 4.401297e+00 7.908697e-01
1336 4.412163e+00 8.027438e-01
1337 4.411652e+00 8.115163e-01
1338 4.414647e+00 8.148358e-01
1339 4.441227e+00 8.171904e-01
1340 4.441155e+00 8.119742e-01
1341 4.442079e+00 8.117216e-01
1342 4.444982e+00 8.095895e-01
1343 4.462416e+00 8.265780e-01
1344 4.485107e+00 9.319301e-01
1345 4.481280e+00 9.348836e-01
1346 4.478327e+00 9.296975e-01
1347 4.488851e+00 8.999944e-01
1348 4.494706e+00 8.988291e-01
1349 4.516306e+00 9.072398e-01
1350 4.504589e+00 9.082517e-01
1351 4.505496e+00 9.046226e-01
1352 4.506777e+00 9.061055e-01
1353 4.513008e+00 9.172212e-01
1354 4.547609e+00 9.599072e-01
1355 4.548434e+00 9.498523e-01
1356 4.530398e+00 9.474397e-01
1357 4.547008e+00 9.476038e-01
1358 4.546534e+00 9.478526e-01
1359 4.521865e+00 9.689498e-01
1360 4.530150e+00 9.809863e-01
1361 4.525680e+00 9.844019e-01
1362 4.488072e+00 1.005948e+00
1363 4.484398e+00 9.758710e-01
1364 4.475583e+00 9.820208e-01
1365 4.475939e+00 9.524041e-01
1366 4.476147e+00 9.526331e-01
1367 4.476486e+00 9.560589e-01
1368 4.473653e+00 9.405536e-01
1369 4.476346e+00 9.512754e-01
1370 4.487065e+00 9.453896e-01
1371 4.484055e+00 9.500371e-01
1372 4.479690e+00 9.483183e-01
1373 4.475007e+00 9.447419e-01
1374 4.480903e+00 9.483360e-01
1375 4.486876e+00 9.467915e-01
1376 4.481082e+00 9.365407e-01
1377 4.491250e+00 9.571547e-01
1378 4.498010e+00 9.434313e-01
1379 4.499516e+00 9.434246e-01
1380 4.521121e+00 9.424682e-01
1381 4.523626e+00 9.437435e-01
1382 4.527424e+00 9.452063e-01
1383 4.514570e+00 9.681007e-01
1384 4.512778e+00 9.656424e-01
1385 4.521569e+00 9.684321e-01
1386 4.547857e+00 1.011746e+00
1387 4.538755e+00 1.000073e+00
1388 4.545051e+00 9.998138e-01
1389 4.545136e+00 9.997406e-01
1390 4.515687e+00 1.011091e+00
1391 4.520162e+00 1.004218e+00
1392 4.497718e+00 9.768933e-01
1393 4.480067e+00 9.617238e-01
1394 4.480202e+00 9.654472e-01
1395 4.499757e+00 9.228947e-01
1396 4.470822e+00 9.422697e-01
1397 4.469772e+00 9.415663e-01
1398 4.473543e+00 9.455450e-01
1399 4.466385e+00 9.282640e-01
1400 4.466219e+00 9.282523e-01
1401 4.463332e+00 9.359010e-01
1402 4.475183e+00 9.288981e-01
1403 4.479059e+00 9.064588e-01
1404 4.492185e+00 9.146843e-01
1405 4.486528e+00 9.031994e-01
1406 4.467765e+00 8.730337e-01
1407 4.485166e+00 8.751238e-01
1408 4.487720e+00 8.746711e-01
1409 4.474058e+00 8.694489e-01
1410 4.471127e+00 8.678769e-01
1411 4.469256e+00 8.649277e-01
1412 4.480651e+00 8.632264e-01
1413 4.486150e+00 8.733564e-01
1414 4.447381e+00 8.386252e-01
1415 4.422734e+00 8.226487e-01
1416 4.397704e+00 8.364226e-01
1417 4.397890e+00 8.364503e-01
1418 4.407953e+00 8.379695e-01
1419 4.411007e+00 8.373157e-01
1420 4.405068e+00 8.414030e-01
1421 4.431644e+00 8.720744e-01
1422 4.286990e+00 8.982987e-01
1423 4.286990e+00 8.982988e-01
1424 4.284377e+00 8.987738e-01
1425 4.292497e+00 9.192011e-01
1426 4.225533e+00 9.484949e-01
1427 4.236540e+00 9.322492e-01
1428 4.231905e+00 9.284025e-01
1429 4.217488e+00 9.235969e-01
1430 4.214460e+00 9.256491e-01
1431 4.190837e+00 9.279539e-01
1432 4.191653e+00 9.321669e-01
1433 4.209375e+00 9.330395e-01
1434 4.221566e+00 9.529243e-01
1435 4.231373e+00 9.495221e-01
1436 4.198783e+00 9.343010e-01
1437 4.194947e+00 9.361410e-01
1438 4.195223e+00 9.319345e-01
1439 4.215229e+00 9.500407e-01
1440 4.182662e+00 9.503432e-01
1441 4.149845e+00 9.477655e-01
1442 4.160336e+00 9.583072e-01
1443 4.163558e+00 9.540230e-01
1444 4.162834e+00 9.536752e-01
1445 4.162887e+00 9.542789e-01
1446 4.178231e+00 9.739695e-01
1447 4.165781e+00 1.045430e+00
1448 4.159339e+00 1.028976e+00
1449 4.155863e+00 1.025842e+00
1450 4.164454e+00 1.020819e+00
1451 4.149774e+00 1.052762e+00
1452 4.160294e+00 1.086811e+00
1453 4.169613e+00 1.081947e+00
1454 4.165142e+00 1.085709e+00
1455 4.281118e+00 1.099251e+00
1456 4.289031e+00 1.089942e+00
1457 4.287431e+00 1.089722e+00
1458 4.298055e+00 1.088119e+00
1459 4.320918e+00 1.058174e+00
1460 4.320879e+00 1.058124e+00
1461 4.338793e+00 1.079334e+00
1462 4.341090e+00 1.075510e+00
1463 4.374681e+00 1.079075e+00
1464 4.374497e+00 1.081459e+00
1465 4.363581e+00 1.086296e+00
1466 4.354299e+00 1.090364e+00
1467 4.334634e+00 1.109369e+00
1468 4.326990e+00 1.112089e+00
1469 4.325355e+00 1.112843e+00
1470 4.311422e+00 1.079803e+00
1471 4.301817e+00 1.069293e+00
1472 4.275695e+00 1.074178e+00
1473 4.271763e+00 1.073456e+00
1474 4.237403e+00 1.085226e+00
1475 4.237843e+00 1.085123e+00
1476 4.245390e+00 1.100668e+00
1477 4.228975e+00 1.097809e+00
1478 4.227099e+00 1.099924e+00
1479 4.181751e+00 1.133806e+00
1480 4.176589e+00 1.096613e+00
1481 4.169864e+00 1.104694e+00
1482 4.181775e+00 1.121940e+00
1483 4.188132e+00 1.118434e+00
1484 4.175707e+00 1.103648e+00
1485 4.244050e+00 1.094014e+00
1486 4.269356e+00 1.126009e+00
1487 4.267278e+00 1.130306e+00
1488 4.267311e+00 1.130713e+00
1489 4.287913e+00 1.157122e+00
1490 4.276941e+00 1.151375e+00
1491 4.275479e+00 1.144127e+00
1492 4.238391e+00 1.142514e+00
1493 4.238399e+00 1.142229e+00
1494 4.231965e+00 1.143195e+00
1495 4.225657e+00 1.136853e+00
1496 4.182869e+00 1.146348e+00
1497 4.154794e+00 1.119865e+00
1498 4.157319e+00 1.121304e+00
1499 4.140286e+00 1.119639e+00
1500 4.127053e+00 1.107827e+00
1501 4.126926e+00 1.107721e+00
1502 4.128472e+00 1.101712e+00
1503 4.133244e+00 1.087764e+00
1504 4.131691e+00 1.066276e+00
1505 4.089021e+00 1.088286e+00
1506 4.093043e+00 1.132006e+00
1507 4.090267e+00 1.147919e+00
1508 4.090228e+00 1.152627e+00
1509 4.089964e+00 1.155207e+00
1510 4.054344e+00 1.074817e+00
1511 4.065471e+00 1.085589e+00
1512 4.064550e+00 1.084169e+00
1513 4.093987e+00 1.137140e+00
1514 4.096071e+00 1.140116e+00
1515 4.096717e+00 1.129172e+00
1516 4.098388e+00 1.131035e+00
1517 4.097969e+00 1.122575e+00
1518 4.098619e+00 1.117382e+00
1519 4.125798e+00 1.110629e+00
1520 4.136963e+00 1.122305e+00
1521 4.134556e+00 1.117776e+00
1522 4.133694e+00 1.115009e+00
1523 4.147564e+00 1.094202e+00
1524 4.183318e+00 1.093628e+00
1525 4.143399e+00 1.121602e+00
1526 4.107557e+00 1.083374e+00
1527 4.097368e+00 1.077251e+00
1528 4.134280e+00 1.083447e+00
1529 4.135489e+00 1.083588e+00
1530 4.142996e+00 1.092846e+00
1531 4.163298e+00 1.091686e+00
1532 4.205378e+00 1.070818e+00
1533 4.179408e+00 1.066172e+00
1534 4.155692e+00 1.048147e+00
1535 4.155083e+00 1.052172e+00
1536 4.161266e+00 1.034712e+00
1537 4.139104e+00 1.049347e+00
1538 4.159847e+00 1.056415e+00
1539 4.168046e+00 1.035141e+00
1540 4.171686e+00 1.030469e+00
1541 4.168989e+00 1.030802e+00
1542 4.149617e+00 1.048294e+00
1543 4.149704e+00 1.048224e+00
1544 4.131790e+00 1.041854e+00
1545 4.133978e+00 1.041395e+00
1546 4.127216e+00 1.031423e+00
1547 4.163740e+00 1.028794e+00
1548 4.169018e+00 1.024674e+00
1549 4.178286e+00 9.763922e-01
1550 4.150496e+00 9.409881e-01
1551 4.148106e+00 9.460280e-01
1552 4.141572e+00 9.585586e-01
1553 4.150090e+00 9.578217e-01
1554 4.158528e+00 9.483542e-01
1555 4.172586e+00 9.617453e-01
1556 4.148107e+00 9.803787e-01
1557 4.137382e+00 9.633901e-01
1558 4.137979e+00 9.645268e-01
1559 4.132230e+00 9.729879e-01
1560 4.130973e+00 9.640197e-01
1561 4.131001e+00 9.647982e-01
1562 4.124033e+00 9.496185e-01
1563 4.136788e+00 9.643033e-01
1564 4.149886e+00 9.564902e-01
1565 4.160188e+00 9.503108e-01
1566 4.167884e+00 9.974710e-01
1567 4.174704e+00 9.923863e-01
1568 4.183532e+00 9.984126e-01
1569 4.173824e+00 1.006303e+00
1570 4.173614e+00 9.837419e-01
1571 4.167895e+00 9.892980e-01
1572 4.166075e+00 9.896492e-01
1573 4.166794e+00 9.901796e-01
1574 4.184197e+00 9.988571e-01
1575 4.190134e+00 9.666892e-01
1576 4.194345e+00 9.371834e-01
1577 4.160229e+00 9.229577e-01
1578 4.164347e+00 9.384708e-01
1579 4.152329e+00 9.335156e-01
1580 4.153036e+00 9.303702e-01
1581 4.140485e+00 9.359674e-01
1582 4.152985e+00 9.354816e-01
1583 4.157679e+00 9.748165e-01
1584 4.147826e+00 1.030881e+00
1585 4.130526e+00 9.976146e-01
1586 4.132850e+00 1.001937e+00
1587 4.133989e+00 1.003200e+00
1588 4.121852e+00 1.012442e+00
1589 4.122207e+00 1.012177e+00
1590 4.133113e+00 1.022811e+00
1591 4.206819e+00 1.024477e+00
1592 4.196722e+00 1.032096e+00
1593 4.214600e+00 1.042088e+00
1594 4.188412e+00 1.058767e+00
1595 4.189246e+00 9.814597e-01
1596 4.194989e+00 9.634682e-01
1597 4.194604e+00 9.635994e-01
1598 4.219034e+00 9.556025e-01
1599 4.223739e+00 9.307937e-01
1600 4.222980e+00 9.308407e-01
1601 4.216100e+00 9.281446e-01
1602 4.216533e+00 9.285881e-01
1603 4.230117e+00 9.233033e-01
1604 4.256850e+00 9.310424e-01
1605 4.245612e+00 9.611771e-01
1606 4.228552e+00 9.759058e-01
1607 4.232880e+00 9.789748e-01
1608 4.192853e+00 9.687240e-01
1609 4.194360e+00 9.598396e-01
1610 4.220395e+00 9.393350e-01
1611 4.237564e+00 9.577401e-01
1612 4.235038e+00 9.586829e-01
1613 4.223960e+00 8.804049e-01
1614 4.221532e+00 8.767537e-01
1615 4.223345e+00 8.791172e-01
1616 4.222934e+00 8.746835e-01
1617 4.217093e+00 8.480222e-01
1618 4.222958e+00 8.523050e-01
1619 4.222642e+00 8.520542e-01
1620 4.211849e+00 9.041996e-01
1621 4.211900e+00 8.944753e-01
1622 4.201089e+00 8.971358e-01
1623 4.209014e+00 8.999578e-01
1624 4.206098e+00 8.972267e-01
1625 4.204390e+00 8.838945e-01
1626 4.184515e+00 8.808762e-01
1627 4.194522e+00 8.906034e-01
1628 4.189349e+00 8.532294e-01
1629 4.205042e+00 7.947186e-01
1630 4.220647e+00 8.192594e-01
1631 4.220089e+00 8.189725e-01
1632 4.233781e+00 8.278637e-01
1633 4.264502e+00 8.889939e-01
1634 4.268472e+00 8.840771e-01
1635 4.269606e+00 8.862069e-01
1636 4.266604e+00 8.940430e-01
1637 4.319820e+00 9.423966e-01
1638 4.326582e+00 9.387821e-01
1639 4.323612e+00 9.679941e-01
1640 4.336295e+00 9.197119e-01
1641 4.340047e+00 9.111576e-01
1642 4.336915e+00 9.205571e-01
1643 4.340440e+00 9.280919e-01
1644 4.339397e+00 9.266902e-01
1645 4.316407e+00 9.220081e-01
1646 4.324034e+00 9.267665e-01
1647 4.311467e+00 9.216539e-01
1648 4.307512e+00 9.155773e-01
1649 4.269486e+00 9.346310e-01
1650 4.268801e+00 9.343949e-01
1651 4.275724e+00 9.406865e-01
1652 4.263767e+00 9.546009e-01
1653 4.264322e+00 9.536681e-01
1654 4.265007e+00 9.560613e-01
1655 4.242039e+00 9.816981e-01
1656 4.236269e+00 9.635381e-01
1657 4.228933e+00 9.820865e-01
1658 4.239385e+00 9.578236e-01
1659 4.234739e+00 9.781203e-01
1660 4.226517e+00 1.049763e+00
1661 4.228982e+00 1.047224e+00
1662 4.197042e+00 1.057154e+00
1663 4.262547e+00 1.074296e+00
1664 4.261565e+00 1.152942e+00
1665 4.254129e+00 1.142590e+00
1666 4.216106e+00 1.093908e+00
1667 4.214099e+00 1.102137e+00
1668 4.212814e+00 1.104895e+00
1669 4.214418e+00 1.130369e+00
1670 4.182397e+00 1.142272e+00
1671 4.185890e+00 1.140130e+00
1672 4.185840e+00 1.141951e+00
1673 4.187772e+00 1.140551e+00
1674 4.188700e+00 1.124585e+00
1675 4.183702e+00 1.127050e+00
1676 4.186863e+00 1.125806e+00
1677 4.200692e+00 1.122658e+00
1678 4.194336e+00 1.116363e+00
1679 4.188958e+00 1.102360e+00
1680 4.187269e+00 1.104390e+00
1681 4.185559e+00 1.102329e+00
1682 4.186251e+00 1.103143e+00
1683 4.258562e+00 1.123536e+00
1684 4.251643e+00 1.113990e+00
1685 4.247635e+00 1.091308e+00
1686 4.247456e+00 1.090019e+00
1687 4.240006e+00 1.094149e+00
1688 4.264638e+00 1.070306e+00
1689 4.221513e+00 1.034015e+00
1690 4.234122e+00 1.035432e+00
1691 4.216347e+00 1.030208e+00
1692 4.245847e+00 1.070584e+00
1693 4.235073e+00 1.077031e+00
1694 4.243642e+00 1.078334e+00
1695 4.259295e+00 1.048877e+00
1696 4.275824e+00 1.025187e+00
1697 4.293684e+00 1.001750e+00
1698 4.240368e+00 9.401654e-01
1699 4.241243e+00 9.410941e-01
1700 4.239099e+00 9.541482e-01
1701 4.245649e+00 9.649285e-01
1702 4.239924e+00 9.760072e-01
1703 4.240575e+00 9.860117e-01
1704 4.256085e+00 9.262847e-01
1705 4.257841e+00 9.283831e-01
1706 4.265815e+00 9.088952e-01
1707 4.226468e+00 9.200264e-01
1708 4.219030e+00 9.205815e-01
1709 4.244769e+00 9.288855e-01
1710 4.262187e+00 9.270500e-01
1711 4.261041e+00 9.280034e-01
1712 4.266601e+00 9.245103e-01
1713 4.271486e+00 9.313450e-01
1714 4.271315e+00 9.306175e-01
1715 4.271900e+00 9.262829e-01
1716 4.283396e+00 8.826304e-01
1717 4.287829e+00 8.890743e-01
1718 4.283549e+00 8.969185e-01
1719 4.289928e+00 8.728599e-01
1720 4.291728e+00 8.633298e-01
1721 4.296924e+00 8.668229e-01
1722 4.288741e+00 8.715307e-01
1723 4.288892e+00 8.741713e-01
1724 4.287305e+00 9.030134e-01
1725 4.280667e+00 8.691897e-01
1726 4.268047e+00 9.021475e-01
1727 4.226214e+00 8.931006e-01
1728 4.226921e+00 8.909436e-01
1729 4.226232e+00 8.895699e-01
1730 4.245167e+00 9.027583e-01
1731 4.217891e+00 9.043249e-01
1732 4.208782e+00 9.000993e-01
1733 4.200683e+00 9.000288e-01
1734 4.200571e+00 9.132210e-01
1735 4.199747e+00 9.123011e-01
1736 4.211816e+00 9.105825e-01
1737 4.193932e+00 8.836450e-01
1738 4.244171e+00 8.657667e-01
1739 4.235965e+00 8.585797e-01
1740 4.241821e+00 8.796382e-01
1741 4.222601e+00 8.600338e-01
1742 4.223083e+00 8.601299e-01
1743 4.192722e+00 9.235866e-01
1744 4.199211e+00 8.914065e-01
1745 4.197352e+00 8.927043e-01
1746 4.199039e+00 8.960409e-01
1747 4.203676e+00 9.021715e-01
1748 4.204447e+00 9.508030e-01
1749 4.199707e+00 9.503158e-01
1750 4.200472e+00 9.506165e-01
1751 4.212520e+00 9.408187e-01
1752 4.231131e+00 9.642209e-01
1753 4.236557e+00 9.708280e-01
1754 4.234407e+00 9.647248e-01
1755 4.234552e+00 9.628615e-01
1756 4.242798e+00 9.552795e-01
1757 4.240451e+00 9.477985e-01
1758 4.252585e+00 9.322019e-01
1759 4.275959e+00 9.320898e-01
1760 4.326219e+00 8.702755e-01
1761 4.357268e+00 8.251048e-01
1762 4.348928e+00 8.440267e-01
1763 4.346882e+00 8.381025e-01
1764 4.402135e+00 8.729927e-01
1765 4.395741e+00 8.689109e-01
1766 4.410148e+00 8.900554e-01
1767 4.351484e+00 8.810543e-01
1768 4.369699e+00 8.750045e-01
1769 4.389001e+00 8.710897e-01
1770 4.388601e+00 8.709086e-01
1771 4.406613e+00 8.965091e-01
1772 4.417682e+00 9.077745e-01
1773 4.410650e+00 9.075525e-01
1774 4.415470e+00 8.875604e-01
1775 4.400475e+00 9.004045e-01
1776 4.400407e+00 8.840703e-01
1777 4.397229e+00 8.857130e-01
1778 4.388970e+00 8.856972e-01
1779 4.398505e+00 9.067535e-01
1780 4.394717e+00 8.798947e-01
1781 4.386900e+00 8.770250e-01
1782 4.387504e+00 8.745489e-01
1783 4.387815e+00 8.744412e-01
1784 4.389321e+00 8.629048e-01
1785 4.378433e+00 8.589733e-01
1786 4.382246e+00 8.600119e-01
1787 4.397360e+00 8.268447e-01
1788 4.398103e+00 8.289921e-01
1789 4.428131e+00 8.828978e-01
1790 4.395531e+00 8.895769e-01
1791 4.418940e+00 8.591370e-01
1792 4.381916e+00 8.265606e-01
1793 4.383927e+00 8.264399e-01
1794 4.385074e+00 8.198027e-01
1795 4.375316e+00 8.240269e-01
1796 4.377904e+00 8.117468e-01
1797 4.375382e+00 8.162371e-01
1798 4.374142e+00 8.169090e-01
1799 4.373442e+00 8.169311e-01
1800 4.373091e+00 8.169746e-01
1801 4.368891e+00 8.136972e-01
1802 4.369422e+00 8.186585e-01
1803 4.364518e+00 8.143329e-01
1804 4.372030e+00 8.147968e-01
1805 4.388954e+00 7.975113e-01
1806 4.383800e+00 7.857242e-01
1807 4.378128e+00 7.899701e-01
1808 4.387075e+00 7.924233e-01
1809 4.407654e+00 7.948279e-01
1810 4.409393e+00 7.951818e-01
1811 4.426508e+00 7.961151e-01
1812 4.433784e+00 7.879925e-01
1813 4.416666e+00 8.109020e-01
1814 4.406563e+00 8.092235e-01
1815 4.407226e+00 8.183624e-01
1816 4.406519e+00 7.972630e-01
1817 4.395690e+00 8.217162e-01
1818 4.344505e+00 8.223188e-01
1819 4.349692e+00 8.206454e-01
1820 4.362040e+00 8.221221e-01
1821 4.361153e+00 8.232667e-01
1822 4.345162e+00 8.138603e-01
1823 4.332786e+00 8.409559e-01
1824 4.335921e+00 8.262501e-01
1825 4.337304e+00 8.258027e-01
1826 4.333234e+00 8.238562e-01
1827 4.334456e+00 8.216775e-01
1828 4.328710e+00 8.233210e-01
1829 4.326611e+00 8.324158e-01
1830 4.317086e+00 8.496331e-01
1831 4.311697e+00 8.427628e-01
1832 4.311517e+00 8.431097e-01
1833 4.315201e+00 8.429628e-01
1834 4.325328e+00 8.527525e-01
1835 4.324767e+00 8.528096e-01
1836 4.333885e+00 9.026639e-01
1837 4.355763e+00 8.963648e-01
1838 4.368007e+00 9.026151e-01
1839 4.370820e+00 9.024895e-01
1840 4.367518e+00 8.318263e-01
1841 4.367714e+00 8.324826e-01
1842 4.375376e+00 8.336373e-01
1843 4.408234e+00 8.518469e-01
1844 4.408470e+00 8.521941e-01
1845 4.388485e+00 8.477069e-01
1846 4.388908e+00 8.477013e-01
1847 4.387265e+00 8.467370e-01
1848 4.388914e+00 8.453471e-01
1849 4.375961e+00 8.385159e-01
1850 4.360578e+00 8.319763e-01
1851 4.355949e+00 8.454323e-01
1852 4.360227e+00 8.292252e-01
1853 4.353756e+00 8.090517e-01
1854 4.371212e+00 7.985592e-01
1855 4.371236e+00 7.995312e-01
1856 4.365819e+00 7.659466e-01
1857 4.358539e+00 7.771230e-01
1858 4.363521e+00 7.791265e-01
1859 4.366302e+00 7.654718e-01
1860 4.371034e+00 7.568693e-01
1861 4.456327e+00 7.682100e-01
1862 4.457090e+00 7.477114e-01
1863 4.463498e+00 7.653997e-01
1864 4.472733e+00 7.404906e-01
1865 4.463224e+00 7.355256e-01
1866 4.464088e+00 7.283280e-01
1867 4.468748e+00 7.304648e-01
1868 4.471662e+00 7.261197e-01
1869 4.536502e+00 6.893987e-01
1870 4.541970e+00 6.891822e-01
1871 4.568331e+00 6.305548e-01
1872 4.550132e+00 6.388379e-01
1873 4.583826e+00 6.141760e-01
1874 4.556559e+00 6.274005e-01
1875 4.551309e+00 6.218097e-01
1876 4.566773e+00 6.370300e-01
1877 4.566838e+00 6.354821e-01
1878 4.539720e+00 6.422069e-01
1879 4.587712e+00 6.675612e-01
1880 4.581911e+00 6.683447e-01
1881 4.582738e+00 6.678660e-01
1882 4.597340e+00 6.727028e-01
1883 4.576594e+00 6.487791e-01
1884 4.585102e+00 6.330314e-01
1885 4.590649e+00 6.282905e-01
1886 4.568544e+00 6.774610e-01
1887 4.550724e+00 6.862159e-01
1888 4.551542e+00 6.902921e-01
1889 4.548846e+00 6.930838e-01
1890 4.551057e+00 6.859685e-01
1891 4.532125e+00 6.822065e-01
1892 4.578707e+00 6.187491e-01
1893 4.575619e+00 6.086369e-01
1894 4.578618e+00 6.110758e-01
1895 4.569481e+00 6.228986e-01
1896 4.552417e+00 6.010038e-01
1897 4.560315e+00 6.221153e-01
1898 4.560575e+00 6.221774e-01
1899 4.559891e+00 6.212607e-01
1900 4.561491e+00 6.217701e-01
1901 4.587537e+00 6.263964e-01
1902 4.589159e+00 6.290665e-01
1903 4.623881e+00 6.158311e-01
1904 4.638533e+00 6.257597e-01
1905 4.642289e+00 6.215142e-01
1906 4.646942e+00 6.195442e-01
1907 4.614456e+00 6.538379e-01
1908 4.615235e+00 6.478953e-01
1909 4.598146e+00 6.588304e-01
1910 4.598349e+00 6.577584e-01
1911 4.616088e+00 6.659122e-01
1912 4.619163e+00 6.768691e-01
1913 4.621785e+00 6.727047e-01
1914 4.627750e+00 6.860377e-01
1915 4.616715e+00 6.784068e-01
1916 4.618882e+00 6.732270e-01
1917 4.689808e+00 7.393868e-01
1918 4.708540e+00 7.324701e-01
1919 4.727469e+00 7.534886e-01
1920 4.722023e+00 7.538340e-01
1921 4.722204e+00 7.537053e-01
1922 4.722082e+00 7.534162e-01
1923 4.652415e+00 7.531311e-01
1924 4.652979e+00 7.622158e-01
1925 4.653565e+00 7.619947e-01
1926 4.638751e+00 7.587198e-01
1927 4.583557e+00 7.856001e-01
1928 4.600670e+00 7.915513e-01
1929 4.597710e+00 7.819161e-01
1930 4.594066e+00 7.869682e-01
1931 4.600495e+00 7.794829e-01
1932 4.600004e+00 7.774122e-01
1933 4.617710e+00 7.843562e-01
1934 4.617100e+00 8.073364e-01
1935 4.608331e+00 8.051927e-01
1936 4.607938e+00 8.093075e-01
1937 4.658507e+00 7.675348e-01
1938 4.657334e+00 7.775397e-01
1939 4.643782e+00 7.817559e-01
1940 4.643803e+00 7.822719e-01
1941 4.624274e+00 7.687299e-01
1942 4.622634e+00 7.288528e-01
1943 4.615647e+00 7.336671e-01
1944 4.597974e+00 7.482282e-01
1945 4.529480e+00 7.356252e-01
1946 4.531476e+00 7.349788e-01
1947 4.532450e+00 7.422269e-01
1948 4.465427e+00 7.281372e-01
1949 4.456795e+00 7.153807e-01
1950 4.446411e+00 7.064296e-01
1951 4.462743e+00 6.968001e-01
1952 4.455692e+00 6.975721e-01
1953 4.456241e+00 6.840179e-01
1954 4.413790e+00 7.158500e-01
1955 4.394463e+00 7.368496e-01
1956 4.373938e+00 7.954374e-01
1957 4.422829e+00 7.552960e-01
1958 4.415674e+00 7.638608e-01
1959 4.427486e+00 7.865427e-01
1960 4.489555e+00 8.165916e-01
1961 4.499549e+00 8.047576e-01
1962 4.532247e+00 8.587388e-01
1963 4.528831e+00 8.630530e-01
1964 4.527377e+00 8.693726e-01
1965 4.548224e+00 8.627681e-01
1966 4.544418e+00 8.657377e-01
1967 4.550917e+00 8.453011e-01
1968 4.521378e+00 8.597951e-01
1969 4.523338e+00 8.754134e-01
1970 4.517497e+00 8.496367e-01
1971 4.506765e+00 8.319803e-01
1972 4.509984e+00 8.061328e-01
1973 4.502603e+00 8.160753e-01
1974 4.500357e+00 8.133527e-01
1975 4.563296e+00 7.729766e-01
1976 4.555485e+00 7.762215e-01
1977 4.561782e+00 7.671391e-01
1978 4.560887e+00 7.636389e-01
1979 4.560845e+00 7.613621e-01
1980 4.590437e+00 7.334075e-01
1981 4.556198e+00 7.115306e-01
1982 4.553370e+00 7.124382e-01
1983 4.537694e+00 6.903314e-01
1984 4.519395e+00 7.067339e-01
1985 4.518861e+00 7.085800e-01
1986 4.542834e+00 7.141924e-01
1987 4.502968e+00 7.438491e-01
1988 4.543727e+00 7.402106e-01
1989 4.532992e+00 7.341939e-01
1990 4.546158e+00 6.847298e-01
1991 4.541272e+00 6.875157e-01
1992 4.555153e+00 7.073960e-01
1993 4.552819e+00 7.081638e-01
1994 4.515963e+00 5.947033e-01
1995 4.483818e+00 5.390110e-01
1996 4.489039e+00 5.357164e-01
1997 4.475878e+00 4.794143e-01
1998 4.492281e+00 4.713220e-01
1999 4.496060e+00 4.745828e-01
2000 4.488785e+00 4.622849e-01
2001 4.472688e+00 5.147987e-01
2002 4.502835e+00 4.989002e-01
2003 4.530302e+00 4.752943e-01
2004 4.542451e+00 4.553868e-01
2005 4.567842e+00 4.760245e-01
2006 4.573085e+00 4.787960e-01
2007 4.573926e+00 4.796378e-01
2008 4.563487e+00 4.758512e-01
2009 4.535688e+00 4.598739e-01
2010 4.536476e+00 4.600851e-01
2011 4.524321e+00 4.562413e-01
2012 4.533614e+00 4.620077e-01
2013 4.533855e+00 4.618072e-01
2014 4.533873e+00 4.616527e-01
2015 4.536758e+00 4.575507e-01
2016 4.506166e+00 4.804026e-01
2017 4.507825e+00 4.884488e-01
2018 4.553385e+00 5.051241e-01
2019 4.590247e+00 5.094290e-01
2020 4.593738e+00 5.163792e-01
2021 4.590654e+00 5.158348e-01
2022 4.591817e+00 5.143237e-01
2023 4.627608e+00 4.921911e-01
2024 4.641212e+00 4.922160e-01
2025 4.633646e+00 4.825940e-01
2026 4.666547e+00 4.648647e-01
2027 4.663813e+00 4.678895e-01
2028 4.666786e+00 4.558842e-01
2029 4.629287e+00 4.334793e-01
2030 4.614855e+00 4.415321e-01
2031 4.603265e+00 4.424061e-01
2032 4.591999e+00 4.379346e-01
2033 4.539255e+00 4.005609e-01
2034 4.555631e+00 3.941995e-01
2035 4.564970e+00 3.681950e-01
2036 4.554126e+00 3.573116e-01
2037 4.525113e+00 3.730114e-01
2038 4.560144e+00 3.850267e-01
2039 4.556130e+00 3.996379e-01
2040 4.551153e+00 3.774016e-01
2041 4.552110e+00 3.771565e-01
2042 4.557600e+00 3.692518e-01
2043 4.557246e+00 3.692926e-01
2044 4.561986e+00 4.140581e-01
2045 4.543457e+00 3.810208e-01
2046 4.544252e+00 3.837396e-01
2047 4.551530e+00 3.992264e-01
2048 4.559847e+00 3.400956e-01
2049 4.545697e+00 3.243193e-01
2050 4.530129e+00 3.327729e-01
2051 4.498429e+00 2.882395e-01
2052 4.496204e+00 3.147063e-01
2053 4.454918e+00 2.963269e-01
2054 4.445232e+00 2.894976e-01
2055 4.444891e+00 2.896185e-01
2056 4.439710e+00 2.820656e-01
2057 4.436329e+00 2.775332e-01
2058 4.437696e+00 2.480266e-01
2059 4.422855e+00 2.519475e-01
2060 4.433404e+00 2.203970e-01
2061 4.422953e+00 2.242672e-01
2062 4.451600e+00 2.086644e-01
2063 4.459654e+00 2.525564e-01
2064 4.459084e+00 2.534146e-01
2065 4.472819e+00 2.460448e-01
2066 4.466373e+00 2.457879e-01
2067 4.467234e+00 2.446007e-01
2068 4.457355e+00 2.217358e-01
2069 4.458708e+00 2.211215e-01
2070 4.453615e+00 2.528331e-01
2071 4.449524e+00 2.502669e-01
2072 4.457441e+00 2.408310e-01
2073 4.452793e+00 2.451620e-01
2074 4.442509e+00 2.116460e-01
2075 4.434053e+00 2.216989e-01
2076 4.449846e+00 2.185584e-01
2077 4.447341e+00 2.012546e-01
2078 4.462269e+00 2.119847e-01
2079 4.458806e+00 2.230207e-01
2080 4.474610e+00 2.304989e-01
2081 4.432475e+00 2.741758e-01
2082 4.450628e+00 2.770569e-01
2083 4.460133e+00 2.423058e-01
2084 4.478708e+00 2.354371e-01
2085 4.493919e+00 2.307710e-01
2086 4.491413e+00 2.302064e-01
2087 4.509274e+00 2.922938e-01
2088 4.531810e+00 2.512806e-01
2089 4.525604e+00 2.485956e-01
2090 4.489659e+00 2.276404e-01
2091 4.491069e+00 2.277567e-01
2092 4.484319e+00 2.344476e-01
2093 4.445683e+00 2.454106e-01
2094 4.406297e+00 2.518957e-01
2095 4.410619e+00 2.433462e-01
2096 4.399821e+00 2.830522e-01
2097 4.403658e+00 2.617163e-01
2098 4.400882e+00 2.600759e-01
2099 4.398047e+00 2.618404e-01
2100 4.415578e+00 2.432510e-01
2101 4.390705e+00 2.264919e-01
2102 4.388734e+00 1.998333e-01
2103 4.388236e+00 1.994071e-01
2104 4.382894e+00 2.047270e-01
2105 4.346743e+00 2.217011e-01
2106 4.337391e+00 2.237505e-01
2107 4.336086e+00 2.084514e-01
2108 4.318400e+00 2.057539e-01
2109 4.318282e+00 2.059680e-01
2110 4.340040e+00 2.305066e-01
2111 4.396108e+00 1.711821e-01
2112 4.369268e+00 9.391267e-02
2113 4.303799e+00 7.408308e-02
2114 4.288370e+00 9.396942e-02
2115 4.282081e+00 1.040872e-01
2116 4.281247e+00 1.096135e-01
2117 4.278938e+00 1.019605e-01
2118 4.262122e+00 1.271931e-01
2119 4.251606e+00 1.364703e-01
2120 4.246984e+00 1.363728e-01
2121 4.246252e+00 1.362560e-01
2122 4.282951e+00 1.244473e-01
2123 4.294618e+00 1.291619e-01
2124 4.277320e+00 1.160147e-01
2125 4.290908e+00 1.153925e-01
2126 4.309140e+00 9.643812e-02
2127 4.317728e+00 1.211600e-01
2128 4.312092e+00 1.263190e-01
2129 4.313516e+00 1.272035e-01
2130 4.341683e+00 1.730663e-01
2131 4.339217e+00 1.828863e-01
2132 4.336328e+00 1.825594e-01
2133 4.344949e+00 1.928823e-01
2134 4.337959e+00 1.911679e-01
2135 4.416198e+00 2.630148e-01
2136 4.418093e+00 2.551378e-01
2137 4.425525e+00 2.628099e-01
2138 4.437418e+00 2.743522e-01
2139 4.444989e+00 2.693172e-01
2140 4.478038e+00 2.575822e-01
2141 4.478789e+00 2.720013e-01
2142 4.481109e+00 2.828427e-01
2143 4.482235e+00 2.818036e-01
2144 4.481594e+00 2.806076e-01
2145 4.475779e+00 2.868742e-01
2146 4.466592e+00 2.930919e-01
2147 4.478594e+00 3.142551e-01
2148 4.529039e+00 3.073621e-01
2149 4.529278e+00 3.080167e-01
2150 4.531924e+00 3.010609e-01
2151 4.538869e+00 3.031350e-01
2152 4.538703e+00 2.834497e-01
2153 4.577901e+00 2.993649e-01
2154 4.563928e+00 2.941519e-01
2155 4.554764e+00 1.829185e-01
2156 4.538043e+00 1.692468e-01
2157 4.550551e+00 1.064307e-01
2158 4.548196e+00 1.023690e-01
2159 4.555820e+00 1.046488e-01
2160 4.555940e+00 1.049208e-01
2161 4.578978e+00 1.266723e-01
2162 4.578850e+00 1.272712e-01
2163 4.571113e+00 1.330964e-01
2164 4.577252e+00 1.272348e-01
2165 4.584661e+00 1.029268e-01
2166 4.589435e+00 1.013108e-01
2167 4.642441e+00 1.020377e-01
2168 4.642015e+00 9.641222e-02
2169 4.634113e+00 1.003674e-01
2170 4.639803e+00 9.588065e-02
2171 4.673632e+00 1.785125e-01
2172 4.671088e+00 1.768828e-01
2173 4.702331e+00 1.778200e-01
2174 4.699538e+00 1.755654e-01
2175 4.701347e+00 1.794598e-01
2176 4.698659e+00 1.755218e-01
2177 4.701922e+00 1.887393e-01
2178 4.710420e+00 1.759925e-01
2179 4.711622e+00 1.757565e-01
2180 4.716851e+00 1.759089e-01
2181 4.782576e+00 1.770608e-01
2182 4.787885e+00 1.776789e-01
2183 4.797699e+00 2.529625e-01
2184 4.800101e+00 2.482529e-01
2185 4.799789e+00 2.449129e-01
2186 4.797916e+00 2.451295e-01
2187 4.795757e+00 2.412868e-01
2188 4.807060e+00 2.612869e-01
2189 4.803153e+00 2.704146e-01
2190 4.802696e+00 2.706379e-01
2191 4.792695e+00 2.664156e-01
2192 4.874154e+00 2.739903e-01
2193 4.871625e+00 2.686614e-01
2194 4.864444e+00 2.795968e-01
2195 4.858734e+00 2.511669e-01
2196 4.859148e+00 2.498351e-01
2197 4.858612e+00 2.549459e-01
2198 4.858424e+00 2.526147e-01
2199 4.797484e+00 2.375747e-01
2200 4.799803e+00 2.433210e-01
2201 4.809099e+00 2.412236e-01
2202 4.794110e+00 2.323370e-01
2203 4.786779e+00 2.357215e-01
2204 4.801737e+00 2.197862e-01
2205 4.792835e+00 2.211622e-01
2206 4.790691e+00 2.261916e-01
2207 4.790257e+00 2.283848e-01
2208 4.796391e+00 2.606620e-01
2209 4.799178e+00 2.591636e-01
2210 4.787131e+00 2.652375e-01
2211 4.774651e+00 2.917315e-01
2212 4.757081e+00 3.243781e-01
2213 4.775414e+00 3.248270e-01
2214 4.793407e+00 2.846618e-01
2215 4.768862e+00 3.430394e-01
2216 4.768192e+00 3.429818e-01
2217 4.821300e+00 3.472307e-01
2218 4.819503e+00 3.444210e-01
2219 4.813452e+00 3.387660e-01
2220 4.768224e+00 3.156641e-01
2221 4.762044e+00 3.153928e-01
2222 4.761557e+00 3.391213e-01
2223 4.759844e+00 3.416493e-01
2224 4.751714e+00 3.550057e-01
2225 4.744067e+00 3.527342e-01
2226 4.728708e+00 3.377461e-01
2227 4.682974e+00 3.354744e-01
2228 4.672156e+00 3.212993e-01
2229 4.673692e+00 3.206320e-01
2230 4.673684e+00 3.204409e-01
2231 4.690496e+00 3.010451e-01
2232 4.708322e+00 2.857345e-01
2233 4.723427e+00 2.926430e-01
2234 4.735759e+00 3.247591e-01
2235 4.736008e+00 3.236750e-01
2236 4.737422e+00 3.496440e-01
2237 4.710533e+00 3.288035e-01
2238 4.706243e+00 3.100761e-01
2239 4.700922e+00 3.136840e-01
2240 4.690221e+00 3.236504e-01
2241 4.670815e+00 3.408601e-01
2242 4.664214e+00 3.303787e-01
2243 4.707898e+00 3.350352e-01
2244 4.711578e+00 3.352787e-01
2245 4.711342e+00 3.342484e-01
2246 4.702694e+00 3.346344e-01
2247 4.701234e+00 3.331554e-01
2248 4.684400e+00 2.760914e-01
2249 4.672629e+00 2.857348e-01
2250 4.661988e+00 2.771334e-01
2251 4.648116e+00 2.899785e-01
2252 4.650277e+00 2.614507e-01
2253 4.649803e+00 2.610895e-01
2254 4.646975e+00 2.606233e-01
2255 4.639736e+00 2.575420e-01
2256 4.580693e+00 2.963010e-01
2257 4.580826e+00 2.965226e-01
2258 4.603383e+00 3.105041e-01
2259 4.603305e+00 3.052488e-01
2260 4.572785e+00 3.052373e-01
2261 4.565638e+00 3.155439e-01
2262 4.557419e+00 2.931040e-01
2263 4.555173e+00 2.838660e-01
2264 4.560179e+00 2.864092e-01
2265 4.567259e+00 2.863807e-01
2266 4.567254e+00 2.856677e-01
2267 4.566780e+00 2.832432e-01
2268 4.551931e+00 2.877860e-01
2269 4.520070e+00 2.937588e-01
2270 4.520011e+00 2.937791e-01
2271 4.520142e+00 2.931793e-01
2272 4.514797e+00 2.994640e-01
2273 4.509005e+00 3.088703e-01
2274 4.508424e+00 3.051406e-01
2275 4.507943e+00 3.044473e-01
2276 4.482203e+00 3.043357e-01
2277 4.485999e+00 3.010541e-01
2278 4.485694e+00 2.987235e-01
2279 4.485496e+00 2.992783e-01
2280 4.487138e+00 3.144352e-01
2281 4.492021e+00 2.804505e-01
2282 4.477314e+00 2.901909e-01
2283 4.478705e+00 2.893419e-01
2284 4.459694e+00 2.567134e-01
2285 4.453247e+00 2.674778e-01
2286 4.453588e+00 2.673004e-01
2287 4.453112e+00 2.676618e-01
2288 4.474879e+00 3.119063e-01
2289 4.434635e+00 2.899478e-01
2290 4.397104e+00 3.103371e-01
2291 4.403868e+00 3.010748e-01
2292 4.370305e+00 2.846723e-01
2293 4.375237e+00 2.821314e-01
2294 4.370691e+00 3.081555e-01
2295 4.364729e+00 3.124130e-01
2296 4.360993e+00 3.135566e-01
2297 4.312341e+00 3.264649e-01
2298 4.288989e+00 3.363966e-01
2299 4.288535e+00 3.386367e-01
2300 4.308332e+00 3.431122e-01
2301 4.280985e+00 3.324558e-01
2302 4.264489e+00 3.278361e-01
2303 4.268147e+00 3.405754e-01
2304 4.261989e+00 3.341801e-01
2305 4.261301e+00 3.344846e-01
2306 4.252387e+00 3.249054e-01
2307 4.203488e+00 3.408079e-01
2308 4.205601e+00 3.466736e-01
2309 4.188468e+00 3.685792e-01
2310 4.192679e+00 3.555079e-01
2311 4.187737e+00 3.588200e-01
2312 4.199262e+00 3.564284e-01
2313 4.203197e+00 3.590846e-01
2314 4.237511e+00 3.411055e-01
2315 4.236630e+00 3.317958e-01
2316 4.264097e+00 2.930100e-01
2317 4.247771e+00 3.231904e-01
2318 4.227063e+00 2.813046e-01
2319 4.213992e+00 2.474846e-01
2320 4.199141e+00 2.533153e-01
2321 4.192414e+00 2.461913e-01
2322 4.190431e+00 2.509681e-01
2323 4.185036e+00 2.462735e-01
2324 4.211375e+00 2.253848e-01
2325 4.216702e+00 2.232024e-01
2326 4.210866e+00 2.245504e-01
2327 4.227776e+00 2.322198e-01
2328 4.225948e+00 2.337095e-01
2329 4.224629e+00 2.358929e-01
2330 4.236867e+00 2.299907e-01
2331 4.231384e+00 2.245771e-01
2332 4.232794e+00 2.250049e-01
2333 4.228915e+00 2.371891e-01
2334 4.233796e+00 2.252637e-01
2335 4.235461e+00 2.211020e-01
2336 4.239731e+00 2.272505e-01
2337 4.224301e+00 2.219070e-01
2338 4.207910e+00 2.032542e-01
2339 4.199556e+00 2.178681e-01
2340 4.200897e+00 2.403243e-01
2341 4.216959e+00 2.578115e-01
2342 4.254905e+00 2.611135e-01
2343 4.254847e+00 2.616389e-01
2344 4.268257e+00 2.791636e-01
2345 4.272018e+00 2.908854e-01
2346 4.265672e+00 3.151057e-01
2347 4.262741e+00 3.137282e-01
2348 4.258166e+00 3.192039e-01
2349 4.259461e+00 2.973554e-01
2350 4.260836e+00 2.981024e-01
2351 4.296283e+00 2.702855e-01
2352 4.297580e+00 2.835179e-01
2353 4.282272e+00 2.978942e-01
2354 4.298878e+00 2.984634e-01
2355 4.290993e+00 3.024755e-01
2356 4.292885e+00 3.355990e-01
2357 4.291445e+00 3.265000e-01
2358 4.305520e+00 3.338791e-01
2359 4.309852e+00 3.399812e-01
2360 4.294051e+00 3.526658e-01
2361 4.293581e+00 3.506823e-01
2362 4.307341e+00 3.507047e-01
2363 4.308685e+00 3.340803e-01
2364 4.316502e+00 3.374319e-01
2365 4.319075e+00 3.334927e-01
2366 4.318234e+00 3.336529e-01
2367 4.329959e+00 3.483227e-01
2368 4.366538e+00 3.364198e-01
2369 4.356659e+00 3.470849e-01
2370 4.379297e+00 3.329342e-01
2371 4.378606e+00 3.417778e-01
2372 4.364567e+00 3.326930e-01
2373 4.362979e+00 2.689683e-01
2374 4.352564e+00 2.751588e-01
2375 4.389613e+00 3.082362e-01
2376 4.402599e+00 3.051664e-01
2377 4.406533e+00 3.044161e-01
2378 4.401567e+00 2.986336e-01
2379 4.402230e+00 3.050492e-01
2380 4.407965e+00 2.986892e-01
2381 4.406801e+00 3.134983e-01
2382 4.406936e+00 3.172932e-01
2383 4.411512e+00 3.414891e-01
2384 4.400303e+00 3.422853e-01
2385 4.403633e+00 3.344951e-01
2386 4.431926e+00 3.501794e-01
2387 4.430472e+00 3.439306e-01
2388 4.430063e+00 3.447762e-01
2389 4.434329e+00 3.513955e-01
2390 4.428820e+00 3.465505e-01
2391 4.435459e+00 3.538818e-01
2392 4.442402e+00 3.334137e-01
2393 4.451763e+00 3.411330e-01
2394 4.440848e+00 3.518428e-01
2395 4.417800e+00 3.353924e-01
2396 4.415592e+00 3.364635e-01
2397 4.443931e+00 3.559549e-01
2398 4.475809e+00 3.620905e-01
2399 4.472227e+00 3.633823e-01
2400 4.481901e+00 3.481168e-01
2401 4.482633e+00 3.492670e-01
2402 4.450762e+00 3.577338e-01
2403 4.462612e+00 3.299167e-01
2404 4.453513e+00 3.511658e-01
2405 4.460853e+00 3.403732e-01
2406 4.460125e+00 3.359712e-01
2407 4.464229e+00 3.340443e-01
2408 4.460439e+00 3.365774e-01
2409 4.459436e+00 3.339389e-01
2410 4.461116e+00 3.346115e-01
2411 4.466380e+00 3.041872e-01
2412 4.476414e+00 3.046107e-01
2413 4.481058e+00 3.075130e-01
2414 4.492820e+00 3.180276e-01
2415 4.512936e+00 3.286782e-01
2416 4.528982e+00 3.204330e-01
2417 4.529215e+00 3.187593e-01
2418 4.525361e+00 3.187869e-01
2419 4.476211e+00 2.447980e-01
2420 4.481365e+00 2.612930e-01
2421 4.477424e+00 2.654826e-01
2422 4.466200e+00 2.885470e-01
2423 4.454231e+00 2.873778e-01
2424 4.456121e+00 2.736232e-01
2425 4.494757e+00 2.713853e-01
2426 4.528688e+00 2.149017e-01
2427 4.530831e+00 2.195713e-01
2428 4.528880e+00 2.005147e-01
2429 4.540171e+00 2.009543e-01
2430 4.535927e+00 2.028711e-01
2431 4.537862e+00 2.100120e-01
2432 4.494476e+00 2.152848e-01
2433 4.518656e+00 1.906337e-01
2434 4.518263e+00 1.934728e-01
2435 4.574330e+00 1.954327e-01
2436 4.574648e+00 1.958386e-01
2437 4.578001e+00 1.966007e-01
2438 4.577626e+00 1.965073e-01
2439 4.517740e+00 1.774114e-01
2440 4.507166e+00 1.932447e-01
2441 4.505343e+00 1.883539e-01
2442 4.554223e+00 1.283051e-01
2443 4.566783e+00 1.163617e-01
2444 4.586023e+00 1.184903e-01
2445 4.584066e+00 1.183378e-01
2446 4.582738e+00 1.093053e-01
2447 4.582015e+00 9.899688e-02
2448 4.593029e+00 1.360185e-01
2449 4.605937e+00 1.510626e-01
2450 4.609430e+00 1.482076e-01
2451 4.621442e+00 1.614377e-01
2452 4.654527e+00 1.586132e-01
2453 4.636481e+00 7.654844e-02
2454 4.630367e+00 7.615288e-02
2455 4.635454e+00 7.831612e-02
2456 4.609466e+00 8.320706e-02
2457 4.598591e+00 8.230822e-02
2458 4.590910e+00 7.903226e-02
2459 4.595339e+00 1.108306e-01
2460 4.560015e+00 9.244361e-02
2461 4.610260e+00 1.238898e-01
2462 4.607991e+00 1.249858e-01
2463 4.608995e+00 1.247790e-01
2464 4.603301e+00 1.179392e-01
2465 4.592074e+00 1.223914e-01
2466 4.592167e+00 1.175697e-01
2467 4.567298e+00 1.418738e-01
2468 4.561049e+00 1.658805e-01
2469 4.576578e+00 1.638421e-01
2470 4.576780e+00 1.627113e-01
2471 4.622253e+00 1.724915e-01
2472 4.625530e+00 1.685701e-01
2473 4.627501e+00 1.765402e-01
2474 4.641520e+00 1.769828e-01
2475 4.601693e+00 1.806474e-01
2476 4.586574e+00 1.695762e-01
2477 4.563982e+00 1.714590e-01
2478 4.560245e+00 1.583314e-01
2479 4.557869e+00 1.827606e-01
2480 4.547413e+00 2.017514e-01
2481 4.540066e+00 2.449210e-01
2482 4.548044e+00 2.505005e-01
2483 4.607774e+00 2.202908e-01
2484 4.608102e+00 1.932432e-01
2485 4.611185e+00 1.932020e-01
2486 4.614787e+00 1.970175e-01
2487 4.605332e+00 2.357185e-01
2488 4.575284e+00 2.266959e-01
2489 4.533240e+00 2.192210e-01
2490 4.534241e+00 1.847583e-01
2491 4.548869e+00 1.722664e-01
2492 4.531746e+00 1.674965e-01
2493 4.533422e+00 1.745405e-01
2494 4.533620e+00 1.754305e-01
2495 4.526050e+00 1.853538e-01
2496 4.525154e+00 1.810743e-01
2497 4.524964e+00 1.813934e-01
2498 4.488303e+00 2.166844e-01
2499 4.485185e+00 2.234070e-01
2500 4.465796e+00 2.244852e-01
2501 4.465313e+00 2.184218e-01
2502 4.452365e+00 2.307731e-01
2503 4.452299e+00 2.311623e-01
2504 4.455309e+00 2.268474e-01
2505 4.425250e+00 2.223504e-01
2506 4.434933e+00 2.128922e-01
2507 4.432333e+00 2.043309e-01
2508 4.453310e+00 2.096937e-01
2509 4.439626e+00 2.049303e-01
2510 4.441402e+00 2.053746e-01
2511 4.436397e+00 1.948516e-01
2512 4.429658e+00 2.177310e-01
2513 4.427322e+00 1.995923e-01
2514 4.448865e+00 1.936966e-01
2515 4.450480e+00 1.970449e-01
2516 4.439022e+00 1.228674e-01
2517 4.483849e+00 1.036728e-01
2518 4.482899e+00 1.030711e-01
2519 4.495407e+00 1.289928e-01
2520 4.499360e+00 1.227283e-01
2521 4.505861e+00 1.112209e-01
2522 4.499126e+00 1.128275e-01
2523 4.500592e+00 8.774207e-02
2524 4.448881e+00 1.020644e-01
2525 4.440708e+00 9.325692e-02
2526 4.439522e+00 9.582375e-02
2527 4.413367e+00 1.184497e-01
2528 4.409460e+00 1.178801e-01
2529 4.408551e+00 1.185823e-01
2530 4.402434e+00 1.134501e-01
2531 4.373453e+00 7.135574e-02
2532 4.360830e+00 9.810966e-02
2533 4.357772e+00 1.015551e-01
2534 4.359106e+00 1.269125e-01
2535 4.388979e+00 9.185760e-02
2536 4.391590e+00 8.729290e-02
2537 4.382854e+00 1.055178e-01
2538 4.384875e+00 1.243828e-01
2539 4.390108e+00 1.223241e-01
2540 4.353764e+00 1.052385e-01
2541 4.364915e+00 1.050883e-01
2542 4.423379e+00 1.356719e-01
2543 4.422977e+00 1.360192e-01
2544 4.429602e+00 1.352893e-01
2545 4.450029e+00 1.612816e-01
2546 4.437140e+00 1.785859e-01
2547 4.451140e+00 1.885808e-01
2548 4.448469e+00 1.760159e-01
2549 4.462746e+00 1.630641e-01
2550 4.466977e+00 1.556462e-01
2551 4.471316e+00 1.669266e-01
2552 4.468576e+00 1.710739e-01
2553 4.458595e+00 1.536466e-01
2554 4.456913e+00 1.474770e-01
2555 4.461391e+00 1.544074e-01
2556 4.490106e+00 1.234051e-01
2557 4.489904e+00 1.257779e-01
2558 4.483925e+00 8.035086e-02
2559 4.498200e+00 8.266203e-02
2560 4.494379e+00 9.458079e-02
2561 4.502305e+00 8.698052e-02
2562 4.508625e+00 8.996446e-02
2563 4.500235e+00 9.197607e-02
2564 4.499671e+00 8.035172e-02
2565 4.500332e+00 6.810248e-02
2566 4.473884e+00 8.088334e-02
2567 4.490415e+00 1.151317e-01
2568 4.511959e+00 1.263707e-01
2569 4.498009e+00 1.497786e-01
2570 4.478644e+00 1.572887e-01
2571 4.467127e+00 1.936610e-01
2572 4.514666e+00 1.920197e-01
2573 4.513585e+00 2.133599e-01
2574 4.520252e+00 1.893399e-01
2575 4.535951e+00 1.676040e-01
2576 4.529953e+00 1.822669e-01
2577 4.528300e+00 1.826154e-01
2578 4.512403e+00 1.836096e-01
2579 4.536323e+00 1.686091e-01
2580 4.536621e+00 1.676276e-01
2581 4.536784e+00 1.671064e-01
2582 4.522646e+00 1.474308e-01
2583 4.387081e+00 1.597833e-01
2584 4.371257e+00 1.691990e-01
2585 4.364094e+00 1.703888e-01
2586 4.371493e+00 1.558285e-01
2587 4.371236e+00 1.555419e-01
2588 4.375151e+00 1.439798e-01
2589 4.375927e+00 1.501547e-01
2590 4.370766e+00 1.754143e-01
2591 4.395447e+00 1.702646e-01
2592 4.398090e+00 1.701909e-01
2593 4.405986e+00 1.280365e-01
2594 4.435218e+00 1.168567e-01
2595 4.447721e+00 1.377584e-01
2596 4.448557e+00 1.372912e-01
2597 4.446004e+00 5.612786e-02
2598 4.435609e+00 4.782304e-02
2599 4.439927e+00 2.056791e-02
2600 4.444098e+00 1.761056e-02
2601 4.447095e+00 3.094434e-02
2602 4.460323e+00 2.712183e-02
2603 4.460873e+00 2.957728e-02
2604 4.441796e+00 2.281498e-02
2605 4.418577e+00 9.929318e-03
2606 4.413997e+00 2.578424e-02
2607 4.385824e+00 2.391044e-02
2608 4.380949e+00 1.782953e-02
2609 4.371714e+00 2.625885e-02
2610 4.335156e+00 3.773862e-02
2611 4.337343e+00 3.862991e-02
2612 4.339730e+00 5.848958e-02
2613 4.329596e+00 6.063522e-02
2614 4.329172e+00 6.616156e-02
2615 4.324613e+00 6.924906e-02
2616 4.325022e+00 7.567418e-02
2617 4.328159e+00 7.305762e-02
2618 4.345108e+00 8.088128e-02
2619 4.343982e+00 7.068661e-02
2620 4.343155e+00 4.857662e-02
2621 4.336103e+00 4.093446e-02
2622 4.335612e+00 4.265019e-02
2623 4.324031e+00 1.187263e-02
2624 4.326919e+00 1.350674e-03
2625 4.317613e+00 8.706975e-03
2626 4.266744e+00 -5.793639e-02
