0 3.643245e+00 1.006074e+00
1 3.654016e+00 1.007776e+00
2 3.682434e+00 1.015617e+00
3 3.671965e+00 1.025491e+00
4 3.702774e+00 1.018651e+00
5 3.701187e+00 1.005937e+00
6 3.701287e+00 1.005428e+00
7 3.720184e+00 1.006748e+00
8 3.722479e+00 1.010133e+00
9 3.722609e+00 1.009712e+00
10 3.752159e+00 1.010473e+00
11 3.781731e+00 1.016664e+00
12 3.782960e+00 1.012720e+00
13 3.778621e+00 1.027074e+00
14 3.783376e+00 1.043354e+00
15 3.787641e+00 1.049068e+00
16 3.766758e+00 1.051691e+00
17 3.785078e+00 9.819272e-01
18 3.755765e+00 9.778200e-01
19 3.753919e+00 9.749605e-01
20 3.757734e+00 1.003605e+00
21 3.726454e+00 1.041564e+00
22 3.728681e+00 1.041054e+00
23 3.728575e+00 1.041139e+00
24 3.745852e+00 1.043426e+00
25 3.689274e+00 1.022163e+00
26 3.690408e+00 1.022052e+00
27 3.684969e+00 1.008730e+00
28 3.677312e+00 1.003664e+00
29 3.679702e+00 1.006771e+00
30 3.687286e+00 9.989571e-01
31 3.687314e+00 9.990187e-01
32 3.691602e+00 9.993513e-01
33 3.692729e+00 1.004435e+00
34 3.696514e+00 1.029321e+00
35 3.703073e+00 1.029174e+00
36 3.789301e+00 1.049573e+00
37 3.753913e+00 1.021290e+00
38 3.752589e+00 1.022677e+00
39 3.753704e+00 1.022318e+00
40 3.763919e+00 1.038783e+00
41 3.763614e+00 1.039023e+00
42 3.797282e+00 1.033900e+00
43 3.796912e+00 1.034700e+00
44 3.786468e+00 1.044259e+00
45 3.775661e+00 1.041611e+00
46 3.775998e+00 1.068702e+00
47 3.775933e+00 1.068174e+00
48 3.797403e+00 1.093155e+00
49 3.797440e+00 1.091101e+00
50 3.812481e+00 1.097302e+00
51 3.817260e+00 1.082366e+00
52 3.808987e+00 1.077160e+00
53 3.822035e+00 1.078343e+00
54 3.828660e+00 1.081415e+00
55 3.841481e+00 1.106678e+00
56 3.831453e+00 1.114624e+00
57 3.902373e+00 1.202939e+00
58 3.899993e+00 1.206463e+00
59 3.900317e+00 1.205342e+00
60 3.896819e+00 1.209468e+00
61 3.894208e+00 1.212897e+00
62 3.882257e+00 1.219423e+00
63 3.882993e+00 1.239619e+00
64 3.895509e+00 1.239327e+00
65 3.889848e+00 1.206685e+00
66 3.885058e+00 1.203198e+00
67 3.865872e+00 1.243516e+00
68 3.827365e+00 1.175545e+00
69 3.829730e+00 1.176069e+00
70 3.827072e+00 1.183306e+00
71 3.869624e+00 1.201223e+00
72 3.858704e+00 1.215380e+00
73 3.850691e+00 1.209034e+00
74 3.854507e+00 1.202561e+00
75 3.855590e+00 1.189157e+00
76 3.855747e+00 1.190050e+00
77 3.855050e+00 1.196319e+00
78 3.852484e+00 1.204017e+00
79 3.848139e+00 1.187473e+00
80 3.874098e+00 1.190881e+00
81 3.883175e+00 1.176965e+00
82 3.882816e+00 1.170997e+00
83 3.882015e+00 1.162941e+00
84 3.890152e+00 1.194059e+00
85 3.893289e+00 1.198715e+00
86 3.872816e+00 1.251600e+00
87 3.889892e+00 1.242370e+00
88 3.923838e+00 1.236041e+00
89 3.927382e+00 1.225491e+00
90 3.918817e+00 1.282710e+00
91 3.924784e+00 1.304964e+00
92 3.925580e+00 1.301211e+00
93 3.895071e+00 1.263562e+00
94 3.957374e+00 1.269540e+00
95 3.979755e+00 1.269468e+00
96 3.980636e+00 1.269586e+00
97 3.979854e+00 1.272212e+00
98 3.962282e+00 1.262999e+00
99 3.949667e+00 1.297869e+00
100 3.952004e+00 1.300412e+00
101 3.949362e+00 1.294859e+00
102 3.944587e+00 1.298572e+00
103 3.935371e+00 1.306381e+00
104 3.933698e+00 1.311817e+00
105 3.951105e+00 1.309204e+00
106 3.947963e+00 1.295234e+00
107 3.940650e+00 1.303925e+00
108 3.954037e+00 1.319346e+00
109 3.948012e+00 1.331901e+00
110 3.951192e+00 1.328027e+00
111 3.943116e+00 1.303428e+00
112 3.954653e+00 1.295992e+00
113 3.977447e+00 1.261194e+00
114 3.986195e+00 1.258311e+00
115 4.014394e+00 1.302696e+00
116 4.040047e+00 1.287753e+00
117 4.036727e+00 1.282197e+00
118 4.041175e+00 1.279019e+00
119 4.045277e+00 1.288369e+00
120 4.045504e+00 1.294288e+00
121 4.058856e+00 1.287359e+00
122 4.057649e+00 1.287168e+00
123 4.047481e+00 1.290267e+00
124 4.056358e+00 1.255556e+00
125 4.074391e+00 1.229148e+00
126 4.066427e+00 1.244266e+00
127 4.068623e+00 1.242651e+00
128 4.052011e+00 1.237813e+00
129 4.022875e+00 1.247216e+00
130 4.026611e+00 1.256367e+00
131 4.030749e+00 1.262211e+00
132 4.025513e+00 1.264262e+00
133 4.021510e+00 1.263578e+00
134 4.014120e+00 1.267030e+00
135 4.026744e+00 1.273814e+00
136 4.022759e+00 1.266241e+00
137 4.038387e+00 1.274327e+00
138 4.055294e+00 1.263914e+00
139 4.060941e+00 1.251458e+00
140 4.058538e+00 1.256664e+00
141 4.053417e+00 1.254429e+00
142 4.051567e+00 1.248760e+00
143 4.022827e+00 1.255805e+00
144 4.024839e+00 1.266165e+00
145 4.066562e+00 1.259944e+00
146 4.045972e+00 1.253182e+00
147 4.043759e+00 1.257399e+00
148 4.034675e+00 1.253161e+00
149 4.040796e+00 1.235551e+00
150 4.060085e+00 1.223574e+00
151 4.048657e+00 1.217164e+00
152 4.045977e+00 1.219615e+00
153 4.055946e+00 1.210644e+00
154 4.043410e+00 1.220576e+00
155 4.050354e+00 1.210366e+00
156 4.083202e+00 1.213921e+00
157 4.101011e+00 1.248804e+00
158 4.091184e+00 1.215962e+00
159 4.088739e+00 1.240937e+00
160 4.086100e+00 1.300519e+00
161 4.072357e+00 1.314461e+00
162 4.072652e+00 1.314034e+00
163 4.025833e+00 1.318600e+00
164 4.085974e+00 1.316883e+00
165 4.083689e+00 1.315794e+00
166 4.090414e+00 1.314900e+00
167 4.107631e+00 1.293829e+00
168 4.101752e+00 1.295227e+00
169 4.134484e+00 1.291149e+00
170 4.133609e+00 1.288041e+00
171 4.130674e+00 1.305223e+00
172 4.137067e+00 1.307529e+00
173 4.139781e+00 1.311170e+00
174 4.138745e+00 1.300563e+00
175 4.140411e+00 1.299596e+00
176 4.139745e+00 1.322917e+00
177 4.166545e+00 1.311859e+00
178 4.166743e+00 1.307959e+00
179 4.153533e+00 1.329378e+00
180 4.154622e+00 1.327568e+00
181 4.162041e+00 1.329018e+00
182 4.179433e+00 1.359139e+00
183 4.166930e+00 1.372320e+00
184 4.165212e+00 1.371901e+00
185 4.153873e+00 1.359047e+00
186 4.148812e+00 1.350994e+00
187 4.137497e+00 1.365707e+00
188 4.131822e+00 1.358841e+00
189 4.090451e+00 1.332388e+00
190 4.096339e+00 1.340194e+00
191 4.066335e+00 1.353405e+00
192 4.058977e+00 1.356039e+00
193 4.061144e+00 1.357329e+00
194 4.056647e+00 1.363462e+00
195 4.057634e+00 1.356204e+00
196 4.047923e+00 1.357128e+00
197 4.047923e+00 1.352835e+00
198 4.039057e+00 1.357743e+00
199 4.034449e+00 1.323203e+00
200 4.016120e+00 1.340491e+00
201 4.035200e+00 1.338698e+00
202 3.998807e+00 1.355434e+00
203 3.991715e+00 1.373070e+00
204 3.980861e+00 1.349388e+00
205 3.988567e+00 1.349319e+00
206 4.005486e+00 1.363833e+00
207 3.994675e+00 1.370601e+00
208 3.978136e+00 1.326290e+00
209 3.993810e+00 1.355812e+00
210 3.984417e+00 1.421383e+00
211 3.979277e+00 1.406952e+00
212 3.982068e+00 1.419145e+00
213 3.990608e+00 1.422768e+00
214 3.948895e+00 1.445513e+00
215 3.947293e+00 1.453617e+00
216 3.919419e+00 1.472837e+00
217 3.917986e+00 1.472288e+00
218 3.929070e+00 1.432550e+00
219 3.927588e+00 1.426132e+00
220 3.886143e+00 1.436798e+00
221 3.868485e+00 1.445235e+00
222 3.856572e+00 1.442013e+00
223 3.858186e+00 1.444063e+00
224 3.801238e+00 1.393600e+00
225 3.808271e+00 1.382787e+00
226 3.815327e+00 1.392354e+00
227 3.827735e+00 1.392279e+00
228 3.832606e+00 1.393358e+00
229 3.845095e+00 1.408096e+00
230 3.846176e+00 1.419314e+00
231 3.852965e+00 1.415346e+00
232 3.845827e+00 1.413190e+00
233 3.827924e+00 1.403707e+00
234 3.834699e+00 1.381558e+00
235 3.834765e+00 1.381654e+00
236 3.852171e+00 1.326453e+00
237 3.848932e+00 1.324679e+00
238 3.828806e+00 1.314582e+00
239 3.829127e+00 1.318543e+00
240 3.827086e+00 1.322020e+00
241 3.791430e+00 1.344160e+00
242 3.783071e+00 1.330001e+00
243 3.874025e+00 1.396157e+00
244 3.864825e+00 1.420785e+00
245 3.866615e+00 1.425488e+00
246 3.867022e+00 1.422141e+00
247 3.858042e+00 1.416426e+00
248 3.865498e+00 1.417216e+00
249 3.801884e+00 1.395382e+00
250 3.765512e+00 1.426417e+00
251 3.767731e+00 1.415027e+00
252 3.767885e+00 1.417825e+00
253 3.766747e+00 1.423914e+00
254 3.784667e+00 1.443684e+00
255 3.786414e+00 1.447411e+00
256 3.761526e+00 1.478071e+00
257 3.765504e+00 1.464180e+00
258 3.788599e+00 1.429596e+00
259 3.769981e+00 1.417164e+00
260 3.755950e+00 1.405961e+00
261 3.739940e+00 1.420722e+00
262 3.731809e+00 1.418063e+00
263 3.739148e+00 1.422121e+00
264 3.713348e+00 1.434489e+00
265 3.694463e+00 1.406487e+00
266 3.690531e+00 1.407472e+00
267 3.707875e+00 1.449722e+00
268 3.707023e+00 1.442273e+00
269 3.708826e+00 1.440749e+00
270 3.711170e+00 1.441504e+00
271 3.686158e+00 1.460511e+00
272 3.688401e+00 1.461956e+00
273 3.668428e+00 1.467877e+00
274 3.673880e+00 1.468233e+00
275 3.672326e+00 1.468257e+00
276 3.671156e+00 1.469911e+00
277 3.672689e+00 1.467526e+00
278 3.655934e+00 1.505649e+00
279 3.635471e+00 1.511620e+00
280 3.638325e+00 1.504979e+00
281 3.631685e+00 1.511054e+00
282 3.655302e+00 1.484779e+00
283 3.657356e+00 1.487448e+00
284 3.656093e+00 1.491413e+00
285 3.660798e+00 1.495248e+00
286 3.660764e+00 1.499437e+00
287 3.659326e+00 1.513909e+00
288 3.611873e+00 1.523138e+00
289 3.617258e+00 1.519074e+00
290 3.668522e+00 1.503473e+00
291 3.660616e+00 1.498071e+00
292 3.643695e+00 1.474478e+00
293 3.636935e+00 1.480236e+00
294 3.662403e+00 1.467358e+00
295 3.667948e+00 1.423509e+00
296 3.714237e+00 1.427412e+00
297 3.719353e+00 1.427339e+00
298 3.745109e+00 1.390897e+00
299 3.743872e+00 1.388334e+00
300 3.744421e+00 1.404464e+00
301 3.743223e+00 1.400231e+00
302 3.701337e+00 1.395995e+00
303 3.680313e+00 1.376716e+00
304 3.681952e+00 1.391169e+00
305 3.688280e+00 1.409957e+00
306 3.699949e+00 1.322765e+00
307 3.688125e+00 1.334209e+00
308 3.715094e+00 1.330025e+00
309 3.710394e+00 1.334179e+00
310 3.716129e+00 1.337606e+00
311 3.684828e+00 1.339742e+00
312 3.705590e+00 1.331752e+00
313 3.702701e+00 1.355007e+00
314 3.700354e+00 1.356185e+00
315 3.770891e+00 1.353708e+00
316 3.768765e+00 1.357287e+00
317 3.761049e+00 1.348092e+00
318 3.756167e+00 1.365153e+00
319 3.761326e+00 1.381754e+00
320 3.760339e+00 1.384044e+00
321 3.771104e+00 1.388555e+00
322 3.774863e+00 1.386422e+00
323 3.796144e+00 1.398156e+00
324 3.811746e+00 1.398134e+00
325 3.805481e+00 1.467396e+00
326 3.803236e+00 1.469186e+00
327 3.803707e+00 1.469646e+00
328 3.804416e+00 1.481442e+00
329 3.824076e+00 1.479326e+00
330 3.825565e+00 1.488164e+00
331 3.830226e+00 1.404583e+00
332 3.794422e+00 1.404735e+00
333 3.821678e+00 1.424743e+00
334 3.866608e+00 1.456274e+00
335 3.847573e+00 1.437464e+00
336 3.867855e+00 1.417449e+00
337 3.908335e+00 1.396538e+00
338 3.913572e+00 1.394146e+00
339 3.880950e+00 1.462424e+00
340 3.880131e+00 1.482448e+00
341 3.883944e+00 1.497811e+00
342 3.884609e+00 1.499528e+00
343 3.836344e+00 1.467039e+00
344 3.842133e+00 1.450593e+00
345 3.841220e+00 1.431278e+00
346 3.845742e+00 1.468655e+00
347 3.845791e+00 1.468891e+00
348 3.815154e+00 1.463834e+00
349 3.817709e+00 1.463367e+00
350 3.845803e+00 1.454475e+00
351 3.844851e+00 1.467859e+00
352 3.836931e+00 1.470372e+00
353 3.829083e+00 1.466525e+00
354 3.817379e+00 1.480360e+00
355 3.830616e+00 1.457391e+00
356 3.841280e+00 1.458899e+00
357 3.836711e+00 1.458693e+00
358 3.836425e+00 1.431068e+00
359 3.849422e+00 1.404806e+00
360 3.844104e+00 1.392764e+00
361 3.816390e+00 1.381785e+00
362 3.875999e+00 1.386938e+00
363 3.865715e+00 1.369146e+00
364 3.863395e+00 1.387598e+00
365 3.864280e+00 1.389392e+00
366 3.778748e+00 1.438116e+00
367 3.765907e+00 1.421143e+00
368 3.765785e+00 1.419869e+00
369 3.773953e+00 1.404011e+00
370 3.766114e+00 1.411191e+00
371 3.767783e+00 1.405784e+00
372 3.768266e+00 1.405665e+00
373 3.772906e+00 1.406672e+00
374 3.773590e+00 1.440494e+00
375 3.818758e+00 1.451239e+00
376 3.825106e+00 1.444936e+00
377 3.820973e+00 1.417506e+00
378 3.842009e+00 1.392548e+00
379 3.846696e+00 1.356604e+00
380 3.852932e+00 1.348904e+00
381 3.823167e+00 1.355784e+00
382 3.814195e+00 1.336343e+00
383 3.819728e+00 1.325966e+00
384 3.778518e+00 1.327691e+00
385 3.767423e+00 1.243927e+00
386 3.761967e+00 1.240008e+00
387 3.759643e+00 1.257199e+00
388 3.773027e+00 1.259036e+00
389 3.769292e+00 1.260553e+00
390 3.777948e+00 1.266160e+00
391 3.770682e+00 1.287258e+00
392 3.744706e+00 1.290288e+00
393 3.732278e+00 1.292844e+00
394 3.725386e+00 1.299540e+00
395 3.726941e+00 1.310817e+00
396 3.723021e+00 1.313540e+00
397 3.724066e+00 1.314095e+00
398 3.736271e+00 1.354350e+00
399 3.741433e+00 1.368968e+00
400 3.749012e+00 1.374899e+00
401 3.749896e+00 1.371742e+00
402 3.749124e+00 1.371488e+00
403 3.749619e+00 1.373694e+00
404 3.774901e+00 1.389259e+00
405 3.771054e+00 1.390337e+00
406 3.815759e+00 1.400166e+00
407 3.816220e+00 1.397721e+00
408 3.816284e+00 1.395129e+00
409 3.816938e+00 1.394588e+00
410 3.829350e+00 1.395360e+00
411 3.829168e+00 1.396172e+00
412 3.828677e+00 1.393823e+00
413 3.843360e+00 1.375324e+00
414 3.842977e+00 1.375473e+00
415 3.828646e+00 1.430889e+00
416 3.831762e+00 1.459224e+00
417 3.833344e+00 1.445021e+00
418 3.828993e+00 1.448425e+00
419 3.826528e+00 1.446212e+00
420 3.828624e+00 1.444354e+00
421 3.831105e+00 1.442467e+00
422 3.800712e+00 1.415588e+00
423 3.802756e+00 1.421617e+00
424 3.787276e+00 1.420000e+00
425 3.784605e+00 1.410985e+00
426 3.785446e+00 1.411126e+00
427 3.757842e+00 1.392435e+00
428 3.752751e+00 1.391405e+00
429 3.754214e+00 1.405890e+00
430 3.769561e+00 1.423446e+00
431 3.771243e+00 1.424288e+00
432 3.773079e+00 1.425919e+00
433 3.765591e+00 1.428555e+00
434 3.755694e+00 1.467420e+00
435 3.757149e+00 1.473842e+00
436 3.751353e+00 1.467152e+00
437 3.751993e+00 1.464317e+00
438 3.739868e+00 1.471156e+00
439 3.752053e+00 1.475791e+00
440 3.749009e+00 1.476466e+00
441 3.755895e+00 1.594957e+00
442 3.737780e+00 1.604023e+00
443 3.754797e+00 1.595719e+00
444 3.752315e+00 1.581609e+00
445 3.750575e+00 1.579266e+00
446 3.750528e+00 1.579188e+00
447 3.761021e+00 1.602205e+00
448 3.800188e+00 1.603296e+00
449 3.823258e+00 1.604992e+00
450 3.843058e+00 1.601251e+00
451 3.832774e+00 1.624002e+00
452 3.842043e+00 1.622864e+00
453 3.865407e+00 1.666852e+00
454 3.864149e+00 1.665206e+00
455 3.868223e+00 1.666588e+00
456 3.880460e+00 1.649182e+00
457 3.880806e+00 1.665997e+00
458 3.880638e+00 1.666541e+00
459 3.880862e+00 1.668084e+00
460 3.896876e+00 1.671591e+00
461 3.914686e+00 1.652040e+00
462 3.936706e+00 1.645550e+00
463 3.784923e+00 1.454462e+00
464 3.788433e+00 1.469510e+00
465 3.746430e+00 1.494913e+00
466 3.761337e+00 1.495642e+00
467 3.763102e+00 1.505358e+00
468 3.748510e+00 1.489094e+00
469 3.755741e+00 1.493941e+00
470 3.753547e+00 1.493807e+00
471 3.761859e+00 1.526905e+00
472 3.761915e+00 1.526912e+00
473 3.779750e+00 1.523373e+00
474 3.815570e+00 1.554768e+00
475 3.814854e+00 1.554712e+00
476 3.815273e+00 1.553747e+00
477 3.813114e+00 1.542110e+00
478 3.803171e+00 1.543272e+00
479 3.792767e+00 1.538086e+00
480 3.785157e+00 1.558325e+00
481 3.772351e+00 1.625430e+00
482 3.766227e+00 1.681603e+00
483 3.765664e+00 1.678118e+00
484 3.764960e+00 1.679830e+00
485 3.765818e+00 1.682448e+00
486 3.769498e+00 1.680837e+00
487 3.769401e+00 1.681609e+00
488 3.750920e+00 1.697045e+00
489 3.788827e+00 1.702266e+00
490 3.729672e+00 1.711773e+00
491 3.756080e+00 1.740375e+00
492 3.756122e+00 1.747114e+00
493 3.754180e+00 1.713735e+00
494 3.772828e+00 1.665449e+00
495 3.772473e+00 1.665984e+00
496 3.863135e+00 1.611688e+00
497 3.866978e+00 1.607481e+00
498 3.867939e+00 1.607821e+00
499 3.869066e+00 1.627347e+00
500 3.856649e+00 1.635531e+00
501 3.849653e+00 1.633927e+00
502 3.880642e+00 1.651612e+00
503 3.880878e+00 1.647898e+00
504 3.882971e+00 1.659404e+00
505 3.808210e+00 1.639374e+00
506 3.814229e+00 1.607743e+00
507 3.816234e+00 1.605287e+00
508 3.809654e+00 1.600760e+00
509 3.816107e+00 1.631203e+00
510 3.820904e+00 1.650525e+00
511 3.820084e+00 1.646900e+00
512 3.801798e+00 1.613580e+00
513 3.792467e+00 1.610911e+00
514 3.761712e+00 1.620498e+00
515 3.763414e+00 1.620608e+00
516 3.800891e+00 1.597928e+00
517 3.804641e+00 1.597755e+00
518 3.805008e+00 1.598744e+00
519 3.804791e+00 1.599192e+00
520 3.811349e+00 1.589349e+00
521 3.834870e+00 1.612674e+00
522 3.826699e+00 1.622828e+00
523 3.821904e+00 1.629963e+00
524 3.827513e+00 1.627526e+00
525 3.848750e+00 1.659914e+00
526 3.863245e+00 1.642519e+00
527 3.828281e+00 1.652438e+00
528 3.837549e+00 1.616864e+00
529 3.833307e+00 1.628210e+00
530 3.832120e+00 1.629796e+00
531 3.834967e+00 1.627902e+00
532 3.916540e+00 1.695707e+00
533 3.979239e+00 1.654957e+00
534 3.980403e+00 1.670352e+00
535 3.978217e+00 1.640021e+00
536 3.978175e+00 1.639831e+00
537 4.017493e+00 1.652376e+00
538 3.993219e+00 1.648679e+00
539 3.971125e+00 1.663792e+00
540 3.971905e+00 1.663298e+00
541 3.960253e+00 1.643671e+00
542 3.975873e+00 1.651618e+00
543 3.989908e+00 1.644414e+00
544 3.992512e+00 1.624955e+00
545 3.994286e+00 1.622015e+00
546 3.985244e+00 1.604079e+00
547 3.976861e+00 1.616622e+00
548 3.946188e+00 1.616635e+00
549 3.921108e+00 1.659002e+00
550 3.963997e+00 1.623979e+00
551 3.966999e+00 1.632776e+00
552 3.991139e+00 1.610036e+00
553 3.986700e+00 1.628380e+00
554 4.004530e+00 1.639177e+00
555 4.001267e+00 1.633404e+00
556 4.013766e+00 1.632084e+00
557 4.022497e+00 1.671370e+00
558 4.032769e+00 1.683386e+00
559 4.043663e+00 1.694146e+00
560 4.043098e+00 1.691382e+00
561 4.033111e+00 1.685396e+00
562 4.021655e+00 1.738315e+00
563 4.023016e+00 1.730881e+00
564 4.012975e+00 1.731143e+00
565 3.925966e+00 1.750330e+00
566 3.917488e+00 1.768446e+00
567 3.912384e+00 1.809973e+00
568 3.908939e+00 1.820560e+00
569 3.918027e+00 1.791461e+00
570 3.922331e+00 1.775437e+00
571 3.966881e+00 1.794213e+00
572 3.956845e+00 1.770557e+00
573 3.952978e+00 1.775520e+00
574 3.953577e+00 1.776795e+00
575 3.950971e+00 1.749773e+00
576 3.960740e+00 1.723012e+00
577 3.959551e+00 1.723818e+00
578 3.959591e+00 1.723841e+00
579 3.952905e+00 1.739774e+00
580 3.940571e+00 1.753233e+00
581 3.939814e+00 1.749544e+00
582 3.935754e+00 1.766177e+00
583 3.944472e+00 1.773549e+00
584 3.927560e+00 1.766163e+00
585 3.913925e+00 1.755766e+00
586 3.925223e+00 1.800347e+00
587 3.913474e+00 1.782588e+00
588 3.912139e+00 1.783829e+00
589 3.908776e+00 1.793319e+00
590 3.902594e+00 1.786365e+00
591 3.902156e+00 1.785976e+00
592 3.901280e+00 1.786955e+00
593 3.907750e+00 1.806650e+00
594 3.909649e+00 1.802788e+00
595 3.920118e+00 1.794316e+00
596 3.921843e+00 1.793642e+00
597 3.932150e+00 1.792494e+00
598 3.951365e+00 1.802853e+00
599 3.948518e+00 1.805039e+00
600 3.922944e+00 1.807701e+00
601 3.950294e+00 1.849262e+00
602 3.944474e+00 1.846639e+00
603 3.942357e+00 1.850074e+00
604 3.946397e+00 1.850616e+00
605 3.955213e+00 1.848777e+00
606 3.955176e+00 1.846398e+00
607 3.954502e+00 1.849945e+00
608 3.963115e+00 1.856564e+00
609 3.975551e+00 1.868870e+00
610 3.998324e+00 1.880373e+00
611 3.983021e+00 1.869470e+00
612 3.980521e+00 1.868757e+00
613 3.933065e+00 1.860342e+00
614 3.932614e+00 1.856851e+00
615 3.915373e+00 1.861792e+00
616 3.916150e+00 1.862031e+00
617 3.903232e+00 1.862728e+00
618 3.947517e+00 1.865548e+00
619 3.950407e+00 1.861631e+00
620 3.942021e+00 1.866227e+00
621 3.979523e+00 1.821030e+00
622 3.958720e+00 1.784963e+00
623 3.959696e+00 1.783476e+00
624 3.963072e+00 1.782227e+00
625 3.968922e+00 1.768504e+00
626 3.976237e+00 1.764360e+00
627 3.944546e+00 1.753714e+00
628 3.944472e+00 1.753314e+00
629 3.951915e+00 1.756701e+00
630 3.969923e+00 1.767921e+00
631 3.971062e+00 1.769695e+00
632 3.970550e+00 1.772020e+00
633 3.946371e+00 1.737931e+00
634 3.964690e+00 1.699562e+00
635 3.961060e+00 1.692112e+00
636 3.932141e+00 1.688593e+00
637 3.928013e+00 1.690133e+00
638 3.863796e+00 1.650489e+00
639 3.905922e+00 1.633822e+00
640 3.932021e+00 1.633987e+00
641 3.946975e+00 1.654169e+00
642 3.955817e+00 1.630339e+00
643 3.962664e+00 1.624973e+00
644 3.962849e+00 1.625395e+00
645 3.957942e+00 1.625788e+00
646 3.958432e+00 1.626902e+00
647 4.000652e+00 1.627702e+00
648 3.910126e+00 1.638208e+00
649 3.925936e+00 1.629253e+00
650 3.926645e+00 1.629581e+00
651 3.924721e+00 1.652942e+00
652 3.927860e+00 1.658101e+00
653 3.926071e+00 1.660142e+00
654 3.925063e+00 1.660316e+00
655 3.927418e+00 1.662679e+00
656 3.929396e+00 1.667646e+00
657 3.960978e+00 1.678018e+00
658 3.997357e+00 1.716038e+00
659 3.985008e+00 1.726992e+00
660 3.864171e+00 1.700191e+00
661 3.863319e+00 1.693817e+00
662 3.860130e+00 1.695818e+00
663 3.901019e+00 1.676259e+00
664 3.896116e+00 1.694830e+00
665 3.895513e+00 1.696417e+00
666 3.899415e+00 1.709652e+00
667 3.900107e+00 1.710101e+00
668 3.905209e+00 1.705140e+00
669 3.959910e+00 1.753788e+00
670 3.984950e+00 1.708463e+00
671 3.990199e+00 1.753417e+00
672 3.991917e+00 1.752878e+00
673 4.001236e+00 1.733810e+00
674 4.021932e+00 1.728439e+00
675 4.041854e+00 1.739786e+00
676 4.044166e+00 1.753761e+00
677 4.043979e+00 1.754053e+00
678 4.049709e+00 1.755299e+00
679 4.043544e+00 1.762393e+00
680 4.060139e+00 1.835437e+00
681 4.070626e+00 1.823931e+00
682 4.098915e+00 1.842915e+00
683 4.120671e+00 1.861463e+00
684 4.132930e+00 1.878552e+00
685 4.119877e+00 1.869662e+00
686 4.126559e+00 1.872620e+00
687 4.140164e+00 1.927905e+00
688 4.139641e+00 1.927424e+00
689 4.126230e+00 1.926111e+00
690 4.109852e+00 1.925446e+00
691 4.104329e+00 1.919234e+00
692 4.099644e+00 1.944865e+00
693 4.101359e+00 1.948667e+00
694 4.097629e+00 1.948460e+00
695 4.104255e+00 1.947690e+00
696 4.116019e+00 1.945115e+00
697 4.116996e+00 2.008379e+00
698 4.195834e+00 2.007441e+00
699 4.199655e+00 2.007611e+00
700 4.193684e+00 1.973686e+00
701 4.196045e+00 1.975052e+00
702 4.217556e+00 1.959142e+00
703 4.274389e+00 1.940278e+00
704 4.278585e+00 1.937290e+00
705 4.280015e+00 1.934906e+00
706 4.279678e+00 1.928311e+00
707 4.277799e+00 1.925524e+00
708 4.273573e+00 1.951248e+00
709 4.277664e+00 1.936873e+00
710 4.289978e+00 1.947850e+00
711 4.286839e+00 1.940180e+00
712 4.299355e+00 1.993416e+00
713 4.328151e+00 2.005173e+00
714 4.362108e+00 2.002637e+00
715 4.374077e+00 1.973148e+00
716 4.362490e+00 1.985768e+00
717 4.371323e+00 1.994920e+00
718 4.366527e+00 2.002607e+00
719 4.340634e+00 1.995720e+00
720 4.366773e+00 1.997576e+00
721 4.381132e+00 2.006027e+00
722 4.378623e+00 1.985097e+00
723 4.358518e+00 1.905836e+00
724 4.375029e+00 1.913729e+00
725 4.382651e+00 1.909617e+00
726 4.368313e+00 1.918199e+00
727 4.368110e+00 1.918573e+00
728 4.369091e+00 1.921641e+00
729 4.329548e+00 1.913089e+00
730 4.326543e+00 1.921110e+00
731 4.279276e+00 1.965574e+00
732 4.278914e+00 1.964493e+00
733 4.283477e+00 1.957002e+00
734 4.278265e+00 1.873148e+00
735 4.269700e+00 1.869939e+00
736 4.270409e+00 1.869454e+00
737 4.260128e+00 1.858073e+00
738 4.269415e+00 1.870759e+00
739 4.263858e+00 1.875379e+00
740 4.275286e+00 1.818973e+00
741 4.271615e+00 1.806580e+00
742 4.289017e+00 1.807643e+00
743 4.287546e+00 1.806257e+00
744 4.287061e+00 1.781309e+00
745 4.287168e+00 1.781257e+00
746 4.294562e+00 1.794712e+00
747 4.297045e+00 1.802428e+00
748 4.296844e+00 1.802489e+00
749 4.301178e+00 1.805123e+00
750 4.262153e+00 1.829100e+00
751 4.263316e+00 1.815924e+00
752 4.264179e+00 1.817301e+00
753 4.250002e+00 1.823530e+00
754 4.202273e+00 1.825861e+00
755 4.207515e+00 1.825388e+00
756 4.202691e+00 1.824603e+00
757 4.258373e+00 1.833410e+00
758 4.269061e+00 1.846469e+00
759 4.270104e+00 1.843215e+00
760 4.278165e+00 1.851199e+00
761 4.275178e+00 1.882607e+00
762 4.208666e+00 1.879685e+00
763 4.239764e+00 1.891089e+00
764 4.246365e+00 1.872387e+00
765 4.252984e+00 1.879893e+00
766 4.252694e+00 1.880744e+00
767 4.258175e+00 1.871011e+00
768 4.261204e+00 1.870816e+00
769 4.290189e+00 1.883997e+00
770 4.277932e+00 1.885953e+00
771 4.275627e+00 1.908566e+00
772 4.266237e+00 1.914516e+00
773 4.264753e+00 1.914371e+00
774 4.255634e+00 1.909375e+00
775 4.233408e+00 1.908963e+00
776 4.230246e+00 1.916078e+00
777 4.231159e+00 1.914196e+00
778 4.263448e+00 1.956624e+00
779 4.270496e+00 1.958122e+00
780 4.277442e+00 1.969109e+00
781 4.282435e+00 1.975670e+00
782 4.285136e+00 2.029032e+00
783 4.266899e+00 2.028465e+00
784 4.272931e+00 2.021497e+00
785 4.282582e+00 2.001972e+00
786 4.294248e+00 2.013617e+00
787 4.295990e+00 2.011020e+00
788 4.291948e+00 2.033820e+00
789 4.290522e+00 2.024724e+00
790 4.273307e+00 2.048212e+00
791 4.272769e+00 2.048833e+00
792 4.294338e+00 2.080815e+00
793 4.320004e+00 2.066589e+00
794 4.331380e+00 2.062158e+00
795 4.294733e+00 2.096208e+00
796 4.295664e+00 2.096077e+00
797 4.306491e+00 2.107545e+00
798 4.303691e+00 2.147714e+00
799 4.303881e+00 2.130202e+00
800 4.303153e+00 2.133812e+00
801 4.267300e+00 2.220102e+00
802 4.291187e+00 2.230595e+00
803 4.278665e+00 2.214222e+00
804 4.277946e+00 2.211689e+00
805 4.301388e+00 2.204032e+00
806 4.301519e+00 2.202568e+00
807 4.303411e+00 2.199198e+00
808 4.333367e+00 2.149425e+00
809 4.332839e+00 2.149448e+00
810 4.320133e+00 2.171485e+00
811 4.320082e+00 2.171274e+00
812 4.329072e+00 2.175658e+00
813 4.331430e+00 2.163799e+00
814 4.260705e+00 2.178056e+00
815 4.248881e+00 2.188865e+00
816 4.250198e+00 2.191024e+00
817 4.288609e+00 2.229882e+00
818 4.279794e+00 2.230323e+00
819 4.286058e+00 2.229482e+00
820 4.287089e+00 2.208680e+00
821 4.288954e+00 2.218014e+00
822 4.282170e+00 2.277266e+00
823 4.281825e+00 2.275631e+00
824 4.280473e+00 2.278976e+00
825 4.281748e+00 2.278563e+00
826 4.288436e+00 2.270993e+00
827 4.307089e+00 2.278412e+00
828 4.316747e+00 2.274338e+00
829 4.314068e+00 2.212755e+00
830 4.327864e+00 2.212534e+00
831 4.321351e+00 2.204562e+00
832 4.294166e+00 2.234832e+00
833 4.319419e+00 2.237144e+00
834 4.318615e+00 2.238513e+00
835 4.301521e+00 2.193758e+00
836 4.302857e+00 2.193680e+00
837 4.313546e+00 2.189766e+00
838 4.291541e+00 2.170351e+00
839 4.347501e+00 2.155039e+00
840 4.368726e+00 2.163992e+00
841 4.371874e+00 2.155940e+00
842 4.379790e+00 2.164004e+00
843 4.373599e+00 2.204221e+00
844 4.370298e+00 2.202877e+00
845 4.378294e+00 2.130271e+00
846 4.327817e+00 2.123831e+00
847 4.327234e+00 2.127881e+00
848 4.334983e+00 2.116101e+00
849 4.362408e+00 2.140131e+00
850 4.367476e+00 2.144842e+00
851 4.382809e+00 2.138771e+00
852 4.383077e+00 2.139978e+00
853 4.377806e+00 2.098394e+00
854 4.391299e+00 2.078696e+00
855 4.395978e+00 2.082392e+00
856 4.396704e+00 2.070665e+00
857 4.395011e+00 2.068865e+00
858 4.379574e+00 2.048704e+00
859 4.377528e+00 2.064634e+00
860 4.374365e+00 2.108055e+00
861 4.368964e+00 2.127271e+00
862 4.372888e+00 2.119670e+00
863 4.367020e+00 2.117378e+00
864 4.406958e+00 2.092460e+00
865 4.405484e+00 2.087612e+00
866 4.415323e+00 2.088583e+00
867 4.449958e+00 2.097685e+00
868 4.435188e+00 2.096676e+00
869 4.437083e+00 2.093676e+00
870 4.409606e+00 2.076555e+00
871 4.420146e+00 2.079528e+00
872 4.419889e+00 2.080861e+00
873 4.417093e+00 2.064983e+00
874 4.417836e+00 2.069482e+00
875 4.388590e+00 2.040302e+00
876 4.389191e+00 2.040312e+00
877 4.400609e+00 2.035290e+00
878 4.424248e+00 2.030296e+00
879 4.439253e+00 2.002932e+00
880 4.447256e+00 2.017512e+00
881 4.484283e+00 2.015260e+00
882 4.482310e+00 2.014211e+00
883 4.483050e+00 2.013878e+00
884 4.509768e+00 2.012791e+00
885 4.516642e+00 1.999509e+00
886 4.527381e+00 2.021651e+00
887 4.519095e+00 2.026835e+00
888 4.465566e+00 1.970451e+00
889 4.468453e+00 1.974201e+00
890 4.481206e+00 2.018696e+00
891 4.490556e+00 2.019762e+00
892 4.485490e+00 1.961992e+00
893 4.481824e+00 1.965844e+00
894 4.477319e+00 1.966667e+00
895 4.511404e+00 1.954229e+00
896 4.500806e+00 1.952084e+00
897 4.495043e+00 1.954071e+00
898 4.487470e+00 1.939045e+00
899 4.485752e+00 1.926874e+00
900 4.512614e+00 1.883455e+00
901 4.521274e+00 1.864975e+00
902 4.527017e+00 1.868388e+00
903 4.523555e+00 1.899630e+00
904 4.524721e+00 1.906514e+00
905 4.522933e+00 1.906628e+00
906 4.525616e+00 1.914281e+00
907 4.560850e+00 1.919789e+00
908 4.563054e+00 1.941787e+00
909 4.579841e+00 1.969549e+00
910 4.595411e+00 1.984331e+00
911 4.595843e+00 2.036382e+00
912 4.597880e+00 2.034682e+00
913 4.608326e+00 2.052799e+00
914 4.618794e+00 2.062507e+00
915 4.622011e+00 2.058833e+00
916 4.640693e+00 2.065532e+00
917 4.642428e+00 2.065302e+00
918 4.663119e+00 2.102267e+00
919 4.660540e+00 2.102756e+00
920 4.702075e+00 2.119288e+00
921 4.748903e+00 2.101889e+00
922 4.740373e+00 2.059463e+00
923 4.740529e+00 2.045004e+00
924 4.747250e+00 2.041919e+00
925 4.764482e+00 2.037862e+00
926 4.764523e+00 2.037727e+00
927 4.759657e+00 2.037627e+00
928 4.766855e+00 2.033119e+00
929 4.768912e+00 2.007394e+00
930 4.765984e+00 2.007922e+00
931 4.761386e+00 2.013671e+00
932 4.747741e+00 2.012074e+00
933 4.745003e+00 2.010119e+00
934 4.746220e+00 2.028557e+00
935 4.744748e+00 2.037791e+00
936 4.744199e+00 2.043673e+00
937 4.746634e+00 2.046818e+00
938 4.740450e+00 2.062845e+00
939 4.744311e+00 2.055233e+00
940 4.742411e+00 2.070542e+00
941 4.741320e+00 2.069177e+00
942 4.760095e+00 2.053730e+00
943 4.736691e+00 2.162677e+00
944 4.723199e+00 2.165790e+00
945 4.721969e+00 2.169474e+00
946 4.718173e+00 2.168034e+00
947 4.714461e+00 2.163337e+00
948 4.715375e+00 2.124394e+00
949 4.705629e+00 2.133556e+00
950 4.702780e+00 2.134614e+00
951 4.689267e+00 2.112408e+00
952 4.674645e+00 2.111094e+00
953 4.671835e+00 2.116794e+00
954 4.645645e+00 2.106864e+00
955 4.647781e+00 2.118467e+00
956 4.670271e+00 2.124982e+00
957 4.703732e+00 2.065420e+00
958 4.705497e+00 2.056606e+00
959 4.672824e+00 2.099084e+00
960 4.679580e+00 2.110787e+00
961 4.679587e+00 2.110731e+00
962 4.689785e+00 2.126704e+00
963 4.639900e+00 2.117791e+00
964 4.663717e+00 2.113499e+00
965 4.663633e+00 2.113600e+00
966 4.682561e+00 2.108711e+00
967 4.703273e+00 2.090637e+00
968 4.706704e+00 2.085475e+00
969 4.708940e+00 2.095713e+00
970 4.705228e+00 2.093319e+00
971 4.690234e+00 2.098069e+00
972 4.685442e+00 2.167275e+00
973 4.681339e+00 2.171982e+00
974 4.684757e+00 2.168852e+00
975 4.667920e+00 2.167284e+00
976 4.619465e+00 2.144265e+00
977 4.612658e+00 2.140647e+00
978 4.600970e+00 2.148465e+00
979 4.594042e+00 2.101982e+00
980 4.603004e+00 2.091456e+00
981 4.627027e+00 2.091770e+00
982 4.626391e+00 2.091706e+00
983 4.625037e+00 2.074660e+00
984 4.617854e+00 2.088260e+00
985 4.612894e+00 2.112310e+00
986 4.609550e+00 2.112491e+00
987 4.581040e+00 2.094991e+00
988 4.586893e+00 2.094454e+00
989 4.588566e+00 2.096404e+00
990 4.588007e+00 2.062872e+00
991 4.571280e+00 2.072285e+00
992 4.563365e+00 2.073789e+00
993 4.561418e+00 2.072404e+00
994 4.550102e+00 2.087219e+00
995 4.546847e+00 2.087130e+00
996 4.540951e+00 2.079989e+00
997 4.564606e+00 2.071509e+00
998 4.568609e+00 2.091782e+00
999 4.588527e+00 2.097690e+00
1000 4.599238e+00 2.111386e+00
1001 4.570707e+00 2.033602e+00
1002 4.586398e+00 2.058737e+00
1003 4.576300e+00 2.046338e+00
1004 4.576200e+00 2.045956e+00
1005 4.588774e+00 2.033674e+00
1006 4.589140e+00 2.013238e+00
1007 4.597216e+00 2.003979e+00
1008 4.613672e+00 1.978805e+00
1009 4.614494e+00 1.990217e+00
1010 4.614453e+00 1.991056e+00
1011 4.616904e+00 1.989626e+00
1012 4.618344e+00 1.987474e+00
1013 4.624220e+00 1.983980e+00
1014 4.624422e+00 1.984643e+00
1015 4.632654e+00 1.977764e+00
1016 4.596526e+00 1.973952e+00
1017 4.576360e+00 1.956585e+00
1018 4.585253e+00 1.965906e+00
1019 4.586715e+00 1.959448e+00
1020 4.577732e+00 1.922741e+00
1021 4.577354e+00 1.923583e+00
1022 4.597804e+00 1.890195e+00
1023 4.609391e+00 1.894829e+00
1024 4.624628e+00 1.885689e+00
1025 4.640440e+00 1.890700e+00
1026 4.663845e+00 1.895996e+00
1027 4.666768e+00 1.899491e+00
1028 4.651684e+00 1.912053e+00
1029 4.628664e+00 1.997288e+00
1030 4.626880e+00 1.996089e+00
1031 4.644366e+00 1.999767e+00
1032 4.664495e+00 2.003717e+00
1033 4.663031e+00 2.038927e+00
1034 4.670238e+00 2.013539e+00
1035 4.693391e+00 2.002307e+00
1036 4.694631e+00 2.001699e+00
1037 4.689308e+00 2.023947e+00
1038 4.716801e+00 1.958788e+00
1039 4.706868e+00 1.970385e+00
1040 4.714581e+00 1.961139e+00
1041 4.702610e+00 1.974399e+00
1042 4.675563e+00 1.989071e+00
1043 4.661154e+00 1.998363e+00
1044 4.660169e+00 1.999311e+00
1045 4.677306e+00 1.974415e+00
1046 4.672026e+00 1.995046e+00
1047 4.680193e+00 2.000324e+00
1048 4.682045e+00 1.997253e+00
1049 4.682378e+00 2.006963e+00
1050 4.660634e+00 1.987428e+00
1051 4.662834e+00 1.989800e+00
1052 4.691603e+00 1.927345e+00
1053 4.695172e+00 1.941353e+00
1054 4.694066e+00 1.915797e+00
1055 4.704901e+00 1.914548e+00
1056 4.694239e+00 1.903110e+00
1057 4.617106e+00 1.905080e+00
1058 4.616769e+00 1.905915e+00
1059 4.627648e+00 1.909264e+00
1060 4.636106e+00 1.922031e+00
1061 4.644190e+00 1.929892e+00
1062 4.644763e+00 1.930106e+00
1063 4.650164e+00 1.926680e+00
1064 4.650447e+00 1.928395e+00
1065 4.649525e+00 1.919193e+00
1066 4.648739e+00 1.897073e+00
1067 4.634361e+00 1.911151e+00
1068 4.634388e+00 1.907797e+00
1069 4.619455e+00 1.906807e+00
1070 4.643437e+00 1.884437e+00
1071 4.647061e+00 1.890733e+00
1072 4.645040e+00 1.892189e+00
1073 4.659239e+00 1.884262e+00
1074 4.660247e+00 1.881332e+00
1075 4.679825e+00 1.894447e+00
1076 4.688553e+00 1.904315e+00
1077 4.714551e+00 1.903858e+00
1078 4.708992e+00 1.905897e+00
1079 4.695371e+00 1.880097e+00
1080 4.706840e+00 1.886623e+00
1081 4.711831e+00 1.878589e+00
1082 4.702276e+00 1.872931e+00
1083 4.711802e+00 1.894459e+00
1084 4.702656e+00 1.903725e+00
1085 4.694642e+00 1.907323e+00
1086 4.677849e+00 1.870740e+00
1087 4.675965e+00 1.873008e+00
1088 4.677053e+00 1.874720e+00
1089 4.689004e+00 1.878402e+00
1090 4.665646e+00 1.890916e+00
1091 4.707660e+00 1.898665e+00
1092 4.716511e+00 1.886647e+00
1093 4.716739e+00 1.886442e+00
1094 4.722843e+00 1.886925e+00
1095 4.725935e+00 1.910540e+00
1096 4.724581e+00 1.897307e+00
1097 4.725695e+00 1.895308e+00
1098 4.729654e+00 1.886540e+00
1099 4.701075e+00 1.873392e+00
1100 4.699187e+00 1.873366e+00
1101 4.699352e+00 1.872102e+00
1102 4.694499e+00 1.876738e+00
1103 4.696982e+00 1.871857e+00
1104 4.699272e+00 1.870641e+00
1105 4.715443e+00 1.871276e+00
1106 4.736945e+00 1.877216e+00
1107 4.755359e+00 1.890558e+00
1108 4.756080e+00 1.888276e+00
1109 4.769364e+00 1.898683e+00
1110 4.754548e+00 1.912304e+00
1111 4.762945e+00 1.923486e+00
1112 4.761524e+00 1.921560e+00
1113 4.760664e+00 1.920594e+00
1114 4.750211e+00 1.935960e+00
1115 4.754161e+00 1.930958e+00
1116 4.756061e+00 1.931022e+00
1117 4.768871e+00 1.931413e+00
1118 4.764404e+00 1.927043e+00
1119 4.765254e+00 1.949098e+00
1120 4.781647e+00 1.956563e+00
1121 4.806782e+00 1.948704e+00
1122 4.855349e+00 1.949244e+00
1123 4.854364e+00 1.932474e+00
1124 4.838851e+00 1.932338e+00
1125 4.845043e+00 1.929472e+00
1126 4.836607e+00 1.924006e+00
1127 4.837694e+00 1.923914e+00
1128 4.797173e+00 1.913523e+00
1129 4.838198e+00 1.941379e+00
1130 4.829966e+00 1.920287e+00
1131 4.831414e+00 1.917936e+00
1132 4.833598e+00 1.924479e+00
1133 4.822584e+00 1.939148e+00
1134 4.813657e+00 1.914985e+00
1135 4.823634e+00 1.879704e+00
1136 4.821940e+00 1.883659e+00
1137 4.796874e+00 1.895904e+00
1138 4.810206e+00 1.885894e+00
1139 4.807659e+00 1.884219e+00
1140 4.788203e+00 1.913240e+00
1141 4.788460e+00 1.908572e+00
1142 4.786719e+00 1.917134e+00
1143 4.783433e+00 1.928655e+00
1144 4.774164e+00 1.944624e+00
1145 4.772044e+00 1.944035e+00
1146 4.766918e+00 1.952916e+00
1147 4.767619e+00 1.948574e+00
1148 4.768940e+00 1.965840e+00
1149 4.771916e+00 1.985412e+00
1150 4.773332e+00 1.974167e+00
1151 4.791693e+00 2.020871e+00
1152 4.795512e+00 2.012045e+00
1153 4.793854e+00 2.078788e+00
1154 4.776800e+00 2.068351e+00
1155 4.765594e+00 2.057862e+00
1156 4.734195e+00 2.009971e+00
1157 4.742468e+00 2.008581e+00
1158 4.747432e+00 2.020695e+00
1159 4.751652e+00 2.012470e+00
1160 4.670252e+00 2.000982e+00
1161 4.671656e+00 2.002621e+00
1162 4.620886e+00 2.007512e+00
1163 4.621075e+00 2.002454e+00
1164 4.630697e+00 2.003582e+00
1165 4.566642e+00 1.955719e+00
1166 4.566671e+00 1.955535e+00
1167 4.570085e+00 1.967523e+00
1168 4.577355e+00 1.961349e+00
1169 4.563912e+00 1.965541e+00
1170 4.594990e+00 1.933541e+00
1171 4.601338e+00 1.920878e+00
1172 4.558196e+00 1.904349e+00
1173 4.566486e+00 1.902019e+00
1174 4.532970e+00 1.912419e+00
1175 4.522857e+00 1.913386e+00
1176 4.515826e+00 1.918918e+00
1177 4.468343e+00 1.920844e+00
1178 4.479167e+00 1.893171e+00
1179 4.485054e+00 1.888385e+00
1180 4.509776e+00 1.901933e+00
1181 4.530872e+00 1.839063e+00
1182 4.530174e+00 1.842527e+00
1183 4.549870e+00 1.873683e+00
1184 4.551792e+00 1.871719e+00
1185 4.548484e+00 1.860581e+00
1186 4.539343e+00 1.869647e+00
1187 4.558551e+00 1.876801e+00
1188 4.562560e+00 1.877804e+00
1189 4.563212e+00 1.863083e+00
1190 4.563100e+00 1.876769e+00
1191 4.519393e+00 1.879257e+00
1192 4.515955e+00 1.875017e+00
1193 4.519848e+00 1.877913e+00
1194 4.512742e+00 1.873748e+00
1195 4.517266e+00 1.868761e+00
1196 4.532992e+00 1.869796e+00
1197 4.538554e+00 1.881242e+00
1198 4.565396e+00 1.879139e+00
1199 4.599496e+00 1.849012e+00
1200 4.580041e+00 1.831011e+00
1201 4.585205e+00 1.823852e+00
1202 4.598850e+00 1.834921e+00
1203 4.594881e+00 1.836821e+00
1204 4.595409e+00 1.835645e+00
1205 4.611526e+00 1.827513e+00
1206 4.611668e+00 1.830641e+00
1207 4.608682e+00 1.865219e+00
1208 4.609052e+00 1.864720e+00
1209 4.641163e+00 1.869824e+00
1210 4.642755e+00 1.865084e+00
1211 4.637720e+00 1.873144e+00
1212 4.640412e+00 1.869914e+00
1213 4.641709e+00 1.876346e+00
1214 4.641664e+00 1.877922e+00
1215 4.636287e+00 1.869706e+00
1216 4.672245e+00 1.894333e+00
1217 4.712185e+00 1.870302e+00
1218 4.717222e+00 1.917526e+00
1219 4.718068e+00 1.915674e+00
1220 4.713635e+00 1.917627e+00
1221 4.757813e+00 1.919040e+00
1222 4.750754e+00 1.932997e+00
1223 4.746422e+00 1.932054e+00
1224 4.736068e+00 1.943082e+00
1225 4.722165e+00 1.955287e+00
1226 4.721889e+00 1.954192e+00
1227 4.702270e+00 1.915926e+00
1228 4.719679e+00 1.922320e+00
1229 4.709675e+00 1.918934e+00
1230 4.710234e+00 1.921480e+00
1231 4.692990e+00 1.906617e+00
1232 4.674790e+00 1.884256e+00
1233 4.688490e+00 1.911161e+00
1234 4.684708e+00 1.910859e+00
1235 4.700007e+00 1.908311e+00
1236 4.704761e+00 1.912199e+00
1237 4.707374e+00 1.918086e+00
1238 4.712367e+00 1.939012e+00
1239 4.716967e+00 1.948321e+00
1240 4.735452e+00 1.954220e+00
1241 4.790087e+00 2.015276e+00
1242 4.788560e+00 2.019629e+00
1243 4.785674e+00 2.018740e+00
1244 4.776322e+00 2.039554e+00
1245 4.775450e+00 2.040473e+00
1246 4.815409e+00 2.026980e+00
1247 4.818678e+00 2.030150e+00
1248 4.794421e+00 2.072118e+00
1249 4.796400e+00 2.049571e+00
1250 4.806060e+00 2.046739e+00
1251 4.800547e+00 2.018456e+00
1252 4.811985e+00 2.002527e+00
1253 4.802683e+00 1.995152e+00
1254 4.785923e+00 2.023212e+00
1255 4.785641e+00 2.026033e+00
1256 4.768619e+00 2.043711e+00
1257 4.748645e+00 2.027835e+00
1258 4.751231e+00 2.076253e+00
1259 4.758962e+00 2.068454e+00
1260 4.796940e+00 2.089893e+00
1261 4.798156e+00 2.070484e+00
1262 4.802449e+00 2.089008e+00
1263 4.800141e+00 2.085899e+00
1264 4.819031e+00 2.084823e+00
1265 4.812204e+00 2.105923e+00
1266 4.816157e+00 2.110991e+00
1267 4.816411e+00 2.099511e+00
1268 4.814572e+00 2.104230e+00
1269 4.815139e+00 2.103458e+00
1270 4.807953e+00 2.101417e+00
1271 4.811888e+00 2.096095e+00
1272 4.802617e+00 2.098738e+00
1273 4.799963e+00 2.101683e+00
1274 4.798512e+00 2.093856e+00
1275 4.794618e+00 2.090955e+00
1276 4.806471e+00 2.085487e+00
1277 4.801044e+00 2.087752e+00
1278 4.800238e+00 2.097229e+00
1279 4.798768e+00 2.096522e+00
1280 4.797063e+00 2.101263e+00
1281 4.811688e+00 2.107211e+00
1282 4.812563e+00 2.101013e+00
1283 4.808516e+00 2.099771e+00
1284 4.822892e+00 2.090541e+00
1285 4.824637e+00 2.091169e+00
1286 4.828453e+00 2.095629e+00
1287 4.838054e+00 2.093235e+00
1288 4.805764e+00 2.107223e+00
1289 4.807690e+00 2.103593e+00
1290 4.807698e+00 2.103555e+00
1291 4.812845e+00 2.095637e+00
1292 4.779650e+00 2.091214e+00
1293 4.766266e+00 2.100500e+00
1294 4.768112e+00 2.107841e+00
1295 4.757910e+00 2.108526e+00
1296 4.757840e+00 2.108476e+00
1297 4.764199e+00 2.125600e+00
1298 4.785001e+00 2.096480e+00
1299 4.801541e+00 2.070586e+00
1300 4.794547e+00 2.047195e+00
1301 4.795649e+00 2.052131e+00
1302 4.788921e+00 2.027734e+00
1303 4.788318e+00 2.028946e+00
1304 4.786335e+00 2.017671e+00
1305 4.787377e+00 2.019477e+00
1306 4.782060e+00 2.017138e+00
1307 4.795760e+00 1.998754e+00
1308 4.789750e+00 1.998161e+00
1309 4.821218e+00 1.999041e+00
1310 4.815419e+00 2.000149e+00
1311 4.812325e+00 2.000352e+00
1312 4.800589e+00 1.950406e+00
1313 4.792059e+00 1.953364e+00
1314 4.798074e+00 1.958614e+00
1315 4.799146e+00 1.969169e+00
1316 4.787454e+00 1.968726e+00
1317 4.792517e+00 1.974524e+00
1318 4.791867e+00 1.976680e+00
1319 4.770942e+00 2.026820e+00
1320 4.768754e+00 2.023821e+00
1321 4.786365e+00 2.026106e+00
1322 4.862347e+00 2.022427e+00
1323 4.858217e+00 2.027017e+00
1324 4.863653e+00 2.027910e+00
1325 4.867260e+00 2.025292e+00
1326 4.867436e+00 2.022839e+00
1327 4.881351e+00 2.011801e+00
1328 4.827002e+00 2.001167e+00
1329 4.857978e+00 1.992460e+00
1330 4.859343e+00 1.994083e+00
1331 4.844407e+00 2.007864e+00
1332 4.845946e+00 1.991772e+00
1333 4.806862e+00 1.980482e+00
1334 4.729772e+00 2.056701e+00
1335 4.716313e+00 2.044243e+00
1336 4.719552e+00 2.043980e+00
1337 4.701424e+00 2.047828e+00
1338 4.693510e+00 2.053128e+00
1339 4.695190e+00 2.041802e+00
1340 4.730341e+00 2.053691e+00
1341 4.691550e+00 2.067381e+00
1342 4.698638e+00 2.083267e+00
1343 4.732562e+00 2.077437e+00
1344 4.727986e+00 2.073422e+00
1345 4.717329e+00 2.069864e+00
1346 4.713641e+00 2.066697e+00
1347 4.711347e+00 2.079648e+00
1348 4.709597e+00 2.074453e+00
1349 4.726586e+00 2.055364e+00
1350 4.726948e+00 2.055775e+00
1351 4.728596e+00 2.057682e+00
1352 4.768843e+00 1.995335e+00
1353 4.769091e+00 1.994374e+00
1354 4.767843e+00 1.992758e+00
1355 4.761516e+00 1.985271e+00
1356 4.746364e+00 1.992540e+00
1357 4.771422e+00 1.990112e+00
1358 4.781693e+00 1.975797e+00
1359 4.790959e+00 1.987324e+00
1360 4.788458e+00 1.987516e+00
1361 4.828638e+00 2.017625e+00
1362 4.823974e+00 2.025979e+00
1363 4.825629e+00 2.028134e+00
1364 4.831584e+00 2.039954e+00
1365 4.843229e+00 2.056465e+00
1366 4.836100e+00 2.051785e+00
1367 4.824886e+00 2.045519e+00
1368 4.819161e+00 2.048121e+00
1369 4.798809e+00 2.043530e+00
1370 4.804766e+00 2.045828e+00
1371 4.810927e+00 2.049128e+00
1372 4.814584e+00 2.027613e+00
1373 4.740197e+00 2.005397e+00
1374 4.738716e+00 2.004422e+00
1375 4.749515e+00 2.014421e+00
1376 4.761270e+00 2.017160e+00
1377 4.745770e+00 2.027867e+00
1378 4.736186e+00 2.038775e+00
1379 4.710270e+00 2.053287e+00
1380 4.728737e+00 2.031153e+00
1381 4.727237e+00 2.027898e+00
1382 4.729060e+00 2.028122e+00
1383 4.721333e+00 2.043604e+00
1384 4.721519e+00 2.108728e+00
1385 4.713416e+00 2.121061e+00
1386 4.713900e+00 2.120943e+00
1387 4.706957e+00 2.121762e+00
1388 4.723433e+00 2.116973e+00
1389 4.685782e+00 2.126590e+00
1390 4.687182e+00 2.145876e+00
1391 4.669994e+00 2.139111e+00
1392 4.666743e+00 2.138225e+00
1393 4.678678e+00 2.145816e+00
1394 4.691552e+00 2.139642e+00
1395 4.690355e+00 2.142047e+00
1396 4.705273e+00 2.153224e+00
1397 4.702975e+00 2.144851e+00
1398 4.707048e+00 2.153870e+00
1399 4.713263e+00 2.151888e+00
1400 4.740173e+00 2.168476e+00
1401 4.795860e+00 2.194982e+00
1402 4.831206e+00 2.203485e+00
1403 4.865612e+00 2.220944e+00
1404 4.752917e+00 2.207239e+00
1405 4.737163e+00 2.222617e+00
1406 4.740737e+00 2.221175e+00
1407 4.739818e+00 2.219539e+00
1408 4.742855e+00 2.215106e+00
1409 4.746726e+00 2.217516e+00
1410 4.728373e+00 2.225037e+00
1411 4.728066e+00 2.224918e+00
1412 4.740449e+00 2.232072e+00
1413 4.761444e+00 2.211507e+00
1414 4.771832e+00 2.204029e+00
1415 4.810491e+00 2.215600e+00
1416 4.794292e+00 2.219755e+00
1417 4.783173e+00 2.182084e+00
1418 4.787550e+00 2.190628e+00
1419 4.787844e+00 2.190166e+00
1420 4.787647e+00 2.189718e+00
1421 4.788369e+00 2.191897e+00
1422 4.819770e+00 2.208685e+00
1423 4.816004e+00 2.230642e+00
1424 4.825188e+00 2.241014e+00
1425 4.830073e+00 2.244863e+00
1426 4.829996e+00 2.247029e+00
1427 4.810218e+00 2.237298e+00
1428 4.805622e+00 2.212443e+00
1429 4.808461e+00 2.203893e+00
1430 4.803665e+00 2.206523e+00
1431 4.797111e+00 2.188293e+00
1432 4.811369e+00 2.176482e+00
1433 4.799804e+00 2.173056e+00
1434 4.799804e+00 2.178448e+00
1435 4.799464e+00 2.180354e+00
1436 4.787393e+00 2.230724e+00
1437 4.785882e+00 2.231512e+00
1438 4.787175e+00 2.256018e+00
1439 4.787311e+00 2.255916e+00
1440 4.790197e+00 2.252708e+00
1441 4.780600e+00 2.239072e+00
1442 4.774248e+00 2.232081e+00
1443 4.775987e+00 2.231350e+00
1444 4.779555e+00 2.223960e+00
1445 4.774316e+00 2.243024e+00
1446 4.817305e+00 2.276274e+00
1447 4.826061e+00 2.311252e+00
1448 4.771525e+00 2.279307e+00
1449 4.778186e+00 2.297194e+00
1450 4.777651e+00 2.297916e+00
1451 4.775834e+00 2.297731e+00
1452 4.775833e+00 2.297755e+00
1453 4.761656e+00 2.308953e+00
1454 4.762095e+00 2.285145e+00
1455 4.762049e+00 2.302814e+00
1456 4.760886e+00 2.305485e+00
1457 4.761701e+00 2.306052e+00
1458 4.753660e+00 2.318840e+00
1459 4.752655e+00 2.321053e+00
1460 4.760724e+00 2.320580e+00
1461 4.761754e+00 2.301445e+00
1462 4.769421e+00 2.298586e+00
1463 4.732669e+00 2.276542e+00
1464 4.769025e+00 2.272787e+00
1465 4.773050e+00 2.261139e+00
1466 4.788884e+00 2.255119e+00
1467 4.785603e+00 2.280401e+00
1468 4.786666e+00 2.281230e+00
1469 4.791907e+00 2.279912e+00
1470 4.789620e+00 2.293540e+00
1471 4.790127e+00 2.285177e+00
1472 4.790215e+00 2.319639e+00
1473 4.789301e+00 2.332485e+00
1474 4.780218e+00 2.333184e+00
1475 4.764322e+00 2.328086e+00
1476 4.775323e+00 2.290046e+00
1477 4.775132e+00 2.295984e+00
1478 4.688469e+00 2.385517e+00
1479 4.703923e+00 2.410883e+00
1480 4.692909e+00 2.382594e+00
1481 4.704831e+00 2.396541e+00
1482 4.700574e+00 2.397459e+00
1483 4.702816e+00 2.400559e+00
1484 4.703058e+00 2.400274e+00
1485 4.727409e+00 2.409454e+00
1486 4.739110e+00 2.408464e+00
1487 4.723644e+00 2.405804e+00
1488 4.723671e+00 2.406185e+00
1489 4.740680e+00 2.411657e+00
1490 4.761559e+00 2.417814e+00
1491 4.761130e+00 2.419213e+00
1492 4.755655e+00 2.407805e+00
1493 4.751571e+00 2.394304e+00
1494 4.752101e+00 2.394004e+00
1495 4.778125e+00 2.399015e+00
1496 4.778014e+00 2.399586e+00
1497 4.793213e+00 2.388313e+00
1498 4.799020e+00 2.383856e+00
1499 4.801655e+00 2.377445e+00
1500 4.802255e+00 2.377884e+00
1501 4.801877e+00 2.377098e+00
1502 4.807965e+00 2.359580e+00
1503 4.806176e+00 2.370919e+00
1504 4.813109e+00 2.375244e+00
1505 4.808509e+00 2.371516e+00
1506 4.806411e+00 2.370954e+00
1507 4.881182e+00 2.226322e+00
1508 4.894357e+00 2.241512e+00
1509 4.897202e+00 2.207268e+00
1510 4.927370e+00 2.248321e+00
1511 4.922911e+00 2.242926e+00
1512 4.901074e+00 2.244886e+00
1513 4.903535e+00 2.241270e+00
1514 4.903035e+00 2.238646e+00
1515 4.882116e+00 2.243878e+00
1516 4.850488e+00 2.266851e+00
1517 4.853556e+00 2.248301e+00
1518 4.861962e+00 2.271265e+00
1519 4.862213e+00 2.268008e+00
1520 4.867431e+00 2.264506e+00
1521 4.867013e+00 2.264434e+00
1522 4.858397e+00 2.266518e+00
1523 4.857707e+00 2.267341e+00
1524 4.855059e+00 2.264357e+00
1525 4.863397e+00 2.255459e+00
1526 4.816870e+00 2.269364e+00
1527 4.822797e+00 2.277329e+00
1528 4.816835e+00 2.344804e+00
1529 4.821970e+00 2.359779e+00
1530 4.830209e+00 2.351489e+00
1531 4.830576e+00 2.352627e+00
1532 4.842854e+00 2.333205e+00
1533 4.841278e+00 2.332592e+00
1534 4.848946e+00 2.334720e+00
1535 4.853126e+00 2.342864e+00
1536 4.851731e+00 2.348255e+00
1537 4.832776e+00 2.339224e+00
1538 4.853316e+00 2.306777e+00
1539 4.785036e+00 2.284718e+00
1540 4.785226e+00 2.284022e+00
1541 4.786923e+00 2.283197e+00
1542 4.794085e+00 2.290395e+00
1543 4.865181e+00 2.280163e+00
1544 4.865750e+00 2.293156e+00
1545 4.870485e+00 2.283799e+00
1546 4.893182e+00 2.303304e+00
1547 4.888472e+00 2.269309e+00
1548 4.892191e+00 2.269110e+00
1549 4.891150e+00 2.265211e+00
1550 4.931299e+00 2.288877e+00
1551 4.937033e+00 2.288347e+00
1552 4.938326e+00 2.290322e+00
1553 4.936379e+00 2.290978e+00
1554 4.913240e+00 2.286215e+00
1555 4.866719e+00 2.280613e+00
1556 4.852246e+00 2.314796e+00
1557 4.855271e+00 2.320129e+00
1558 4.849771e+00 2.364239e+00
1559 4.865585e+00 2.376119e+00
1560 4.873555e+00 2.378392e+00
1561 4.871935e+00 2.370274e+00
1562 4.866970e+00 2.380831e+00
1563 4.879167e+00 2.369573e+00
1564 4.879977e+00 2.369106e+00
1565 4.882805e+00 2.369109e+00
1566 4.790001e+00 2.431212e+00
1567 4.790750e+00 2.428360e+00
1568 4.782957e+00 2.408429e+00
1569 4.791347e+00 2.415994e+00
1570 4.789316e+00 2.410451e+00
1571 4.831364e+00 2.418910e+00
1572 4.858144e+00 2.469427e+00
1573 4.856312e+00 2.466501e+00
1574 4.856569e+00 2.466544e+00
1575 4.832805e+00 2.457114e+00
1576 4.840536e+00 2.456421e+00
1577 4.840029e+00 2.478784e+00
1578 4.839936e+00 2.479766e+00
1579 4.806820e+00 2.473728e+00
1580 4.789968e+00 2.444346e+00
1581 4.791463e+00 2.441903e+00
1582 4.781482e+00 2.441023e+00
1583 4.771405e+00 2.431909e+00
1584 4.785778e+00 2.423795e+00
1585 4.789130e+00 2.426950e+00
1586 4.847442e+00 2.403210e+00
1587 4.852117e+00 2.469959e+00
1588 4.848190e+00 2.468586e+00
1589 4.852278e+00 2.468469e+00
1590 4.851774e+00 2.468063e+00
1591 4.845033e+00 2.454202e+00
1592 4.843875e+00 2.452258e+00
1593 4.840891e+00 2.429704e+00
1594 4.826925e+00 2.474335e+00
1595 4.826832e+00 2.474571e+00
1596 4.827259e+00 2.472875e+00
1597 4.831332e+00 2.484090e+00
1598 4.818763e+00 2.486566e+00
1599 4.824909e+00 2.505226e+00
1600 4.816949e+00 2.509301e+00
1601 4.787302e+00 2.516257e+00
1602 4.779030e+00 2.494844e+00
1603 4.765839e+00 2.492106e+00
1604 4.768633e+00 2.492958e+00
1605 4.732804e+00 2.462356e+00
1606 4.725945e+00 2.452553e+00
1607 4.670861e+00 2.442236e+00
1608 4.676850e+00 2.438769e+00
1609 4.673453e+00 2.428418e+00
1610 4.636179e+00 2.431371e+00
1611 4.634342e+00 2.420872e+00
1612 4.599139e+00 2.481952e+00
1613 4.583818e+00 2.484801e+00
1614 4.575966e+00 2.480064e+00
1615 4.573990e+00 2.458484e+00
1616 4.558163e+00 2.420230e+00
1617 4.556032e+00 2.419946e+00
1618 4.556859e+00 2.429657e+00
1619 4.642281e+00 2.426038e+00
1620 4.640858e+00 2.425053e+00
1621 4.631242e+00 2.453246e+00
1622 4.629048e+00 2.454861e+00
1623 4.629699e+00 2.455399e+00
1624 4.618771e+00 2.438927e+00
1625 4.590580e+00 2.421374e+00
1626 4.561599e+00 2.338992e+00
1627 4.570059e+00 2.342264e+00
1628 4.572159e+00 2.339890e+00
1629 4.572833e+00 2.308810e+00
1630 4.576152e+00 2.319588e+00
1631 4.570961e+00 2.315287e+00
1632 4.552182e+00 2.309985e+00
1633 4.541771e+00 2.311101e+00
1634 4.550145e+00 2.308504e+00
1635 4.554370e+00 2.306732e+00
1636 4.550518e+00 2.295107e+00
1637 4.547526e+00 2.298708e+00
1638 4.553287e+00 2.309127e+00
1639 4.552371e+00 2.299324e+00
1640 4.617344e+00 2.345213e+00
1641 4.625305e+00 2.350172e+00
1642 4.658772e+00 2.375795e+00
1643 4.653705e+00 2.363726e+00
1644 4.719714e+00 2.357068e+00
1645 4.726300e+00 2.356753e+00
1646 4.739566e+00 2.357433e+00
1647 4.716932e+00 2.342444e+00
1648 4.711230e+00 2.367606e+00
1649 4.716462e+00 2.358423e+00
1650 4.717900e+00 2.379340e+00
1651 4.747793e+00 2.390819e+00
1652 4.746808e+00 2.391947e+00
1653 4.757430e+00 2.384600e+00
1654 4.757100e+00 2.383924e+00
1655 4.758809e+00 2.386760e+00
1656 4.767658e+00 2.374118e+00
1657 4.770241e+00 2.370319e+00
1658 4.761408e+00 2.354855e+00
1659 4.763206e+00 2.358761e+00
1660 4.765549e+00 2.355103e+00
1661 4.762064e+00 2.353085e+00
1662 4.753328e+00 2.356005e+00
1663 4.771371e+00 2.357089e+00
1664 4.793023e+00 2.337787e+00
1665 4.786199e+00 2.345886e+00
1666 4.783316e+00 2.342409e+00
1667 4.782029e+00 2.339910e+00
1668 4.770863e+00 2.363064e+00
1669 4.798820e+00 2.323514e+00
1670 4.790296e+00 2.312210e+00
1671 4.823773e+00 2.299042e+00
1672 4.804513e+00 2.316357e+00
1673 4.821713e+00 2.307754e+00
1674 4.826386e+00 2.308418e+00
1675 4.827829e+00 2.304182e+00
1676 4.849792e+00 2.340491e+00
1677 4.852288e+00 2.337597e+00
1678 4.849904e+00 2.331629e+00
1679 4.829250e+00 2.350261e+00
1680 4.831165e+00 2.347410e+00
1681 4.838556e+00 2.387102e+00
1682 4.837438e+00 2.385569e+00
1683 4.813317e+00 2.375778e+00
1684 4.834580e+00 2.373669e+00
1685 4.895829e+00 2.390868e+00
1686 4.896199e+00 2.419768e+00
1687 4.815238e+00 2.438532e+00
1688 4.807165e+00 2.443525e+00
1689 4.807070e+00 2.443474e+00
1690 4.804110e+00 2.448942e+00
1691 4.807021e+00 2.442737e+00
1692 4.800439e+00 2.471759e+00
1693 4.812965e+00 2.472762e+00
1694 4.807285e+00 2.465042e+00
1695 4.812708e+00 2.466877e+00
1696 4.817859e+00 2.478723e+00
1697 4.769549e+00 2.477404e+00
1698 4.767050e+00 2.464727e+00
1699 4.797895e+00 2.440463e+00
1700 4.793215e+00 2.432197e+00
1701 4.806839e+00 2.438939e+00
1702 4.811804e+00 2.432189e+00
1703 4.810016e+00 2.443241e+00
1704 4.794420e+00 2.432166e+00
1705 4.795419e+00 2.422177e+00
1706 4.780006e+00 2.416550e+00
1707 4.780471e+00 2.417688e+00
1708 4.759668e+00 2.375505e+00
1709 4.790360e+00 2.343734e+00
1710 4.785097e+00 2.340040e+00
1711 4.784806e+00 2.347252e+00
1712 4.790829e+00 2.349268e+00
1713 4.796018e+00 2.343754e+00
1714 4.819408e+00 2.335582e+00
1715 4.824552e+00 2.307137e+00
1716 4.817170e+00 2.304139e+00
1717 4.818382e+00 2.308643e+00
1718 4.812777e+00 2.304752e+00
1719 4.825639e+00 2.311073e+00
1720 4.855351e+00 2.376752e+00
1721 4.859780e+00 2.376641e+00
1722 4.846867e+00 2.329522e+00
1723 4.847193e+00 2.329666e+00
1724 4.820964e+00 2.332757e+00
1725 4.829157e+00 2.346831e+00
1726 4.838889e+00 2.326704e+00
1727 4.839621e+00 2.329007e+00
1728 4.799737e+00 2.340403e+00
1729 4.796150e+00 2.330452e+00
1730 4.798459e+00 2.329929e+00
1731 4.798577e+00 2.329827e+00
1732 4.844073e+00 2.315586e+00
1733 4.870115e+00 2.319968e+00
1734 4.869737e+00 2.321863e+00
1735 4.904839e+00 2.308622e+00
1736 4.910288e+00 2.307566e+00
1737 4.930353e+00 2.298077e+00
1738 4.921745e+00 2.298455e+00
1739 4.915238e+00 2.282683e+00
1740 4.904977e+00 2.279049e+00
1741 4.893097e+00 2.265196e+00
1742 4.926129e+00 2.224161e+00
1743 4.878573e+00 2.195015e+00
1744 4.865154e+00 2.177891e+00
1745 4.864043e+00 2.189794e+00
1746 4.816859e+00 2.185121e+00
1747 4.811535e+00 2.173297e+00
1748 4.814047e+00 2.181775e+00
1749 4.817403e+00 2.190187e+00
1750 4.820379e+00 2.191365e+00
1751 4.819650e+00 2.192905e+00
1752 4.824531e+00 2.208493e+00
1753 4.821801e+00 2.224423e+00
1754 4.825452e+00 2.222847e+00
1755 4.835038e+00 2.227683e+00
1756 4.811116e+00 2.226481e+00
1757 4.800280e+00 2.219412e+00
1758 4.808974e+00 2.184462e+00
1759 4.845976e+00 2.219922e+00
1760 4.839411e+00 2.215374e+00
1761 4.788514e+00 2.215044e+00
1762 4.795351e+00 2.251236e+00
1763 4.795891e+00 2.236822e+00
1764 4.918128e+00 2.232925e+00
1765 4.929099e+00 2.222614e+00
1766 4.922853e+00 2.224044e+00
1767 4.924706e+00 2.227367e+00
1768 4.926317e+00 2.223082e+00
1769 4.914888e+00 2.224691e+00
1770 4.902392e+00 2.231417e+00
1771 4.925788e+00 2.249146e+00
1772 4.923552e+00 2.287153e+00
1773 4.917877e+00 2.294392e+00
1774 4.921820e+00 2.297603e+00
1775 4.917468e+00 2.297826e+00
1776 4.928492e+00 2.313281e+00
1777 4.927106e+00 2.305863e+00
1778 4.990396e+00 2.320359e+00
1779 4.989184e+00 2.297431e+00
1780 4.986855e+00 2.304838e+00
1781 4.980877e+00 2.309238e+00
1782 4.983025e+00 2.338151e+00
1783 4.999683e+00 2.323045e+00
1784 4.978563e+00 2.319069e+00
1785 4.974954e+00 2.312762e+00
1786 4.967909e+00 2.292529e+00
1787 4.966951e+00 2.293083e+00
1788 4.960854e+00 2.289707e+00
1789 4.962650e+00 2.291820e+00
1790 4.940786e+00 2.259895e+00
1791 4.929610e+00 2.283149e+00
1792 4.929573e+00 2.283592e+00
1793 4.961820e+00 2.268988e+00
1794 4.962783e+00 2.268358e+00
1795 4.949996e+00 2.287010e+00
1796 4.941924e+00 2.278588e+00
1797 4.936674e+00 2.281267e+00
1798 4.923208e+00 2.282097e+00
1799 4.910094e+00 2.290193e+00
1800 4.901896e+00 2.293745e+00
1801 4.874804e+00 2.306965e+00
1802 4.874715e+00 2.307257e+00
1803 4.870289e+00 2.297594e+00
1804 4.873761e+00 2.302683e+00
1805 4.876484e+00 2.295383e+00
1806 4.878081e+00 2.296577e+00
1807 4.868558e+00 2.290364e+00
1808 4.869041e+00 2.289950e+00
1809 4.876793e+00 2.303593e+00
1810 4.881748e+00 2.307757e+00
1811 4.920394e+00 2.299226e+00
1812 4.930245e+00 2.301252e+00
1813 4.930048e+00 2.301344e+00
1814 4.921868e+00 2.288385e+00
1815 4.959756e+00 2.320404e+00
1816 4.952202e+00 2.344413e+00
1817 4.959942e+00 2.328976e+00
1818 4.987991e+00 2.314661e+00
1819 4.981407e+00 2.295395e+00
1820 4.979781e+00 2.293530e+00
1821 5.011273e+00 2.309909e+00
