0 1.456286e+00 1.177386e+00
1 1.461778e+00 1.155720e+00
2 1.461333e+00 1.155980e+00
3 1.459907e+00 1.155056e+00
4 1.483846e+00 1.140673e+00
5 1.470245e+00 1.138099e+00
6 1.461491e+00 1.127871e+00
7 1.436123e+00 1.091963e+00
8 1.436512e+00 1.095623e+00
9 1.444556e+00 1.109345e+00
10 1.433600e+00 1.089438e+00
11 1.431614e+00 1.081756e+00
12 1.429044e+00 1.083289e+00
13 1.444019e+00 1.075353e+00
14 1.397536e+00 1.119204e+00
15 1.397916e+00 1.119681e+00
16 1.415468e+00 1.120769e+00
17 1.415600e+00 1.134597e+00
18 1.404132e+00 1.079604e+00
19 1.388764e+00 1.127241e+00
20 1.392346e+00 1.133401e+00
21 1.389325e+00 1.130780e+00
22 1.390423e+00 1.131989e+00
23 1.374469e+00 1.133973e+00
24 1.368223e+00 1.124293e+00
25 1.367091e+00 1.157784e+00
26 1.365383e+00 1.167272e+00
27 1.354130e+00 1.172557e+00
28 1.352244e+00 1.178953e+00
29 1.350857e+00 1.186513e+00
30 1.343853e+00 1.184296e+00
31 1.334046e+00 1.222762e+00
32 1.357795e+00 1.250577e+00
33 1.401522e+00 1.287111e+00
34 1.410682e+00 1.296310e+00
35 1.389879e+00 1.252156e+00
36 1.440956e+00 1.201398e+00
37 1.425599e+00 1.210134e+00
38 1.435679e+00 1.218064e+00
39 1.430828e+00 1.224231e+00
40 1.445715e+00 1.209727e+00
41 1.445619e+00 1.212837e+00
42 1.466417e+00 1.211173e+00
43 1.458049e+00 1.198497e+00
44 1.460232e+00 1.196122e+00
45 1.460010e+00 1.196307e+00
46 1.462886e+00 1.222675e+00
47 1.485170e+00 1.146876e+00
48 1.489899e+00 1.145452e+00
49 1.480357e+00 1.148348e+00
50 1.524899e+00 1.123445e+00
51 1.528422e+00 1.120423e+00
52 1.522995e+00 1.106490e+00
53 1.530920e+00 1.091076e+00
54 1.529869e+00 1.091238e+00
55 1.520204e+00 1.090982e+00
56 1.520380e+00 1.094278e+00
57 1.536804e+00 1.085454e+00
58 1.522076e+00 1.104255e+00
59 1.489012e+00 1.115394e+00
60 1.493757e+00 1.126391e+00
61 1.517474e+00 1.097926e+00
62 1.518534e+00 1.098353e+00
63 1.502971e+00 1.111531e+00
64 1.501889e+00 1.111800e+00
65 1.457899e+00 1.184100e+00
66 1.438527e+00 1.219668e+00
67 1.443010e+00 1.219215e+00
68 1.467363e+00 1.223934e+00
69 1.496207e+00 1.194730e+00
70 1.442030e+00 1.214690e+00
71 1.452445e+00 1.225442e+00
72 1.451693e+00 1.229706e+00
73 1.258258e+00 1.172195e+00
74 1.250540e+00 1.168954e+00
75 1.280840e+00 1.163235e+00
76 1.297174e+00 1.148357e+00
77 1.293518e+00 1.140067e+00
78 1.282410e+00 1.109644e+00
79 1.275675e+00 1.110512e+00
80 1.287546e+00 1.096652e+00
81 1.295074e+00 1.098595e+00
82 1.274034e+00 1.109423e+00
83 1.272172e+00 1.111454e+00
84 1.275273e+00 1.090730e+00
85 1.259568e+00 1.104915e+00
86 1.264943e+00 1.093370e+00
87 1.256495e+00 1.101885e+00
88 1.214508e+00 1.078704e+00
89 1.187153e+00 1.076231e+00
90 1.199499e+00 1.072314e+00
91 1.234932e+00 1.080890e+00
92 1.228482e+00 1.078273e+00
93 1.222430e+00 1.171008e+00
94 1.195580e+00 1.201057e+00
95 1.184620e+00 1.230527e+00
96 1.184071e+00 1.228610e+00
97 1.223946e+00 1.248410e+00
98 1.213034e+00 1.253399e+00
99 1.199406e+00 1.249238e+00
100 1.191796e+00 1.251338e+00
101 1.184693e+00 1.251450e+00
102 1.192365e+00 1.246242e+00
103 1.193573e+00 1.239542e+00
104 1.175573e+00 1.269141e+00
105 1.179748e+00 1.266286e+00
106 1.178901e+00 1.293203e+00
107 1.179045e+00 1.331363e+00
108 1.225706e+00 1.307158e+00
109 1.219688e+00 1.303676e+00
110 1.220907e+00 1.327184e+00
111 1.227073e+00 1.306071e+00
112 1.228416e+00 1.305234e+00
113 1.204878e+00 1.307933e+00
114 1.227314e+00 1.308760e+00
115 1.227315e+00 1.308756e+00
116 1.205052e+00 1.312279e+00
117 1.191429e+00 1.296284e+00
118 1.183945e+00 1.298591e+00
119 1.161048e+00 1.256091e+00
120 1.169109e+00 1.255255e+00
121 1.168431e+00 1.254633e+00
122 1.204981e+00 1.261447e+00
123 1.209736e+00 1.288000e+00
124 1.223870e+00 1.310842e+00
125 1.241354e+00 1.320916e+00
126 1.252888e+00 1.328608e+00
127 1.232145e+00 1.301373e+00
128 1.236383e+00 1.310425e+00
129 1.251206e+00 1.303740e+00
130 1.268298e+00 1.296298e+00
131 1.270814e+00 1.295556e+00
132 1.276988e+00 1.265827e+00
133 1.271108e+00 1.272813e+00
134 1.273667e+00 1.278433e+00
135 1.285884e+00 1.284020e+00
136 1.264272e+00 1.285841e+00
137 1.233849e+00 1.276410e+00
138 1.233970e+00 1.274873e+00
139 1.212591e+00 1.286410e+00
140 1.236647e+00 1.304011e+00
141 1.223378e+00 1.289910e+00
142 1.223750e+00 1.288541e+00
143 1.228208e+00 1.294349e+00
144 1.225957e+00 1.307097e+00
145 1.244239e+00 1.318110e+00
146 1.246232e+00 1.310012e+00
147 1.238013e+00 1.304836e+00
148 1.220331e+00 1.291275e+00
149 1.194656e+00 1.262276e+00
150 1.120640e+00 1.340133e+00
151 1.086542e+00 1.334636e+00
152 1.087604e+00 1.302901e+00
153 1.083069e+00 1.327628e+00
154 1.087915e+00 1.338634e+00
155 1.103046e+00 1.348614e+00
156 1.086745e+00 1.337396e+00
157 1.099993e+00 1.376649e+00
158 1.111870e+00 1.387039e+00
159 1.118092e+00 1.404414e+00
160 1.115529e+00 1.397002e+00
161 1.116309e+00 1.370314e+00
162 1.126103e+00 1.370929e+00
163 1.128816e+00 1.364868e+00
164 1.125504e+00 1.360617e+00
165 1.131953e+00 1.361196e+00
166 1.149163e+00 1.361914e+00
167 1.099672e+00 1.371028e+00
168 1.080491e+00 1.328675e+00
169 1.096515e+00 1.298180e+00
170 1.096401e+00 1.299629e+00
171 1.109740e+00 1.243625e+00
172 1.084252e+00 1.184039e+00
173 1.076815e+00 1.164624e+00
174 1.054341e+00 1.189325e+00
175 1.092814e+00 1.206624e+00
176 1.100479e+00 1.231306e+00
177 1.092209e+00 1.243856e+00
178 1.095283e+00 1.242775e+00
179 1.071588e+00 1.244764e+00
180 1.062638e+00 1.269417e+00
181 1.062810e+00 1.271859e+00
182 1.063516e+00 1.271887e+00
183 1.054915e+00 1.271441e+00
184 1.044755e+00 1.295572e+00
185 1.140504e+00 1.235439e+00
186 1.138930e+00 1.236645e+00
187 1.140771e+00 1.236477e+00
188 1.150342e+00 1.236133e+00
189 1.126352e+00 1.247937e+00
190 1.105832e+00 1.285194e+00
191 1.082519e+00 1.306556e+00
192 1.082513e+00 1.301873e+00
193 1.117620e+00 1.320199e+00
194 1.102619e+00 1.351646e+00
195 1.099066e+00 1.351456e+00
196 1.090695e+00 1.357249e+00
197 1.086412e+00 1.321217e+00
198 1.122558e+00 1.322074e+00
199 1.136377e+00 1.357880e+00
200 1.128294e+00 1.347288e+00
201 1.127472e+00 1.361726e+00
202 1.113359e+00 1.413645e+00
203 1.082366e+00 1.478349e+00
204 1.085358e+00 1.475938e+00
205 1.086386e+00 1.470333e+00
206 1.123926e+00 1.472509e+00
207 1.126428e+00 1.465828e+00
208 1.125144e+00 1.470806e+00
209 1.037711e+00 1.462041e+00
210 1.034823e+00 1.458120e+00
211 1.049640e+00 1.464155e+00
212 1.068544e+00 1.449624e+00
213 1.066178e+00 1.449467e+00
214 1.072837e+00 1.470964e+00
215 1.076593e+00 1.446531e+00
216 1.054233e+00 1.438047e+00
217 1.040160e+00 1.442222e+00
218 1.041572e+00 1.442604e+00
219 1.042592e+00 1.441860e+00
220 1.051157e+00 1.436276e+00
221 1.029959e+00 1.438497e+00
222 1.020514e+00 1.397944e+00
223 1.081153e+00 1.390272e+00
224 1.082438e+00 1.389817e+00
225 1.093081e+00 1.375555e+00
226 1.152463e+00 1.414638e+00
227 1.163314e+00 1.429532e+00
228 1.178581e+00 1.441303e+00
229 1.180975e+00 1.441524e+00
230 1.181225e+00 1.440625e+00
231 1.172744e+00 1.444515e+00
232 1.162574e+00 1.456735e+00
233 1.184943e+00 1.399484e+00
234 1.186206e+00 1.398344e+00
235 1.195735e+00 1.443520e+00
236 1.223634e+00 1.422334e+00
237 1.243370e+00 1.437607e+00
238 1.267866e+00 1.428581e+00
239 1.271038e+00 1.433139e+00
240 1.356153e+00 1.473504e+00
241 1.215220e+00 1.481577e+00
242 1.213869e+00 1.507918e+00
243 1.255856e+00 1.509560e+00
244 1.275106e+00 1.503431e+00
245 1.270177e+00 1.512120e+00
246 1.268139e+00 1.512888e+00
247 1.229607e+00 1.524718e+00
248 1.225086e+00 1.525054e+00
249 1.227364e+00 1.513977e+00
250 1.231325e+00 1.519769e+00
251 1.246801e+00 1.549301e+00
252 1.241589e+00 1.550696e+00
253 1.253588e+00 1.569461e+00
254 1.246612e+00 1.564485e+00
255 1.256984e+00 1.568734e+00
256 1.256011e+00 1.566443e+00
257 1.253915e+00 1.567574e+00
258 1.231493e+00 1.577363e+00
259 1.241188e+00 1.562954e+00
260 1.231232e+00 1.538429e+00
261 1.211289e+00 1.567603e+00
262 1.206927e+00 1.574247e+00
263 1.216638e+00 1.567901e+00
264 1.223465e+00 1.550648e+00
265 1.208476e+00 1.558478e+00
266 1.227889e+00 1.551442e+00
267 1.225965e+00 1.546855e+00
268 1.239055e+00 1.558347e+00
269 1.232537e+00 1.563015e+00
270 1.301198e+00 1.561966e+00
271 1.291225e+00 1.561093e+00
272 1.295604e+00 1.547369e+00
273 1.304935e+00 1.537161e+00
274 1.305409e+00 1.533958e+00
275 1.277279e+00 1.541767e+00
276 1.276526e+00 1.540818e+00
277 1.275865e+00 1.543935e+00
278 1.269720e+00 1.555233e+00
279 1.249392e+00 1.637943e+00
280 1.254758e+00 1.640602e+00
281 1.250915e+00 1.645314e+00
282 1.254168e+00 1.643750e+00
283 1.251884e+00 1.645315e+00
284 1.250689e+00 1.631818e+00
285 1.251757e+00 1.621469e+00
286 1.252951e+00 1.627777e+00
287 1.252954e+00 1.627786e+00
288 1.253590e+00 1.628224e+00
289 1.252985e+00 1.623333e+00
290 1.258552e+00 1.619822e+00
291 1.264749e+00 1.630081e+00
292 1.243492e+00 1.636172e+00
293 1.249404e+00 1.649538e+00
294 1.242509e+00 1.646335e+00
295 1.223606e+00 1.629192e+00
296 1.237058e+00 1.627145e+00
297 1.240782e+00 1.617694e+00
298 1.259362e+00 1.603880e+00
299 1.264313e+00 1.604155e+00
300 1.260999e+00 1.583719e+00
301 1.235071e+00 1.586956e+00
302 1.234892e+00 1.589390e+00
303 1.235226e+00 1.602028e+00
304 1.225022e+00 1.601002e+00
305 1.212737e+00 1.633988e+00
306 1.210725e+00 1.633625e+00
307 1.209401e+00 1.632607e+00
308 1.188562e+00 1.671708e+00
309 1.191391e+00 1.645741e+00
310 1.183026e+00 1.667257e+00
311 1.163734e+00 1.663013e+00
312 1.147402e+00 1.680935e+00
313 1.157042e+00 1.693383e+00
314 1.153481e+00 1.693773e+00
315 1.152103e+00 1.692388e+00
316 1.139543e+00 1.696457e+00
317 1.152256e+00 1.670161e+00
318 1.146794e+00 1.670006e+00
319 1.152312e+00 1.667701e+00
320 1.170271e+00 1.730505e+00
321 1.170920e+00 1.728587e+00
322 1.158438e+00 1.743516e+00
323 1.195426e+00 1.709858e+00
324 1.200244e+00 1.679844e+00
325 1.202326e+00 1.690760e+00
326 1.204775e+00 1.697415e+00
327 1.206861e+00 1.694688e+00
328 1.208084e+00 1.695350e+00
329 1.206771e+00 1.695587e+00
330 1.202565e+00 1.693895e+00
331 1.204049e+00 1.690977e+00
332 1.174414e+00 1.702412e+00
333 1.239788e+00 1.723402e+00
334 1.257692e+00 1.724220e+00
335 1.264740e+00 1.793008e+00
336 1.248396e+00 1.815596e+00
337 1.283423e+00 1.849323e+00
338 1.284238e+00 1.850282e+00
339 1.254143e+00 1.839660e+00
340 1.250984e+00 1.842626e+00
341 1.209102e+00 1.878617e+00
342 1.183687e+00 1.842965e+00
343 1.203613e+00 1.856168e+00
344 1.208036e+00 1.852059e+00
345 1.208217e+00 1.847884e+00
346 1.211727e+00 1.843943e+00
347 1.208780e+00 1.825412e+00
348 1.218687e+00 1.807030e+00
349 1.229672e+00 1.806206e+00
350 1.245708e+00 1.819291e+00
351 1.219494e+00 1.826514e+00
352 1.215592e+00 1.830100e+00
353 1.172675e+00 1.843014e+00
354 1.182138e+00 1.841423e+00
355 1.210629e+00 1.835044e+00
356 1.270403e+00 1.854450e+00
357 1.272892e+00 1.851992e+00
358 1.274185e+00 1.850016e+00
359 1.267311e+00 1.851062e+00
360 1.285223e+00 1.859760e+00
361 1.300646e+00 1.858731e+00
362 1.293616e+00 1.896911e+00
363 1.292414e+00 1.893955e+00
364 1.288791e+00 1.892956e+00
365 1.290188e+00 1.883779e+00
366 1.293927e+00 1.878660e+00
367 1.289444e+00 1.855419e+00
368 1.295351e+00 1.858389e+00
369 1.298413e+00 1.861540e+00
370 1.286965e+00 1.830758e+00
371 1.284431e+00 1.831823e+00
372 1.280390e+00 1.851963e+00
373 1.279688e+00 1.851628e+00
374 1.266803e+00 1.825746e+00
375 1.269398e+00 1.824042e+00
376 1.272453e+00 1.832569e+00
377 1.285039e+00 1.819530e+00
378 1.267951e+00 1.857331e+00
379 1.285560e+00 1.874033e+00
380 1.288158e+00 1.849684e+00
381 1.288149e+00 1.849804e+00
382 1.282938e+00 1.828406e+00
383 1.251202e+00 1.812667e+00
384 1.298867e+00 1.814655e+00
385 1.298809e+00 1.815153e+00
386 1.278027e+00 1.799016e+00
387 1.280591e+00 1.790896e+00
388 1.291521e+00 1.785383e+00
389 1.293353e+00 1.786054e+00
390 1.268888e+00 1.804381e+00
391 1.261423e+00 1.808362e+00
392 1.259307e+00 1.810262e+00
393 1.240816e+00 1.803885e+00
394 1.236103e+00 1.815331e+00
395 1.264814e+00 1.781829e+00
396 1.285067e+00 1.806976e+00
397 1.282871e+00 1.805566e+00
398 1.299363e+00 1.834371e+00
399 1.299313e+00 1.834417e+00
400 1.303173e+00 1.832085e+00
401 1.302183e+00 1.824114e+00
402 1.306260e+00 1.839729e+00
403 1.307322e+00 1.830715e+00
404 1.332929e+00 1.823850e+00
405 1.317906e+00 1.828843e+00
406 1.319662e+00 1.844234e+00
407 1.311344e+00 1.837925e+00
408 1.324003e+00 1.816225e+00
409 1.335660e+00 1.806338e+00
410 1.335742e+00 1.805844e+00
411 1.328963e+00 1.790648e+00
412 1.331345e+00 1.807249e+00
413 1.329910e+00 1.808142e+00
414 1.267757e+00 1.786390e+00
415 1.275525e+00 1.781745e+00
416 1.275339e+00 1.781863e+00
417 1.277397e+00 1.777106e+00
418 1.246868e+00 1.817805e+00
419 1.233678e+00 1.789325e+00
420 1.234099e+00 1.774698e+00
421 1.242740e+00 1.786094e+00
422 1.201010e+00 1.754062e+00
423 1.200519e+00 1.754131e+00
424 1.202430e+00 1.752940e+00
425 1.202235e+00 1.748314e+00
426 1.197290e+00 1.749351e+00
427 1.196963e+00 1.749708e+00
428 1.186782e+00 1.706632e+00
429 1.184282e+00 1.724704e+00
430 1.185731e+00 1.698889e+00
431 1.167571e+00 1.669003e+00
432 1.136732e+00 1.647122e+00
433 1.133633e+00 1.664899e+00
434 1.113722e+00 1.707070e+00
435 1.125955e+00 1.712096e+00
436 1.105897e+00 1.734315e+00
437 1.133302e+00 1.730579e+00
438 1.108872e+00 1.743837e+00
439 1.094920e+00 1.756899e+00
440 1.081546e+00 1.769500e+00
441 1.094823e+00 1.744637e+00
442 1.080945e+00 1.728328e+00
443 1.087845e+00 1.723784e+00
444 1.163524e+00 1.660224e+00
445 1.143588e+00 1.626256e+00
446 1.143995e+00 1.628813e+00
447 1.143276e+00 1.629466e+00
448 1.157837e+00 1.634175e+00
449 1.164826e+00 1.640437e+00
450 1.152947e+00 1.652509e+00
451 1.152766e+00 1.652446e+00
452 1.144486e+00 1.674640e+00
453 1.142629e+00 1.689130e+00
454 1.180952e+00 1.667599e+00
455 1.180307e+00 1.669960e+00
456 1.179489e+00 1.678860e+00
457 1.174276e+00 1.676571e+00
458 1.199925e+00 1.673517e+00
459 1.198444e+00 1.681296e+00
460 1.224067e+00 1.652081e+00
461 1.225035e+00 1.664420e+00
462 1.225589e+00 1.659153e+00
463 1.219077e+00 1.667908e+00
464 1.218474e+00 1.666803e+00
465 1.217397e+00 1.665350e+00
466 1.219538e+00 1.679376e+00
467 1.213993e+00 1.666514e+00
468 1.205145e+00 1.682291e+00
469 1.171763e+00 1.752858e+00
470 1.145902e+00 1.738770e+00
471 1.154646e+00 1.751456e+00
472 1.189858e+00 1.697497e+00
473 1.180720e+00 1.697527e+00
474 1.181013e+00 1.694322e+00
475 1.169781e+00 1.713017e+00
476 1.169792e+00 1.713020e+00
477 1.157143e+00 1.695095e+00
478 1.146424e+00 1.654808e+00
479 1.157204e+00 1.641576e+00
480 1.161238e+00 1.640019e+00
481 1.160915e+00 1.640363e+00
482 1.185916e+00 1.633915e+00
483 1.196303e+00 1.633248e+00
484 1.189509e+00 1.572355e+00
485 1.194322e+00 1.549594e+00
486 1.179153e+00 1.536571e+00
487 1.159977e+00 1.511582e+00
488 1.159435e+00 1.522366e+00
489 1.157700e+00 1.507394e+00
490 1.145539e+00 1.489170e+00
491 1.142205e+00 1.508516e+00
492 1.140658e+00 1.510273e+00
493 1.130669e+00 1.500853e+00
494 1.148536e+00 1.471468e+00
495 1.111841e+00 1.495084e+00
496 1.118910e+00 1.496897e+00
497 1.136044e+00 1.509549e+00
498 1.146730e+00 1.500536e+00
499 1.164186e+00 1.497562e+00
500 1.163977e+00 1.497338e+00
501 1.143556e+00 1.501914e+00
502 1.142105e+00 1.501878e+00
503 1.148186e+00 1.499785e+00
504 1.147466e+00 1.504132e+00
505 1.195717e+00 1.469263e+00
506 1.195344e+00 1.459352e+00
507 1.202667e+00 1.529292e+00
508 1.202702e+00 1.528728e+00
509 1.200050e+00 1.527118e+00
510 1.199495e+00 1.526130e+00
511 1.207658e+00 1.538103e+00
512 1.179156e+00 1.583080e+00
513 1.202036e+00 1.570104e+00
514 1.214957e+00 1.553586e+00
515 1.206835e+00 1.557639e+00
516 1.208973e+00 1.542734e+00
517 1.221111e+00 1.544916e+00
518 1.227969e+00 1.551991e+00
519 1.251463e+00 1.546640e+00
520 1.237644e+00 1.526462e+00
521 1.238838e+00 1.529482e+00
522 1.239207e+00 1.537958e+00
523 1.227740e+00 1.542557e+00
524 1.212245e+00 1.551594e+00
525 1.208282e+00 1.549473e+00
526 1.191075e+00 1.545485e+00
527 1.201732e+00 1.548844e+00
528 1.205767e+00 1.532975e+00
529 1.194137e+00 1.545905e+00
530 1.171869e+00 1.548934e+00
531 1.132900e+00 1.524977e+00
532 1.132095e+00 1.526356e+00
533 1.132369e+00 1.526576e+00
534 1.137318e+00 1.524215e+00
535 1.112625e+00 1.519184e+00
536 1.096409e+00 1.496589e+00
537 1.104440e+00 1.488766e+00
538 1.087449e+00 1.501452e+00
539 1.072915e+00 1.500854e+00
540 1.071886e+00 1.537394e+00
541 1.070631e+00 1.532410e+00
542 1.077556e+00 1.531984e+00
543 1.089922e+00 1.593622e+00
544 1.088239e+00 1.590555e+00
545 1.085938e+00 1.591055e+00
546 1.090685e+00 1.582590e+00
547 1.083153e+00 1.571916e+00
548 1.085562e+00 1.586105e+00
549 1.081915e+00 1.592203e+00
550 1.081419e+00 1.591260e+00
551 1.106353e+00 1.606657e+00
552 1.113915e+00 1.618287e+00
553 1.138769e+00 1.602745e+00
554 1.181109e+00 1.623938e+00
555 1.177174e+00 1.637585e+00
556 1.177670e+00 1.638605e+00
557 1.179326e+00 1.636555e+00
558 1.186820e+00 1.637327e+00
559 1.194920e+00 1.640903e+00
560 1.201283e+00 1.694414e+00
561 1.201449e+00 1.694406e+00
562 1.210383e+00 1.698681e+00
563 1.213541e+00 1.701968e+00
564 1.213396e+00 1.702087e+00
565 1.217683e+00 1.676632e+00
566 1.216807e+00 1.705054e+00
567 1.205550e+00 1.728788e+00
568 1.215705e+00 1.726656e+00
569 1.239234e+00 1.731313e+00
570 1.235019e+00 1.730214e+00
571 1.237997e+00 1.727394e+00
572 1.234275e+00 1.725665e+00
573 1.271913e+00 1.720874e+00
574 1.259998e+00 1.715227e+00
575 1.223530e+00 1.692736e+00
576 1.215352e+00 1.663150e+00
577 1.196305e+00 1.656456e+00
578 1.195453e+00 1.656437e+00
579 1.180862e+00 1.652474e+00
580 1.178074e+00 1.648887e+00
581 1.175433e+00 1.666461e+00
582 1.182011e+00 1.670246e+00
583 1.174733e+00 1.700994e+00
584 1.164427e+00 1.685099e+00
585 1.180460e+00 1.675909e+00
586 1.187622e+00 1.673439e+00
587 1.207603e+00 1.691803e+00
588 1.205572e+00 1.691230e+00
589 1.158944e+00 1.652941e+00
590 1.165542e+00 1.649798e+00
591 1.130769e+00 1.669450e+00
592 1.131026e+00 1.670471e+00
593 1.133620e+00 1.669462e+00
594 1.128357e+00 1.666018e+00
595 1.133564e+00 1.665733e+00
596 1.073765e+00 1.679139e+00
597 1.074136e+00 1.680424e+00
598 1.059966e+00 1.678239e+00
599 1.057415e+00 1.678123e+00
600 1.051189e+00 1.671884e+00
601 1.110577e+00 1.613683e+00
602 1.130324e+00 1.612201e+00
603 1.130145e+00 1.612617e+00
604 1.125523e+00 1.613906e+00
605 1.136218e+00 1.614099e+00
606 1.085515e+00 1.677275e+00
607 1.091696e+00 1.681488e+00
608 1.146481e+00 1.683910e+00
609 1.145803e+00 1.688298e+00
610 1.113534e+00 1.709652e+00
611 1.118200e+00 1.710938e+00
612 1.116153e+00 1.714902e+00
613 1.120162e+00 1.720386e+00
614 1.134912e+00 1.711934e+00
615 1.107109e+00 1.706998e+00
616 1.100884e+00 1.672196e+00
617 1.097485e+00 1.670702e+00
618 1.097328e+00 1.672921e+00
619 1.088648e+00 1.674041e+00
620 1.121907e+00 1.728793e+00
621 1.113740e+00 1.731596e+00
622 1.057009e+00 1.694442e+00
623 1.070943e+00 1.699039e+00
624 1.068886e+00 1.695574e+00
625 1.066625e+00 1.696664e+00
626 1.085434e+00 1.698491e+00
627 1.056687e+00 1.701763e+00
628 1.067860e+00 1.703288e+00
629 1.068066e+00 1.703237e+00
630 1.067362e+00 1.702254e+00
631 1.060104e+00 1.704094e+00
632 1.060726e+00 1.704270e+00
633 1.061788e+00 1.773479e+00
634 1.062013e+00 1.772973e+00
635 1.056310e+00 1.758956e+00
636 1.037154e+00 1.754983e+00
637 1.055087e+00 1.896916e+00
638 1.044386e+00 1.883685e+00
639 1.046144e+00 1.879982e+00
640 1.034887e+00 1.873046e+00
641 1.035303e+00 1.884039e+00
642 1.003125e+00 1.958194e+00
643 9.866406e-01 1.969054e+00
644 9.808105e-01 1.969272e+00
645 9.813399e-01 1.961278e+00
646 9.875551e-01 1.946335e+00
647 1.032789e+00 1.943790e+00
648 1.031626e+00 1.945724e+00
649 1.058177e+00 1.960760e+00
650 1.026669e+00 1.984361e+00
651 1.037186e+00 1.987083e+00
652 1.037059e+00 1.986471e+00
653 1.038757e+00 1.970311e+00
654 1.036499e+00 1.971887e+00
655 1.051958e+00 1.969859e+00
656 1.049827e+00 1.970939e+00
657 1.082369e+00 1.976103e+00
658 1.088276e+00 1.960458e+00
659 1.095000e+00 1.973317e+00
660 1.086547e+00 1.958782e+00
661 1.041634e+00 2.048954e+00
662 1.058545e+00 2.036218e+00
663 1.036409e+00 2.061718e+00
664 1.015717e+00 2.057959e+00
665 1.036375e+00 2.051947e+00
666 1.058329e+00 2.029152e+00
667 1.052188e+00 2.005040e+00
668 1.044219e+00 1.989461e+00
669 1.038055e+00 1.994479e+00
670 1.035124e+00 1.992503e+00
671 9.956615e-01 2.123514e+00
672 1.000008e+00 2.118258e+00
673 1.010899e+00 2.095712e+00
674 1.011296e+00 2.094750e+00
675 1.005693e+00 2.082589e+00
676 1.012641e+00 2.044144e+00
677 9.890518e-01 2.062399e+00
678 1.011278e+00 2.076086e+00
679 1.019209e+00 2.062906e+00
680 1.030834e+00 2.054822e+00
681 1.013760e+00 2.081911e+00
682 1.006310e+00 2.091431e+00
683 1.000320e+00 2.086941e+00
684 9.970037e-01 2.088172e+00
685 9.886790e-01 2.111367e+00
686 9.856822e-01 2.111282e+00
687 9.617065e-01 2.089579e+00
688 9.568177e-01 2.119059e+00
689 9.595692e-01 2.119002e+00
690 9.586082e-01 2.118040e+00
691 9.338267e-01 2.115345e+00
692 9.336470e-01 2.113944e+00
693 9.245045e-01 2.120342e+00
694 9.243404e-01 2.120222e+00
695 9.325912e-01 2.126844e+00
696 9.206678e-01 2.136898e+00
697 9.206079e-01 2.136735e+00
698 9.143789e-01 2.135648e+00
699 9.461124e-01 2.158235e+00
700 9.416830e-01 2.149789e+00
701 9.468800e-01 2.161813e+00
702 9.520430e-01 2.163807e+00
703 9.561791e-01 2.162806e+00
704 9.577676e-01 2.158533e+00
705 9.564643e-01 2.157826e+00
706 9.657535e-01 2.165940e+00
707 9.633208e-01 2.166939e+00
708 9.796328e-01 2.158154e+00
709 1.001027e+00 2.170623e+00
710 9.914271e-01 2.164198e+00
711 9.954388e-01 2.185168e+00
712 9.511485e-01 2.190073e+00
713 9.659538e-01 2.178455e+00
714 9.654875e-01 2.177924e+00
715 9.306608e-01 2.201347e+00
716 9.500910e-01 2.188821e+00
717 1.005085e+00 2.173136e+00
718 9.979230e-01 2.151010e+00
719 9.870346e-01 2.165075e+00
720 9.860346e-01 2.184983e+00
721 9.915796e-01 2.180997e+00
722 9.906411e-01 2.194479e+00
723 9.871799e-01 2.182661e+00
724 1.028728e+00 2.215379e+00
725 9.433030e-01 2.202713e+00
726 9.637496e-01 2.231070e+00
727 9.617327e-01 2.232002e+00
728 9.601305e-01 2.236381e+00
729 9.621641e-01 2.242820e+00
730 9.614364e-01 2.240859e+00
731 9.633619e-01 2.240879e+00
732 9.881191e-01 2.266822e+00
733 9.899619e-01 2.275493e+00
734 9.882902e-01 2.274440e+00
735 9.927000e-01 2.269560e+00
736 9.625292e-01 2.287388e+00
737 9.830747e-01 2.290032e+00
738 9.903096e-01 2.298764e+00
739 9.906800e-01 2.294465e+00
740 9.902963e-01 2.288230e+00
741 1.027826e+00 2.315659e+00
742 1.041122e+00 2.286397e+00
743 1.036693e+00 2.284589e+00
744 1.034836e+00 2.293350e+00
745 1.033880e+00 2.303247e+00
746 1.013719e+00 2.324265e+00
747 1.009971e+00 2.316759e+00
748 1.014328e+00 2.317752e+00
749 1.016926e+00 2.313243e+00
750 1.009747e+00 2.306606e+00
751 1.007782e+00 2.308244e+00
752 1.012793e+00 2.339184e+00
753 9.904773e-01 2.349591e+00
754 9.916552e-01 2.347752e+00
755 9.976821e-01 2.311010e+00
756 9.709052e-01 2.353552e+00
757 9.822383e-01 2.337179e+00
758 9.824120e-01 2.338092e+00
759 9.688335e-01 2.370344e+00
760 9.717953e-01 2.369454e+00
761 9.694961e-01 2.365704e+00
762 9.767569e-01 2.369440e+00
763 9.665428e-01 2.350178e+00
764 9.567629e-01 2.342768e+00
765 9.743384e-01 2.384532e+00
766 9.731989e-01 2.357084e+00
767 9.538625e-01 2.337760e+00
768 9.538110e-01 2.337825e+00
769 9.529849e-01 2.337547e+00
770 9.694564e-01 2.308581e+00
771 9.655755e-01 2.308757e+00
772 9.539203e-01 2.327259e+00
773 9.528771e-01 2.322966e+00
774 9.536487e-01 2.331268e+00
775 9.581764e-01 2.333089e+00
776 9.483642e-01 2.339409e+00
777 9.305720e-01 2.342945e+00
778 9.290867e-01 2.335548e+00
779 8.508637e-01 2.376328e+00
780 8.492231e-01 2.377969e+00
781 7.934862e-01 2.345431e+00
782 7.950194e-01 2.347057e+00
783 8.055225e-01 2.316806e+00
784 7.777613e-01 2.279785e+00
785 7.539628e-01 2.278302e+00
786 7.534238e-01 2.283120e+00
787 7.843564e-01 2.279405e+00
788 8.152667e-01 2.271473e+00
789 8.155168e-01 2.281073e+00
790 8.185853e-01 2.323630e+00
791 7.878305e-01 2.296342e+00
792 7.944318e-01 2.288702e+00
793 7.755240e-01 2.309176e+00
794 7.725336e-01 2.302370e+00
795 7.037257e-01 2.359824e+00
796 7.128328e-01 2.360875e+00
797 7.125454e-01 2.361404e+00
798 6.958203e-01 2.345943e+00
799 6.797335e-01 2.331030e+00
800 6.812757e-01 2.330158e+00
801 6.782953e-01 2.320811e+00
802 6.759694e-01 2.302177e+00
803 6.697709e-01 2.285422e+00
804 6.648292e-01 2.282999e+00
805 6.742907e-01 2.303541e+00
806 6.830164e-01 2.298169e+00
807 6.673438e-01 2.301894e+00
808 6.677444e-01 2.301340e+00
809 6.690611e-01 2.297137e+00
810 6.674215e-01 2.297325e+00
811 6.509681e-01 2.298510e+00
812 6.194368e-01 2.264313e+00
813 6.260097e-01 2.262280e+00
814 6.270248e-01 2.262329e+00
815 6.310348e-01 2.259133e+00
816 6.177309e-01 2.233557e+00
817 5.890063e-01 2.199614e+00
818 5.911898e-01 2.198435e+00
819 5.747026e-01 2.212053e+00
820 5.807245e-01 2.214992e+00
821 5.458537e-01 2.229989e+00
822 5.584926e-01 2.242099e+00
823 5.607691e-01 2.241689e+00
824 5.188490e-01 2.229642e+00
825 4.879936e-01 2.198984e+00
826 4.832890e-01 2.195908e+00
827 4.753655e-01 2.187437e+00
828 4.568727e-01 2.238638e+00
829 4.652412e-01 2.244805e+00
830 4.612191e-01 2.239575e+00
831 4.590214e-01 2.240219e+00
832 4.801848e-01 2.286434e+00
833 4.778700e-01 2.285016e+00
834 4.796960e-01 2.277777e+00
835 4.153761e-01 2.322505e+00
836 4.156381e-01 2.311569e+00
837 4.315775e-01 2.313234e+00
838 4.276354e-01 2.318111e+00
839 4.420895e-01 2.325617e+00
840 4.417835e-01 2.323679e+00
841 4.564261e-01 2.305611e+00
842 4.606339e-01 2.305724e+00
843 4.671329e-01 2.295759e+00
844 4.632766e-01 2.297352e+00
845 4.589651e-01 2.294549e+00
846 4.692927e-01 2.279982e+00
847 4.688899e-01 2.212804e+00
848 4.460253e-01 2.223801e+00
849 4.344990e-01 2.224891e+00
850 4.121968e-01 2.208428e+00
851 4.126566e-01 2.189921e+00
852 4.238473e-01 2.218713e+00
853 4.158738e-01 2.230688e+00
854 4.165219e-01 2.292366e+00
855 4.626209e-01 2.271086e+00
856 4.701882e-01 2.260827e+00
857 4.998627e-01 2.240600e+00
858 5.175393e-01 2.234219e+00
859 4.730261e-01 2.235447e+00
860 4.715379e-01 2.239672e+00
861 4.989538e-01 2.265275e+00
862 4.981980e-01 2.264509e+00
863 4.951537e-01 2.259394e+00
864 4.763482e-01 2.264742e+00
865 4.652349e-01 2.250930e+00
866 4.158055e-01 2.265857e+00
867 4.002806e-01 2.252430e+00
868 3.823092e-01 2.235480e+00
869 3.488252e-01 2.241172e+00
870 3.476647e-01 2.239955e+00
871 3.555786e-01 2.241929e+00
872 3.558758e-01 2.240295e+00
873 3.753308e-01 2.212101e+00
874 3.737163e-01 2.217261e+00
875 3.856200e-01 2.230199e+00
876 3.761046e-01 2.239301e+00
877 3.845822e-01 2.248359e+00
878 3.888065e-01 2.285978e+00
879 3.896403e-01 2.286469e+00
880 3.631558e-01 2.273176e+00
881 3.581210e-01 2.221313e+00
882 3.576789e-01 2.218469e+00
883 3.401594e-01 2.203239e+00
884 3.212705e-01 2.238339e+00
885 3.195976e-01 2.211651e+00
886 3.122948e-01 2.193633e+00
887 2.845940e-01 2.231856e+00
888 2.618012e-01 2.215084e+00
889 2.613795e-01 2.220654e+00
890 2.624542e-01 2.225938e+00
891 2.622885e-01 2.226093e+00
892 2.629432e-01 2.225694e+00
893 2.529861e-01 2.239182e+00
894 2.695024e-01 2.241669e+00
895 2.656676e-01 2.235437e+00
896 2.669162e-01 2.235087e+00
897 2.609304e-01 2.231959e+00
898 2.902868e-01 2.227396e+00
899 2.880748e-01 2.227319e+00
900 2.735768e-01 2.223207e+00
901 2.664002e-01 2.243369e+00
902 2.610128e-01 2.232312e+00
903 2.795613e-01 2.200925e+00
904 2.817865e-01 2.203003e+00
905 2.837242e-01 2.204127e+00
906 2.577764e-01 2.216309e+00
907 2.550641e-01 2.216644e+00
908 2.524240e-01 2.243326e+00
909 1.820123e-01 2.250952e+00
910 1.823473e-01 2.251365e+00
911 1.802216e-01 2.256273e+00
912 1.899921e-01 2.264611e+00
913 1.905276e-01 2.265768e+00
914 1.930042e-01 2.250447e+00
915 1.798678e-01 2.229002e+00
916 1.739156e-01 2.239550e+00
917 1.864001e-01 2.250134e+00
918 1.859289e-01 2.249113e+00
919 1.936139e-01 2.250657e+00
920 1.728758e-01 2.258374e+00
921 1.739156e-01 2.258266e+00
922 1.733294e-01 2.254229e+00
923 1.789886e-01 2.249951e+00
924 1.778962e-01 2.250033e+00
925 1.751255e-01 2.249128e+00
926 1.713810e-01 2.249021e+00
927 1.731642e-01 2.248395e+00
928 1.729545e-01 2.245804e+00
929 1.057662e-01 2.194819e+00
930 1.069117e-01 2.194744e+00
931 1.151486e-01 2.191232e+00
932 1.500713e-01 2.189733e+00
933 1.514583e-01 2.171897e+00
934 1.984525e-01 2.159904e+00
935 2.200547e-01 2.168632e+00
936 2.203031e-01 2.169802e+00
937 2.206928e-01 2.168611e+00
938 2.283886e-01 2.179763e+00
939 1.884812e-01 2.170994e+00
940 1.779374e-01 2.153910e+00
941 1.706820e-01 2.158196e+00
942 1.612763e-01 2.149009e+00
943 1.617592e-01 2.148587e+00
944 1.471363e-01 2.154034e+00
945 1.492801e-01 2.155083e+00
946 1.599681e-01 2.154616e+00
947 1.362043e-01 2.185666e+00
948 9.958368e-02 2.192971e+00
949 1.007142e-01 2.188471e+00
950 9.554801e-02 2.194696e+00
951 9.035816e-02 2.189816e+00
952 1.190694e-01 2.185685e+00
953 1.170129e-01 2.185701e+00
954 1.105494e-01 2.191371e+00
955 1.511617e-01 2.204406e+00
956 1.453463e-01 2.204669e+00
957 1.492562e-01 2.203321e+00
958 1.474768e-01 2.191609e+00
959 1.354550e-01 2.187308e+00
960 1.519142e-01 2.169641e+00
961 1.633720e-01 2.161854e+00
962 1.619134e-01 2.164429e+00
963 1.795041e-01 2.197054e+00
964 1.798422e-01 2.207580e+00
965 1.853733e-01 2.199859e+00
966 1.704194e-01 2.268038e+00
967 1.447328e-01 2.277566e+00
968 1.785854e-01 2.319261e+00
969 1.808100e-01 2.323017e+00
970 1.830532e-01 2.315262e+00
971 1.837375e-01 2.304742e+00
972 1.734427e-01 2.289424e+00
973 1.473191e-01 2.322327e+00
974 1.426678e-01 2.306179e+00
975 1.497399e-01 2.296803e+00
976 1.469860e-01 2.291916e+00
977 1.465128e-01 2.290241e+00
978 1.459798e-01 2.291268e+00
979 1.556937e-01 2.182431e+00
980 1.547083e-01 2.192440e+00
981 1.505567e-01 2.201131e+00
982 1.483423e-01 2.179420e+00
983 1.466300e-01 2.150573e+00
984 1.518659e-01 2.155482e+00
985 1.382587e-01 2.152321e+00
986 1.303455e-01 2.118210e+00
987 1.296994e-01 2.117265e+00
988 1.202910e-01 2.124405e+00
989 1.372487e-01 2.164937e+00
990 1.295640e-01 2.172352e+00
991 1.310829e-01 2.159417e+00
992 1.399827e-01 2.150415e+00
993 1.363452e-01 2.155124e+00
994 1.505494e-01 2.167140e+00
995 1.529413e-01 2.164734e+00
996 1.523176e-01 2.165633e+00
997 1.612792e-01 2.145604e+00
998 1.628086e-01 2.144695e+00
999 1.719874e-01 2.151723e+00
1000 1.902311e-01 2.159081e+00
1001 1.636889e-01 2.147051e+00
1002 1.621728e-01 2.148412e+00
1003 1.634804e-01 2.148360e+00
1004 1.781198e-01 2.135546e+00
1005 1.676706e-01 2.137850e+00
1006 1.632907e-01 2.136055e+00
1007 1.600347e-01 2.122919e+00
1008 1.690300e-01 2.134924e+00
1009 1.659436e-01 2.155736e+00
1010 1.653673e-01 2.155154e+00
1011 1.548552e-01 2.121880e+00
1012 1.547908e-01 2.121837e+00
1013 1.601076e-01 2.125769e+00
1014 1.781609e-01 2.114471e+00
1015 1.754946e-01 2.116650e+00
1016 1.753416e-01 2.115712e+00
1017 1.455528e-01 2.109753e+00
1018 1.459262e-01 2.110019e+00
1019 1.630637e-01 2.111729e+00
1020 1.678681e-01 2.102361e+00
1021 1.645164e-01 2.101985e+00
1022 1.514736e-01 2.104327e+00
1023 1.552560e-01 2.106012e+00
1024 1.478014e-01 2.111297e+00
1025 1.293473e-01 2.113011e+00
1026 1.306863e-01 2.113291e+00
1027 1.220911e-01 2.126962e+00
1028 1.181763e-01 2.134298e+00
1029 1.270292e-01 2.129505e+00
1030 1.327040e-01 2.126580e+00
1031 1.643548e-01 2.143260e+00
1032 2.267574e-01 2.135968e+00
1033 2.303066e-01 2.141062e+00
1034 2.303291e-01 2.141068e+00
1035 2.316412e-01 2.156393e+00
1036 2.423076e-01 2.131329e+00
1037 2.916841e-01 2.111633e+00
1038 2.965513e-01 2.109243e+00
1039 2.841153e-01 2.111256e+00
1040 2.691028e-01 2.152948e+00
1041 3.048297e-01 2.142258e+00
1042 3.131645e-01 2.147674e+00
1043 3.362231e-01 2.157841e+00
1044 3.444000e-01 2.158241e+00
1045 3.446543e-01 2.167657e+00
1046 3.376741e-01 2.163850e+00
1047 3.013248e-01 2.142709e+00
1048 2.656306e-01 2.154851e+00
1049 2.604591e-01 2.179428e+00
1050 2.558485e-01 2.193361e+00
1051 2.696726e-01 2.173230e+00
1052 3.001177e-01 2.165422e+00
1053 3.025259e-01 2.184043e+00
1054 3.053202e-01 2.181464e+00
1055 3.010763e-01 2.189289e+00
1056 3.214113e-01 2.222977e+00
1057 3.113306e-01 2.184530e+00
1058 3.345202e-01 2.179348e+00
1059 3.382532e-01 2.178780e+00
1060 3.351438e-01 2.173649e+00
1061 2.833386e-01 2.202782e+00
1062 2.874632e-01 2.189312e+00
1063 2.982003e-01 2.194924e+00
1064 2.970784e-01 2.174911e+00
1065 2.791820e-01 2.161642e+00
1066 2.434305e-01 2.133720e+00
1067 2.411176e-01 2.125762e+00
1068 2.409469e-01 2.135338e+00
1069 2.050729e-01 2.114921e+00
1070 2.060139e-01 2.102566e+00
1071 2.653599e-01 2.103623e+00
1072 2.652221e-01 2.103312e+00
1073 2.644024e-01 2.116490e+00
1074 2.784782e-01 2.113712e+00
1075 2.711449e-01 2.115487e+00
1076 2.561939e-01 2.143046e+00
1077 2.447007e-01 2.089717e+00
1078 2.400149e-01 2.045925e+00
1079 2.409813e-01 2.058738e+00
1080 2.818910e-01 2.015375e+00
1081 3.287895e-01 1.959391e+00
1082 3.338000e-01 1.982030e+00
1083 2.445170e-01 2.017976e+00
1084 2.562430e-01 2.045719e+00
1085 2.523995e-01 2.051611e+00
1086 2.631320e-01 2.063440e+00
1087 2.540223e-01 2.097498e+00
1088 2.979128e-01 2.134351e+00
1089 2.986357e-01 2.131407e+00
1090 3.001240e-01 2.116031e+00
1091 3.002131e-01 2.116058e+00
1092 3.161813e-01 2.114314e+00
1093 3.166463e-01 2.113333e+00
1094 3.090558e-01 2.151028e+00
1095 2.691009e-01 2.148091e+00
1096 2.678893e-01 2.206703e+00
1097 2.739321e-01 2.216444e+00
1098 2.680601e-01 2.215323e+00
1099 3.104480e-01 2.259361e+00
1100 3.158404e-01 2.265620e+00
1101 3.114411e-01 2.261746e+00
1102 3.185679e-01 2.274233e+00
1103 3.044246e-01 2.266055e+00
1104 3.043897e-01 2.269274e+00
1105 2.985638e-01 2.262857e+00
1106 2.602548e-01 2.264210e+00
1107 3.025021e-01 2.279889e+00
1108 2.973401e-01 2.280325e+00
1109 2.950119e-01 2.273434e+00
1110 2.916160e-01 2.268805e+00
1111 2.838144e-01 2.285387e+00
1112 2.845028e-01 2.284579e+00
1113 2.856195e-01 2.271391e+00
1114 2.861949e-01 2.270842e+00
1115 3.151796e-01 2.290632e+00
1116 3.287483e-01 2.290151e+00
1117 3.255740e-01 2.289259e+00
1118 3.144214e-01 2.293378e+00
1119 3.144584e-01 2.313518e+00
1120 3.443129e-01 2.281031e+00
1121 3.032939e-01 2.266693e+00
1122 2.937181e-01 2.279989e+00
1123 2.819040e-01 2.263637e+00
1124 3.143616e-01 2.270798e+00
1125 3.055736e-01 2.277809e+00
1126 2.959167e-01 2.278335e+00
1127 2.979738e-01 2.194732e+00
1128 3.027875e-01 2.194731e+00
1129 3.077551e-01 2.192496e+00
1130 3.591799e-01 2.193289e+00
1131 3.516098e-01 2.219777e+00
1132 3.340137e-01 2.214243e+00
1133 3.331887e-01 2.201040e+00
1134 3.229682e-01 2.197674e+00
1135 3.236824e-01 2.184809e+00
1136 3.284342e-01 2.183542e+00
1137 3.277745e-01 2.186448e+00
1138 3.347607e-01 2.191034e+00
1139 3.300715e-01 2.179260e+00
1140 3.209590e-01 2.172509e+00
1141 3.292772e-01 2.226586e+00
1142 3.343640e-01 2.231180e+00
1143 3.365936e-01 2.255837e+00
1144 3.374251e-01 2.258562e+00
1145 3.302978e-01 2.272787e+00
1146 3.291198e-01 2.264057e+00
1147 3.359055e-01 2.238891e+00
1148 3.383894e-01 2.241458e+00
1149 3.349509e-01 2.244696e+00
1150 3.457652e-01 2.245682e+00
1151 3.939100e-01 2.249552e+00
1152 3.697984e-01 2.264658e+00
1153 3.728991e-01 2.261537e+00
1154 3.845366e-01 2.262431e+00
1155 4.089011e-01 2.256076e+00
1156 4.150909e-01 2.251417e+00
1157 4.188049e-01 2.248966e+00
1158 4.169407e-01 2.280836e+00
1159 4.149054e-01 2.277885e+00
1160 4.252355e-01 2.211801e+00
1161 4.149713e-01 2.219574e+00
1162 4.060817e-01 2.234339e+00
1163 4.184574e-01 2.217410e+00
1164 4.591978e-01 2.215467e+00
1165 3.959390e-01 2.233613e+00
1166 4.463126e-01 2.246473e+00
1167 4.266120e-01 2.259655e+00
1168 4.017285e-01 2.253339e+00
1169 4.009756e-01 2.255690e+00
1170 4.080532e-01 2.241118e+00
1171 4.098294e-01 2.261366e+00
1172 4.060263e-01 2.268853e+00
1173 4.091264e-01 2.270037e+00
1174 4.459334e-01 2.247797e+00
1175 4.319960e-01 2.250289e+00
1176 4.317953e-01 2.250357e+00
1177 4.145990e-01 2.268996e+00
1178 4.263878e-01 2.279106e+00
1179 4.339734e-01 2.285126e+00
1180 4.345571e-01 2.285063e+00
1181 4.284640e-01 2.269235e+00
1182 4.179349e-01 2.264483e+00
1183 4.292722e-01 2.273629e+00
1184 4.499929e-01 2.273381e+00
1185 4.807834e-01 2.244254e+00
1186 4.837746e-01 2.244259e+00
1187 4.825031e-01 2.240057e+00
1188 4.620852e-01 2.247952e+00
1189 4.617185e-01 2.247499e+00
1190 4.594113e-01 2.212224e+00
1191 4.593508e-01 2.212384e+00
1192 4.399545e-01 2.173966e+00
1193 4.442104e-01 2.187380e+00
1194 3.678040e-01 2.129787e+00
1195 3.583256e-01 2.143005e+00
1196 3.898673e-01 2.125564e+00
1197 3.818332e-01 2.118245e+00
1198 3.928180e-01 2.133174e+00
1199 3.935504e-01 2.133498e+00
1200 3.856430e-01 2.129627e+00
1201 4.023680e-01 2.126110e+00
1202 4.210354e-01 2.135192e+00
1203 4.219965e-01 2.139438e+00
1204 4.216669e-01 2.139608e+00
1205 4.296660e-01 2.117536e+00
1206 4.085041e-01 2.113099e+00
1207 4.054353e-01 2.113331e+00
1208 4.259269e-01 2.119868e+00
1209 4.335110e-01 2.127311e+00
1210 4.384544e-01 2.128825e+00
1211 4.293494e-01 2.136229e+00
1212 4.226445e-01 2.254429e+00
1213 4.218331e-01 2.256742e+00
1214 4.277265e-01 2.263626e+00
1215 4.287967e-01 2.274807e+00
1216 4.149946e-01 2.293187e+00
1217 4.097938e-01 2.295847e+00
1218 4.079507e-01 2.299099e+00
1219 4.139895e-01 2.294990e+00
1220 4.152430e-01 2.295317e+00
1221 4.147669e-01 2.294795e+00
1222 4.141379e-01 2.304571e+00
1223 4.681188e-01 2.331427e+00
1224 4.600357e-01 2.342720e+00
1225 4.677623e-01 2.362175e+00
1226 4.675546e-01 2.362155e+00
1227 4.540021e-01 2.358119e+00
1228 4.489567e-01 2.358055e+00
1229 4.451244e-01 2.494965e+00
1230 4.377529e-01 2.475049e+00
1231 3.875368e-01 2.467731e+00
1232 3.894985e-01 2.458302e+00
1233 3.894518e-01 2.458341e+00
1234 3.891393e-01 2.458324e+00
1235 3.812461e-01 2.447648e+00
1236 3.746911e-01 2.441428e+00
1237 3.525301e-01 2.503607e+00
1238 3.604038e-01 2.516513e+00
1239 3.626185e-01 2.513755e+00
1240 3.614415e-01 2.507482e+00
1241 3.567909e-01 2.512323e+00
1242 3.573066e-01 2.515663e+00
1243 3.577616e-01 2.516889e+00
1244 3.584861e-01 2.515979e+00
1245 4.227140e-01 2.501097e+00
1246 4.250180e-01 2.503027e+00
1247 4.654578e-01 2.494925e+00
1248 4.924908e-01 2.512375e+00
1249 5.023072e-01 2.489658e+00
1250 5.177351e-01 2.473231e+00
1251 5.220642e-01 2.468386e+00
1252 5.096913e-01 2.465593e+00
1253 5.149608e-01 2.475743e+00
1254 5.043721e-01 2.481097e+00
1255 5.133838e-01 2.466525e+00
1256 4.936049e-01 2.468801e+00
1257 4.732104e-01 2.420162e+00
1258 4.669038e-01 2.417572e+00
1259 4.840706e-01 2.411903e+00
1260 4.746474e-01 2.397681e+00
1261 4.731490e-01 2.396089e+00
1262 4.864330e-01 2.392199e+00
1263 4.608562e-01 2.364276e+00
1264 4.372300e-01 2.347338e+00
1265 4.370409e-01 2.347774e+00
1266 4.335218e-01 2.374537e+00
1267 4.397158e-01 2.387061e+00
1268 4.315763e-01 2.370736e+00
1269 4.316319e-01 2.372664e+00
1270 4.816852e-01 2.341920e+00
1271 4.792235e-01 2.338025e+00
1272 4.809035e-01 2.338665e+00
1273 4.864554e-01 2.332037e+00
1274 4.853784e-01 2.338219e+00
1275 4.892618e-01 2.336390e+00
1276 5.004076e-01 2.338453e+00
1277 4.771855e-01 2.334025e+00
1278 4.495694e-01 2.330925e+00
1279 4.485527e-01 2.326396e+00
1280 4.444645e-01 2.329125e+00
1281 4.445248e-01 2.328692e+00
1282 4.415039e-01 2.324983e+00
1283 4.122980e-01 2.345594e+00
1284 4.019241e-01 2.349478e+00
1285 3.472236e-01 2.323709e+00
1286 3.237704e-01 2.328389e+00
1287 3.008714e-01 2.323429e+00
1288 2.849406e-01 2.318718e+00
1289 3.013668e-01 2.321587e+00
1290 2.778780e-01 2.340705e+00
1291 2.626313e-01 2.327175e+00
1292 2.496583e-01 2.354257e+00
1293 1.766778e-01 2.327349e+00
1294 1.787188e-01 2.328728e+00
1295 1.595426e-01 2.342691e+00
1296 1.605667e-01 2.342424e+00
1297 1.606182e-01 2.343931e+00
1298 1.368119e-01 2.357678e+00
1299 1.129705e-01 2.372152e+00
1300 1.113247e-01 2.359166e+00
1301 1.333536e-01 2.365841e+00
1302 1.203243e-01 2.417283e+00
1303 1.290595e-01 2.425753e+00
1304 8.428482e-02 2.455415e+00
1305 1.211639e-01 2.445962e+00
1306 1.181237e-01 2.463442e+00
1307 1.252915e-01 2.445300e+00
1308 1.277212e-01 2.431668e+00
1309 1.215607e-01 2.435570e+00
1310 7.241221e-02 2.412683e+00
1311 8.665345e-02 2.404114e+00
1312 1.112714e-01 2.403424e+00
1313 1.055946e-01 2.395004e+00
1314 9.944184e-02 2.398956e+00
1315 9.448461e-02 2.408226e+00
1316 7.611480e-02 2.418203e+00
1317 1.172271e-01 2.465437e+00
1318 1.496863e-01 2.423258e+00
1319 1.523857e-01 2.421424e+00
1320 1.524315e-01 2.421244e+00
1321 1.496470e-01 2.425551e+00
1322 8.257411e-02 2.450225e+00
1323 8.830419e-02 2.467523e+00
1324 9.700059e-02 2.466190e+00
1325 9.813861e-02 2.465888e+00
1326 9.918027e-02 2.463743e+00
1327 8.992120e-02 2.485725e+00
1328 3.142752e-02 2.550639e+00
1329 3.498366e-02 2.514821e+00
1330 1.565655e-02 2.496648e+00
1331 -1.972062e-02 2.483388e+00
