0 1.147565e+00 3.229180e-01
1 1.145768e+00 3.225201e-01
2 1.146953e+00 3.237588e-01
3 1.119549e+00 3.108536e-01
4 1.118510e+00 3.057969e-01
5 1.129310e+00 3.059325e-01
6 1.099523e+00 2.945767e-01
7 1.099486e+00 2.946153e-01
8 1.095506e+00 2.952482e-01
9 1.150721e+00 2.107577e-01
10 1.149664e+00 2.022743e-01
11 1.157927e+00 2.052165e-01
12 1.150398e+00 2.180541e-01
13 1.155450e+00 2.232013e-01
14 1.174186e+00 2.276553e-01
15 1.197560e+00 2.223354e-01
16 1.195699e+00 2.230339e-01
17 1.214926e+00 2.192080e-01
18 1.213081e+00 2.178396e-01
19 1.211617e+00 2.176145e-01
20 1.208154e+00 2.387279e-01
21 1.208073e+00 2.380948e-01
22 1.204950e+00 2.200788e-01
23 1.206292e+00 2.193555e-01
24 1.196286e+00 2.305622e-01
25 1.196160e+00 2.289784e-01
26 1.205098e+00 2.018427e-01
27 1.222230e+00 2.018776e-01
28 1.188837e+00 1.917612e-01
29 1.210996e+00 2.256948e-01
30 1.202364e+00 2.709035e-01
31 1.193920e+00 2.398387e-01
32 1.142820e+00 2.186374e-01
33 1.145356e+00 2.196085e-01
34 1.145278e+00 2.195588e-01
35 1.159270e+00 2.157205e-01
36 1.169219e+00 2.225211e-01
37 1.168064e+00 2.213830e-01
38 1.166756e+00 2.280199e-01
39 1.153246e+00 2.436242e-01
40 1.153243e+00 2.434356e-01
41 1.172758e+00 2.391158e-01
42 1.155208e+00 2.336343e-01
43 1.205806e+00 1.911832e-01
44 1.203830e+00 1.995782e-01
45 1.208938e+00 1.973036e-01
46 1.214324e+00 2.035535e-01
47 1.246454e+00 2.232717e-01
48 1.239564e+00 2.234280e-01
49 1.241603e+00 2.217810e-01
50 1.256422e+00 2.447873e-01
51 1.256227e+00 2.455306e-01
52 1.252565e+00 2.522485e-01
53 1.250628e+00 2.528633e-01
54 1.250408e+00 2.517201e-01
55 1.251995e+00 2.423950e-01
56 1.250306e+00 2.403364e-01
57 1.250335e+00 2.299137e-01
58 1.245041e+00 2.359467e-01
59 1.243276e+00 2.310897e-01
60 1.236152e+00 2.129438e-01
61 1.236514e+00 2.129431e-01
62 1.234525e+00 2.281128e-01
63 1.229027e+00 2.678304e-01
64 1.232784e+00 2.428025e-01
65 1.216752e+00 2.244779e-01
66 1.217349e+00 2.222921e-01
67 1.203429e+00 2.082667e-01
68 1.206889e+00 1.922502e-01
69 1.204829e+00 1.900007e-01
70 1.203872e+00 1.903695e-01
71 1.186778e+00 2.311026e-01
72 1.183950e+00 2.845798e-01
73 1.188440e+00 3.039445e-01
74 1.179168e+00 2.935511e-01
75 1.178008e+00 2.924506e-01
76 1.177250e+00 2.926063e-01
77 1.152656e+00 2.976637e-01
78 1.128501e+00 2.868795e-01
79 1.081732e+00 2.983856e-01
80 1.080071e+00 2.994722e-01
81 1.080719e+00 3.000641e-01
82 1.065681e+00 3.110203e-01
83 1.042722e+00 2.633929e-01
84 1.073344e+00 2.982283e-01
85 1.076373e+00 2.989639e-01
86 1.052741e+00 2.963032e-01
87 9.701233e-01 3.031280e-01
88 9.685980e-01 2.487933e-01
89 9.831309e-01 2.399414e-01
90 1.001163e+00 2.420409e-01
91 1.009317e+00 1.885063e-01
92 9.993426e-01 1.928724e-01
93 1.019213e+00 1.543952e-01
94 1.018524e+00 1.488212e-01
95 1.021148e+00 1.484756e-01
96 1.009777e+00 1.479988e-01
97 1.001319e+00 1.507997e-01
98 1.019822e+00 1.516619e-01
99 1.014763e+00 1.628378e-01
100 1.017599e+00 1.608318e-01
101 1.019664e+00 1.601328e-01
102 1.018642e+00 1.779796e-01
103 1.035447e+00 2.174617e-01
104 1.036547e+00 2.130266e-01
105 1.033045e+00 2.068724e-01
106 1.020921e+00 1.791532e-01
107 1.020615e+00 1.784537e-01
108 1.024445e+00 1.796335e-01
109 1.039221e+00 2.047429e-01
110 1.042605e+00 2.037074e-01
111 1.035152e+00 2.173769e-01
112 1.057894e+00 2.192836e-01
113 1.073761e+00 2.518708e-01
114 1.072631e+00 2.504352e-01
115 1.095892e+00 3.142437e-01
116 1.092953e+00 3.088894e-01
117 1.083891e+00 2.932351e-01
118 1.092983e+00 2.998460e-01
119 1.165333e+00 2.524369e-01
120 1.161285e+00 2.491303e-01
121 1.162455e+00 2.512555e-01
122 1.163866e+00 2.509987e-01
123 1.169153e+00 2.611978e-01
124 1.152193e+00 2.671499e-01
125 1.152001e+00 2.675961e-01
126 1.177827e+00 2.998494e-01
127 1.177475e+00 2.964437e-01
128 1.255548e+00 3.358876e-01
129 1.170648e+00 3.462241e-01
130 1.186776e+00 3.369233e-01
131 1.197906e+00 3.350406e-01
132 1.200641e+00 3.363703e-01
133 1.199906e+00 3.386472e-01
134 1.195766e+00 3.507208e-01
135 1.191465e+00 3.309962e-01
136 1.245571e+00 2.368311e-01
137 1.249330e+00 2.332734e-01
138 1.260449e+00 2.333737e-01
139 1.268514e+00 2.374137e-01
140 1.247430e+00 2.381227e-01
141 1.246552e+00 2.388970e-01
142 1.252969e+00 2.781584e-01
143 1.233856e+00 2.564048e-01
144 1.162590e+00 2.388323e-01
145 1.212354e+00 1.965706e-01
146 1.220482e+00 1.539992e-01
147 1.218206e+00 1.504009e-01
148 1.280581e+00 1.582911e-01
149 1.289459e+00 1.825349e-01
150 1.290530e+00 1.823612e-01
151 1.281977e+00 1.869946e-01
152 1.280452e+00 1.555437e-01
153 1.279882e+00 1.536098e-01
154 1.279127e+00 1.475394e-01
155 1.275895e+00 1.607515e-01
156 1.275280e+00 1.618766e-01
157 1.276839e+00 1.715936e-01
158 1.284271e+00 1.717032e-01
159 1.283883e+00 1.708804e-01
160 1.294834e+00 1.770925e-01
161 1.302362e+00 1.792530e-01
162 1.321039e+00 1.785231e-01
163 1.296217e+00 1.742576e-01
164 1.294643e+00 1.700190e-01
165 1.278467e+00 1.665360e-01
166 1.295442e+00 1.549082e-01
167 1.288507e+00 1.556375e-01
168 1.283545e+00 1.591326e-01
169 1.355252e+00 1.443937e-01
170 1.392926e+00 1.293883e-01
171 1.387763e+00 1.116799e-01
172 1.416775e+00 9.396177e-02
173 1.412522e+00 1.130839e-01
174 1.475084e+00 1.542682e-01
175 1.469560e+00 1.448064e-01
176 1.464839e+00 1.458252e-01
177 1.492711e+00 1.468278e-01
178 1.498635e+00 1.088497e-01
179 1.507995e+00 1.194950e-01
180 1.508574e+00 1.163978e-01
181 1.492416e+00 1.049675e-01
182 1.479745e+00 4.961446e-02
183 1.496402e+00 6.929518e-02
184 1.498106e+00 7.239712e-02
185 1.500151e+00 7.550369e-02
186 1.497439e+00 7.047759e-02
187 1.495479e+00 7.103695e-02
188 1.533154e+00 9.338534e-02
189 1.522648e+00 1.015495e-01
190 1.484441e+00 1.227624e-01
191 1.488465e+00 1.219889e-01
192 1.486824e+00 1.228912e-01
193 1.482636e+00 1.209635e-01
194 1.499311e+00 1.405691e-01
195 1.519349e+00 1.348675e-01
196 1.516490e+00 1.354526e-01
197 1.521271e+00 1.455644e-01
198 1.528076e+00 1.324405e-01
199 1.528191e+00 1.356849e-01
200 1.536451e+00 1.402428e-01
201 1.549465e+00 1.371555e-01
202 1.513810e+00 1.105800e-01
203 1.569460e+00 1.188059e-01
204 1.559330e+00 1.083368e-01
205 1.569603e+00 1.048462e-01
206 1.570941e+00 9.752964e-02
207 1.579433e+00 9.431661e-02
208 1.575930e+00 8.917311e-02
209 1.576428e+00 8.975970e-02
210 1.559052e+00 9.783335e-02
211 1.569874e+00 1.045674e-01
212 1.568027e+00 9.882109e-02
213 1.540075e+00 5.266227e-02
214 1.539883e+00 3.820685e-02
215 1.531883e+00 4.858038e-02
216 1.516244e+00 3.545403e-02
217 1.524112e+00 4.094270e-02
218 1.561601e+00 -4.067086e-03
