0 2.449676e+00 2.691365e+00
1 2.458431e+00 2.736590e+00
2 2.458880e+00 2.737164e+00
3 2.458941e+00 2.737333e+00
4 2.484600e+00 2.748316e+00
5 2.522879e+00 2.756632e+00
6 2.516953e+00 2.760870e+00
7 2.497683e+00 2.808412e+00
8 2.513707e+00 2.802643e+00
9 2.521050e+00 2.720179e+00
10 2.528090e+00 2.719774e+00
11 2.540774e+00 2.707357e+00
12 2.548564e+00 2.694152e+00
13 2.541735e+00 2.694321e+00
14 2.558492e+00 2.688171e+00
15 2.557982e+00 2.681394e+00
16 2.552554e+00 2.701417e+00
17 2.550380e+00 2.710073e+00
18 2.521213e+00 2.680197e+00
19 2.526569e+00 2.685894e+00
20 2.526884e+00 2.688340e+00
21 2.513464e+00 2.673000e+00
22 2.507959e+00 2.641725e+00
23 2.515153e+00 2.638206e+00
24 2.532692e+00 2.637634e+00
25 2.502059e+00 2.640871e+00
26 2.467441e+00 2.622798e+00
27 2.478120e+00 2.632832e+00
28 2.485409e+00 2.639069e+00
29 2.507784e+00 2.648459e+00
30 2.510823e+00 2.628396e+00
31 2.485013e+00 2.642637e+00
32 2.491516e+00 2.626166e+00
33 2.493756e+00 2.620769e+00
34 2.482107e+00 2.644956e+00
35 2.446803e+00 2.646738e+00
36 2.465868e+00 2.661293e+00
37 2.489287e+00 2.662850e+00
38 2.505049e+00 2.649224e+00
39 2.500079e+00 2.643993e+00
40 2.519059e+00 2.636023e+00
41 2.511903e+00 2.644955e+00
42 2.523876e+00 2.655333e+00
43 2.534065e+00 2.634659e+00
44 2.513701e+00 2.626226e+00
45 2.513238e+00 2.625800e+00
46 2.520521e+00 2.638247e+00
47 2.524806e+00 2.641140e+00
48 2.527714e+00 2.645246e+00
49 2.495625e+00 2.613959e+00
50 2.494970e+00 2.616842e+00
51 2.491152e+00 2.612791e+00
52 2.483663e+00 2.620392e+00
53 2.454564e+00 2.650310e+00
54 2.442072e+00 2.666952e+00
55 2.441808e+00 2.663502e+00
56 2.391515e+00 2.654358e+00
57 2.389698e+00 2.635137e+00
58 2.430144e+00 2.674192e+00
59 2.446318e+00 2.662903e+00
60 2.441032e+00 2.653913e+00
61 2.441947e+00 2.659955e+00
62 2.459200e+00 2.669463e+00
63 2.465852e+00 2.718687e+00
64 2.475957e+00 2.718428e+00
65 2.473664e+00 2.713473e+00
66 2.469994e+00 2.710296e+00
67 2.423845e+00 2.748545e+00
68 2.431723e+00 2.735183e+00
69 2.439608e+00 2.753437e+00
70 2.374738e+00 2.748045e+00
71 2.379389e+00 2.734657e+00
72 2.380688e+00 2.758437e+00
73 2.320403e+00 2.756143e+00
74 2.309658e+00 2.740895e+00
75 2.318133e+00 2.746935e+00
76 2.261610e+00 2.741380e+00
77 2.259341e+00 2.742935e+00
78 2.266462e+00 2.745676e+00
79 2.289321e+00 2.771864e+00
80 2.279587e+00 2.733404e+00
81 2.279286e+00 2.733108e+00
82 2.264378e+00 2.733657e+00
83 2.264215e+00 2.722638e+00
84 2.245992e+00 2.744156e+00
85 2.298777e+00 2.768282e+00
86 2.301307e+00 2.769909e+00
87 2.310511e+00 2.777392e+00
88 2.307959e+00 2.767866e+00
89 2.301985e+00 2.759220e+00
90 2.280269e+00 2.752666e+00
91 2.294703e+00 2.768472e+00
92 2.302017e+00 2.728592e+00
93 2.288247e+00 2.718953e+00
94 2.294392e+00 2.713522e+00
95 2.273505e+00 2.702068e+00
96 2.301464e+00 2.665746e+00
97 2.265377e+00 2.679327e+00
98 2.274701e+00 2.652497e+00
99 2.269562e+00 2.647061e+00
100 2.276998e+00 2.646131e+00
101 2.301055e+00 2.640544e+00
102 2.305146e+00 2.651247e+00
103 2.272638e+00 2.652197e+00
104 2.270118e+00 2.654069e+00
105 2.275640e+00 2.666516e+00
106 2.273245e+00 2.666688e+00
107 2.272550e+00 2.668237e+00
108 2.308373e+00 2.667989e+00
109 2.312767e+00 2.674233e+00
110 2.318228e+00 2.682635e+00
111 2.355095e+00 2.669098e+00
112 2.357725e+00 2.672583e+00
113 2.366248e+00 2.638427e+00
114 2.360563e+00 2.588519e+00
115 2.339328e+00 2.599056e+00
116 2.303565e+00 2.591625e+00
117 2.347354e+00 2.606017e+00
118 2.283029e+00 2.597513e+00
119 2.331175e+00 2.598167e+00
120 2.341405e+00 2.598809e+00
121 2.359224e+00 2.590612e+00
122 2.357452e+00 2.593610e+00
123 2.386944e+00 2.616207e+00
124 2.387104e+00 2.590477e+00
125 2.386518e+00 2.592182e+00
126 2.385456e+00 2.598758e+00
127 2.377348e+00 2.600490e+00
128 2.365518e+00 2.607669e+00
129 2.364245e+00 2.608481e+00
130 2.375773e+00 2.604712e+00
131 2.375751e+00 2.604641e+00
132 2.369350e+00 2.606967e+00
133 2.371887e+00 2.605490e+00
134 2.371745e+00 2.608821e+00
135 2.376743e+00 2.598525e+00
136 2.439534e+00 2.638355e+00
137 2.439580e+00 2.632307e+00
138 2.441020e+00 2.647019e+00
139 2.450133e+00 2.651283e+00
140 2.466997e+00 2.672641e+00
141 2.444608e+00 2.641482e+00
142 2.443887e+00 2.642937e+00
143 2.471889e+00 2.650625e+00
144 2.486396e+00 2.650498e+00
145 2.494399e+00 2.683252e+00
146 2.505927e+00 2.649576e+00
147 2.503719e+00 2.648332e+00
148 2.516260e+00 2.655955e+00
149 2.514568e+00 2.656163e+00
150 2.515986e+00 2.657027e+00
151 2.540810e+00 2.669507e+00
152 2.538193e+00 2.672187e+00
153 2.533072e+00 2.669322e+00
154 2.558279e+00 2.674291e+00
155 2.560957e+00 2.670445e+00
156 2.581508e+00 2.706523e+00
157 2.566049e+00 2.682610e+00
158 2.531433e+00 2.714670e+00
159 2.545811e+00 2.724205e+00
160 2.555189e+00 2.738978e+00
161 2.545185e+00 2.741835e+00
162 2.546317e+00 2.742174e+00
163 2.544729e+00 2.744291e+00
164 2.544754e+00 2.744589e+00
165 2.546836e+00 2.748697e+00
166 2.547750e+00 2.748067e+00
167 2.554231e+00 2.742990e+00
168 2.548810e+00 2.750921e+00
169 2.590677e+00 2.715644e+00
170 2.587236e+00 2.716716e+00
171 2.531937e+00 2.718224e+00
172 2.527921e+00 2.721429e+00
173 2.526453e+00 2.719652e+00
174 2.523401e+00 2.688275e+00
175 2.523742e+00 2.688273e+00
176 2.540091e+00 2.680122e+00
177 2.508176e+00 2.663501e+00
178 2.492090e+00 2.649196e+00
179 2.491511e+00 2.643886e+00
180 2.495024e+00 2.647884e+00
181 2.502303e+00 2.640670e+00
182 2.501331e+00 2.639160e+00
183 2.486856e+00 2.662290e+00
184 2.461848e+00 2.657538e+00
185 2.472962e+00 2.657110e+00
186 2.464295e+00 2.652190e+00
187 2.469695e+00 2.640074e+00
188 2.440214e+00 2.637711e+00
189 2.443979e+00 2.562303e+00
190 2.442110e+00 2.562327e+00
191 2.433591e+00 2.555852e+00
192 2.456430e+00 2.545791e+00
193 2.459721e+00 2.549534e+00
194 2.476382e+00 2.541382e+00
195 2.470628e+00 2.549578e+00
196 2.469234e+00 2.547819e+00
197 2.521998e+00 2.579886e+00
198 2.537263e+00 2.565495e+00
199 2.523677e+00 2.554460e+00
200 2.526949e+00 2.554351e+00
201 2.530426e+00 2.531300e+00
202 2.531217e+00 2.532066e+00
203 2.542232e+00 2.540587e+00
204 2.548106e+00 2.610121e+00
205 2.497940e+00 2.602283e+00
206 2.535727e+00 2.652686e+00
207 2.534622e+00 2.658965e+00
208 2.533916e+00 2.652419e+00
209 2.509096e+00 2.670603e+00
210 2.513297e+00 2.692696e+00
211 2.513877e+00 2.692215e+00
212 2.517369e+00 2.692119e+00
213 2.524388e+00 2.685893e+00
214 2.520713e+00 2.691330e+00
215 2.521918e+00 2.692041e+00
216 2.504362e+00 2.681765e+00
217 2.505742e+00 2.713262e+00
218 2.506857e+00 2.712773e+00
219 2.524396e+00 2.686832e+00
220 2.553441e+00 2.692191e+00
221 2.550960e+00 2.698810e+00
222 2.539446e+00 2.701342e+00
223 2.558571e+00 2.708536e+00
224 2.574282e+00 2.715619e+00
225 2.605417e+00 2.725901e+00
226 2.577490e+00 2.739769e+00
227 2.562995e+00 2.742058e+00
228 2.544956e+00 2.716931e+00
229 2.558210e+00 2.727675e+00
230 2.546476e+00 2.734171e+00
231 2.539382e+00 2.717466e+00
232 2.516684e+00 2.740766e+00
233 2.462765e+00 2.735732e+00
234 2.454931e+00 2.744362e+00
235 2.456656e+00 2.741921e+00
236 2.461423e+00 2.755893e+00
237 2.449613e+00 2.775884e+00
238 2.434050e+00 2.788318e+00
239 2.430582e+00 2.793702e+00
240 2.409747e+00 2.772027e+00
241 2.408748e+00 2.771877e+00
242 2.434334e+00 2.787037e+00
243 2.424320e+00 2.763585e+00
244 2.424156e+00 2.760527e+00
245 2.406324e+00 2.804796e+00
246 2.392842e+00 2.800064e+00
247 2.433914e+00 2.810172e+00
248 2.443711e+00 2.794960e+00
249 2.430217e+00 2.778477e+00
250 2.437832e+00 2.770932e+00
251 2.437242e+00 2.771976e+00
252 2.439791e+00 2.767202e+00
253 2.428299e+00 2.718239e+00
254 2.426127e+00 2.726120e+00
255 2.424933e+00 2.724270e+00
256 2.428933e+00 2.701174e+00
257 2.424888e+00 2.701905e+00
258 2.425235e+00 2.700223e+00
259 2.427839e+00 2.693422e+00
260 2.424859e+00 2.690655e+00
261 2.441096e+00 2.686355e+00
262 2.432638e+00 2.689948e+00
263 2.434797e+00 2.689437e+00
264 2.432847e+00 2.702116e+00
265 2.449731e+00 2.671178e+00
266 2.447315e+00 2.672582e+00
267 2.390354e+00 2.695699e+00
268 2.417677e+00 2.707846e+00
269 2.422061e+00 2.706082e+00
270 2.457532e+00 2.742097e+00
271 2.470731e+00 2.742416e+00
272 2.470084e+00 2.713739e+00
273 2.484982e+00 2.696160e+00
274 2.439300e+00 2.645414e+00
275 2.439536e+00 2.641848e+00
276 2.448152e+00 2.641819e+00
277 2.420914e+00 2.664689e+00
278 2.409988e+00 2.691539e+00
279 2.414000e+00 2.670761e+00
280 2.427756e+00 2.658622e+00
281 2.392361e+00 2.648660e+00
282 2.405861e+00 2.663620e+00
283 2.404374e+00 2.659333e+00
284 2.404331e+00 2.669393e+00
285 2.363625e+00 2.691331e+00
286 2.384067e+00 2.695746e+00
287 2.386787e+00 2.721976e+00
288 2.399453e+00 2.688023e+00
289 2.406415e+00 2.710121e+00
290 2.401182e+00 2.727556e+00
291 2.404565e+00 2.741524e+00
292 2.407195e+00 2.750291e+00
293 2.428816e+00 2.752730e+00
294 2.435704e+00 2.750857e+00
295 2.469790e+00 2.734959e+00
296 2.478608e+00 2.748165e+00
297 2.493504e+00 2.745968e+00
298 2.500556e+00 2.732791e+00
299 2.519521e+00 2.723009e+00
300 2.516250e+00 2.725818e+00
301 2.509121e+00 2.725586e+00
302 2.510470e+00 2.723185e+00
303 2.523262e+00 2.726022e+00
304 2.526695e+00 2.723926e+00
305 2.519797e+00 2.729717e+00
306 2.539388e+00 2.732518e+00
307 2.536516e+00 2.734755e+00
308 2.560696e+00 2.734370e+00
309 2.559316e+00 2.738106e+00
310 2.565503e+00 2.725353e+00
311 2.560506e+00 2.728522e+00
312 2.560743e+00 2.728371e+00
313 2.553942e+00 2.732813e+00
314 2.546775e+00 2.700456e+00
315 2.547755e+00 2.700927e+00
316 2.491876e+00 2.708936e+00
317 2.488945e+00 2.708930e+00
318 2.495736e+00 2.704857e+00
319 2.502470e+00 2.702968e+00
320 2.499857e+00 2.708791e+00
321 2.497991e+00 2.703363e+00
322 2.499433e+00 2.728518e+00
323 2.509720e+00 2.736378e+00
324 2.506688e+00 2.735822e+00
325 2.519065e+00 2.733918e+00
326 2.521133e+00 2.729329e+00
327 2.520552e+00 2.729237e+00
328 2.519679e+00 2.728654e+00
329 2.523593e+00 2.727009e+00
330 2.535162e+00 2.724093e+00
331 2.495934e+00 2.722325e+00
332 2.507186e+00 2.751501e+00
333 2.507747e+00 2.753857e+00
334 2.527127e+00 2.762961e+00
335 2.529376e+00 2.763088e+00
336 2.509725e+00 2.732210e+00
337 2.508732e+00 2.733081e+00
338 2.514567e+00 2.745141e+00
339 2.505524e+00 2.752301e+00
340 2.505879e+00 2.751885e+00
341 2.511207e+00 2.751219e+00
342 2.505551e+00 2.779813e+00
343 2.475934e+00 2.787281e+00
344 2.473785e+00 2.794324e+00
345 2.491148e+00 2.806206e+00
346 2.488442e+00 2.806066e+00
347 2.488452e+00 2.806494e+00
348 2.480915e+00 2.812849e+00
349 2.479399e+00 2.813032e+00
350 2.473757e+00 2.793205e+00
351 2.448978e+00 2.838970e+00
352 2.471109e+00 2.843019e+00
353 2.458266e+00 2.848385e+00
354 2.470372e+00 2.849540e+00
355 2.458226e+00 2.852647e+00
356 2.444377e+00 2.841059e+00
357 2.439738e+00 2.800209e+00
358 2.429192e+00 2.793470e+00
359 2.436597e+00 2.806500e+00
360 2.466760e+00 2.803248e+00
361 2.480857e+00 2.781629e+00
362 2.472171e+00 2.759900e+00
363 2.470043e+00 2.757990e+00
364 2.509264e+00 2.754497e+00
365 2.510564e+00 2.760331e+00
366 2.531781e+00 2.757883e+00
367 2.524337e+00 2.762530e+00
368 2.499676e+00 2.763459e+00
369 2.512741e+00 2.757399e+00
370 2.521249e+00 2.761774e+00
371 2.522768e+00 2.769792e+00
372 2.565588e+00 2.844604e+00
373 2.571846e+00 2.848068e+00
374 2.642413e+00 2.820682e+00
375 2.645059e+00 2.821815e+00
376 2.628816e+00 2.827493e+00
377 2.565572e+00 2.857437e+00
378 2.589546e+00 2.879867e+00
379 2.599849e+00 2.868738e+00
380 2.598005e+00 2.865117e+00
381 2.594128e+00 2.866602e+00
382 2.590980e+00 2.870650e+00
383 2.582732e+00 2.876127e+00
384 2.555410e+00 2.852491e+00
385 2.539237e+00 2.848588e+00
386 2.522464e+00 2.842763e+00
387 2.550523e+00 2.857521e+00
388 2.559788e+00 2.859305e+00
389 2.554787e+00 2.857834e+00
390 2.568712e+00 2.793407e+00
391 2.604279e+00 2.806310e+00
392 2.599998e+00 2.806429e+00
393 2.596161e+00 2.800562e+00
394 2.590677e+00 2.805827e+00
395 2.594943e+00 2.837671e+00
396 2.607136e+00 2.836585e+00
397 2.618992e+00 2.820447e+00
398 2.629829e+00 2.823027e+00
399 2.630197e+00 2.822997e+00
400 2.629982e+00 2.823129e+00
401 2.624363e+00 2.815675e+00
402 2.620753e+00 2.841965e+00
403 2.614526e+00 2.847760e+00
404 2.611317e+00 2.821188e+00
405 2.609459e+00 2.826390e+00
406 2.594712e+00 2.834127e+00
407 2.588954e+00 2.840478e+00
408 2.608310e+00 2.814949e+00
409 2.608471e+00 2.814950e+00
410 2.638441e+00 2.810082e+00
411 2.641714e+00 2.807313e+00
412 2.646788e+00 2.822383e+00
413 2.644207e+00 2.826072e+00
414 2.666807e+00 2.797654e+00
415 2.666431e+00 2.799840e+00
416 2.665206e+00 2.801893e+00
417 2.651193e+00 2.788088e+00
418 2.665529e+00 2.786367e+00
419 2.686072e+00 2.797382e+00
420 2.703184e+00 2.775290e+00
421 2.698103e+00 2.777543e+00
422 2.697355e+00 2.782452e+00
423 2.686106e+00 2.748083e+00
424 2.685942e+00 2.748860e+00
425 2.699061e+00 2.760140e+00
426 2.720618e+00 2.775489e+00
427 2.708294e+00 2.780379e+00
428 2.692456e+00 2.768638e+00
429 2.692884e+00 2.768975e+00
430 2.709434e+00 2.772941e+00
431 2.708485e+00 2.774277e+00
432 2.708051e+00 2.773487e+00
433 2.706596e+00 2.769734e+00
434 2.693379e+00 2.737495e+00
435 2.700977e+00 2.740307e+00
436 2.696507e+00 2.732880e+00
437 2.720285e+00 2.716048e+00
438 2.718957e+00 2.722765e+00
439 2.726900e+00 2.744424e+00
440 2.692509e+00 2.758455e+00
441 2.696399e+00 2.779067e+00
442 2.694891e+00 2.776753e+00
443 2.694559e+00 2.802534e+00
444 2.693005e+00 2.801391e+00
445 2.692182e+00 2.800481e+00
446 2.658822e+00 2.831368e+00
447 2.669576e+00 2.785605e+00
448 2.688140e+00 2.778761e+00
449 2.693564e+00 2.776825e+00
450 2.651856e+00 2.770627e+00
451 2.631638e+00 2.731426e+00
452 2.635485e+00 2.722193e+00
453 2.644205e+00 2.704062e+00
454 2.644660e+00 2.704049e+00
455 2.644141e+00 2.701542e+00
456 2.669371e+00 2.689881e+00
457 2.690390e+00 2.670280e+00
458 2.701340e+00 2.678147e+00
459 2.698920e+00 2.688747e+00
460 2.703380e+00 2.697221e+00
461 2.697545e+00 2.708442e+00
462 2.666874e+00 2.743023e+00
463 2.683451e+00 2.708355e+00
464 2.690922e+00 2.682390e+00
465 2.691914e+00 2.682378e+00
466 2.673999e+00 2.660003e+00
467 2.688398e+00 2.658968e+00
468 2.648960e+00 2.590206e+00
469 2.637074e+00 2.594202e+00
470 2.640282e+00 2.586806e+00
471 2.651929e+00 2.584123e+00
472 2.655740e+00 2.588046e+00
473 2.650399e+00 2.582326e+00
474 2.644448e+00 2.581849e+00
475 2.656388e+00 2.565938e+00
476 2.658171e+00 2.569034e+00
477 2.678162e+00 2.574794e+00
478 2.661164e+00 2.551708e+00
479 2.644757e+00 2.549718e+00
480 2.646621e+00 2.545221e+00
481 2.646349e+00 2.533396e+00
482 2.616142e+00 2.484446e+00
483 2.616412e+00 2.484939e+00
484 2.605793e+00 2.437164e+00
485 2.590728e+00 2.442989e+00
486 2.625026e+00 2.410920e+00
487 2.630572e+00 2.405105e+00
488 2.639582e+00 2.419742e+00
489 2.646662e+00 2.420105e+00
490 2.611023e+00 2.414138e+00
491 2.616247e+00 2.401842e+00
492 2.627054e+00 2.398729e+00
493 2.630411e+00 2.405649e+00
494 2.628912e+00 2.405770e+00
495 2.587371e+00 2.391653e+00
496 2.587473e+00 2.391522e+00
497 2.587750e+00 2.389739e+00
498 2.591428e+00 2.393741e+00
499 2.587941e+00 2.390785e+00
500 2.561747e+00 2.376337e+00
501 2.573943e+00 2.363415e+00
502 2.575797e+00 2.365519e+00
503 2.586547e+00 2.351650e+00
504 2.576850e+00 2.331303e+00
505 2.574117e+00 2.332087e+00
506 2.538136e+00 2.336371e+00
507 2.534815e+00 2.317116e+00
508 2.591950e+00 2.290962e+00
509 2.590929e+00 2.284977e+00
510 2.565186e+00 2.275005e+00
511 2.566348e+00 2.275170e+00
512 2.565056e+00 2.277390e+00
513 2.574811e+00 2.268473e+00
514 2.551008e+00 2.262134e+00
515 2.554822e+00 2.287693e+00
516 2.557308e+00 2.290307e+00
517 2.530708e+00 2.293223e+00
518 2.539275e+00 2.295676e+00
519 2.538624e+00 2.296479e+00
520 2.541861e+00 2.284356e+00
521 2.533340e+00 2.278238e+00
522 2.532892e+00 2.278593e+00
523 2.532463e+00 2.278885e+00
524 2.519063e+00 2.296171e+00
525 2.520716e+00 2.294206e+00
526 2.520682e+00 2.294098e+00
527 2.532402e+00 2.279974e+00
528 2.563412e+00 2.275432e+00
529 2.564322e+00 2.294233e+00
530 2.563979e+00 2.294631e+00
531 2.557336e+00 2.297342e+00
532 2.564307e+00 2.311799e+00
533 2.560999e+00 2.294597e+00
534 2.487356e+00 2.306840e+00
535 2.504738e+00 2.395156e+00
536 2.505375e+00 2.388851e+00
537 2.483355e+00 2.402828e+00
538 2.487240e+00 2.415197e+00
539 2.454932e+00 2.418525e+00
540 2.463655e+00 2.420952e+00
541 2.428399e+00 2.411340e+00
542 2.473791e+00 2.429968e+00
543 2.469772e+00 2.447457e+00
544 2.458821e+00 2.443195e+00
545 2.454247e+00 2.431940e+00
546 2.433309e+00 2.410367e+00
547 2.425049e+00 2.419717e+00
548 2.423012e+00 2.425983e+00
549 2.433751e+00 2.425357e+00
550 2.438258e+00 2.457880e+00
551 2.429501e+00 2.469656e+00
552 2.451724e+00 2.459233e+00
553 2.451357e+00 2.451134e+00
554 2.454402e+00 2.441652e+00
555 2.449184e+00 2.449461e+00
556 2.440941e+00 2.454424e+00
557 2.437101e+00 2.452596e+00
558 2.437424e+00 2.453014e+00
559 2.449160e+00 2.434051e+00
560 2.484633e+00 2.463289e+00
561 2.483621e+00 2.462202e+00
562 2.478793e+00 2.461057e+00
563 2.473418e+00 2.447238e+00
564 2.474246e+00 2.451777e+00
565 2.471175e+00 2.442750e+00
566 2.471219e+00 2.434320e+00
567 2.471506e+00 2.453104e+00
568 2.465985e+00 2.469569e+00
569 2.467199e+00 2.412064e+00
570 2.464988e+00 2.415008e+00
571 2.481614e+00 2.419182e+00
572 2.469567e+00 2.431758e+00
573 2.452840e+00 2.384229e+00
574 2.448660e+00 2.400993e+00
575 2.439741e+00 2.402743e+00
576 2.446937e+00 2.407296e+00
577 2.461623e+00 2.417895e+00
578 2.398998e+00 2.363718e+00
579 2.398478e+00 2.359396e+00
580 2.392764e+00 2.370501e+00
581 2.319635e+00 2.362875e+00
582 2.312492e+00 2.363609e+00
583 2.312990e+00 2.361656e+00
584 2.306089e+00 2.364417e+00
585 2.303299e+00 2.356603e+00
586 2.301097e+00 2.358181e+00
587 2.298603e+00 2.355158e+00
588 2.292706e+00 2.353439e+00
589 2.311972e+00 2.425145e+00
590 2.340454e+00 2.431777e+00
591 2.341636e+00 2.435934e+00
592 2.358327e+00 2.440576e+00
593 2.333759e+00 2.454043e+00
594 2.337602e+00 2.450428e+00
595 2.341455e+00 2.459755e+00
596 2.341350e+00 2.416531e+00
597 2.331495e+00 2.421178e+00
598 2.265514e+00 2.478693e+00
599 2.270135e+00 2.474661e+00
600 2.278809e+00 2.475773e+00
601 2.275822e+00 2.473712e+00
602 2.276008e+00 2.485962e+00
603 2.267986e+00 2.484782e+00
604 2.259497e+00 2.493836e+00
605 2.250404e+00 2.491812e+00
606 2.266884e+00 2.483415e+00
607 2.268156e+00 2.482192e+00
608 2.286192e+00 2.577283e+00
609 2.294613e+00 2.578090e+00
610 2.269715e+00 2.564670e+00
611 2.289535e+00 2.578800e+00
612 2.276039e+00 2.571645e+00
613 2.285006e+00 2.572545e+00
614 2.285072e+00 2.572603e+00
615 2.274559e+00 2.578732e+00
616 2.272453e+00 2.576353e+00
617 2.267728e+00 2.588134e+00
618 2.294805e+00 2.617019e+00
619 2.303883e+00 2.623729e+00
620 2.301510e+00 2.623439e+00
621 2.299870e+00 2.625866e+00
622 2.314242e+00 2.657897e+00
623 2.300203e+00 2.666478e+00
624 2.283431e+00 2.634211e+00
625 2.285812e+00 2.630209e+00
626 2.299580e+00 2.623189e+00
627 2.208381e+00 2.637658e+00
628 2.177704e+00 2.603171e+00
629 2.165780e+00 2.603938e+00
630 2.146457e+00 2.626663e+00
631 2.151645e+00 2.626608e+00
632 2.151259e+00 2.627636e+00
633 2.139113e+00 2.631127e+00
634 2.134951e+00 2.622291e+00
635 2.093132e+00 2.623301e+00
636 2.100975e+00 2.641181e+00
637 2.077746e+00 2.608123e+00
638 2.083348e+00 2.598885e+00
639 2.085243e+00 2.604015e+00
640 2.082554e+00 2.609038e+00
641 2.085703e+00 2.607321e+00
642 2.081337e+00 2.610742e+00
643 2.098397e+00 2.629433e+00
644 2.095006e+00 2.632823e+00
645 2.100818e+00 2.632793e+00
646 2.107168e+00 2.625235e+00
647 2.121811e+00 2.632092e+00
648 2.124094e+00 2.667649e+00
649 2.123917e+00 2.666709e+00
650 2.158883e+00 2.725654e+00
651 2.155034e+00 2.720212e+00
652 2.152561e+00 2.712825e+00
653 2.143147e+00 2.717174e+00
654 2.142700e+00 2.713733e+00
655 2.145044e+00 2.713585e+00
656 2.130716e+00 2.711660e+00
657 2.120674e+00 2.705432e+00
658 2.124318e+00 2.706509e+00
659 2.126807e+00 2.716692e+00
660 2.119689e+00 2.723946e+00
661 2.119259e+00 2.723113e+00
662 2.112917e+00 2.721490e+00
663 2.116423e+00 2.705276e+00
664 2.116050e+00 2.707515e+00
665 2.128428e+00 2.712461e+00
666 2.132063e+00 2.712857e+00
667 2.118315e+00 2.724168e+00
668 2.125340e+00 2.724799e+00
669 2.125674e+00 2.726792e+00
670 2.155465e+00 2.716609e+00
671 2.157838e+00 2.715812e+00
672 2.154997e+00 2.715498e+00
673 2.155037e+00 2.713357e+00
674 2.152242e+00 2.715945e+00
675 2.175616e+00 2.697630e+00
676 2.178785e+00 2.695540e+00
677 2.231951e+00 2.670681e+00
678 2.229281e+00 2.674634e+00
679 2.230508e+00 2.682541e+00
680 2.222988e+00 2.677696e+00
681 2.218004e+00 2.729349e+00
682 2.229219e+00 2.744484e+00
683 2.243883e+00 2.734738e+00
684 2.241453e+00 2.734392e+00
685 2.241156e+00 2.738242e+00
686 2.244027e+00 2.742744e+00
687 2.252455e+00 2.754932e+00
688 2.250184e+00 2.754992e+00
689 2.279696e+00 2.724193e+00
690 2.285342e+00 2.796831e+00
691 2.285489e+00 2.796411e+00
692 2.304315e+00 2.819385e+00
693 2.258243e+00 2.811541e+00
694 2.258706e+00 2.813957e+00
695 2.254589e+00 2.815569e+00
696 2.296556e+00 2.845893e+00
697 2.295765e+00 2.846406e+00
698 2.277170e+00 2.840818e+00
699 2.279570e+00 2.849570e+00
700 2.270326e+00 2.794540e+00
701 2.247351e+00 2.779933e+00
702 2.241247e+00 2.786957e+00
703 2.240741e+00 2.804073e+00
704 2.240409e+00 2.804055e+00
705 2.242656e+00 2.804351e+00
706 2.245415e+00 2.817581e+00
707 2.217580e+00 2.796394e+00
708 2.188669e+00 2.815675e+00
709 2.189281e+00 2.815077e+00
710 2.189266e+00 2.810085e+00
711 2.189992e+00 2.806699e+00
712 2.201506e+00 2.814153e+00
713 2.195301e+00 2.801901e+00
714 2.186494e+00 2.788005e+00
715 2.190707e+00 2.787743e+00
716 2.191298e+00 2.802310e+00
717 2.176375e+00 2.766700e+00
718 2.123645e+00 2.750772e+00
719 2.088062e+00 2.696971e+00
720 2.095271e+00 2.692643e+00
721 2.094983e+00 2.692430e+00
722 2.105063e+00 2.706371e+00
723 2.102352e+00 2.718444e+00
724 2.133959e+00 2.736534e+00
725 2.164802e+00 2.763191e+00
726 2.165436e+00 2.763015e+00
727 2.190359e+00 2.776887e+00
728 2.172108e+00 2.765828e+00
729 2.186212e+00 2.772475e+00
730 2.194311e+00 2.776172e+00
731 2.187951e+00 2.777661e+00
732 2.182590e+00 2.761270e+00
733 2.186442e+00 2.764007e+00
734 2.186782e+00 2.706457e+00
735 2.190007e+00 2.690654e+00
736 2.193195e+00 2.674340e+00
737 2.194177e+00 2.676173e+00
738 2.214887e+00 2.690203e+00
739 2.203256e+00 2.675208e+00
740 2.167828e+00 2.658352e+00
741 2.137815e+00 2.677810e+00
742 2.139786e+00 2.658446e+00
743 2.140820e+00 2.659300e+00
744 2.180938e+00 2.635356e+00
745 2.169320e+00 2.635287e+00
746 2.194833e+00 2.623937e+00
747 2.194781e+00 2.623895e+00
748 2.196379e+00 2.622913e+00
749 2.140043e+00 2.596303e+00
750 2.144611e+00 2.597931e+00
751 2.194883e+00 2.557697e+00
752 2.196252e+00 2.543797e+00
753 2.233705e+00 2.520309e+00
754 2.231280e+00 2.522889e+00
755 2.223018e+00 2.525247e+00
756 2.241024e+00 2.505390e+00
757 2.266032e+00 2.512753e+00
758 2.246351e+00 2.493500e+00
759 2.249029e+00 2.491456e+00
760 2.273114e+00 2.493531e+00
761 2.273075e+00 2.492226e+00
762 2.271775e+00 2.467228e+00
763 2.271543e+00 2.467430e+00
764 2.322245e+00 2.456117e+00
765 2.322933e+00 2.457725e+00
766 2.335188e+00 2.454497e+00
767 2.343729e+00 2.453666e+00
768 2.355013e+00 2.451039e+00
769 2.362468e+00 2.480107e+00
770 2.363280e+00 2.480940e+00
771 2.376869e+00 2.455374e+00
772 2.378164e+00 2.471074e+00
773 2.377938e+00 2.458208e+00
774 2.379127e+00 2.451355e+00
775 2.368940e+00 2.471144e+00
776 2.369609e+00 2.470964e+00
777 2.370990e+00 2.465976e+00
778 2.379235e+00 2.450259e+00
779 2.357857e+00 2.471897e+00
780 2.349957e+00 2.465125e+00
781 2.407816e+00 2.467423e+00
782 2.402779e+00 2.455008e+00
783 2.402828e+00 2.456702e+00
784 2.404483e+00 2.470166e+00
785 2.409126e+00 2.466475e+00
786 2.465782e+00 2.448739e+00
787 2.463446e+00 2.479886e+00
788 2.444193e+00 2.482217e+00
789 2.445088e+00 2.455806e+00
790 2.442387e+00 2.440528e+00
791 2.400785e+00 2.419971e+00
792 2.422488e+00 2.489874e+00
793 2.428360e+00 2.492586e+00
794 2.433048e+00 2.502525e+00
795 2.432501e+00 2.503180e+00
796 2.427479e+00 2.501998e+00
797 2.425695e+00 2.493269e+00
798 2.457331e+00 2.470045e+00
799 2.439796e+00 2.460605e+00
800 2.412359e+00 2.464299e+00
801 2.408476e+00 2.462594e+00
802 2.415685e+00 2.462860e+00
803 2.433125e+00 2.449198e+00
804 2.423635e+00 2.476397e+00
805 2.445819e+00 2.514734e+00
806 2.437686e+00 2.541158e+00
807 2.465530e+00 2.501817e+00
808 2.493061e+00 2.510754e+00
809 2.502235e+00 2.512745e+00
810 2.626320e+00 2.547652e+00
811 2.610677e+00 2.564507e+00
812 2.617001e+00 2.562361e+00
813 2.623717e+00 2.526341e+00
814 2.614557e+00 2.556263e+00
815 2.612179e+00 2.549654e+00
816 2.591336e+00 2.557177e+00
817 2.578591e+00 2.548577e+00
818 2.582083e+00 2.559589e+00
819 2.565067e+00 2.567391e+00
820 2.564891e+00 2.568418e+00
821 2.609156e+00 2.573996e+00
822 2.625940e+00 2.568687e+00
823 2.630466e+00 2.567424e+00
824 2.658366e+00 2.528096e+00
825 2.657873e+00 2.527247e+00
826 2.658209e+00 2.526044e+00
827 2.647531e+00 2.515180e+00
828 2.686963e+00 2.524603e+00
829 2.677467e+00 2.519703e+00
830 2.670750e+00 2.507572e+00
831 2.670152e+00 2.512238e+00
832 2.665086e+00 2.514582e+00
833 2.665344e+00 2.515662e+00
834 2.674624e+00 2.509714e+00
835 2.674310e+00 2.511426e+00
836 2.700973e+00 2.492827e+00
837 2.693769e+00 2.484045e+00
838 2.673591e+00 2.451829e+00
839 2.679119e+00 2.463525e+00
840 2.654551e+00 2.481393e+00
841 2.649649e+00 2.492038e+00
842 2.645052e+00 2.488662e+00
843 2.661659e+00 2.485993e+00
844 2.666148e+00 2.457391e+00
845 2.680592e+00 2.464845e+00
846 2.690538e+00 2.444440e+00
847 2.689126e+00 2.441927e+00
848 2.678496e+00 2.440726e+00
849 2.677827e+00 2.454663e+00
850 2.674995e+00 2.444340e+00
851 2.669948e+00 2.450609e+00
852 2.669375e+00 2.454486e+00
853 2.669369e+00 2.454416e+00
854 2.670365e+00 2.454517e+00
855 2.702898e+00 2.447712e+00
856 2.707061e+00 2.450819e+00
857 2.673354e+00 2.459750e+00
858 2.669570e+00 2.463064e+00
859 2.669735e+00 2.464005e+00
860 2.645289e+00 2.455253e+00
861 2.619489e+00 2.456530e+00
862 2.633149e+00 2.450180e+00
863 2.631408e+00 2.433972e+00
864 2.631438e+00 2.427882e+00
865 2.663640e+00 2.435189e+00
866 2.631343e+00 2.385655e+00
867 2.641418e+00 2.394762e+00
868 2.662956e+00 2.353038e+00
869 2.662707e+00 2.346173e+00
870 2.668911e+00 2.344593e+00
871 2.669576e+00 2.344374e+00
872 2.661068e+00 2.367885e+00
873 2.667923e+00 2.336652e+00
874 2.654909e+00 2.332471e+00
875 2.655836e+00 2.332091e+00
876 2.669416e+00 2.366353e+00
877 2.669356e+00 2.366374e+00
878 2.682298e+00 2.326289e+00
879 2.693019e+00 2.339677e+00
880 2.696629e+00 2.328203e+00
881 2.706715e+00 2.304823e+00
882 2.690516e+00 2.288642e+00
883 2.696335e+00 2.342537e+00
884 2.689845e+00 2.322323e+00
885 2.700571e+00 2.318275e+00
886 2.682997e+00 2.270706e+00
887 2.684368e+00 2.255223e+00
888 2.675045e+00 2.262312e+00
889 2.680424e+00 2.290615e+00
890 2.692589e+00 2.290442e+00
891 2.716110e+00 2.344387e+00
892 2.716232e+00 2.337800e+00
893 2.721687e+00 2.344272e+00
894 2.682810e+00 2.336215e+00
895 2.683592e+00 2.334891e+00
896 2.673714e+00 2.329071e+00
897 2.662680e+00 2.332691e+00
898 2.663912e+00 2.333896e+00
899 2.658722e+00 2.333788e+00
900 2.664386e+00 2.348616e+00
901 2.671029e+00 2.328818e+00
902 2.673400e+00 2.354297e+00
903 2.674565e+00 2.357960e+00
904 2.674947e+00 2.358254e+00
905 2.674372e+00 2.360386e+00
906 2.676300e+00 2.359683e+00
907 2.674026e+00 2.353342e+00
908 2.679261e+00 2.297658e+00
909 2.732181e+00 2.303744e+00
910 2.750035e+00 2.318849e+00
911 2.773807e+00 2.318278e+00
912 2.732732e+00 2.351438e+00
913 2.714431e+00 2.331734e+00
914 2.719008e+00 2.347779e+00
915 2.712059e+00 2.350973e+00
916 2.714228e+00 2.344185e+00
917 2.732143e+00 2.357033e+00
918 2.743516e+00 2.371842e+00
919 2.755259e+00 2.390701e+00
920 2.752687e+00 2.390269e+00
921 2.739112e+00 2.402834e+00
922 2.796583e+00 2.403970e+00
923 2.813996e+00 2.403023e+00
924 2.815356e+00 2.415242e+00
925 2.812851e+00 2.415843e+00
926 2.758332e+00 2.461360e+00
927 2.760012e+00 2.462874e+00
928 2.762633e+00 2.461799e+00
929 2.762523e+00 2.462780e+00
930 2.775517e+00 2.451107e+00
931 2.783417e+00 2.451167e+00
932 2.773707e+00 2.460944e+00
933 2.769658e+00 2.478589e+00
934 2.806674e+00 2.455287e+00
935 2.809011e+00 2.454274e+00
936 2.794039e+00 2.468195e+00
937 2.783094e+00 2.482040e+00
938 2.803588e+00 2.490691e+00
939 2.818193e+00 2.485046e+00
940 2.821222e+00 2.485652e+00
941 2.835545e+00 2.481574e+00
942 2.838445e+00 2.481333e+00
943 2.837578e+00 2.480583e+00
944 2.842308e+00 2.478213e+00
945 2.841620e+00 2.478228e+00
946 2.838659e+00 2.476553e+00
947 2.848610e+00 2.489354e+00
948 2.858573e+00 2.478489e+00
949 2.845406e+00 2.468162e+00
950 2.839236e+00 2.468843e+00
951 2.815586e+00 2.554793e+00
952 2.861235e+00 2.548428e+00
953 2.867374e+00 2.552113e+00
954 2.814721e+00 2.568466e+00
955 2.814423e+00 2.573030e+00
956 2.818091e+00 2.577460e+00
957 2.814744e+00 2.599172e+00
958 2.806542e+00 2.592709e+00
959 2.781284e+00 2.589717e+00
960 2.761922e+00 2.581225e+00
961 2.763334e+00 2.578194e+00
962 2.769583e+00 2.585033e+00
963 2.767137e+00 2.586787e+00
964 2.775608e+00 2.602752e+00
965 2.745128e+00 2.608710e+00
966 2.741419e+00 2.609058e+00
967 2.744554e+00 2.606687e+00
968 2.737248e+00 2.610845e+00
969 2.737011e+00 2.611291e+00
970 2.769859e+00 2.579768e+00
971 2.757229e+00 2.583633e+00
972 2.758056e+00 2.587540e+00
973 2.771100e+00 2.612827e+00
974 2.770922e+00 2.652906e+00
975 2.767501e+00 2.615046e+00
976 2.752252e+00 2.608043e+00
977 2.768529e+00 2.591047e+00
978 2.770645e+00 2.584151e+00
979 2.766807e+00 2.625269e+00
980 2.754758e+00 2.620319e+00
981 2.745029e+00 2.614898e+00
982 2.703508e+00 2.593446e+00
983 2.684033e+00 2.590181e+00
984 2.678607e+00 2.589944e+00
985 2.668300e+00 2.590084e+00
986 2.640784e+00 2.542532e+00
987 2.633595e+00 2.522769e+00
988 2.634642e+00 2.522966e+00
989 2.636183e+00 2.523862e+00
990 2.637178e+00 2.522583e+00
991 2.634192e+00 2.526233e+00
992 2.637260e+00 2.528921e+00
993 2.625035e+00 2.555810e+00
994 2.649296e+00 2.514453e+00
995 2.646120e+00 2.490403e+00
996 2.646860e+00 2.497402e+00
997 2.630068e+00 2.532221e+00
998 2.627215e+00 2.532767e+00
999 2.581782e+00 2.490621e+00
1000 2.619519e+00 2.463718e+00
1001 2.625724e+00 2.450660e+00
1002 2.625960e+00 2.449001e+00
1003 2.628691e+00 2.453190e+00
1004 2.629111e+00 2.456414e+00
1005 2.625025e+00 2.469003e+00
1006 2.640377e+00 2.440221e+00
1007 2.610875e+00 2.427619e+00
1008 2.609141e+00 2.433910e+00
1009 2.581243e+00 2.460829e+00
1010 2.588734e+00 2.465614e+00
1011 2.578904e+00 2.464552e+00
1012 2.578894e+00 2.464556e+00
1013 2.599620e+00 2.445910e+00
1014 2.602828e+00 2.449045e+00
1015 2.588494e+00 2.433709e+00
1016 2.641553e+00 2.423225e+00
1017 2.639205e+00 2.426289e+00
1018 2.656144e+00 2.436289e+00
1019 2.651074e+00 2.464602e+00
1020 2.680961e+00 2.459465e+00
1021 2.685400e+00 2.470178e+00
1022 2.691891e+00 2.470223e+00
1023 2.683045e+00 2.466680e+00
1024 2.669369e+00 2.465480e+00
1025 2.664405e+00 2.466124e+00
1026 2.669461e+00 2.471845e+00
1027 2.632663e+00 2.470306e+00
1028 2.622178e+00 2.400586e+00
1029 2.613413e+00 2.386806e+00
1030 2.590022e+00 2.374571e+00
1031 2.588182e+00 2.367608e+00
1032 2.633207e+00 2.323251e+00
1033 2.580055e+00 2.363528e+00
1034 2.567944e+00 2.362564e+00
1035 2.565454e+00 2.363215e+00
1036 2.657824e+00 2.290233e+00
1037 2.662716e+00 2.285840e+00
1038 2.646479e+00 2.286605e+00
1039 2.670024e+00 2.306860e+00
1040 2.630059e+00 2.337799e+00
1041 2.582381e+00 2.324715e+00
1042 2.562116e+00 2.334879e+00
1043 2.572607e+00 2.319541e+00
1044 2.573018e+00 2.313715e+00
1045 2.549251e+00 2.333786e+00
1046 2.551608e+00 2.333186e+00
1047 2.555247e+00 2.341924e+00
1048 2.547541e+00 2.347695e+00
1049 2.549408e+00 2.334600e+00
1050 2.539286e+00 2.347357e+00
1051 2.536581e+00 2.330967e+00
1052 2.558917e+00 2.318465e+00
1053 2.633577e+00 2.320893e+00
1054 2.645680e+00 2.319139e+00
1055 2.656675e+00 2.330669e+00
1056 2.649447e+00 2.324014e+00
1057 2.631058e+00 2.339081e+00
1058 2.636636e+00 2.339575e+00
1059 2.636596e+00 2.340329e+00
1060 2.631483e+00 2.394968e+00
1061 2.608457e+00 2.387774e+00
1062 2.611765e+00 2.392754e+00
1063 2.611290e+00 2.393145e+00
1064 2.631919e+00 2.386110e+00
1065 2.623279e+00 2.386422e+00
1066 2.617764e+00 2.387558e+00
1067 2.620559e+00 2.379530e+00
1068 2.595137e+00 2.390397e+00
1069 2.595811e+00 2.389594e+00
1070 2.606780e+00 2.377703e+00
1071 2.609119e+00 2.371903e+00
1072 2.608996e+00 2.373670e+00
1073 2.612042e+00 2.362307e+00
1074 2.605263e+00 2.400927e+00
1075 2.624589e+00 2.406569e+00
1076 2.621269e+00 2.405791e+00
1077 2.587786e+00 2.403446e+00
1078 2.584488e+00 2.400122e+00
1079 2.583751e+00 2.412810e+00
1080 2.574739e+00 2.428166e+00
1081 2.570960e+00 2.438300e+00
1082 2.564378e+00 2.422385e+00
1083 2.566387e+00 2.425953e+00
1084 2.565393e+00 2.428744e+00
1085 2.564426e+00 2.427057e+00
1086 2.588482e+00 2.412056e+00
1087 2.594353e+00 2.406476e+00
1088 2.629786e+00 2.431803e+00
1089 2.617934e+00 2.419597e+00
1090 2.622320e+00 2.432203e+00
1091 2.622218e+00 2.432965e+00
1092 2.627374e+00 2.435790e+00
1093 2.656714e+00 2.425598e+00
1094 2.657787e+00 2.424694e+00
1095 2.655417e+00 2.433297e+00
1096 2.655307e+00 2.431908e+00
1097 2.635419e+00 2.415756e+00
1098 2.646609e+00 2.421750e+00
1099 2.643079e+00 2.421681e+00
1100 2.645695e+00 2.434916e+00
1101 2.644743e+00 2.444150e+00
1102 2.617383e+00 2.384085e+00
1103 2.611248e+00 2.392036e+00
1104 2.557982e+00 2.440904e+00
1105 2.542095e+00 2.398934e+00
1106 2.527633e+00 2.376142e+00
1107 2.524961e+00 2.372597e+00
1108 2.532093e+00 2.358215e+00
1109 2.535620e+00 2.357804e+00
1110 2.548381e+00 2.382115e+00
1111 2.538873e+00 2.409240e+00
1112 2.494637e+00 2.438461e+00
1113 2.494355e+00 2.460680e+00
1114 2.494054e+00 2.460814e+00
1115 2.505350e+00 2.471231e+00
1116 2.521996e+00 2.461455e+00
1117 2.522781e+00 2.460392e+00
1118 2.516220e+00 2.460297e+00
1119 2.513386e+00 2.461984e+00
1120 2.509592e+00 2.459786e+00
1121 2.499994e+00 2.450567e+00
1122 2.496793e+00 2.458951e+00
1123 2.492814e+00 2.455936e+00
1124 2.486786e+00 2.458243e+00
1125 2.477995e+00 2.450843e+00
1126 2.477826e+00 2.450031e+00
1127 2.475032e+00 2.450164e+00
1128 2.470187e+00 2.447217e+00
1129 2.460204e+00 2.388273e+00
1130 2.447875e+00 2.381796e+00
1131 2.476602e+00 2.307794e+00
1132 2.476336e+00 2.305805e+00
1133 2.482519e+00 2.322176e+00
1134 2.481980e+00 2.330109e+00
1135 2.500841e+00 2.282817e+00
1136 2.482541e+00 2.265328e+00
1137 2.481949e+00 2.265532e+00
1138 2.479271e+00 2.267210e+00
1139 2.487763e+00 2.270060e+00
1140 2.487395e+00 2.272528e+00
1141 2.487681e+00 2.272218e+00
1142 2.489016e+00 2.287188e+00
1143 2.469998e+00 2.318262e+00
1144 2.481545e+00 2.336233e+00
1145 2.488300e+00 2.357235e+00
1146 2.506392e+00 2.350818e+00
1147 2.490607e+00 2.329545e+00
1148 2.494861e+00 2.329444e+00
1149 2.504618e+00 2.318945e+00
1150 2.503133e+00 2.317018e+00
1151 2.494619e+00 2.328201e+00
1152 2.504258e+00 2.331399e+00
1153 2.503682e+00 2.334240e+00
1154 2.496877e+00 2.368208e+00
1155 2.483432e+00 2.388653e+00
1156 2.457145e+00 2.433267e+00
1157 2.457845e+00 2.448438e+00
1158 2.488384e+00 2.456901e+00
1159 2.497257e+00 2.430162e+00
1160 2.492858e+00 2.429841e+00
1161 2.498115e+00 2.429540e+00
1162 2.507167e+00 2.427084e+00
1163 2.507630e+00 2.430717e+00
1164 2.516424e+00 2.407952e+00
1165 2.537002e+00 2.408509e+00
1166 2.519343e+00 2.484007e+00
1167 2.556029e+00 2.476460e+00
1168 2.554692e+00 2.464291e+00
1169 2.552865e+00 2.462195e+00
1170 2.551290e+00 2.452783e+00
1171 2.551494e+00 2.452656e+00
1172 2.552173e+00 2.452352e+00
1173 2.589371e+00 2.404207e+00
1174 2.582374e+00 2.415267e+00
1175 2.576906e+00 2.422566e+00
1176 2.579402e+00 2.425185e+00
1177 2.586152e+00 2.415561e+00
1178 2.583665e+00 2.411298e+00
1179 2.587288e+00 2.405955e+00
1180 2.584426e+00 2.403581e+00
1181 2.604081e+00 2.404058e+00
1182 2.603168e+00 2.406413e+00
1183 2.632961e+00 2.326798e+00
1184 2.588913e+00 2.335109e+00
1185 2.613132e+00 2.305269e+00
1186 2.621270e+00 2.306074e+00
1187 2.624892e+00 2.309309e+00
1188 2.605075e+00 2.328400e+00
1189 2.607311e+00 2.326452e+00
1190 2.618775e+00 2.344057e+00
1191 2.600436e+00 2.393527e+00
1192 2.590001e+00 2.400641e+00
1193 2.585602e+00 2.393394e+00
1194 2.597862e+00 2.428047e+00
1195 2.611694e+00 2.438753e+00
1196 2.650421e+00 2.488498e+00
1197 2.658184e+00 2.464449e+00
1198 2.659305e+00 2.460602e+00
1199 2.689547e+00 2.448848e+00
1200 2.692022e+00 2.451291e+00
1201 2.704069e+00 2.498597e+00
1202 2.715523e+00 2.493124e+00
1203 2.715769e+00 2.490811e+00
1204 2.713198e+00 2.501218e+00
1205 2.713461e+00 2.497110e+00
1206 2.614791e+00 2.517934e+00
1207 2.618705e+00 2.517442e+00
1208 2.618739e+00 2.517512e+00
1209 2.624807e+00 2.519328e+00
1210 2.620685e+00 2.520107e+00
1211 2.554092e+00 2.518365e+00
1212 2.554028e+00 2.546970e+00
1213 2.556457e+00 2.548652e+00
1214 2.550165e+00 2.538895e+00
1215 2.551032e+00 2.539576e+00
1216 2.544536e+00 2.522021e+00
1217 2.592133e+00 2.542397e+00
1218 2.589433e+00 2.555683e+00
1219 2.602924e+00 2.536553e+00
1220 2.627018e+00 2.536500e+00
1221 2.624031e+00 2.534853e+00
1222 2.631751e+00 2.531644e+00
1223 2.632607e+00 2.533053e+00
1224 2.616917e+00 2.533817e+00
1225 2.613999e+00 2.554736e+00
1226 2.613186e+00 2.550848e+00
1227 2.574067e+00 2.571070e+00
1228 2.642867e+00 2.571802e+00
1229 2.653797e+00 2.582322e+00
1230 2.653140e+00 2.582644e+00
1231 2.657656e+00 2.583286e+00
1232 2.660705e+00 2.580292e+00
1233 2.660224e+00 2.574820e+00
1234 2.656621e+00 2.574177e+00
1235 2.676384e+00 2.564645e+00
1236 2.665533e+00 2.559931e+00
1237 2.656869e+00 2.579065e+00
1238 2.657053e+00 2.578866e+00
1239 2.655202e+00 2.580084e+00
1240 2.673071e+00 2.588925e+00
1241 2.673627e+00 2.589416e+00
1242 2.671926e+00 2.608075e+00
1243 2.687299e+00 2.616319e+00
1244 2.683896e+00 2.605962e+00
1245 2.683306e+00 2.606497e+00
1246 2.653973e+00 2.618866e+00
1247 2.656911e+00 2.603161e+00
1248 2.612169e+00 2.571867e+00
1249 2.592780e+00 2.579315e+00
1250 2.599931e+00 2.572696e+00
1251 2.602316e+00 2.552043e+00
1252 2.617341e+00 2.533739e+00
1253 2.616046e+00 2.560543e+00
1254 2.618128e+00 2.547473e+00
1255 2.606371e+00 2.534753e+00
1256 2.689296e+00 2.553836e+00
1257 2.724233e+00 2.567731e+00
1258 2.744933e+00 2.586796e+00
1259 2.759660e+00 2.576141e+00
1260 2.759974e+00 2.577305e+00
1261 2.770978e+00 2.571392e+00
1262 2.773534e+00 2.570219e+00
1263 2.774172e+00 2.567333e+00
1264 2.795146e+00 2.568620e+00
1265 2.807209e+00 2.558152e+00
1266 2.784319e+00 2.561982e+00
1267 2.774207e+00 2.553469e+00
1268 2.772937e+00 2.561419e+00
1269 2.782241e+00 2.588027e+00
1270 2.810969e+00 2.618725e+00
1271 2.795583e+00 2.614689e+00
1272 2.776020e+00 2.663928e+00
1273 2.768849e+00 2.669737e+00
1274 2.770951e+00 2.665831e+00
1275 2.776212e+00 2.660316e+00
1276 2.815769e+00 2.708461e+00
1277 2.814733e+00 2.707886e+00
1278 2.802801e+00 2.700988e+00
1279 2.816423e+00 2.633189e+00
1280 2.805095e+00 2.635113e+00
1281 2.808186e+00 2.634728e+00
1282 2.832854e+00 2.642974e+00
1283 2.829620e+00 2.636798e+00
1284 2.786787e+00 2.631081e+00
1285 2.795861e+00 2.623898e+00
1286 2.800652e+00 2.593479e+00
1287 2.784465e+00 2.611263e+00
1288 2.782670e+00 2.618568e+00
1289 2.776079e+00 2.607913e+00
1290 2.781131e+00 2.613767e+00
1291 2.771140e+00 2.652520e+00
1292 2.766960e+00 2.655916e+00
1293 2.768092e+00 2.645902e+00
1294 2.817408e+00 2.615273e+00
1295 2.817282e+00 2.615330e+00
1296 2.828381e+00 2.615263e+00
1297 2.828788e+00 2.616200e+00
1298 2.827458e+00 2.611829e+00
1299 2.818822e+00 2.630537e+00
1300 2.875599e+00 2.635908e+00
1301 2.866563e+00 2.688635e+00
1302 2.819549e+00 2.693799e+00
1303 2.789057e+00 2.710056e+00
1304 2.793070e+00 2.721919e+00
1305 2.807421e+00 2.725501e+00
1306 2.807623e+00 2.725376e+00
1307 2.752703e+00 2.730570e+00
1308 2.743154e+00 2.729543e+00
1309 2.749148e+00 2.770689e+00
1310 2.752957e+00 2.774166e+00
1311 2.765488e+00 2.771726e+00
1312 2.762210e+00 2.765613e+00
1313 2.818931e+00 2.760725e+00
1314 2.836939e+00 2.778670e+00
1315 2.827767e+00 2.782848e+00
1316 2.809849e+00 2.800553e+00
1317 2.812159e+00 2.798971e+00
1318 2.812250e+00 2.799186e+00
1319 2.819609e+00 2.797532e+00
1320 2.812781e+00 2.778117e+00
1321 2.815554e+00 2.778701e+00
1322 2.816694e+00 2.777471e+00
1323 2.817701e+00 2.777248e+00
1324 2.806979e+00 2.779734e+00
1325 2.804253e+00 2.786416e+00
1326 2.857889e+00 2.689857e+00
1327 2.814138e+00 2.718594e+00
1328 2.813482e+00 2.718419e+00
1329 2.834818e+00 2.718352e+00
1330 2.836700e+00 2.717318e+00
1331 2.809982e+00 2.721357e+00
1332 2.804470e+00 2.720887e+00
1333 2.825861e+00 2.763068e+00
1334 2.807880e+00 2.782925e+00
1335 2.811906e+00 2.779709e+00
1336 2.817372e+00 2.792466e+00
1337 2.906639e+00 2.858513e+00
1338 2.872198e+00 2.840658e+00
1339 2.847335e+00 2.838122e+00
1340 2.856524e+00 2.849725e+00
1341 2.856339e+00 2.851837e+00
1342 2.855288e+00 2.868404e+00
1343 2.865779e+00 2.849421e+00
1344 2.852091e+00 2.850164e+00
1345 2.854061e+00 2.856213e+00
1346 2.833586e+00 2.865091e+00
1347 2.832691e+00 2.822931e+00
1348 2.842570e+00 2.800115e+00
1349 2.849121e+00 2.779621e+00
1350 2.868823e+00 2.793312e+00
1351 2.868398e+00 2.784448e+00
1352 2.867506e+00 2.785600e+00
1353 2.856250e+00 2.773194e+00
1354 2.856920e+00 2.786852e+00
1355 2.856901e+00 2.786672e+00
1356 2.849747e+00 2.795671e+00
1357 2.868444e+00 2.795217e+00
1358 2.866533e+00 2.822388e+00
1359 2.869705e+00 2.862512e+00
1360 2.866109e+00 2.860723e+00
1361 2.871126e+00 2.838189e+00
1362 2.825606e+00 2.791197e+00
1363 2.809128e+00 2.829717e+00
1364 2.819908e+00 2.824639e+00
1365 2.847150e+00 2.827608e+00
1366 2.847236e+00 2.838603e+00
1367 2.804308e+00 2.835991e+00
1368 2.778415e+00 2.846090e+00
1369 2.796840e+00 2.799716e+00
1370 2.800390e+00 2.786985e+00
1371 2.798308e+00 2.786956e+00
1372 2.789787e+00 2.783256e+00
1373 2.860031e+00 2.714391e+00
1374 2.862241e+00 2.708754e+00
1375 2.860251e+00 2.709268e+00
1376 2.846091e+00 2.738401e+00
1377 2.847712e+00 2.741084e+00
1378 2.838373e+00 2.742616e+00
1379 2.840722e+00 2.746352e+00
1380 2.840542e+00 2.746097e+00
1381 2.845741e+00 2.748841e+00
1382 2.833055e+00 2.763343e+00
1383 2.833207e+00 2.762679e+00
1384 2.825491e+00 2.730357e+00
1385 2.830480e+00 2.723785e+00
1386 2.826535e+00 2.687304e+00
1387 2.829196e+00 2.685651e+00
1388 2.854581e+00 2.686913e+00
1389 2.860882e+00 2.687695e+00
1390 2.856721e+00 2.691345e+00
1391 2.846905e+00 2.679240e+00
1392 2.844880e+00 2.678776e+00
1393 2.838726e+00 2.675605e+00
1394 2.832389e+00 2.679678e+00
1395 2.842282e+00 2.679934e+00
1396 2.791008e+00 2.716537e+00
1397 2.771332e+00 2.721165e+00
1398 2.768771e+00 2.715771e+00
1399 2.766894e+00 2.708502e+00
1400 2.747451e+00 2.666879e+00
1401 2.749834e+00 2.669724e+00
1402 2.746426e+00 2.683993e+00
1403 2.748812e+00 2.686167e+00
1404 2.746790e+00 2.682505e+00
1405 2.700122e+00 2.657093e+00
1406 2.700895e+00 2.650778e+00
1407 2.704859e+00 2.634671e+00
1408 2.715744e+00 2.637145e+00
1409 2.717623e+00 2.634185e+00
1410 2.716036e+00 2.639003e+00
1411 2.711092e+00 2.649879e+00
1412 2.717957e+00 2.627736e+00
1413 2.700988e+00 2.644007e+00
1414 2.737079e+00 2.556581e+00
1415 2.739415e+00 2.585330e+00
1416 2.737788e+00 2.585078e+00
1417 2.735081e+00 2.576513e+00
1418 2.727632e+00 2.588819e+00
1419 2.724703e+00 2.585131e+00
1420 2.696705e+00 2.566294e+00
1421 2.676798e+00 2.560220e+00
1422 2.676500e+00 2.544801e+00
1423 2.677399e+00 2.543976e+00
1424 2.691752e+00 2.532392e+00
1425 2.689030e+00 2.510604e+00
1426 2.686387e+00 2.511253e+00
1427 2.694692e+00 2.513357e+00
1428 2.694695e+00 2.513353e+00
1429 2.705364e+00 2.512158e+00
1430 2.698105e+00 2.506032e+00
1431 2.702661e+00 2.534945e+00
1432 2.702966e+00 2.573665e+00
1433 2.698175e+00 2.569713e+00
1434 2.695990e+00 2.567376e+00
1435 2.678520e+00 2.550926e+00
1436 2.687096e+00 2.553477e+00
1437 2.668163e+00 2.546895e+00
1438 2.670621e+00 2.561691e+00
1439 2.672349e+00 2.562376e+00
1440 2.662751e+00 2.552410e+00
1441 2.661144e+00 2.552602e+00
1442 2.661660e+00 2.554053e+00
1443 2.656473e+00 2.555007e+00
1444 2.667909e+00 2.579201e+00
1445 2.671102e+00 2.576275e+00
1446 2.664933e+00 2.566029e+00
1447 2.688419e+00 2.526123e+00
1448 2.713137e+00 2.535217e+00
1449 2.712654e+00 2.531790e+00
1450 2.713102e+00 2.529961e+00
1451 2.675280e+00 2.536232e+00
1452 2.693584e+00 2.538465e+00
1453 2.694227e+00 2.539676e+00
1454 2.693888e+00 2.574483e+00
1455 2.688910e+00 2.580084e+00
1456 2.729746e+00 2.547689e+00
1457 2.788667e+00 2.516677e+00
1458 2.787801e+00 2.517513e+00
1459 2.808960e+00 2.495441e+00
1460 2.810404e+00 2.495307e+00
1461 2.782177e+00 2.522968e+00
1462 2.784073e+00 2.522500e+00
1463 2.783978e+00 2.514897e+00
1464 2.756472e+00 2.524479e+00
1465 2.706706e+00 2.594713e+00
1466 2.693417e+00 2.586631e+00
1467 2.686957e+00 2.584639e+00
1468 2.686911e+00 2.584607e+00
1469 2.687232e+00 2.587531e+00
1470 2.675270e+00 2.590362e+00
1471 2.651896e+00 2.581278e+00
1472 2.656324e+00 2.584976e+00
1473 2.656239e+00 2.582280e+00
1474 2.618281e+00 2.564140e+00
1475 2.618630e+00 2.570068e+00
1476 2.665118e+00 2.543675e+00
1477 2.667195e+00 2.543095e+00
1478 2.670468e+00 2.571029e+00
1479 2.669298e+00 2.567143e+00
1480 2.648990e+00 2.562146e+00
1481 2.658790e+00 2.599604e+00
1482 2.661650e+00 2.600169e+00
1483 2.686085e+00 2.644716e+00
1484 2.682275e+00 2.639626e+00
1485 2.679275e+00 2.636461e+00
1486 2.671940e+00 2.640607e+00
1487 2.669344e+00 2.640630e+00
1488 2.663688e+00 2.636703e+00
1489 2.663608e+00 2.636770e+00
1490 2.668790e+00 2.647350e+00
1491 2.674808e+00 2.625452e+00
1492 2.674206e+00 2.623838e+00
1493 2.650073e+00 2.614943e+00
1494 2.582355e+00 2.650561e+00
1495 2.594794e+00 2.632499e+00
1496 2.617916e+00 2.651848e+00
1497 2.597082e+00 2.669268e+00
1498 2.596859e+00 2.668416e+00
1499 2.578454e+00 2.638046e+00
1500 2.572568e+00 2.642761e+00
1501 2.581574e+00 2.653912e+00
1502 2.577412e+00 2.658962e+00
1503 2.577169e+00 2.658814e+00
1504 2.536501e+00 2.600998e+00
1505 2.537923e+00 2.601614e+00
1506 2.538594e+00 2.602290e+00
1507 2.520721e+00 2.584671e+00
1508 2.520541e+00 2.577050e+00
1509 2.526442e+00 2.579378e+00
1510 2.530097e+00 2.574732e+00
1511 2.486037e+00 2.608987e+00
1512 2.513997e+00 2.579695e+00
1513 2.465154e+00 2.553412e+00
1514 2.491430e+00 2.542406e+00
1515 2.495097e+00 2.528674e+00
1516 2.494794e+00 2.529839e+00
1517 2.494878e+00 2.527082e+00
1518 2.495391e+00 2.526597e+00
1519 2.496027e+00 2.523898e+00
1520 2.499595e+00 2.527713e+00
1521 2.478450e+00 2.540677e+00
1522 2.477559e+00 2.540104e+00
1523 2.499906e+00 2.550532e+00
1524 2.492889e+00 2.550868e+00
1525 2.479787e+00 2.545398e+00
1526 2.455334e+00 2.540619e+00
1527 2.474854e+00 2.560600e+00
1528 2.460089e+00 2.566109e+00
1529 2.462742e+00 2.591240e+00
1530 2.463674e+00 2.593269e+00
1531 2.464274e+00 2.594128e+00
1532 2.470511e+00 2.572080e+00
1533 2.478628e+00 2.571209e+00
1534 2.478721e+00 2.571206e+00
1535 2.475637e+00 2.562822e+00
1536 2.499528e+00 2.558329e+00
1537 2.499426e+00 2.559234e+00
1538 2.499030e+00 2.576157e+00
1539 2.498834e+00 2.585872e+00
1540 2.492979e+00 2.572051e+00
1541 2.497158e+00 2.568439e+00
1542 2.499040e+00 2.569716e+00
1543 2.499410e+00 2.570462e+00
1544 2.488024e+00 2.564392e+00
1545 2.510029e+00 2.581462e+00
1546 2.501766e+00 2.632011e+00
1547 2.529966e+00 2.634072e+00
1548 2.506540e+00 2.643177e+00
1549 2.504907e+00 2.638144e+00
1550 2.541615e+00 2.679332e+00
1551 2.545967e+00 2.690219e+00
1552 2.551160e+00 2.711074e+00
1553 2.557276e+00 2.714404e+00
1554 2.543294e+00 2.705479e+00
1555 2.531287e+00 2.728176e+00
1556 2.476336e+00 2.780938e+00
1557 2.476475e+00 2.780734e+00
1558 2.498148e+00 2.777150e+00
1559 2.497361e+00 2.776011e+00
1560 2.508823e+00 2.783194e+00
1561 2.493364e+00 2.761480e+00
1562 2.551381e+00 2.726824e+00
1563 2.570183e+00 2.735815e+00
1564 2.574939e+00 2.721202e+00
1565 2.623184e+00 2.712551e+00
1566 2.617941e+00 2.711414e+00
1567 2.652195e+00 2.757930e+00
1568 2.675523e+00 2.753838e+00
1569 2.674039e+00 2.754412e+00
1570 2.660552e+00 2.711745e+00
1571 2.671954e+00 2.704035e+00
1572 2.705549e+00 2.697409e+00
1573 2.705910e+00 2.694468e+00
1574 2.708756e+00 2.698931e+00
1575 2.691577e+00 2.690311e+00
1576 2.696990e+00 2.690611e+00
1577 2.709994e+00 2.665234e+00
1578 2.722662e+00 2.659816e+00
1579 2.718822e+00 2.650220e+00
1580 2.720443e+00 2.622592e+00
1581 2.699115e+00 2.639722e+00
1582 2.691135e+00 2.637359e+00
1583 2.691023e+00 2.636739e+00
1584 2.711493e+00 2.623871e+00
1585 2.711190e+00 2.628361e+00
1586 2.728004e+00 2.660095e+00
1587 2.762495e+00 2.738754e+00
1588 2.784546e+00 2.712476e+00
1589 2.788287e+00 2.694169e+00
1590 2.791296e+00 2.698878e+00
1591 2.770753e+00 2.681818e+00
1592 2.736900e+00 2.688839e+00
1593 2.734491e+00 2.643246e+00
1594 2.735811e+00 2.642157e+00
1595 2.740685e+00 2.643291e+00
1596 2.709425e+00 2.590240e+00
1597 2.704187e+00 2.592905e+00
1598 2.690549e+00 2.611048e+00
1599 2.683375e+00 2.597039e+00
1600 2.672746e+00 2.582805e+00
1601 2.683892e+00 2.586600e+00
1602 2.669188e+00 2.589065e+00
1603 2.668650e+00 2.597591e+00
1604 2.678863e+00 2.636029e+00
1605 2.675011e+00 2.643254e+00
1606 2.674439e+00 2.642805e+00
1607 2.682152e+00 2.654567e+00
1608 2.707129e+00 2.569994e+00
1609 2.704642e+00 2.554594e+00
1610 2.703439e+00 2.555563e+00
1611 2.702800e+00 2.553929e+00
1612 2.706439e+00 2.544486e+00
1613 2.706485e+00 2.547123e+00
1614 2.687207e+00 2.533878e+00
1615 2.673584e+00 2.570951e+00
1616 2.670701e+00 2.565551e+00
1617 2.691532e+00 2.540691e+00
1618 2.659183e+00 2.567339e+00
1619 2.661578e+00 2.570011e+00
1620 2.661370e+00 2.572293e+00
1621 2.655193e+00 2.573956e+00
1622 2.722352e+00 2.584931e+00
1623 2.724272e+00 2.593601e+00
1624 2.720363e+00 2.599039e+00
1625 2.726741e+00 2.659291e+00
1626 2.727104e+00 2.651741e+00
1627 2.753420e+00 2.707152e+00
1628 2.753434e+00 2.706870e+00
1629 2.728159e+00 2.689026e+00
1630 2.718669e+00 2.694829e+00
1631 2.717851e+00 2.695272e+00
1632 2.720229e+00 2.704599e+00
1633 2.709887e+00 2.728190e+00
1634 2.720793e+00 2.727667e+00
1635 2.738716e+00 2.716061e+00
1636 2.741792e+00 2.710024e+00
1637 2.714437e+00 2.740011e+00
1638 2.709207e+00 2.780150e+00
1639 2.698794e+00 2.773947e+00
1640 2.671737e+00 2.764008e+00
1641 2.679724e+00 2.777715e+00
1642 2.666629e+00 2.784096e+00
1643 2.675858e+00 2.781674e+00
1644 2.684372e+00 2.783836e+00
1645 2.686392e+00 2.786002e+00
1646 2.682478e+00 2.789526e+00
1647 2.705497e+00 2.767060e+00
1648 2.697734e+00 2.763032e+00
1649 2.684702e+00 2.795944e+00
1650 2.672208e+00 2.781563e+00
1651 2.671667e+00 2.780425e+00
1652 2.668787e+00 2.800512e+00
1653 2.665053e+00 2.791495e+00
1654 2.671062e+00 2.796212e+00
1655 2.684200e+00 2.785087e+00
1656 2.675458e+00 2.764297e+00
1657 2.686092e+00 2.767310e+00
1658 2.668516e+00 2.732080e+00
1659 2.668238e+00 2.732532e+00
1660 2.645817e+00 2.692016e+00
1661 2.650246e+00 2.656311e+00
1662 2.712367e+00 2.603847e+00
1663 2.720797e+00 2.626726e+00
1664 2.718340e+00 2.626915e+00
1665 2.725412e+00 2.609830e+00
1666 2.723468e+00 2.609792e+00
1667 2.706051e+00 2.594845e+00
1668 2.691246e+00 2.526002e+00
1669 2.708512e+00 2.529286e+00
1670 2.703197e+00 2.530600e+00
1671 2.704633e+00 2.529447e+00
1672 2.717989e+00 2.510248e+00
1673 2.701479e+00 2.502111e+00
1674 2.706611e+00 2.505985e+00
1675 2.716697e+00 2.489621e+00
1676 2.722662e+00 2.490631e+00
1677 2.699686e+00 2.479794e+00
1678 2.691922e+00 2.487412e+00
1679 2.691242e+00 2.481649e+00
1680 2.693443e+00 2.478961e+00
1681 2.687603e+00 2.494801e+00
1682 2.691888e+00 2.502962e+00
1683 2.691449e+00 2.500742e+00
1684 2.690175e+00 2.491285e+00
1685 2.688829e+00 2.496760e+00
1686 2.693114e+00 2.490131e+00
1687 2.687528e+00 2.480852e+00
1688 2.686713e+00 2.478697e+00
1689 2.698664e+00 2.485749e+00
1690 2.652678e+00 2.514325e+00
1691 2.620519e+00 2.513815e+00
1692 2.595292e+00 2.500241e+00
1693 2.563833e+00 2.482441e+00
1694 2.564579e+00 2.482644e+00
1695 2.568030e+00 2.481077e+00
1696 2.560764e+00 2.477913e+00
1697 2.553276e+00 2.487328e+00
1698 2.551797e+00 2.474097e+00
1699 2.552515e+00 2.472417e+00
1700 2.553221e+00 2.473975e+00
1701 2.553662e+00 2.475110e+00
1702 2.529439e+00 2.494008e+00
1703 2.547679e+00 2.497409e+00
1704 2.534707e+00 2.511484e+00
1705 2.532606e+00 2.514087e+00
1706 2.543907e+00 2.512225e+00
1707 2.536944e+00 2.503746e+00
1708 2.585129e+00 2.489049e+00
1709 2.588412e+00 2.505025e+00
1710 2.587291e+00 2.505701e+00
1711 2.598243e+00 2.517687e+00
1712 2.580699e+00 2.481452e+00
1713 2.592711e+00 2.451047e+00
1714 2.594794e+00 2.449859e+00
1715 2.602818e+00 2.466096e+00
1716 2.583823e+00 2.424222e+00
1717 2.576729e+00 2.418535e+00
1718 2.606104e+00 2.456534e+00
1719 2.611843e+00 2.449363e+00
1720 2.612012e+00 2.449665e+00
1721 2.603617e+00 2.468717e+00
1722 2.601701e+00 2.464725e+00
1723 2.575142e+00 2.462185e+00
1724 2.579668e+00 2.456499e+00
1725 2.574260e+00 2.451100e+00
1726 2.508554e+00 2.540746e+00
1727 2.502963e+00 2.543119e+00
1728 2.500449e+00 2.538056e+00
1729 2.515530e+00 2.551503e+00
1730 2.520526e+00 2.534044e+00
1731 2.508298e+00 2.543888e+00
1732 2.542388e+00 2.567698e+00
1733 2.546816e+00 2.571432e+00
1734 2.602027e+00 2.521846e+00
1735 2.598989e+00 2.517389e+00
1736 2.586742e+00 2.524136e+00
1737 2.592025e+00 2.528254e+00
1738 2.577852e+00 2.522177e+00
1739 2.577590e+00 2.522223e+00
1740 2.573815e+00 2.527772e+00
1741 2.562846e+00 2.523346e+00
1742 2.567880e+00 2.521834e+00
1743 2.569326e+00 2.524139e+00
1744 2.573050e+00 2.528021e+00
1745 2.569918e+00 2.541548e+00
1746 2.557848e+00 2.543738e+00
1747 2.574954e+00 2.529519e+00
1748 2.569249e+00 2.515799e+00
1749 2.565369e+00 2.529269e+00
1750 2.578956e+00 2.592209e+00
1751 2.583547e+00 2.591631e+00
1752 2.626868e+00 2.617839e+00
1753 2.724477e+00 2.651322e+00
1754 2.720204e+00 2.589592e+00
1755 2.721785e+00 2.589723e+00
1756 2.725006e+00 2.588275e+00
1757 2.722131e+00 2.607135e+00
1758 2.726384e+00 2.603175e+00
1759 2.719444e+00 2.613537e+00
1760 2.704103e+00 2.636151e+00
1761 2.721346e+00 2.633565e+00
1762 2.699837e+00 2.663452e+00
1763 2.698841e+00 2.661566e+00
1764 2.696304e+00 2.666077e+00
1765 2.670774e+00 2.708434e+00
1766 2.667737e+00 2.725752e+00
1767 2.673339e+00 2.736509e+00
1768 2.660256e+00 2.726854e+00
1769 2.672418e+00 2.726848e+00
1770 2.674675e+00 2.728159e+00
1771 2.672746e+00 2.733751e+00
1772 2.676676e+00 2.735298e+00
1773 2.683882e+00 2.728981e+00
1774 2.643105e+00 2.707398e+00
1775 2.646765e+00 2.699559e+00
1776 2.594905e+00 2.696609e+00
1777 2.596720e+00 2.702020e+00
1778 2.588106e+00 2.707905e+00
1779 2.588005e+00 2.706555e+00
1780 2.584504e+00 2.711361e+00
1781 2.578964e+00 2.721958e+00
1782 2.575671e+00 2.719526e+00
1783 2.590132e+00 2.709470e+00
1784 2.543736e+00 2.737199e+00
1785 2.531416e+00 2.735651e+00
1786 2.531477e+00 2.737013e+00
1787 2.527264e+00 2.732705e+00
1788 2.456823e+00 2.784230e+00
1789 2.458285e+00 2.775940e+00
1790 2.462498e+00 2.773453e+00
1791 2.459348e+00 2.777266e+00
1792 2.459461e+00 2.776555e+00
1793 2.468757e+00 2.791965e+00
1794 2.472678e+00 2.792202e+00
1795 2.470009e+00 2.785708e+00
1796 2.420449e+00 2.810221e+00
1797 2.436187e+00 2.786527e+00
1798 2.409061e+00 2.749021e+00
1799 2.460350e+00 2.758004e+00
1800 2.460637e+00 2.755599e+00
1801 2.460344e+00 2.755583e+00
1802 2.459576e+00 2.756160e+00
1803 2.456932e+00 2.768262e+00
1804 2.422253e+00 2.764386e+00
1805 2.411981e+00 2.765280e+00
1806 2.411381e+00 2.756381e+00
1807 2.407539e+00 2.759816e+00
1808 2.416519e+00 2.745876e+00
1809 2.416623e+00 2.733729e+00
1810 2.424992e+00 2.698037e+00
1811 2.442250e+00 2.701599e+00
1812 2.450492e+00 2.710103e+00
1813 2.447206e+00 2.726036e+00
1814 2.423484e+00 2.724562e+00
1815 2.422122e+00 2.733448e+00
1816 2.422285e+00 2.733920e+00
1817 2.411289e+00 2.716712e+00
1818 2.401830e+00 2.735138e+00
1819 2.399827e+00 2.736163e+00
1820 2.394431e+00 2.741422e+00
1821 2.378230e+00 2.730619e+00
1822 2.379178e+00 2.728874e+00
1823 2.372930e+00 2.674810e+00
1824 2.370431e+00 2.674886e+00
1825 2.378737e+00 2.681743e+00
1826 2.454241e+00 2.680673e+00
1827 2.454116e+00 2.680388e+00
1828 2.425956e+00 2.677381e+00
1829 2.417869e+00 2.680400e+00
1830 2.419665e+00 2.703888e+00
1831 2.420110e+00 2.708783e+00
1832 2.420542e+00 2.715361e+00
1833 2.416034e+00 2.726324e+00
1834 2.416367e+00 2.741796e+00
1835 2.391098e+00 2.790843e+00
1836 2.416083e+00 2.854422e+00
1837 2.419138e+00 2.857674e+00
1838 2.420076e+00 2.848796e+00
1839 2.448769e+00 2.849817e+00
1840 2.437384e+00 2.837254e+00
1841 2.442379e+00 2.832783e+00
1842 2.471260e+00 2.827180e+00
1843 2.476566e+00 2.834026e+00
1844 2.473377e+00 2.837273e+00
1845 2.473714e+00 2.836898e+00
1846 2.467683e+00 2.842768e+00
1847 2.477261e+00 2.863348e+00
1848 2.477754e+00 2.862923e+00
1849 2.481958e+00 2.872607e+00
1850 2.494662e+00 2.868619e+00
1851 2.474365e+00 2.851541e+00
1852 2.476846e+00 2.853923e+00
1853 2.477721e+00 2.853787e+00
1854 2.479942e+00 2.864030e+00
1855 2.507550e+00 2.860205e+00
1856 2.508447e+00 2.936422e+00
1857 2.493900e+00 2.929374e+00
1858 2.513137e+00 2.936043e+00
1859 2.514828e+00 2.934486e+00
1860 2.510472e+00 2.934454e+00
1861 2.483017e+00 2.947682e+00
1862 2.517833e+00 2.983609e+00
1863 2.520236e+00 2.988995e+00
1864 2.520524e+00 2.996554e+00
1865 2.511010e+00 2.997581e+00
1866 2.510994e+00 2.997502e+00
1867 2.516665e+00 2.994060e+00
1868 2.484217e+00 3.049444e+00
