0 2.018261e+00 1.739776e+00
1 2.036120e+00 1.751844e+00
2 2.011232e+00 1.726864e+00
3 2.012231e+00 1.726802e+00
4 2.021944e+00 1.713123e+00
5 2.023054e+00 1.712100e+00
6 2.020830e+00 1.724482e+00
7 2.020601e+00 1.723599e+00
8 2.002838e+00 1.730398e+00
9 2.017793e+00 1.725862e+00
10 2.025069e+00 1.749235e+00
11 2.013438e+00 1.749115e+00
12 2.028503e+00 1.770877e+00
13 2.045625e+00 1.812280e+00
14 2.023284e+00 1.830593e+00
15 2.028912e+00 1.816016e+00
16 2.026426e+00 1.820110e+00
17 2.044167e+00 1.812106e+00
18 2.045980e+00 1.809636e+00
19 2.037290e+00 1.795577e+00
20 2.036005e+00 1.790146e+00
21 2.021226e+00 1.783946e+00
22 2.023981e+00 1.786656e+00
23 2.036268e+00 1.785396e+00
24 2.045233e+00 1.785800e+00
25 2.045681e+00 1.790240e+00
26 2.046107e+00 1.784416e+00
27 1.961213e+00 1.789705e+00
28 1.975160e+00 1.780505e+00
29 1.970636e+00 1.779430e+00
30 1.969091e+00 1.775518e+00
31 1.960719e+00 1.772524e+00
32 1.959309e+00 1.770014e+00
33 1.955781e+00 1.775840e+00
34 1.956117e+00 1.779982e+00
35 1.946096e+00 1.773319e+00
36 1.947739e+00 1.767990e+00
37 1.962435e+00 1.784380e+00
38 1.966020e+00 1.820455e+00
39 1.966529e+00 1.802958e+00
40 1.963195e+00 1.799082e+00
41 1.988566e+00 1.788261e+00
42 2.014513e+00 1.788783e+00
43 2.017987e+00 1.787884e+00
44 2.008660e+00 1.800734e+00
45 2.010516e+00 1.741657e+00
46 2.012210e+00 1.753897e+00
47 2.005248e+00 1.746669e+00
48 2.005751e+00 1.731975e+00
49 2.003472e+00 1.731450e+00
50 2.002037e+00 1.728133e+00
51 1.997702e+00 1.634321e+00
52 1.996288e+00 1.630084e+00
53 1.967113e+00 1.623986e+00
54 1.875505e+00 1.593638e+00
55 1.873794e+00 1.611312e+00
56 1.874163e+00 1.611908e+00
57 1.896096e+00 1.593825e+00
58 1.878262e+00 1.588608e+00
59 1.863952e+00 1.641854e+00
60 1.873285e+00 1.649914e+00
61 1.872275e+00 1.650136e+00
62 1.867031e+00 1.651016e+00
63 1.867311e+00 1.642685e+00
64 1.889611e+00 1.690047e+00
65 1.883437e+00 1.647458e+00
66 1.891419e+00 1.633570e+00
67 1.965175e+00 1.600324e+00
68 1.945209e+00 1.590092e+00
69 1.946768e+00 1.589075e+00
70 1.957764e+00 1.590545e+00
71 1.929542e+00 1.593902e+00
72 1.929013e+00 1.594441e+00
73 1.919765e+00 1.597033e+00
74 1.913398e+00 1.606965e+00
75 1.913398e+00 1.610330e+00
76 1.914833e+00 1.611804e+00
77 1.915281e+00 1.615170e+00
78 1.913394e+00 1.615966e+00
79 1.907671e+00 1.608888e+00
80 1.910523e+00 1.609668e+00
81 1.915956e+00 1.591613e+00
82 1.930838e+00 1.593211e+00
83 1.938841e+00 1.585593e+00
84 1.925046e+00 1.595271e+00
85 1.919699e+00 1.577057e+00
86 1.905554e+00 1.511170e+00
87 1.915469e+00 1.521210e+00
88 1.903827e+00 1.483644e+00
89 1.881106e+00 1.481997e+00
90 1.880752e+00 1.478775e+00
91 1.910407e+00 1.489840e+00
92 1.919382e+00 1.489820e+00
93 1.942799e+00 1.484147e+00
94 1.933249e+00 1.487651e+00
95 1.940600e+00 1.494426e+00
96 1.898700e+00 1.573981e+00
97 1.892160e+00 1.552025e+00
98 1.880593e+00 1.548470e+00
99 1.859257e+00 1.556816e+00
100 1.854063e+00 1.552826e+00
101 1.826351e+00 1.545269e+00
102 1.807721e+00 1.560562e+00
103 1.813872e+00 1.563313e+00
104 1.800404e+00 1.573629e+00
105 1.799924e+00 1.574286e+00
106 1.800265e+00 1.574464e+00
107 1.811345e+00 1.570344e+00
108 1.846714e+00 1.576515e+00
109 1.837310e+00 1.583799e+00
110 1.833231e+00 1.580545e+00
111 1.833580e+00 1.580251e+00
112 1.834591e+00 1.580392e+00
113 1.877856e+00 1.587211e+00
114 1.891998e+00 1.545565e+00
115 1.873337e+00 1.533174e+00
116 1.872106e+00 1.532649e+00
117 1.869130e+00 1.535574e+00
118 1.871592e+00 1.535282e+00
119 1.828749e+00 1.522512e+00
120 1.826378e+00 1.514184e+00
121 1.829689e+00 1.514130e+00
122 1.827645e+00 1.515099e+00
123 1.819571e+00 1.500260e+00
124 1.815491e+00 1.507244e+00
125 1.890803e+00 1.537998e+00
126 1.889013e+00 1.538231e+00
127 1.877116e+00 1.550847e+00
128 1.855869e+00 1.551797e+00
129 1.871579e+00 1.574637e+00
130 1.857982e+00 1.559096e+00
131 1.846029e+00 1.547191e+00
132 1.842536e+00 1.546822e+00
133 1.835781e+00 1.549339e+00
134 1.815661e+00 1.542799e+00
135 1.817006e+00 1.522009e+00
136 1.811551e+00 1.519282e+00
137 1.810210e+00 1.519957e+00
138 1.813243e+00 1.511549e+00
139 1.812990e+00 1.511509e+00
140 1.774809e+00 1.467000e+00
141 1.765404e+00 1.485066e+00
142 1.745665e+00 1.498184e+00
143 1.767182e+00 1.523543e+00
144 1.742901e+00 1.503323e+00
145 1.731860e+00 1.483606e+00
146 1.724149e+00 1.477601e+00
147 1.737265e+00 1.482181e+00
148 1.736262e+00 1.484441e+00
149 1.604546e+00 1.490425e+00
150 1.606424e+00 1.493692e+00
151 1.590483e+00 1.558847e+00
152 1.581350e+00 1.576837e+00
153 1.595363e+00 1.611798e+00
154 1.594195e+00 1.611837e+00
155 1.592732e+00 1.618324e+00
156 1.593386e+00 1.619162e+00
157 1.602633e+00 1.615878e+00
158 1.615327e+00 1.621700e+00
159 1.591580e+00 1.627688e+00
160 1.597544e+00 1.634273e+00
161 1.590446e+00 1.643806e+00
162 1.583693e+00 1.643228e+00
163 1.587527e+00 1.613319e+00
164 1.553849e+00 1.593184e+00
165 1.554363e+00 1.591743e+00
166 1.558153e+00 1.629584e+00
167 1.580798e+00 1.604043e+00
168 1.591180e+00 1.591987e+00
169 1.596243e+00 1.590806e+00
170 1.596885e+00 1.590623e+00
171 1.595860e+00 1.588965e+00
172 1.624685e+00 1.604697e+00
173 1.622760e+00 1.601448e+00
174 1.620689e+00 1.593236e+00
175 1.556334e+00 1.619485e+00
176 1.559304e+00 1.614825e+00
177 1.548933e+00 1.625058e+00
178 1.549410e+00 1.620449e+00
179 1.551674e+00 1.618836e+00
180 1.544740e+00 1.474032e+00
181 1.506895e+00 1.476472e+00
182 1.507958e+00 1.385458e+00
183 1.525266e+00 1.386233e+00
184 1.561107e+00 1.349205e+00
185 1.502896e+00 1.350540e+00
186 1.503369e+00 1.345933e+00
187 1.498116e+00 1.325089e+00
188 1.487973e+00 1.342111e+00
189 1.485532e+00 1.345477e+00
190 1.458823e+00 1.332974e+00
191 1.460499e+00 1.351879e+00
192 1.488547e+00 1.337619e+00
193 1.500975e+00 1.354112e+00
194 1.550671e+00 1.369727e+00
195 1.559852e+00 1.362670e+00
196 1.527960e+00 1.384244e+00
197 1.515925e+00 1.377828e+00
198 1.521257e+00 1.378710e+00
199 1.548857e+00 1.374871e+00
200 1.523555e+00 1.371815e+00
201 1.522274e+00 1.372061e+00
202 1.549594e+00 1.407462e+00
203 1.548362e+00 1.401491e+00
204 1.548536e+00 1.398161e+00
205 1.559396e+00 1.413979e+00
206 1.574942e+00 1.412785e+00
207 1.578785e+00 1.410504e+00
208 1.580659e+00 1.412626e+00
209 1.577613e+00 1.420535e+00
210 1.597754e+00 1.373759e+00
211 1.590701e+00 1.386072e+00
212 1.580101e+00 1.363590e+00
213 1.568215e+00 1.373494e+00
214 1.557385e+00 1.397702e+00
215 1.555944e+00 1.396503e+00
216 1.570126e+00 1.419099e+00
217 1.576560e+00 1.371254e+00
218 1.566312e+00 1.368590e+00
219 1.582536e+00 1.374627e+00
220 1.579054e+00 1.373296e+00
221 1.580375e+00 1.380572e+00
222 1.574470e+00 1.349394e+00
223 1.571304e+00 1.353133e+00
224 1.587687e+00 1.382726e+00
225 1.569056e+00 1.395485e+00
226 1.572335e+00 1.397811e+00
227 1.579713e+00 1.395707e+00
228 1.594472e+00 1.364996e+00
229 1.593747e+00 1.363085e+00
230 1.614254e+00 1.353271e+00
231 1.596124e+00 1.356711e+00
232 1.582459e+00 1.351552e+00
233 1.581679e+00 1.350007e+00
234 1.584247e+00 1.336981e+00
235 1.578297e+00 1.336203e+00
236 1.577818e+00 1.336856e+00
237 1.534905e+00 1.359775e+00
238 1.543753e+00 1.355834e+00
239 1.544473e+00 1.354219e+00
240 1.548891e+00 1.346506e+00
241 1.538961e+00 1.312282e+00
242 1.550106e+00 1.324830e+00
243 1.543315e+00 1.328280e+00
244 1.546504e+00 1.310179e+00
245 1.550623e+00 1.315477e+00
246 1.552151e+00 1.347904e+00
247 1.592433e+00 1.304434e+00
248 1.627376e+00 1.325800e+00
249 1.627023e+00 1.325948e+00
250 1.610309e+00 1.379391e+00
251 1.605650e+00 1.374769e+00
252 1.604727e+00 1.376533e+00
253 1.562056e+00 1.333291e+00
254 1.529796e+00 1.358500e+00
255 1.522517e+00 1.358669e+00
256 1.520296e+00 1.359597e+00
257 1.519762e+00 1.358236e+00
258 1.518213e+00 1.362816e+00
259 1.516922e+00 1.367141e+00
260 1.531663e+00 1.379633e+00
261 1.523582e+00 1.378439e+00
262 1.526018e+00 1.384252e+00
263 1.529729e+00 1.408766e+00
264 1.517003e+00 1.411492e+00
265 1.522105e+00 1.391015e+00
266 1.525554e+00 1.388887e+00
267 1.513794e+00 1.399882e+00
268 1.527639e+00 1.404437e+00
269 1.536601e+00 1.405077e+00
270 1.521962e+00 1.424459e+00
271 1.524280e+00 1.419233e+00
272 1.524319e+00 1.419224e+00
273 1.520045e+00 1.407267e+00
274 1.529515e+00 1.398310e+00
275 1.524303e+00 1.372567e+00
276 1.532977e+00 1.346636e+00
277 1.537746e+00 1.395708e+00
278 1.529990e+00 1.384404e+00
279 1.529769e+00 1.385714e+00
280 1.527126e+00 1.386188e+00
281 1.540009e+00 1.370693e+00
282 1.498063e+00 1.276673e+00
283 1.504807e+00 1.278759e+00
284 1.501417e+00 1.281640e+00
285 1.554962e+00 1.245475e+00
286 1.554223e+00 1.244841e+00
287 1.553869e+00 1.243369e+00
288 1.535556e+00 1.246952e+00
289 1.566017e+00 1.377766e+00
290 1.604149e+00 1.413378e+00
291 1.603740e+00 1.413888e+00
292 1.602365e+00 1.414661e+00
293 1.600075e+00 1.412673e+00
294 1.594206e+00 1.420126e+00
295 1.588657e+00 1.414409e+00
296 1.588946e+00 1.414926e+00
297 1.609422e+00 1.414218e+00
298 1.608516e+00 1.415792e+00
299 1.595049e+00 1.433545e+00
300 1.596621e+00 1.434187e+00
301 1.591711e+00 1.425988e+00
302 1.582491e+00 1.456464e+00
303 1.576282e+00 1.454180e+00
304 1.576044e+00 1.456570e+00
305 1.569006e+00 1.464731e+00
306 1.594816e+00 1.495335e+00
307 1.646656e+00 1.509326e+00
308 1.647264e+00 1.510813e+00
309 1.615786e+00 1.509303e+00
310 1.607128e+00 1.501191e+00
311 1.632021e+00 1.541094e+00
312 1.650384e+00 1.564148e+00
313 1.655750e+00 1.563554e+00
314 1.645344e+00 1.484507e+00
315 1.643878e+00 1.481100e+00
316 1.637112e+00 1.492021e+00
317 1.686316e+00 1.520826e+00
318 1.688059e+00 1.515573e+00
319 1.693228e+00 1.525141e+00
320 1.684357e+00 1.541818e+00
321 1.698093e+00 1.542825e+00
322 1.734104e+00 1.577675e+00
323 1.712416e+00 1.554825e+00
324 1.701522e+00 1.560281e+00
325 1.698235e+00 1.556174e+00
326 1.690072e+00 1.547785e+00
327 1.690585e+00 1.545688e+00
328 1.691413e+00 1.553912e+00
329 1.701083e+00 1.587984e+00
330 1.721073e+00 1.579582e+00
331 1.721487e+00 1.573183e+00
332 1.700402e+00 1.606040e+00
333 1.751162e+00 1.538303e+00
334 1.704941e+00 1.555674e+00
335 1.695218e+00 1.559103e+00
336 1.689560e+00 1.560039e+00
337 1.691084e+00 1.560646e+00
338 1.689241e+00 1.563176e+00
339 1.681763e+00 1.557999e+00
340 1.685497e+00 1.553106e+00
341 1.683034e+00 1.566961e+00
342 1.656793e+00 1.549193e+00
343 1.665098e+00 1.551600e+00
344 1.660302e+00 1.580691e+00
345 1.661875e+00 1.584673e+00
346 1.654045e+00 1.597439e+00
347 1.650887e+00 1.639865e+00
348 1.628940e+00 1.640840e+00
349 1.625989e+00 1.640323e+00
350 1.625369e+00 1.642318e+00
351 1.711044e+00 1.666771e+00
352 1.718487e+00 1.640362e+00
353 1.709784e+00 1.647498e+00
354 1.705482e+00 1.646603e+00
355 1.707405e+00 1.644086e+00
356 1.700109e+00 1.669562e+00
357 1.697842e+00 1.666641e+00
358 1.685831e+00 1.675965e+00
359 1.692721e+00 1.677780e+00
360 1.667042e+00 1.718502e+00
361 1.668131e+00 1.718983e+00
362 1.666965e+00 1.721673e+00
363 1.735662e+00 1.700672e+00
364 1.722351e+00 1.692145e+00
365 1.721434e+00 1.691776e+00
366 1.719768e+00 1.677917e+00
367 1.709977e+00 1.637000e+00
368 1.723679e+00 1.612219e+00
369 1.735544e+00 1.609897e+00
370 1.736081e+00 1.609788e+00
371 1.730754e+00 1.637429e+00
372 1.730922e+00 1.645694e+00
373 1.727592e+00 1.639680e+00
374 1.729258e+00 1.641224e+00
375 1.729076e+00 1.648424e+00
376 1.757013e+00 1.644721e+00
377 1.750607e+00 1.647056e+00
378 1.756268e+00 1.647237e+00
379 1.756348e+00 1.645916e+00
380 1.774663e+00 1.646303e+00
381 1.775221e+00 1.645512e+00
382 1.789186e+00 1.657889e+00
383 1.764408e+00 1.598553e+00
384 1.782384e+00 1.600466e+00
385 1.779001e+00 1.597543e+00
386 1.798851e+00 1.599273e+00
387 1.765074e+00 1.603246e+00
388 1.774461e+00 1.588027e+00
389 1.770846e+00 1.588439e+00
390 1.788505e+00 1.598267e+00
391 1.773685e+00 1.570759e+00
392 1.826444e+00 1.565182e+00
393 1.827308e+00 1.567728e+00
394 1.811730e+00 1.554230e+00
395 1.789150e+00 1.595604e+00
396 1.786854e+00 1.595553e+00
397 1.784057e+00 1.601593e+00
398 1.784136e+00 1.605542e+00
399 1.782756e+00 1.601636e+00
400 1.804748e+00 1.577056e+00
401 1.809005e+00 1.574621e+00
402 1.803113e+00 1.580482e+00
403 1.798020e+00 1.619760e+00
404 1.797224e+00 1.618583e+00
405 1.798484e+00 1.623551e+00
406 1.798583e+00 1.622348e+00
407 1.798702e+00 1.621724e+00
408 1.817212e+00 1.641456e+00
409 1.817169e+00 1.641392e+00
410 1.819101e+00 1.635588e+00
411 1.764964e+00 1.614012e+00
412 1.765780e+00 1.619322e+00
413 1.794355e+00 1.631147e+00
414 1.805792e+00 1.627129e+00
415 1.822429e+00 1.633886e+00
416 1.820384e+00 1.635088e+00
417 1.822930e+00 1.630942e+00
418 1.822111e+00 1.627704e+00
419 1.803857e+00 1.646474e+00
420 1.807411e+00 1.645495e+00
421 1.788116e+00 1.637803e+00
422 1.795360e+00 1.662026e+00
423 1.819916e+00 1.645057e+00
424 1.811436e+00 1.648102e+00
425 1.808189e+00 1.636702e+00
426 1.806570e+00 1.634915e+00
427 1.805550e+00 1.634144e+00
428 1.805430e+00 1.638856e+00
429 1.696519e+00 1.649949e+00
430 1.688402e+00 1.660361e+00
431 1.643165e+00 1.694181e+00
432 1.639650e+00 1.696002e+00
433 1.624219e+00 1.702120e+00
434 1.642301e+00 1.708091e+00
435 1.703898e+00 1.624364e+00
436 1.704052e+00 1.622403e+00
437 1.702578e+00 1.619349e+00
438 1.685265e+00 1.653499e+00
439 1.680078e+00 1.657843e+00
440 1.662011e+00 1.661985e+00
441 1.656357e+00 1.676269e+00
442 1.645637e+00 1.668935e+00
443 1.646123e+00 1.668135e+00
444 1.638970e+00 1.679564e+00
445 1.644014e+00 1.679583e+00
446 1.641149e+00 1.681079e+00
447 1.628980e+00 1.688965e+00
448 1.642873e+00 1.661736e+00
449 1.642134e+00 1.663798e+00
450 1.617105e+00 1.657581e+00
451 1.618394e+00 1.612919e+00
452 1.611281e+00 1.628295e+00
453 1.616384e+00 1.613318e+00
454 1.612039e+00 1.599523e+00
455 1.616073e+00 1.604205e+00
456 1.648322e+00 1.604074e+00
457 1.659010e+00 1.598758e+00
458 1.680313e+00 1.644754e+00
459 1.676753e+00 1.652768e+00
460 1.677243e+00 1.663312e+00
461 1.679552e+00 1.646229e+00
462 1.687109e+00 1.650685e+00
463 1.684187e+00 1.666254e+00
464 1.712942e+00 1.653242e+00
465 1.739134e+00 1.670834e+00
466 1.749692e+00 1.669668e+00
467 1.743393e+00 1.669998e+00
468 1.712822e+00 1.679639e+00
469 1.716034e+00 1.688551e+00
470 1.714479e+00 1.698583e+00
471 1.717733e+00 1.698242e+00
472 1.723747e+00 1.694421e+00
473 1.713994e+00 1.708778e+00
474 1.696894e+00 1.704879e+00
475 1.703664e+00 1.723302e+00
476 1.711085e+00 1.754779e+00
477 1.745963e+00 1.746014e+00
478 1.717246e+00 1.715898e+00
479 1.731178e+00 1.741892e+00
480 1.743525e+00 1.732781e+00
481 1.747464e+00 1.710795e+00
482 1.747368e+00 1.710176e+00
483 1.746725e+00 1.710515e+00
484 1.746127e+00 1.713035e+00
485 1.752464e+00 1.705828e+00
486 1.750605e+00 1.705808e+00
487 1.743809e+00 1.709085e+00
488 1.742972e+00 1.709912e+00
489 1.719569e+00 1.720936e+00
490 1.716734e+00 1.715214e+00
491 1.707700e+00 1.707734e+00
492 1.709537e+00 1.708872e+00
493 1.736484e+00 1.715666e+00
494 1.737092e+00 1.706243e+00
495 1.729812e+00 1.724725e+00
496 1.838304e+00 1.674425e+00
497 1.859216e+00 1.677328e+00
498 1.853893e+00 1.686451e+00
499 1.862518e+00 1.704214e+00
500 1.899393e+00 1.660648e+00
501 1.898059e+00 1.660018e+00
502 1.892977e+00 1.661574e+00
503 1.897958e+00 1.681409e+00
504 1.914015e+00 1.713864e+00
505 1.907879e+00 1.751673e+00
506 1.913552e+00 1.715345e+00
507 1.873496e+00 1.699122e+00
508 1.862015e+00 1.697134e+00
509 1.855993e+00 1.691618e+00
510 1.857350e+00 1.689794e+00
511 1.866366e+00 1.706046e+00
512 1.866745e+00 1.695964e+00
513 1.868970e+00 1.715598e+00
514 1.821833e+00 1.681542e+00
515 1.855262e+00 1.777930e+00
516 1.862359e+00 1.783317e+00
517 1.861661e+00 1.782741e+00
518 1.860190e+00 1.784939e+00
519 1.871298e+00 1.880845e+00
520 1.857022e+00 1.883286e+00
521 1.850095e+00 1.937671e+00
522 1.859001e+00 1.937773e+00
523 1.859576e+00 1.945090e+00
524 1.862768e+00 1.941783e+00
525 1.855796e+00 1.956818e+00
526 1.877281e+00 1.938520e+00
527 1.876952e+00 1.942801e+00
528 1.887112e+00 1.927602e+00
529 1.888066e+00 1.916764e+00
530 1.884760e+00 1.920811e+00
531 1.902225e+00 1.919701e+00
532 1.901979e+00 1.919017e+00
533 1.912625e+00 1.911067e+00
534 1.917100e+00 1.911505e+00
535 1.916501e+00 1.912672e+00
536 1.822587e+00 1.851341e+00
537 1.814258e+00 1.847396e+00
538 1.797395e+00 1.853079e+00
539 1.772903e+00 1.895290e+00
540 1.784284e+00 1.908673e+00
541 1.784663e+00 1.909490e+00
542 1.725290e+00 1.867197e+00
543 1.725503e+00 1.867221e+00
544 1.759453e+00 1.836068e+00
545 1.759621e+00 1.835401e+00
546 1.741621e+00 1.816090e+00
547 1.715093e+00 1.789839e+00
548 1.701878e+00 1.819011e+00
549 1.706033e+00 1.810748e+00
550 1.750590e+00 1.749323e+00
551 1.748736e+00 1.751080e+00
552 1.746621e+00 1.755693e+00
553 1.734459e+00 1.756722e+00
554 1.730097e+00 1.753420e+00
555 1.738452e+00 1.738877e+00
556 1.725889e+00 1.725386e+00
557 1.728243e+00 1.727059e+00
558 1.727907e+00 1.728448e+00
559 1.726536e+00 1.743987e+00
560 1.747607e+00 1.744603e+00
561 1.735382e+00 1.769443e+00
562 1.735054e+00 1.769299e+00
563 1.759928e+00 1.757684e+00
564 1.761527e+00 1.745109e+00
565 1.728839e+00 1.768917e+00
566 1.700668e+00 1.738541e+00
567 1.699880e+00 1.741062e+00
568 1.712548e+00 1.771432e+00
569 1.710379e+00 1.783958e+00
570 1.722412e+00 1.775538e+00
571 1.723239e+00 1.765887e+00
572 1.722392e+00 1.763452e+00
573 1.722418e+00 1.763369e+00
574 1.727798e+00 1.755956e+00
575 1.727927e+00 1.755593e+00
576 1.726950e+00 1.761297e+00
577 1.739714e+00 1.753240e+00
578 1.739695e+00 1.753139e+00
579 1.768695e+00 1.740310e+00
580 1.757791e+00 1.742437e+00
581 1.762187e+00 1.753190e+00
582 1.769578e+00 1.742402e+00
583 1.757867e+00 1.767319e+00
584 1.752476e+00 1.794128e+00
585 1.771380e+00 1.769651e+00
586 1.778996e+00 1.758544e+00
587 1.764088e+00 1.765844e+00
588 1.770669e+00 1.770513e+00
589 1.772614e+00 1.767926e+00
590 1.745751e+00 1.771432e+00
591 1.697541e+00 1.739604e+00
592 1.775411e+00 1.703511e+00
593 1.769529e+00 1.704386e+00
594 1.789530e+00 1.726823e+00
595 1.791165e+00 1.726881e+00
596 1.795909e+00 1.718124e+00
597 1.792747e+00 1.717712e+00
598 1.815954e+00 1.706012e+00
599 1.829229e+00 1.732644e+00
600 1.857358e+00 1.738935e+00
601 1.872084e+00 1.728180e+00
602 1.883159e+00 1.749139e+00
603 1.883053e+00 1.749060e+00
604 1.878035e+00 1.748445e+00
605 1.885414e+00 1.786282e+00
606 1.855607e+00 1.771974e+00
607 1.882681e+00 1.773478e+00
608 1.885941e+00 1.769373e+00
609 1.889348e+00 1.763350e+00
610 1.888664e+00 1.752205e+00
611 1.890666e+00 1.785630e+00
612 1.954258e+00 1.792515e+00
613 1.933762e+00 1.792909e+00
614 1.945823e+00 1.787442e+00
615 1.938124e+00 1.781629e+00
616 1.911138e+00 1.775442e+00
617 1.929127e+00 1.760009e+00
618 1.915453e+00 1.747967e+00
619 1.916274e+00 1.751704e+00
620 1.911692e+00 1.737328e+00
621 1.912740e+00 1.735375e+00
622 1.910059e+00 1.741734e+00
623 1.909889e+00 1.740642e+00
624 1.917881e+00 1.729380e+00
625 1.896456e+00 1.762172e+00
626 1.885858e+00 1.756589e+00
627 1.841859e+00 1.741374e+00
628 1.834954e+00 1.736830e+00
629 1.833658e+00 1.745951e+00
630 1.834235e+00 1.747195e+00
631 1.822575e+00 1.714702e+00
632 1.839292e+00 1.687313e+00
633 1.805053e+00 1.682522e+00
634 1.803094e+00 1.675362e+00
635 1.828666e+00 1.674030e+00
636 1.822391e+00 1.653276e+00
637 1.818405e+00 1.642076e+00
638 1.817245e+00 1.642294e+00
639 1.815692e+00 1.639048e+00
640 1.846885e+00 1.661942e+00
641 1.846034e+00 1.689644e+00
642 1.844259e+00 1.693087e+00
643 1.844573e+00 1.693086e+00
644 1.807667e+00 1.688312e+00
645 1.816446e+00 1.697512e+00
646 1.815161e+00 1.700903e+00
647 1.761880e+00 1.654601e+00
648 1.763016e+00 1.645625e+00
649 1.765204e+00 1.646916e+00
650 1.766256e+00 1.648815e+00
651 1.757374e+00 1.644513e+00
652 1.758133e+00 1.642148e+00
653 1.764599e+00 1.645417e+00
654 1.769277e+00 1.639560e+00
655 1.768290e+00 1.638443e+00
656 1.764398e+00 1.639319e+00
657 1.779114e+00 1.675907e+00
658 1.764304e+00 1.652715e+00
659 1.773732e+00 1.632961e+00
660 1.790786e+00 1.640512e+00
661 1.810809e+00 1.604148e+00
662 1.806536e+00 1.627801e+00
663 1.810878e+00 1.632855e+00
664 1.810889e+00 1.632691e+00
665 1.811851e+00 1.634994e+00
666 1.808889e+00 1.639051e+00
667 1.792255e+00 1.626028e+00
668 1.751602e+00 1.627142e+00
669 1.754761e+00 1.631110e+00
670 1.767667e+00 1.631675e+00
671 1.781362e+00 1.613051e+00
672 1.811105e+00 1.603786e+00
673 1.810912e+00 1.604701e+00
674 1.813494e+00 1.603111e+00
675 1.805217e+00 1.571228e+00
676 1.805456e+00 1.571340e+00
677 1.805654e+00 1.569313e+00
678 1.806439e+00 1.568029e+00
679 1.788235e+00 1.560832e+00
680 1.791889e+00 1.565887e+00
681 1.759557e+00 1.579251e+00
682 1.760116e+00 1.592771e+00
683 1.751787e+00 1.611258e+00
684 1.754072e+00 1.616291e+00
685 1.751184e+00 1.598145e+00
686 1.746474e+00 1.597325e+00
687 1.734810e+00 1.615996e+00
688 1.782222e+00 1.614755e+00
689 1.750287e+00 1.614159e+00
690 1.726114e+00 1.604434e+00
691 1.729611e+00 1.593085e+00
692 1.737650e+00 1.598599e+00
693 1.733852e+00 1.602392e+00
694 1.741098e+00 1.596992e+00
695 1.728600e+00 1.601708e+00
696 1.726129e+00 1.601342e+00
697 1.716406e+00 1.600141e+00
698 1.712073e+00 1.598275e+00
699 1.742961e+00 1.606634e+00
700 1.767000e+00 1.591785e+00
701 1.759443e+00 1.589492e+00
702 1.757675e+00 1.587031e+00
703 1.759444e+00 1.597411e+00
704 1.773002e+00 1.594501e+00
705 1.768551e+00 1.590733e+00
706 1.811085e+00 1.597948e+00
707 1.830497e+00 1.576811e+00
708 1.839949e+00 1.574807e+00
709 1.825727e+00 1.591497e+00
710 1.788991e+00 1.627714e+00
711 1.788389e+00 1.625635e+00
712 1.773164e+00 1.622473e+00
713 1.787857e+00 1.651551e+00
714 1.758189e+00 1.673372e+00
715 1.761345e+00 1.711702e+00
716 1.765911e+00 1.699886e+00
717 1.721230e+00 1.691196e+00
718 1.697327e+00 1.695099e+00
719 1.690651e+00 1.675611e+00
720 1.628277e+00 1.701181e+00
721 1.628148e+00 1.701591e+00
722 1.627410e+00 1.704385e+00
723 1.626126e+00 1.709339e+00
724 1.635638e+00 1.727169e+00
725 1.655592e+00 1.778410e+00
726 1.700193e+00 1.767731e+00
727 1.652038e+00 1.744805e+00
728 1.649596e+00 1.720365e+00
729 1.645172e+00 1.716945e+00
730 1.745331e+00 1.655312e+00
731 1.732300e+00 1.658328e+00
732 1.727102e+00 1.654354e+00
733 1.717704e+00 1.645572e+00
734 1.698788e+00 1.660985e+00
735 1.702511e+00 1.663005e+00
736 1.701642e+00 1.659387e+00
737 1.709700e+00 1.657652e+00
738 1.713733e+00 1.650131e+00
739 1.716460e+00 1.655481e+00
740 1.715138e+00 1.653499e+00
741 1.709168e+00 1.660088e+00
742 1.707282e+00 1.663094e+00
743 1.707802e+00 1.662431e+00
744 1.713057e+00 1.659696e+00
745 1.714390e+00 1.648950e+00
746 1.711090e+00 1.645466e+00
747 1.715236e+00 1.639358e+00
748 1.723560e+00 1.615048e+00
749 1.717440e+00 1.607457e+00
750 1.717573e+00 1.608056e+00
751 1.709161e+00 1.610169e+00
752 1.716243e+00 1.614921e+00
753 1.715903e+00 1.614162e+00
754 1.708103e+00 1.624161e+00
755 1.706865e+00 1.666660e+00
756 1.681918e+00 1.668525e+00
757 1.714688e+00 1.670054e+00
758 1.712744e+00 1.673352e+00
759 1.745865e+00 1.700428e+00
760 1.741857e+00 1.701018e+00
761 1.753396e+00 1.710886e+00
762 1.753467e+00 1.710521e+00
763 1.736402e+00 1.711491e+00
764 1.763908e+00 1.707612e+00
765 1.759312e+00 1.690708e+00
766 1.759103e+00 1.690715e+00
767 1.748405e+00 1.693446e+00
768 1.740743e+00 1.697627e+00
769 1.751008e+00 1.657574e+00
770 1.756801e+00 1.653221e+00
771 1.797819e+00 1.649531e+00
772 1.813081e+00 1.639291e+00
773 1.814705e+00 1.643435e+00
774 1.808980e+00 1.642588e+00
775 1.853085e+00 1.673036e+00
776 1.865489e+00 1.706645e+00
777 1.868544e+00 1.713471e+00
778 1.876381e+00 1.744287e+00
779 1.873204e+00 1.746527e+00
780 1.847966e+00 1.677143e+00
781 1.837984e+00 1.664880e+00
782 1.766709e+00 1.656159e+00
783 1.730163e+00 1.639762e+00
784 1.713167e+00 1.664248e+00
785 1.704203e+00 1.647698e+00
786 1.687065e+00 1.616672e+00
787 1.642085e+00 1.662810e+00
788 1.643129e+00 1.690635e+00
789 1.639391e+00 1.688065e+00
790 1.641804e+00 1.659616e+00
791 1.659608e+00 1.679631e+00
792 1.667884e+00 1.690725e+00
793 1.659374e+00 1.674158e+00
794 1.623833e+00 1.717548e+00
795 1.618499e+00 1.725717e+00
796 1.573926e+00 1.707360e+00
797 1.576670e+00 1.706457e+00
798 1.564746e+00 1.705248e+00
799 1.549746e+00 1.695939e+00
800 1.557021e+00 1.689273e+00
801 1.562741e+00 1.702089e+00
802 1.559985e+00 1.718660e+00
803 1.573833e+00 1.720145e+00
804 1.574297e+00 1.725760e+00
805 1.591199e+00 1.717222e+00
806 1.602392e+00 1.740500e+00
807 1.607811e+00 1.703042e+00
808 1.610474e+00 1.703694e+00
809 1.609649e+00 1.704552e+00
810 1.620351e+00 1.674255e+00
811 1.636528e+00 1.710396e+00
812 1.656454e+00 1.698767e+00
813 1.676375e+00 1.659187e+00
814 1.660117e+00 1.655013e+00
815 1.644098e+00 1.614225e+00
816 1.638604e+00 1.601933e+00
817 1.639022e+00 1.618641e+00
818 1.636930e+00 1.605473e+00
819 1.640058e+00 1.602690e+00
820 1.649094e+00 1.632060e+00
821 1.605318e+00 1.594297e+00
822 1.613021e+00 1.598529e+00
823 1.611851e+00 1.600920e+00
824 1.592871e+00 1.595439e+00
825 1.584074e+00 1.594941e+00
826 1.619722e+00 1.557297e+00
827 1.621377e+00 1.568112e+00
828 1.602750e+00 1.549029e+00
829 1.599837e+00 1.542706e+00
830 1.598206e+00 1.542133e+00
831 1.583628e+00 1.538459e+00
832 1.570415e+00 1.528999e+00
833 1.573321e+00 1.530887e+00
834 1.576557e+00 1.470924e+00
835 1.574690e+00 1.476680e+00
836 1.530097e+00 1.442173e+00
837 1.519432e+00 1.465976e+00
838 1.474846e+00 1.548033e+00
839 1.468397e+00 1.493478e+00
840 1.470872e+00 1.499680e+00
841 1.486795e+00 1.503367e+00
842 1.487560e+00 1.501453e+00
843 1.489028e+00 1.501370e+00
844 1.399145e+00 1.477226e+00
845 1.397825e+00 1.465041e+00
846 1.403658e+00 1.482785e+00
847 1.414530e+00 1.485473e+00
848 1.444907e+00 1.479720e+00
849 1.439952e+00 1.469958e+00
850 1.444795e+00 1.470044e+00
851 1.431184e+00 1.447710e+00
852 1.411268e+00 1.448364e+00
853 1.380294e+00 1.357792e+00
854 1.339946e+00 1.306320e+00
855 1.329709e+00 1.332486e+00
856 1.339002e+00 1.361381e+00
857 1.313635e+00 1.442847e+00
858 1.334272e+00 1.448724e+00
859 1.366260e+00 1.445233e+00
860 1.366518e+00 1.445317e+00
861 1.391771e+00 1.462752e+00
862 1.392762e+00 1.449352e+00
863 1.400209e+00 1.461918e+00
864 1.433890e+00 1.537750e+00
865 1.433880e+00 1.537434e+00
866 1.374553e+00 1.565300e+00
867 1.372736e+00 1.566917e+00
868 1.368830e+00 1.573970e+00
869 1.380605e+00 1.572622e+00
870 1.357253e+00 1.607062e+00
871 1.363373e+00 1.588357e+00
872 1.369100e+00 1.582914e+00
873 1.365903e+00 1.579867e+00
874 1.385148e+00 1.576303e+00
875 1.403197e+00 1.567264e+00
876 1.398763e+00 1.587868e+00
877 1.399894e+00 1.587398e+00
878 1.417704e+00 1.551046e+00
879 1.413816e+00 1.553839e+00
880 1.420776e+00 1.552871e+00
881 1.442276e+00 1.563416e+00
882 1.436247e+00 1.556085e+00
883 1.432141e+00 1.554819e+00
884 1.425666e+00 1.541856e+00
885 1.441815e+00 1.502435e+00
886 1.473708e+00 1.510861e+00
887 1.473514e+00 1.511448e+00
888 1.483065e+00 1.509775e+00
889 1.477167e+00 1.523979e+00
890 1.478437e+00 1.522114e+00
891 1.490609e+00 1.520300e+00
892 1.471339e+00 1.528130e+00
893 1.479599e+00 1.539483e+00
894 1.487367e+00 1.545648e+00
895 1.487300e+00 1.546297e+00
896 1.494805e+00 1.546643e+00
897 1.492107e+00 1.550640e+00
898 1.485917e+00 1.552301e+00
899 1.487514e+00 1.546476e+00
900 1.480993e+00 1.580192e+00
901 1.484929e+00 1.576418e+00
902 1.488929e+00 1.524210e+00
903 1.469403e+00 1.520737e+00
904 1.455781e+00 1.516407e+00
905 1.430890e+00 1.505108e+00
906 1.433641e+00 1.519216e+00
907 1.432165e+00 1.520268e+00
908 1.429411e+00 1.493817e+00
909 1.435207e+00 1.496481e+00
910 1.437399e+00 1.496760e+00
911 1.401315e+00 1.509452e+00
912 1.401538e+00 1.509777e+00
913 1.401630e+00 1.510158e+00
914 1.385754e+00 1.533324e+00
915 1.394748e+00 1.528441e+00
916 1.406540e+00 1.530856e+00
917 1.432010e+00 1.490510e+00
918 1.432484e+00 1.490591e+00
919 1.441805e+00 1.486453e+00
920 1.464826e+00 1.464368e+00
921 1.465700e+00 1.460876e+00
922 1.464825e+00 1.461145e+00
923 1.465022e+00 1.463350e+00
924 1.439087e+00 1.464640e+00
925 1.430137e+00 1.419733e+00
926 1.430003e+00 1.419863e+00
927 1.436999e+00 1.420612e+00
928 1.438734e+00 1.421889e+00
929 1.446484e+00 1.422037e+00
930 1.480597e+00 1.459412e+00
931 1.479597e+00 1.453215e+00
932 1.477384e+00 1.460429e+00
933 1.501492e+00 1.464409e+00
934 1.493748e+00 1.474257e+00
935 1.504422e+00 1.492749e+00
936 1.508685e+00 1.482796e+00
937 1.508696e+00 1.482771e+00
938 1.531120e+00 1.386140e+00
939 1.467560e+00 1.426862e+00
940 1.468339e+00 1.425869e+00
941 1.471753e+00 1.428350e+00
942 1.485396e+00 1.400903e+00
943 1.481708e+00 1.429336e+00
944 1.480297e+00 1.427396e+00
945 1.430492e+00 1.394947e+00
946 1.428066e+00 1.393958e+00
947 1.384847e+00 1.383508e+00
948 1.391028e+00 1.390352e+00
949 1.389950e+00 1.390868e+00
950 1.389736e+00 1.389491e+00
951 1.380586e+00 1.397630e+00
952 1.393048e+00 1.425676e+00
953 1.389567e+00 1.424431e+00
954 1.381910e+00 1.425098e+00
955 1.408674e+00 1.386334e+00
956 1.402641e+00 1.380267e+00
957 1.404269e+00 1.380332e+00
958 1.400584e+00 1.381701e+00
959 1.389103e+00 1.368645e+00
960 1.359920e+00 1.452807e+00
961 1.374209e+00 1.446310e+00
962 1.377574e+00 1.451147e+00
963 1.445654e+00 1.455666e+00
964 1.464973e+00 1.437807e+00
965 1.421813e+00 1.444490e+00
966 1.412538e+00 1.446823e+00
967 1.451524e+00 1.421529e+00
968 1.436802e+00 1.392615e+00
969 1.432395e+00 1.391313e+00
970 1.431739e+00 1.391098e+00
971 1.491905e+00 1.405892e+00
972 1.490782e+00 1.396145e+00
973 1.525827e+00 1.363314e+00
974 1.541356e+00 1.370294e+00
975 1.553122e+00 1.403082e+00
976 1.543913e+00 1.397113e+00
977 1.543573e+00 1.379868e+00
978 1.556753e+00 1.367838e+00
979 1.553463e+00 1.365275e+00
980 1.496892e+00 1.296107e+00
981 1.516868e+00 1.308412e+00
982 1.557595e+00 1.328889e+00
983 1.553821e+00 1.296334e+00
984 1.551726e+00 1.269593e+00
985 1.575570e+00 1.253174e+00
986 1.535213e+00 1.257190e+00
987 1.486974e+00 1.226196e+00
988 1.488866e+00 1.222982e+00
989 1.495860e+00 1.245369e+00
990 1.496246e+00 1.240732e+00
991 1.494338e+00 1.245826e+00
992 1.484638e+00 1.230470e+00
993 1.501949e+00 1.214429e+00
994 1.511818e+00 1.233572e+00
995 1.511210e+00 1.234946e+00
996 1.515491e+00 1.238950e+00
997 1.507852e+00 1.237586e+00
998 1.485775e+00 1.231722e+00
999 1.481393e+00 1.236367e+00
1000 1.485507e+00 1.235776e+00
1001 1.486811e+00 1.239587e+00
1002 1.469976e+00 1.218901e+00
1003 1.471103e+00 1.236537e+00
1004 1.462777e+00 1.233728e+00
1005 1.488956e+00 1.218192e+00
1006 1.505941e+00 1.220782e+00
1007 1.519114e+00 1.189960e+00
1008 1.496426e+00 1.171790e+00
1009 1.511847e+00 1.134763e+00
1010 1.507264e+00 1.112767e+00
1011 1.532084e+00 1.133692e+00
1012 1.524182e+00 1.142757e+00
1013 1.454169e+00 1.130158e+00
1014 1.408404e+00 1.124111e+00
1015 1.389096e+00 1.115706e+00
1016 1.369628e+00 1.107764e+00
1017 1.366630e+00 1.089004e+00
1018 1.357418e+00 1.079078e+00
1019 1.363304e+00 1.070205e+00
1020 1.373956e+00 1.045788e+00
1021 1.362295e+00 1.055996e+00
1022 1.370689e+00 1.066695e+00
1023 1.361936e+00 1.077378e+00
1024 1.365866e+00 1.079419e+00
1025 1.386633e+00 1.038958e+00
1026 1.294542e+00 9.803345e-01
1027 1.280209e+00 9.703503e-01
1028 1.285625e+00 9.644829e-01
1029 1.296039e+00 1.000715e+00
1030 1.327883e+00 1.003679e+00
1031 1.323453e+00 1.011720e+00
1032 1.326816e+00 1.015128e+00
1033 1.325204e+00 1.009692e+00
1034 1.321800e+00 1.022225e+00
1035 1.351664e+00 9.778522e-01
1036 1.354121e+00 9.748439e-01
1037 1.345726e+00 9.810361e-01
1038 1.343884e+00 9.886241e-01
1039 1.339628e+00 1.004030e+00
1040 1.282746e+00 9.618217e-01
1041 1.268895e+00 9.837484e-01
1042 1.269674e+00 9.865652e-01
1043 1.269668e+00 9.865694e-01
1044 1.247452e+00 9.771546e-01
1045 1.247369e+00 9.782829e-01
1046 1.263631e+00 9.751664e-01
1047 1.265691e+00 9.722211e-01
1048 1.251493e+00 9.394129e-01
1049 1.252890e+00 9.379921e-01
1050 1.251978e+00 9.288631e-01
1051 1.247571e+00 9.126775e-01
1052 1.240016e+00 9.260946e-01
1053 1.216356e+00 8.687213e-01
1054 1.216433e+00 8.259742e-01
1055 1.216344e+00 8.257777e-01
1056 1.216973e+00 8.282855e-01
1057 1.218136e+00 8.275001e-01
1058 1.188313e+00 8.115516e-01
1059 1.203115e+00 7.661583e-01
1060 1.207612e+00 7.762248e-01
1061 1.211241e+00 7.755184e-01
1062 1.202575e+00 7.934977e-01
1063 1.201463e+00 7.890296e-01
1064 1.226585e+00 7.966220e-01
1065 1.264924e+00 7.968291e-01
1066 1.295406e+00 7.852997e-01
1067 1.314037e+00 7.504641e-01
1068 1.315534e+00 7.508718e-01
1069 1.306121e+00 7.509156e-01
1070 1.317888e+00 7.432219e-01
1071 1.348586e+00 7.250002e-01
1072 1.352275e+00 7.040522e-01
1073 1.327119e+00 7.364814e-01
1074 1.314775e+00 7.470106e-01
1075 1.322115e+00 7.479432e-01
1076 1.303664e+00 7.468864e-01
1077 1.303344e+00 7.470070e-01
1078 1.348596e+00 7.406812e-01
1079 1.365975e+00 7.429791e-01
1080 1.367086e+00 7.527771e-01
1081 1.369754e+00 7.449847e-01
1082 1.362319e+00 7.472619e-01
1083 1.353066e+00 7.529828e-01
1084 1.370544e+00 7.225211e-01
1085 1.353804e+00 6.760875e-01
1086 1.334136e+00 6.993403e-01
1087 1.331803e+00 7.009846e-01
1088 1.299393e+00 6.662667e-01
1089 1.297615e+00 6.647091e-01
1090 1.291881e+00 6.696361e-01
1091 1.304350e+00 6.439762e-01
1092 1.319306e+00 6.437766e-01
1093 1.318108e+00 6.406536e-01
1094 1.318303e+00 6.492989e-01
1095 1.328432e+00 6.270252e-01
1096 1.311541e+00 6.397955e-01
1097 1.328986e+00 5.293614e-01
1098 1.327666e+00 5.285253e-01
1099 1.329116e+00 5.259049e-01
1100 1.340469e+00 5.321007e-01
1101 1.362629e+00 5.129617e-01
1102 1.364339e+00 5.006763e-01
1103 1.365737e+00 4.993648e-01
1104 1.390311e+00 4.846457e-01
1105 1.385897e+00 4.756405e-01
1106 1.368458e+00 4.619653e-01
1107 1.371297e+00 4.317131e-01
1108 1.363962e+00 4.665921e-01
1109 1.378994e+00 4.632147e-01
1110 1.384872e+00 4.816544e-01
1111 1.383884e+00 4.826646e-01
1112 1.384557e+00 4.711274e-01
1113 1.294687e+00 5.105884e-01
1114 1.300339e+00 4.735339e-01
1115 1.304232e+00 4.722098e-01
1116 1.302352e+00 4.759926e-01
1117 1.340631e+00 5.066250e-01
1118 1.341015e+00 5.062785e-01
1119 1.366661e+00 4.357761e-01
1120 1.368020e+00 4.406130e-01
1121 1.371597e+00 4.854208e-01
1122 1.372172e+00 4.848661e-01
1123 1.364459e+00 4.552527e-01
1124 1.374051e+00 4.589094e-01
1125 1.406497e+00 4.259365e-01
1126 1.348100e+00 4.294344e-01
1127 1.369859e+00 3.842734e-01
1128 1.385481e+00 3.871356e-01
1129 1.376595e+00 3.890431e-01
1130 1.346049e+00 4.132437e-01
1131 1.350793e+00 4.106079e-01
1132 1.291758e+00 3.991762e-01
1133 1.281620e+00 3.980437e-01
1134 1.282219e+00 4.090093e-01
1135 1.261762e+00 4.358932e-01
1136 1.290085e+00 4.117831e-01
1137 1.287732e+00 4.120752e-01
1138 1.292498e+00 4.229925e-01
1139 1.292544e+00 4.230046e-01
1140 1.299646e+00 4.114696e-01
1141 1.302377e+00 4.038761e-01
1142 1.303572e+00 4.046349e-01
1143 1.299083e+00 3.989739e-01
1144 1.300066e+00 3.974711e-01
1145 1.293220e+00 4.252547e-01
1146 1.291177e+00 3.848647e-01
1147 1.304245e+00 3.818398e-01
1148 1.266073e+00 3.867590e-01
1149 1.255510e+00 3.728801e-01
1150 1.266027e+00 3.807904e-01
1151 1.261651e+00 3.805197e-01
1152 1.263016e+00 3.660452e-01
1153 1.202355e+00 3.508932e-01
1154 1.199091e+00 3.585830e-01
1155 1.242813e+00 3.972816e-01
1156 1.257266e+00 4.077154e-01
1157 1.268881e+00 4.181039e-01
1158 1.253968e+00 4.188823e-01
1159 1.253906e+00 4.188844e-01
1160 1.227626e+00 3.370830e-01
1161 1.222117e+00 3.364278e-01
1162 1.220737e+00 3.362029e-01
1163 1.182452e+00 3.051591e-01
1164 1.191167e+00 2.599119e-01
1165 1.174760e+00 2.311028e-01
1166 1.187837e+00 2.338742e-01
1167 1.189718e+00 2.089766e-01
1168 1.187676e+00 2.096549e-01
1169 1.204387e+00 2.226071e-01
1170 1.176873e+00 2.677378e-01
1171 1.142257e+00 2.847387e-01
1172 1.137877e+00 2.978919e-01
1173 1.131795e+00 2.923526e-01
1174 1.154378e+00 2.557957e-01
1175 1.183147e+00 2.300928e-01
1176 1.185753e+00 2.284879e-01
1177 1.199674e+00 2.112840e-01
1178 1.194037e+00 2.137810e-01
1179 1.200020e+00 2.097601e-01
1180 1.228012e+00 2.130489e-01
1181 1.228296e+00 2.142027e-01
1182 1.224963e+00 2.038395e-01
1183 1.236671e+00 1.939038e-01
1184 1.247970e+00 1.929458e-01
1185 1.226734e+00 1.232286e-01
1186 1.212413e+00 1.335875e-01
1187 1.234666e+00 1.338796e-01
1188 1.233986e+00 1.374028e-01
1189 1.250893e+00 1.102785e-01
1190 1.241714e+00 1.104731e-01
1191 1.262330e+00 1.706161e-01
1192 1.282102e+00 1.754723e-01
1193 1.284577e+00 1.731740e-01
1194 1.278109e+00 2.127605e-01
1195 1.289061e+00 2.235780e-01
1196 1.289036e+00 2.235729e-01
1197 1.289099e+00 2.238314e-01
1198 1.283411e+00 2.311051e-01
1199 1.272429e+00 2.478294e-01
1200 1.272525e+00 2.513362e-01
1201 1.277507e+00 2.562629e-01
1202 1.261758e+00 2.835525e-01
1203 1.261246e+00 2.835250e-01
1204 1.236950e+00 2.786939e-01
1205 1.219028e+00 2.688355e-01
1206 1.209013e+00 2.636806e-01
1207 1.203249e+00 2.609062e-01
1208 1.193162e+00 2.760750e-01
1209 1.193349e+00 2.781136e-01
1210 1.194509e+00 2.809242e-01
1211 1.176680e+00 2.923574e-01
1212 1.173095e+00 3.004619e-01
1213 1.172568e+00 3.026521e-01
1214 1.153360e+00 3.016856e-01
1215 1.153217e+00 2.992693e-01
1216 1.090354e+00 2.765588e-01
1217 1.016504e+00 2.673065e-01
1218 1.014448e+00 2.662637e-01
1219 9.931436e-01 2.515681e-01
1220 9.965031e-01 2.475393e-01
1221 9.965033e-01 2.544778e-01
1222 1.015204e+00 2.372579e-01
1223 1.016828e+00 2.386453e-01
1224 1.016805e+00 2.360534e-01
1225 1.017080e+00 2.295019e-01
1226 1.011307e+00 2.336319e-01
1227 1.014175e+00 2.320804e-01
1228 1.004689e+00 2.288265e-01
1229 1.060560e+00 3.159402e-01
1230 1.049860e+00 3.571161e-01
1231 1.054629e+00 3.552235e-01
1232 1.070006e+00 3.660839e-01
1233 1.060858e+00 3.524891e-01
1234 1.081604e+00 3.399453e-01
1235 1.087602e+00 3.381503e-01
1236 1.115521e+00 3.234382e-01
1237 1.111962e+00 3.237281e-01
1238 1.142645e+00 2.558433e-01
1239 1.201540e+00 2.430260e-01
1240 1.210784e+00 2.068704e-01
1241 1.226834e+00 2.055366e-01
1242 1.258450e+00 2.233020e-01
1243 1.259702e+00 2.228104e-01
1244 1.258937e+00 2.275693e-01
1245 1.183194e+00 1.710127e-01
1246 1.188365e+00 1.715449e-01
1247 1.190838e+00 1.840604e-01
1248 1.182284e+00 1.808018e-01
1249 1.185620e+00 1.743253e-01
1250 1.138142e+00 1.599856e-01
1251 1.105823e+00 1.390109e-01
1252 1.108509e+00 1.420015e-01
1253 1.091458e+00 1.343603e-01
1254 1.090069e+00 1.259887e-01
1255 1.089203e+00 1.189934e-01
1256 1.105050e+00 1.276461e-01
1257 1.091193e+00 1.165971e-01
1258 1.088336e+00 9.294993e-02
1259 1.081347e+00 9.521226e-02
1260 1.070868e+00 7.866920e-02
1261 1.016266e+00 1.031732e-01
1262 1.012962e+00 1.047872e-01
1263 1.021687e+00 1.079228e-01
1264 1.015048e+00 1.069992e-01
1265 1.028952e+00 1.000456e-01
1266 1.038020e+00 9.735036e-02
1267 1.044124e+00 8.846108e-02
1268 1.005095e+00 9.777673e-02
1269 1.006756e+00 9.891272e-02
1270 1.016936e+00 1.147422e-01
1271 1.012473e+00 8.962304e-02
1272 1.015360e+00 6.892129e-02
1273 1.014525e+00 7.330176e-02
1274 1.001319e+00 5.287827e-02
1275 9.905309e-01 2.645203e-02
1276 9.842725e-01 2.876078e-02
1277 9.861560e-01 2.915045e-02
1278 9.927274e-01 3.661633e-02
1279 1.001706e+00 3.648214e-02
1280 1.024191e+00 6.175303e-02
1281 1.027162e+00 6.933938e-02
1282 1.029885e+00 7.102583e-02
1283 1.027021e+00 6.880674e-02
1284 1.008051e+00 5.389892e-02
1285 1.006305e+00 5.406178e-02
1286 9.808495e-01 2.918071e-02
1287 9.328552e-01 9.068010e-04
1288 9.306450e-01 4.372771e-04
1289 9.079600e-01 1.676201e-02
1290 9.409826e-01 2.042728e-02
1291 9.503000e-01 3.842601e-02
1292 9.582344e-01 3.707130e-02
1293 9.637600e-01 3.324125e-02
1294 9.635963e-01 9.051400e-03
1295 9.686609e-01 1.532948e-02
1296 9.614668e-01 1.508373e-02
1297 9.615131e-01 1.511066e-02
1298 9.532959e-01 2.258858e-02
1299 9.531002e-01 2.557988e-02
1300 9.919569e-01 3.440242e-02
1301 9.916517e-01 3.285418e-02
1302 1.000594e+00 8.325894e-02
1303 1.000563e+00 7.838044e-02
1304 9.606167e-01 7.481301e-02
1305 9.604437e-01 7.765446e-02
1306 9.765421e-01 6.696536e-02
1307 9.714557e-01 4.906335e-02
1308 8.849413e-01 1.277713e-01
1309 8.854789e-01 1.213376e-01
1310 8.908798e-01 1.385038e-01
1311 8.886531e-01 1.319764e-01
1312 8.647571e-01 1.557081e-01
1313 8.976745e-01 1.143660e-01
1314 9.035542e-01 1.172997e-01
1315 9.080723e-01 1.129726e-01
1316 8.951353e-01 1.191357e-01
1317 9.030546e-01 1.132066e-01
1318 9.058972e-01 9.359117e-02
1319 9.076031e-01 1.159906e-01
1320 9.187130e-01 9.509761e-02
1321 9.427678e-01 1.162144e-01
1322 9.668429e-01 1.224770e-01
1323 9.687112e-01 1.192661e-01
1324 9.496939e-01 1.330191e-01
1325 9.454487e-01 1.251330e-01
1326 9.454675e-01 1.248710e-01
1327 9.580903e-01 1.439299e-01
1328 9.216084e-01 1.367724e-01
1329 9.212288e-01 1.416251e-01
1330 8.918155e-01 1.864529e-01
1331 9.018435e-01 1.932926e-01
1332 9.241823e-01 1.903743e-01
1333 9.265810e-01 1.915580e-01
1334 9.332701e-01 1.825452e-01
1335 9.016733e-01 2.485112e-01
1336 9.513571e-01 2.582446e-01
1337 9.465576e-01 2.490660e-01
1338 9.405969e-01 2.496458e-01
1339 9.297886e-01 2.814208e-01
1340 9.294684e-01 2.828888e-01
1341 9.293339e-01 2.825271e-01
1342 9.315011e-01 3.127888e-01
1343 9.000588e-01 3.004994e-01
1344 8.913734e-01 3.019116e-01
1345 9.107861e-01 2.925394e-01
1346 9.109929e-01 2.908598e-01
1347 9.113191e-01 2.942683e-01
1348 9.492787e-01 3.149830e-01
1349 9.722294e-01 2.891427e-01
1350 9.645828e-01 3.275779e-01
1351 9.201653e-01 3.230441e-01
1352 9.240929e-01 3.262312e-01
1353 9.102845e-01 3.274712e-01
1354 9.212419e-01 3.244840e-01
1355 9.315424e-01 3.222889e-01
1356 9.176456e-01 3.345266e-01
1357 8.492559e-01 2.859302e-01
1358 8.521928e-01 2.832241e-01
1359 8.113347e-01 3.359417e-01
1360 8.252289e-01 3.169626e-01
1361 8.376573e-01 3.072841e-01
1362 8.144373e-01 2.884523e-01
1363 8.727264e-01 3.676965e-01
1364 8.730105e-01 3.674650e-01
1365 8.675720e-01 3.733373e-01
1366 8.423310e-01 3.629679e-01
1367 8.360562e-01 3.655454e-01
1368 8.355586e-01 3.656603e-01
1369 8.350039e-01 3.333202e-01
1370 8.357257e-01 3.355437e-01
1371 8.317504e-01 3.266252e-01
1372 8.326447e-01 3.252322e-01
1373 8.379981e-01 3.287750e-01
1374 8.330605e-01 3.298881e-01
1375 8.217987e-01 3.427100e-01
1376 8.471030e-01 3.676776e-01
1377 8.575005e-01 3.402316e-01
1378 8.520773e-01 3.456716e-01
1379 8.447825e-01 3.825730e-01
1380 8.341632e-01 4.253496e-01
1381 8.388850e-01 4.176129e-01
1382 8.370742e-01 3.781933e-01
1383 8.948489e-01 3.764426e-01
1384 8.082011e-01 4.309827e-01
1385 8.236037e-01 4.320842e-01
1386 8.311520e-01 4.271935e-01
1387 8.295036e-01 4.241612e-01
1388 8.457949e-01 4.119887e-01
1389 8.640134e-01 4.235597e-01
1390 8.653225e-01 4.241646e-01
1391 8.639984e-01 4.262953e-01
1392 8.781853e-01 4.272926e-01
1393 8.731824e-01 4.579317e-01
1394 8.729563e-01 4.837581e-01
1395 8.729303e-01 4.837665e-01
1396 8.724010e-01 4.825821e-01
1397 8.689601e-01 4.771990e-01
1398 8.704425e-01 4.912274e-01
1399 8.397172e-01 5.045265e-01
1400 8.381411e-01 5.016707e-01
1401 8.345648e-01 5.102720e-01
1402 8.341191e-01 5.046413e-01
1403 8.384033e-01 4.982853e-01
1404 8.200994e-01 5.197655e-01
1405 8.181453e-01 5.196227e-01
1406 8.207246e-01 5.204907e-01
1407 8.192684e-01 5.192708e-01
1408 8.307415e-01 5.394348e-01
1409 8.632633e-01 5.109161e-01
1410 8.650773e-01 5.064012e-01
1411 8.837239e-01 4.845967e-01
1412 8.852877e-01 4.945466e-01
1413 8.953687e-01 5.037951e-01
1414 9.079589e-01 5.087049e-01
1415 9.077039e-01 5.059862e-01
1416 9.065633e-01 5.071898e-01
1417 9.096583e-01 5.168122e-01
1418 9.161498e-01 5.095934e-01
1419 9.148127e-01 5.082807e-01
1420 9.039967e-01 4.853572e-01
1421 9.159413e-01 4.978413e-01
1422 9.140572e-01 4.905067e-01
1423 9.016814e-01 5.064504e-01
1424 8.723783e-01 4.761458e-01
1425 8.679518e-01 4.804840e-01
1426 8.622607e-01 4.785063e-01
1427 8.634985e-01 4.764999e-01
1428 8.892153e-01 4.544883e-01
1429 8.846783e-01 4.565160e-01
1430 8.856707e-01 4.568877e-01
1431 9.138309e-01 4.146538e-01
1432 9.397169e-01 4.241284e-01
1433 9.497802e-01 4.460962e-01
1434 9.255852e-01 4.186386e-01
1435 9.218317e-01 4.034897e-01
1436 9.227712e-01 4.046910e-01
1437 1.018159e+00 3.628518e-01
1438 1.085938e+00 4.386977e-01
1439 1.092700e+00 4.356677e-01
1440 1.056556e+00 4.360288e-01
1441 1.043548e+00 4.377647e-01
1442 1.045088e+00 4.164900e-01
1443 1.049467e+00 3.766040e-01
1444 1.080683e+00 3.604949e-01
1445 1.057534e+00 3.456324e-01
1446 1.053720e+00 3.453575e-01
1447 1.052628e+00 3.560273e-01
1448 1.056800e+00 3.663630e-01
1449 1.057116e+00 3.665227e-01
1450 1.055571e+00 3.364031e-01
1451 1.054755e+00 3.375686e-01
1452 1.053274e+00 3.209488e-01
1453 1.044669e+00 3.179128e-01
1454 1.044684e+00 3.165867e-01
1455 1.052156e+00 3.055919e-01
1456 1.050680e+00 3.065535e-01
1457 1.068831e+00 2.946419e-01
1458 1.070429e+00 2.976449e-01
1459 1.079125e+00 2.614808e-01
1460 1.080449e+00 2.669630e-01
1461 1.079534e+00 2.672059e-01
1462 1.075700e+00 2.304693e-01
1463 1.042876e+00 2.301241e-01
1464 1.040398e+00 2.257587e-01
1465 1.048261e+00 1.712457e-01
1466 1.036890e+00 1.703348e-01
1467 1.017644e+00 1.664023e-01
1468 1.018538e+00 1.669451e-01
1469 1.019203e+00 1.686031e-01
1470 1.043451e+00 1.795085e-01
1471 1.050630e+00 1.359798e-01
1472 1.059516e+00 1.688152e-01
1473 1.061499e+00 1.690654e-01
1474 1.064414e+00 1.683786e-01
1475 1.057569e+00 1.538144e-01
1476 1.079086e+00 1.495210e-01
1477 1.078987e+00 1.492960e-01
1478 1.100127e+00 1.609770e-01
1479 1.124555e+00 1.123946e-01
1480 1.137682e+00 9.189996e-02
1481 1.141561e+00 8.972682e-02
1482 1.137495e+00 5.083612e-02
1483 1.136707e+00 4.567193e-02
1484 1.175619e+00 6.634291e-02
1485 1.161432e+00 5.639474e-02
1486 1.171979e+00 6.274626e-02
1487 1.173975e+00 9.278433e-02
1488 1.155284e+00 1.018890e-01
1489 1.142606e+00 8.807293e-02
1490 1.110946e+00 7.606502e-02
1491 1.069326e+00 7.784402e-02
1492 1.067307e+00 8.069166e-02
1493 1.104977e+00 4.545439e-02
1494 1.122578e+00 3.532880e-02
1495 1.129625e+00 3.109443e-02
1496 1.126397e+00 3.055548e-02
1497 1.143010e+00 2.927445e-02
1498 1.079690e+00 8.957838e-03
1499 1.074659e+00 8.375900e-03
1500 1.067448e+00 5.435722e-03
1501 1.025202e+00 -2.763933e-02
