0 2.642044e+00 1.761831e-01
1 2.643457e+00 1.754742e-01
2 2.643316e+00 1.754968e-01
3 2.636279e+00 1.689710e-01
4 2.663080e+00 1.848255e-01
5 2.678228e+00 1.611089e-01
6 2.704887e+00 1.600941e-01
7 2.733950e+00 1.637027e-01
8 2.730746e+00 1.295749e-01
9 2.716798e+00 1.249901e-01
10 2.745383e+00 1.798716e-01
11 2.773799e+00 2.392376e-01
12 2.767426e+00 2.739351e-01
13 2.739008e+00 2.520186e-01
14 2.751026e+00 2.362272e-01
15 2.759124e+00 2.049011e-01
16 2.783429e+00 1.947638e-01
17 2.762726e+00 1.788095e-01
18 2.761796e+00 1.808297e-01
19 2.728534e+00 1.712783e-01
20 2.730774e+00 1.738593e-01
21 2.720256e+00 1.888845e-01
22 2.722134e+00 1.809398e-01
23 2.743514e+00 2.025817e-01
24 2.741019e+00 1.965533e-01
25 2.740001e+00 2.396036e-01
26 2.760195e+00 2.336463e-01
27 2.775538e+00 2.244438e-01
28 2.783714e+00 2.230941e-01
29 2.787429e+00 2.248155e-01
30 2.673000e+00 2.025608e-01
31 2.625662e+00 2.175625e-01
32 2.615017e+00 2.113901e-01
33 2.621789e+00 2.165446e-01
34 2.615466e+00 2.073405e-01
35 2.612488e+00 2.090077e-01
36 2.618577e+00 1.897373e-01
37 2.596164e+00 1.710972e-01
38 2.594897e+00 1.742415e-01
39 2.604128e+00 1.788499e-01
40 2.608709e+00 1.821311e-01
41 2.610570e+00 2.321909e-01
42 2.599355e+00 2.408160e-01
43 2.600985e+00 2.383073e-01
44 2.574282e+00 2.662847e-01
45 2.586500e+00 2.605012e-01
46 2.606780e+00 2.346081e-01
47 2.727681e+00 2.649091e-01
48 2.740617e+00 2.419108e-01
49 2.784299e+00 2.047090e-01
50 2.772152e+00 2.100130e-01
51 2.743784e+00 2.102967e-01
52 2.743903e+00 2.075050e-01
53 2.753495e+00 2.078757e-01
54 2.765278e+00 1.982070e-01
55 2.784216e+00 2.753689e-01
56 2.788696e+00 2.755238e-01
57 2.792743e+00 3.024890e-01
58 2.803617e+00 3.507098e-01
59 2.809949e+00 3.496159e-01
60 2.815737e+00 3.480426e-01
61 2.817336e+00 3.495809e-01
62 2.814078e+00 3.648851e-01
63 2.813256e+00 3.654863e-01
64 2.814909e+00 3.649203e-01
65 2.800226e+00 3.774334e-01
66 2.798597e+00 3.762685e-01
67 2.769001e+00 3.368280e-01
68 2.661378e+00 3.518282e-01
69 2.657039e+00 3.511290e-01
70 2.657183e+00 3.550681e-01
71 2.647379e+00 3.489446e-01
72 2.628390e+00 3.474725e-01
73 2.621506e+00 3.409711e-01
74 2.624261e+00 3.401440e-01
75 2.634488e+00 3.978493e-01
76 2.644060e+00 3.921624e-01
77 2.643831e+00 3.901967e-01
78 2.644070e+00 3.955476e-01
79 2.638162e+00 3.909459e-01
80 2.628948e+00 3.717689e-01
81 2.631742e+00 3.734345e-01
82 2.632113e+00 3.730695e-01
83 2.627763e+00 3.663734e-01
84 2.634767e+00 3.629131e-01
85 2.636530e+00 3.624872e-01
86 2.633674e+00 3.614865e-01
87 2.634199e+00 3.567567e-01
88 2.652815e+00 2.832739e-01
89 2.697849e+00 2.429657e-01
90 2.694981e+00 2.409577e-01
91 2.695031e+00 2.431262e-01
92 2.695950e+00 2.450063e-01
93 2.694992e+00 2.451223e-01
94 2.662715e+00 2.257667e-01
95 2.661288e+00 2.277220e-01
96 2.661300e+00 2.277399e-01
97 2.662892e+00 2.324590e-01
98 2.655711e+00 2.433353e-01
99 2.654376e+00 2.320268e-01
100 2.678564e+00 2.487898e-01
101 2.685466e+00 2.351045e-01
102 2.603811e+00 2.841331e-01
103 2.612371e+00 2.796028e-01
104 2.640260e+00 2.813678e-01
105 2.636853e+00 2.741106e-01
106 2.638495e+00 2.787027e-01
107 2.607230e+00 1.961462e-01
108 2.606400e+00 1.958011e-01
109 2.614107e+00 2.146579e-01
110 2.624965e+00 2.323335e-01
111 2.640870e+00 2.170287e-01
112 2.657289e+00 2.166969e-01
113 2.627444e+00 2.247866e-01
114 2.633477e+00 2.812915e-01
115 2.632840e+00 2.807214e-01
116 2.639674e+00 2.717766e-01
117 2.618934e+00 2.762301e-01
118 2.633754e+00 2.997871e-01
119 2.631364e+00 2.851204e-01
120 2.627845e+00 2.584478e-01
121 2.613053e+00 2.696342e-01
122 2.621088e+00 2.690327e-01
123 2.612264e+00 2.803879e-01
124 2.612054e+00 2.804430e-01
125 2.608305e+00 2.686986e-01
126 2.609147e+00 2.688306e-01
127 2.616489e+00 2.662234e-01
128 2.622535e+00 2.694832e-01
129 2.620800e+00 2.695848e-01
130 2.577137e+00 2.682442e-01
131 2.605663e+00 2.507896e-01
132 2.601141e+00 2.472962e-01
133 2.605332e+00 2.458140e-01
134 2.605973e+00 2.461500e-01
135 2.580409e+00 2.447827e-01
136 2.582922e+00 2.533203e-01
137 2.509447e+00 2.485726e-01
138 2.494376e+00 2.451187e-01
139 2.494273e+00 2.406899e-01
140 2.426964e+00 1.988510e-01
141 2.432597e+00 1.810390e-01
142 2.433491e+00 1.699751e-01
143 2.421036e+00 1.951851e-01
144 2.345200e+00 1.796926e-01
145 2.337610e+00 2.072025e-01
146 2.318225e+00 1.770618e-01
147 2.319157e+00 1.772458e-01
148 2.317315e+00 1.901490e-01
149 2.319164e+00 1.915336e-01
150 2.373957e+00 1.842137e-01
151 2.374926e+00 1.918529e-01
152 2.379746e+00 1.992845e-01
153 2.375418e+00 2.135094e-01
154 2.373194e+00 2.164657e-01
155 2.369285e+00 2.145470e-01
156 2.367031e+00 2.186432e-01
157 2.353356e+00 2.119019e-01
158 2.340830e+00 2.146582e-01
159 2.331854e+00 2.318023e-01
160 2.311343e+00 2.460616e-01
161 2.304119e+00 2.664428e-01
162 2.301897e+00 2.718578e-01
163 2.299045e+00 2.785688e-01
164 2.318163e+00 2.915724e-01
165 2.317575e+00 2.923054e-01
166 2.316338e+00 2.896326e-01
167 2.305098e+00 2.537672e-01
168 2.294034e+00 2.550555e-01
169 2.286584e+00 2.608259e-01
170 2.259248e+00 2.531167e-01
171 2.229799e+00 2.237143e-01
172 2.242086e+00 2.342207e-01
173 2.245495e+00 2.126685e-01
174 2.249875e+00 2.021710e-01
175 2.252298e+00 2.001615e-01
176 2.251807e+00 2.001061e-01
177 2.228419e+00 1.872697e-01
178 2.265799e+00 1.926752e-01
179 2.269360e+00 1.847515e-01
180 2.266750e+00 1.541318e-01
181 2.266087e+00 1.420201e-01
182 2.280675e+00 1.186884e-01
183 2.265122e+00 1.041223e-01
184 2.261144e+00 1.079950e-01
185 2.254757e+00 8.227460e-02
186 2.255811e+00 8.191036e-02
187 2.243626e+00 7.555840e-02
188 2.230317e+00 8.923750e-02
189 2.226304e+00 8.437057e-02
190 2.239639e+00 4.011112e-02
191 2.237677e+00 3.675242e-02
192 2.242001e+00 3.766556e-02
193 2.225164e+00 3.109635e-02
194 2.240698e+00 1.542368e-02
195 2.240278e+00 6.539686e-02
196 2.244450e+00 8.508173e-02
197 2.231298e+00 7.005287e-02
198 2.226758e+00 6.152571e-02
199 2.245870e+00 4.186586e-02
200 2.235553e+00 4.539257e-02
201 2.239003e+00 5.230259e-02
202 2.235479e+00 7.190561e-02
203 2.239696e+00 8.309745e-02
204 2.237026e+00 8.162893e-02
205 2.236099e+00 7.955367e-02
206 2.221086e+00 7.260513e-02
207 2.219277e+00 6.935895e-02
208 2.221648e+00 7.466255e-02
209 2.225429e+00 7.295475e-02
210 2.219127e+00 8.973224e-02
211 2.191914e+00 7.405912e-02
212 2.203810e+00 9.203903e-02
213 2.203625e+00 8.479533e-02
214 2.264854e+00 1.114611e-01
215 2.260091e+00 1.059725e-01
216 2.267900e+00 1.498570e-01
217 2.281344e+00 1.309294e-01
218 2.284897e+00 1.125547e-01
219 2.268937e+00 1.177955e-01
220 2.271665e+00 1.126106e-01
221 2.278968e+00 1.109867e-01
222 2.288950e+00 1.056527e-01
223 2.308074e+00 9.928243e-02
224 2.307691e+00 9.762408e-02
225 2.309939e+00 9.937641e-02
226 2.304435e+00 7.829906e-02
227 2.312348e+00 5.265404e-02
228 2.312661e+00 5.216722e-02
229 2.313989e+00 4.730305e-02
230 2.287465e+00 3.889996e-02
231 2.287681e+00 2.767201e-02
232 2.284561e+00 2.454713e-02
233 2.318013e+00 -1.426265e-02
