0 9.623114e-01 4.784139e-01
1 9.747764e-01 4.916246e-01
2 9.945388e-01 4.752528e-01
3 9.888448e-01 4.675541e-01
4 9.863505e-01 4.628376e-01
5 9.861419e-01 4.628405e-01
6 9.833996e-01 4.626986e-01
7 9.416608e-01 4.760010e-01
8 9.524935e-01 4.420661e-01
9 9.520230e-01 4.629836e-01
10 9.522464e-01 4.620852e-01
11 9.493874e-01 4.531619e-01
12 9.606488e-01 4.318446e-01
13 9.599936e-01 4.326809e-01
14 9.427098e-01 4.385623e-01
15 9.476354e-01 4.313224e-01
16 9.288683e-01 4.285923e-01
17 9.261677e-01 4.386780e-01
18 9.693339e-01 4.570523e-01
19 9.551477e-01 4.169156e-01
20 9.451558e-01 4.212255e-01
21 9.467725e-01 4.136928e-01
22 8.956268e-01 4.593859e-01
23 8.907614e-01 4.491649e-01
24 8.910964e-01 4.499233e-01
25 8.884051e-01 4.525203e-01
26 8.892239e-01 4.516262e-01
27 8.824199e-01 4.719726e-01
28 8.550774e-01 4.921777e-01
29 8.490334e-01 4.792250e-01
30 8.510926e-01 4.861043e-01
31 8.482585e-01 4.954660e-01
32 8.502701e-01 4.319000e-01
33 8.210565e-01 4.356017e-01
34 8.139638e-01 4.482329e-01
35 8.102990e-01 4.423337e-01
36 8.100972e-01 4.453348e-01
37 8.107946e-01 4.571554e-01
38 8.008221e-01 4.662807e-01
39 8.018408e-01 4.621859e-01
40 8.019571e-01 4.625134e-01
41 7.489026e-01 4.658637e-01
42 7.639693e-01 4.273216e-01
43 7.642347e-01 4.289614e-01
44 7.727171e-01 4.206867e-01
45 7.680182e-01 4.228765e-01
46 7.857932e-01 4.122790e-01
47 8.113337e-01 4.420997e-01
48 8.090091e-01 4.249660e-01
49 8.088907e-01 4.245451e-01
50 8.455687e-01 4.003983e-01
51 7.935554e-01 4.137287e-01
52 8.184028e-01 4.094531e-01
53 7.986211e-01 3.894282e-01
54 7.981851e-01 3.889878e-01
55 8.128716e-01 3.427809e-01
56 7.806091e-01 3.089438e-01
57 7.672428e-01 3.456853e-01
58 7.693140e-01 3.462617e-01
59 7.666830e-01 3.434130e-01
60 7.520952e-01 3.541158e-01
61 7.657728e-01 3.686090e-01
62 7.627592e-01 3.365403e-01
63 7.655296e-01 3.368250e-01
64 7.502594e-01 3.403165e-01
65 7.232061e-01 3.029354e-01
66 7.201071e-01 3.020038e-01
67 7.504681e-01 3.074820e-01
68 7.516468e-01 3.092116e-01
69 7.471550e-01 3.079178e-01
70 7.513826e-01 2.959396e-01
71 7.373272e-01 3.075920e-01
72 7.557642e-01 3.051039e-01
73 7.553936e-01 3.050259e-01
74 7.533751e-01 3.043551e-01
75 7.489140e-01 3.129723e-01
76 7.418189e-01 3.133807e-01
77 7.429199e-01 3.202314e-01
78 7.002878e-01 3.343550e-01
79 6.765894e-01 3.346732e-01
80 6.834910e-01 3.373967e-01
81 6.761764e-01 3.144131e-01
82 6.982981e-01 3.647579e-01
83 7.001782e-01 3.644465e-01
84 6.845559e-01 3.379064e-01
85 6.803180e-01 3.661439e-01
86 6.759419e-01 3.676907e-01
87 6.648417e-01 3.598415e-01
88 4.897429e-01 3.782806e-01
89 4.891452e-01 3.863811e-01
90 4.892326e-01 3.861392e-01
91 4.893776e-01 3.853945e-01
92 4.958668e-01 3.958936e-01
93 4.967646e-01 3.939535e-01
94 5.522510e-01 4.366593e-01
95 5.418755e-01 4.073736e-01
96 5.312080e-01 4.182194e-01
97 5.564652e-01 3.609200e-01
98 5.555808e-01 3.636506e-01
99 5.576991e-01 3.652174e-01
100 5.046232e-01 3.858385e-01
101 4.832389e-01 3.819847e-01
102 4.964083e-01 3.857136e-01
103 4.745579e-01 3.834423e-01
104 4.522789e-01 3.721724e-01
105 4.360613e-01 3.815946e-01
106 4.290840e-01 3.664466e-01
107 4.270617e-01 3.745252e-01
108 4.077714e-01 3.696691e-01
109 4.063638e-01 3.686968e-01
110 4.063343e-01 3.668288e-01
111 4.107189e-01 3.740578e-01
112 4.078826e-01 3.771336e-01
113 4.066331e-01 3.735264e-01
114 4.041183e-01 3.734613e-01
115 3.929334e-01 3.974612e-01
116 3.973502e-01 3.999996e-01
117 3.952705e-01 3.962615e-01
118 3.728169e-01 3.929052e-01
119 3.476398e-01 3.930661e-01
120 3.526892e-01 4.676962e-01
121 3.541257e-01 4.593487e-01
122 3.557566e-01 4.569152e-01
123 3.558300e-01 4.214353e-01
124 3.504899e-01 4.202926e-01
125 3.411055e-01 4.243033e-01
126 3.411497e-01 4.228496e-01
127 3.095021e-01 4.156088e-01
128 2.980733e-01 4.054610e-01
129 2.984870e-01 4.032832e-01
130 2.986306e-01 4.030782e-01
131 2.966549e-01 4.040829e-01
132 2.924586e-01 3.722309e-01
133 2.966069e-01 3.665819e-01
134 2.661857e-01 3.541203e-01
135 2.652554e-01 3.551459e-01
136 2.655372e-01 3.540755e-01
137 3.002376e-01 3.699215e-01
138 3.137820e-01 3.803544e-01
139 2.847149e-01 3.642925e-01
140 3.139810e-01 3.720701e-01
141 3.140690e-01 3.725257e-01
142 3.133801e-01 3.814603e-01
143 3.075307e-01 3.842559e-01
144 2.982454e-01 3.867507e-01
145 2.969601e-01 3.863840e-01
146 2.897615e-01 3.961245e-01
147 2.891358e-01 4.016246e-01
148 2.888464e-01 4.004606e-01
149 2.729249e-01 3.869354e-01
150 2.728799e-01 3.900238e-01
151 2.797206e-01 3.966944e-01
152 2.537305e-01 3.879824e-01
153 2.513867e-01 3.860438e-01
154 2.513282e-01 3.929051e-01
155 2.512246e-01 3.991563e-01
156 2.559870e-01 4.096928e-01
157 2.480284e-01 4.239327e-01
158 2.537872e-01 4.389296e-01
159 2.684157e-01 4.481455e-01
160 2.660723e-01 4.520091e-01
161 2.456184e-01 4.283524e-01
162 2.447673e-01 4.377472e-01
163 2.510528e-01 4.149488e-01
164 2.355555e-01 4.152071e-01
165 2.185883e-01 4.263395e-01
166 2.177492e-01 4.255659e-01
167 2.091751e-01 4.113758e-01
168 2.209184e-01 4.069576e-01
169 2.235675e-01 4.076368e-01
170 2.248559e-01 4.059502e-01
171 2.544517e-01 3.999460e-01
172 2.746201e-01 4.098129e-01
173 2.592271e-01 4.327437e-01
174 2.589053e-01 4.330627e-01
175 2.533520e-01 4.502785e-01
176 2.556221e-01 4.343443e-01
177 2.524273e-01 4.422222e-01
178 2.456018e-01 4.405677e-01
179 2.455282e-01 4.405861e-01
180 2.318247e-01 4.481588e-01
181 2.068726e-01 4.343208e-01
182 1.755828e-01 4.392817e-01
183 2.202770e-01 4.395747e-01
184 2.103840e-01 4.402755e-01
185 1.949439e-01 4.292561e-01
186 1.868686e-01 4.273175e-01
187 2.272106e-01 4.152709e-01
188 2.233366e-01 4.111328e-01
189 2.206698e-01 4.129595e-01
190 2.197154e-01 4.179702e-01
191 2.340795e-01 4.213890e-01
192 2.261978e-01 4.207716e-01
193 2.198627e-01 4.052961e-01
194 2.390532e-01 4.084575e-01
195 2.295854e-01 4.052784e-01
196 2.067599e-01 3.507783e-01
197 1.973280e-01 4.051383e-01
198 2.115851e-01 4.214043e-01
199 1.852457e-01 4.236580e-01
200 1.858241e-01 4.277777e-01
201 1.693405e-01 4.295725e-01
202 1.721263e-01 4.556746e-01
203 1.806521e-01 4.486327e-01
204 1.844930e-01 4.465561e-01
205 1.884595e-01 4.349400e-01
206 1.894730e-01 4.328791e-01
207 1.803087e-01 4.407028e-01
208 1.763126e-01 4.475708e-01
209 1.690996e-01 4.616779e-01
210 1.795720e-01 4.548819e-01
211 1.815805e-01 4.517282e-01
212 1.922992e-01 4.753939e-01
213 1.941565e-01 4.700075e-01
214 1.930668e-01 4.702198e-01
215 1.840978e-01 4.681454e-01
216 2.167854e-01 4.753885e-01
217 2.171535e-01 4.712368e-01
218 2.288499e-01 4.624576e-01
219 2.402147e-01 4.601037e-01
220 2.340474e-01 4.587504e-01
221 2.340944e-01 4.593092e-01
222 2.351053e-01 4.556275e-01
223 2.435187e-01 4.891326e-01
224 2.657721e-01 4.904467e-01
225 2.483419e-01 4.761772e-01
226 2.547105e-01 4.654127e-01
227 2.598673e-01 4.733357e-01
228 2.390792e-01 4.670341e-01
229 2.543770e-01 4.583719e-01
230 2.711428e-01 4.122560e-01
231 2.635829e-01 4.209505e-01
232 2.375277e-01 4.553086e-01
233 2.324775e-01 4.603332e-01
234 2.348486e-01 4.690961e-01
235 2.825613e-01 4.921516e-01
236 2.753348e-01 4.923029e-01
237 2.752553e-01 4.929424e-01
238 2.607276e-01 5.096922e-01
239 2.650503e-01 5.114865e-01
240 2.779551e-01 5.055972e-01
241 2.540887e-01 5.114785e-01
242 2.533060e-01 5.142387e-01
243 2.516842e-01 5.172374e-01
244 2.788299e-01 5.255174e-01
245 2.564251e-01 5.135384e-01
246 2.568063e-01 5.143973e-01
247 2.595686e-01 5.268920e-01
248 2.610833e-01 5.244674e-01
249 2.543243e-01 5.134571e-01
250 2.524024e-01 4.995571e-01
251 2.491556e-01 4.972662e-01
252 2.492966e-01 4.980100e-01
253 2.162316e-01 5.033765e-01
254 2.191052e-01 5.140701e-01
255 2.776433e-01 4.503940e-01
256 2.911610e-01 4.405218e-01
257 2.973599e-01 4.331609e-01
258 2.960361e-01 4.289300e-01
259 3.050479e-01 4.280673e-01
260 2.999648e-01 3.899174e-01
261 2.947314e-01 3.854169e-01
262 2.605979e-01 3.957723e-01
263 2.598801e-01 3.951972e-01
264 2.505398e-01 4.010178e-01
265 2.648239e-01 4.011946e-01
266 2.856152e-01 4.076277e-01
267 2.848688e-01 4.082153e-01
268 3.310106e-01 4.041762e-01
269 3.371539e-01 3.608312e-01
270 3.282017e-01 3.283411e-01
271 3.331582e-01 3.216795e-01
272 3.325256e-01 3.214209e-01
273 3.318168e-01 3.197965e-01
274 3.291557e-01 3.074207e-01
275 3.325559e-01 2.626028e-01
276 2.981585e-01 3.065711e-01
277 3.010015e-01 3.025648e-01
278 2.945455e-01 2.676336e-01
279 2.948639e-01 2.677870e-01
280 3.024794e-01 3.046894e-01
281 3.238765e-01 3.029872e-01
282 3.195612e-01 3.063691e-01
283 3.073503e-01 3.277787e-01
284 3.021304e-01 3.290083e-01
285 2.994628e-01 3.296297e-01
286 2.999541e-01 3.205434e-01
287 3.004917e-01 3.231686e-01
288 3.059831e-01 3.239941e-01
289 3.053236e-01 3.248018e-01
290 3.018351e-01 3.490457e-01
291 2.977764e-01 3.531224e-01
292 2.832158e-01 3.372110e-01
293 2.833206e-01 3.373954e-01
294 2.656560e-01 3.146882e-01
295 2.739007e-01 3.086443e-01
296 2.841831e-01 3.089805e-01
297 2.825583e-01 3.055736e-01
298 2.837144e-01 3.110840e-01
299 2.944396e-01 3.118931e-01
300 2.953333e-01 2.995252e-01
301 2.779489e-01 3.055429e-01
302 2.722980e-01 2.929290e-01
303 2.740454e-01 2.940124e-01
304 2.922226e-01 3.096290e-01
305 3.020353e-01 2.935112e-01
306 3.021557e-01 2.933258e-01
307 3.350415e-01 3.081408e-01
308 3.385874e-01 3.230868e-01
309 3.533269e-01 3.248161e-01
310 3.618983e-01 3.292542e-01
311 3.559868e-01 3.338389e-01
312 3.345757e-01 3.483713e-01
313 3.167506e-01 3.577229e-01
314 3.171616e-01 3.719083e-01
315 3.384258e-01 3.847005e-01
316 3.137506e-01 3.813816e-01
317 3.256393e-01 3.945715e-01
318 3.187872e-01 3.474334e-01
319 3.481348e-01 4.251017e-01
320 3.651720e-01 3.773813e-01
321 3.061675e-01 4.303636e-01
322 3.019785e-01 4.330163e-01
323 3.144199e-01 4.287597e-01
324 3.235395e-01 4.285998e-01
325 3.351938e-01 4.137212e-01
326 3.095694e-01 4.055293e-01
327 3.205518e-01 4.170600e-01
328 3.127619e-01 4.092421e-01
329 3.110188e-01 3.919408e-01
330 2.908017e-01 3.897328e-01
331 2.874821e-01 3.701258e-01
332 2.777306e-01 3.678094e-01
333 2.719307e-01 3.659848e-01
334 2.711784e-01 3.647182e-01
335 2.900128e-01 3.181281e-01
336 2.833096e-01 3.358709e-01
337 2.824547e-01 3.340330e-01
338 2.692399e-01 3.033370e-01
339 2.610934e-01 2.803546e-01
340 2.633000e-01 2.883319e-01
341 2.677884e-01 2.891813e-01
342 2.734336e-01 2.944550e-01
343 2.714717e-01 2.888647e-01
344 2.831021e-01 2.929946e-01
345 2.819896e-01 2.435651e-01
346 2.863457e-01 2.396122e-01
347 2.829157e-01 2.303617e-01
348 2.786552e-01 2.328091e-01
349 2.892537e-01 2.440106e-01
350 2.997118e-01 2.437414e-01
351 2.738555e-01 2.479146e-01
352 2.659838e-01 2.676246e-01
353 2.655664e-01 1.832051e-01
354 3.009845e-01 1.878307e-01
355 3.033096e-01 1.912826e-01
356 3.034199e-01 1.829461e-01
357 2.979103e-01 1.780996e-01
358 3.147178e-01 1.833269e-01
359 3.100928e-01 1.839083e-01
360 3.096788e-01 1.865307e-01
361 3.073956e-01 1.671848e-01
362 2.348514e-01 1.771557e-01
363 2.340076e-01 1.766532e-01
364 2.346052e-01 1.731408e-01
365 2.301638e-01 1.559394e-01
366 2.308938e-01 1.724134e-01
367 2.459580e-01 1.634293e-01
368 2.542353e-01 1.564440e-01
369 2.558755e-01 1.602920e-01
370 2.487641e-01 1.572057e-01
371 2.487450e-01 1.572620e-01
372 2.002480e-01 2.033800e-01
373 1.956479e-01 1.938187e-01
374 2.005345e-01 1.854193e-01
375 2.041696e-01 1.833337e-01
376 2.056741e-01 1.832199e-01
377 2.083320e-01 1.888188e-01
378 1.985292e-01 1.695224e-01
379 1.863393e-01 1.522685e-01
380 1.409168e-01 1.610024e-01
381 1.457550e-01 1.754952e-01
382 1.502570e-01 1.688379e-01
383 1.519024e-01 1.556977e-01
384 1.073648e-01 1.351173e-01
385 1.125369e-01 1.601492e-01
386 1.314116e-01 1.814719e-01
387 1.323673e-01 1.820719e-01
388 1.521627e-01 1.976096e-01
389 1.169591e-01 1.990173e-01
390 1.410180e-01 2.154779e-01
391 1.508752e-01 1.297155e-01
392 1.175137e-01 1.778346e-01
393 1.472557e-01 1.684099e-01
394 1.588386e-01 1.683935e-01
395 1.607781e-01 1.596227e-01
396 1.586852e-01 1.624615e-01
397 1.290000e-01 1.721306e-01
398 1.445094e-01 1.929092e-01
399 1.419257e-01 1.921257e-01
400 1.473235e-01 1.942040e-01
401 1.487579e-01 1.948974e-01
402 1.486058e-01 1.953091e-01
403 1.459003e-01 1.899191e-01
404 9.909191e-02 2.076605e-01
405 1.033216e-01 2.182755e-01
406 1.099296e-01 1.970944e-01
407 1.202620e-01 1.888468e-01
408 1.206520e-01 1.900384e-01
409 1.227621e-01 1.899353e-01
410 5.505991e-02 1.785999e-01
411 5.589387e-02 1.793456e-01
412 7.011545e-02 1.869321e-01
413 7.796871e-02 1.708759e-01
414 1.002585e-01 1.705233e-01
415 9.101760e-02 1.867701e-01
416 1.274942e-01 2.255376e-01
417 1.429539e-01 2.508679e-01
418 1.437358e-01 2.593543e-01
419 8.244210e-02 2.468352e-01
420 1.093965e-01 2.256556e-01
421 1.044793e-01 2.326198e-01
422 1.044673e-01 2.326417e-01
423 1.132530e-01 2.341257e-01
424 1.128836e-01 2.120073e-01
425 1.580940e-01 2.526794e-01
426 1.586295e-01 2.654580e-01
427 1.597127e-01 2.168331e-01
428 1.522048e-01 2.195664e-01
429 1.557978e-01 2.179590e-01
430 1.235439e-01 2.350483e-01
431 1.244964e-01 2.215488e-01
432 1.304802e-01 2.321733e-01
433 8.221617e-02 1.989107e-01
434 7.078160e-02 1.672271e-01
435 7.146675e-02 1.668608e-01
436 7.128005e-02 1.770012e-01
437 2.163174e-01 2.105854e-01
438 2.327237e-01 2.020910e-01
439 2.743100e-01 2.198039e-01
440 2.800175e-01 2.242029e-01
441 2.680906e-01 2.395515e-01
442 2.688427e-01 2.389382e-01
443 2.774396e-01 2.492026e-01
444 2.776093e-01 2.306284e-01
445 2.804352e-01 2.326795e-01
446 2.826529e-01 2.314860e-01
447 2.807240e-01 2.051825e-01
448 3.026374e-01 1.844414e-01
449 2.895361e-01 1.855461e-01
450 3.084523e-01 1.548236e-01
451 3.075792e-01 1.627774e-01
452 3.117632e-01 1.706997e-01
453 3.125154e-01 1.674673e-01
454 3.294968e-01 1.597418e-01
455 3.240499e-01 1.678774e-01
456 3.203471e-01 1.904957e-01
457 2.918796e-01 2.204168e-01
458 2.955573e-01 1.958485e-01
459 2.684679e-01 1.889315e-01
460 2.650025e-01 1.745329e-01
461 2.800306e-01 1.723894e-01
462 2.829646e-01 1.680495e-01
463 2.325187e-01 1.984874e-01
464 2.319252e-01 1.976105e-01
465 2.284589e-01 1.952292e-01
466 2.298544e-01 1.983018e-01
467 2.475779e-01 1.837274e-01
468 2.096715e-01 1.768239e-01
469 2.172015e-01 1.773880e-01
470 1.964930e-01 1.854966e-01
471 1.765440e-01 1.935307e-01
472 2.002623e-01 1.996996e-01
473 1.764683e-01 2.088618e-01
474 2.016633e-01 2.156511e-01
475 2.113747e-01 2.325656e-01
476 1.794270e-01 2.578544e-01
477 2.099679e-01 2.301881e-01
478 1.611151e-01 2.796723e-01
479 1.746969e-01 2.711957e-01
480 1.786983e-01 2.742211e-01
481 1.818158e-01 2.595991e-01
482 1.650169e-01 2.964108e-01
483 1.601355e-01 2.909838e-01
484 1.683438e-01 2.944651e-01
485 1.672654e-01 2.956457e-01
486 1.658943e-01 2.768650e-01
487 1.698621e-01 2.755917e-01
488 1.698666e-01 2.758462e-01
489 1.568070e-01 2.753651e-01
490 1.792782e-01 2.681049e-01
491 1.680947e-01 2.738985e-01
492 1.605155e-01 2.550832e-01
493 1.587215e-01 2.593022e-01
494 1.445664e-01 2.489070e-01
495 1.424363e-01 2.540068e-01
496 1.489625e-01 3.099491e-01
497 1.504319e-01 3.012640e-01
498 1.802760e-01 2.534136e-01
499 2.024999e-01 2.261964e-01
500 2.054838e-01 2.197738e-01
501 1.659273e-01 2.064339e-01
502 1.979311e-01 2.406405e-01
503 2.006665e-01 2.330472e-01
504 2.194959e-01 2.353326e-01
505 2.230933e-01 2.165563e-01
506 1.881528e-01 1.956961e-01
507 1.885617e-01 1.936991e-01
508 1.889654e-01 1.929961e-01
509 1.892236e-01 1.933952e-01
510 1.990081e-01 2.242383e-01
511 1.923180e-01 2.294025e-01
512 1.944589e-01 2.227228e-01
513 1.946556e-01 2.168165e-01
514 2.225071e-01 2.154949e-01
515 2.141345e-01 2.309630e-01
516 2.349728e-01 2.022205e-01
517 2.560004e-01 2.085451e-01
518 2.410732e-01 1.978647e-01
519 2.377821e-01 1.966520e-01
520 2.363104e-01 1.982258e-01
521 1.970067e-01 2.143826e-01
522 1.905009e-01 2.113631e-01
523 1.966915e-01 1.856916e-01
524 1.846401e-01 1.901169e-01
525 2.658729e-01 2.453791e-01
526 2.852668e-01 3.181073e-01
527 2.748581e-01 3.082676e-01
528 2.564149e-01 3.457682e-01
529 2.555891e-01 3.855482e-01
530 2.527354e-01 3.844451e-01
531 2.324922e-01 3.893961e-01
532 2.311512e-01 3.806719e-01
533 2.310532e-01 3.809517e-01
534 2.318851e-01 3.789836e-01
535 2.355730e-01 3.883735e-01
536 2.271918e-01 3.309108e-01
537 2.307572e-01 3.264797e-01
538 2.312417e-01 3.303833e-01
539 2.271312e-01 3.189065e-01
540 1.852057e-01 2.854929e-01
541 1.718583e-01 2.550097e-01
542 1.389106e-01 2.840486e-01
543 1.435623e-01 2.797404e-01
544 1.444384e-01 3.007571e-01
545 1.654055e-01 2.803035e-01
546 1.533993e-01 2.845275e-01
547 1.520534e-01 2.847912e-01
548 1.500380e-01 2.892124e-01
549 1.516326e-01 2.874940e-01
550 1.597439e-01 2.868967e-01
551 2.169006e-01 2.626376e-01
552 2.224394e-01 2.567620e-01
553 2.251069e-01 2.556500e-01
554 2.269426e-01 1.885301e-01
555 2.292349e-01 2.086996e-01
556 2.202746e-01 2.092806e-01
557 2.047997e-01 1.869893e-01
558 1.965611e-01 1.664965e-01
559 1.389307e-01 1.668160e-01
560 1.390942e-01 1.629007e-01
561 1.327403e-01 1.730077e-01
562 1.284544e-01 1.726431e-01
563 1.556044e-01 1.442137e-01
564 1.544206e-01 1.454656e-01
565 1.585761e-01 1.440993e-01
566 1.874947e-01 1.612021e-01
567 1.712510e-01 1.526910e-01
568 1.716329e-01 1.503346e-01
569 1.824674e-01 1.484079e-01
570 1.924311e-01 1.186785e-01
571 2.298509e-01 1.162076e-01
572 2.429161e-01 1.156348e-01
573 2.482390e-01 1.099997e-01
574 2.432709e-01 1.176098e-01
575 2.533882e-01 1.162474e-01
576 2.596770e-01 9.688751e-02
577 2.494382e-01 1.222954e-01
578 2.583181e-01 1.299210e-01
579 2.622693e-01 1.267075e-01
580 2.519413e-01 1.398886e-01
581 2.951023e-01 1.163385e-01
582 2.963306e-01 1.149773e-01
583 2.968306e-01 1.106975e-01
584 3.017698e-01 1.055075e-01
585 2.784568e-01 8.766529e-02
586 2.935759e-01 9.857751e-02
587 3.192504e-01 8.940352e-02
588 3.331814e-01 8.375647e-02
589 3.080443e-01 8.204421e-02
590 3.288811e-01 8.085619e-02
591 3.329357e-01 8.117909e-02
592 3.316568e-01 7.713078e-02
593 3.234431e-01 7.210576e-02
594 3.251209e-01 6.997810e-02
595 3.268872e-01 8.292884e-02
596 3.374743e-01 9.249954e-02
597 3.372285e-01 9.396828e-02
598 3.367959e-01 9.536652e-02
599 3.375718e-01 9.443657e-02
600 3.437623e-01 1.150639e-01
601 3.314699e-01 1.364435e-01
602 3.135848e-01 1.354627e-01
603 3.044665e-01 1.275995e-01
604 3.011370e-01 1.404212e-01
605 3.065499e-01 1.372130e-01
606 3.034669e-01 1.377914e-01
607 3.040587e-01 1.512715e-01
608 3.073693e-01 1.510126e-01
609 3.079088e-01 1.512772e-01
610 3.084586e-01 1.516973e-01
611 3.070988e-01 1.463831e-01
612 3.107200e-01 1.338455e-01
613 3.029572e-01 1.328337e-01
614 3.101369e-01 1.048960e-01
615 2.997392e-01 4.804847e-02
616 3.375483e-01 5.155950e-02
617 3.384046e-01 5.215722e-02
618 3.460941e-01 5.517374e-02
619 3.253908e-01 9.781537e-02
620 3.295729e-01 9.519329e-02
621 3.137621e-01 7.680479e-02
622 2.869529e-01 3.355082e-02
623 2.847795e-01 4.699306e-02
624 2.932871e-01 3.583924e-02
625 3.026315e-01 4.091437e-02
626 2.971607e-01 3.003777e-02
627 2.937278e-01 3.696402e-02
628 2.290408e-01 2.078858e-02
629 2.225880e-01 2.085400e-02
630 2.347239e-01 -1.673920e-02
