0 2.350705e+00 9.841020e-01
1 2.350159e+00 9.843515e-01
2 2.355192e+00 9.945459e-01
3 2.332268e+00 1.019765e+00
4 2.329932e+00 1.022629e+00
5 2.337914e+00 1.019970e+00
6 2.349625e+00 1.007190e+00
7 2.348429e+00 1.007384e+00
8 2.349376e+00 1.004890e+00
9 2.351906e+00 9.989753e-01
10 2.353562e+00 9.950980e-01
11 2.345556e+00 1.001311e+00
12 2.392827e+00 9.527554e-01
13 2.410112e+00 9.908642e-01
14 2.420250e+00 9.651608e-01
15 2.420224e+00 9.585885e-01
16 2.414059e+00 9.654211e-01
17 2.428533e+00 9.357568e-01
18 2.424347e+00 9.335574e-01
19 2.423867e+00 9.379825e-01
20 2.422618e+00 9.386763e-01
21 2.417159e+00 9.581166e-01
22 2.419513e+00 9.306167e-01
23 2.428482e+00 9.256649e-01
24 2.414181e+00 9.097071e-01
25 2.414216e+00 9.125110e-01
26 2.418300e+00 9.198453e-01
27 2.411285e+00 9.326518e-01
28 2.413637e+00 9.343591e-01
29 2.446838e+00 9.118469e-01
30 2.439427e+00 9.145659e-01
31 2.450215e+00 9.036459e-01
32 2.450481e+00 9.017284e-01
33 2.440983e+00 9.268972e-01
34 2.441781e+00 9.283458e-01
35 2.444060e+00 9.410817e-01
36 2.444062e+00 9.410714e-01
37 2.439269e+00 9.544609e-01
38 2.439272e+00 9.544593e-01
39 2.421609e+00 9.248963e-01
40 2.422210e+00 9.232854e-01
41 2.394769e+00 9.622133e-01
42 2.385945e+00 9.442732e-01
43 2.345285e+00 9.492973e-01
44 2.355252e+00 9.378698e-01
45 2.370711e+00 9.455982e-01
46 2.359584e+00 9.406918e-01
47 2.359626e+00 9.398656e-01
48 2.356686e+00 9.543664e-01
49 2.339618e+00 9.754393e-01
50 2.346753e+00 9.756377e-01
51 2.334422e+00 9.721770e-01
52 2.343333e+00 9.801938e-01
53 2.351473e+00 9.789142e-01
54 2.351931e+00 9.589741e-01
55 2.359236e+00 9.553280e-01
56 2.358727e+00 9.513359e-01
57 2.358363e+00 9.577383e-01
58 2.356059e+00 9.568783e-01
59 2.345889e+00 9.327600e-01
60 2.321223e+00 9.121739e-01
61 2.324875e+00 9.226859e-01
62 2.327042e+00 8.842898e-01
63 2.320015e+00 8.878930e-01
64 2.318843e+00 8.962590e-01
65 2.319604e+00 8.980668e-01
66 2.317926e+00 9.115729e-01
67 2.310405e+00 8.962415e-01
68 2.302960e+00 9.058086e-01
69 2.292355e+00 9.388190e-01
70 2.293666e+00 9.411692e-01
71 2.275013e+00 9.583990e-01
72 2.286767e+00 9.514027e-01
73 2.286105e+00 9.827258e-01
74 2.287021e+00 9.918866e-01
75 2.298839e+00 1.019981e+00
76 2.305106e+00 1.060614e+00
77 2.298916e+00 1.061912e+00
78 2.293846e+00 1.052285e+00
79 2.289190e+00 1.050771e+00
80 2.278001e+00 1.065226e+00
81 2.272952e+00 1.065213e+00
82 2.272141e+00 1.065867e+00
83 2.272306e+00 1.067623e+00
84 2.309017e+00 1.127130e+00
85 2.322816e+00 1.117835e+00
86 2.328535e+00 1.134503e+00
87 2.332531e+00 1.127987e+00
88 2.328483e+00 1.132321e+00
89 2.337069e+00 1.133265e+00
90 2.310426e+00 1.146497e+00
91 2.326155e+00 1.221741e+00
92 2.341450e+00 1.190886e+00
93 2.306284e+00 1.193146e+00
94 2.303170e+00 1.188931e+00
95 2.302334e+00 1.196432e+00
96 2.328002e+00 1.214012e+00
97 2.324274e+00 1.215160e+00
98 2.327112e+00 1.237694e+00
99 2.315515e+00 1.292998e+00
100 2.326682e+00 1.306119e+00
101 2.348989e+00 1.306674e+00
102 2.350664e+00 1.284686e+00
103 2.346267e+00 1.301520e+00
104 2.346380e+00 1.300750e+00
105 2.345828e+00 1.301242e+00
106 2.324454e+00 1.290448e+00
107 2.334489e+00 1.299243e+00
108 2.305876e+00 1.309928e+00
109 2.269905e+00 1.291265e+00
110 2.282660e+00 1.261607e+00
111 2.230077e+00 1.224100e+00
112 2.231266e+00 1.212923e+00
113 2.230254e+00 1.218526e+00
114 2.242050e+00 1.205525e+00
115 2.237108e+00 1.209970e+00
116 2.237183e+00 1.210080e+00
117 2.267135e+00 1.252234e+00
118 2.271429e+00 1.267077e+00
119 2.293661e+00 1.239131e+00
120 2.309813e+00 1.231673e+00
121 2.355803e+00 1.232889e+00
122 2.356648e+00 1.233673e+00
123 2.351553e+00 1.236425e+00
124 2.358198e+00 1.246576e+00
125 2.377518e+00 1.261471e+00
126 2.378735e+00 1.263247e+00
127 2.382817e+00 1.263559e+00
128 2.372243e+00 1.251403e+00
129 2.376647e+00 1.255955e+00
130 2.345163e+00 1.255564e+00
131 2.352520e+00 1.249579e+00
132 2.302221e+00 1.312196e+00
133 2.267204e+00 1.371841e+00
134 2.275148e+00 1.373355e+00
135 2.300072e+00 1.388244e+00
136 2.309375e+00 1.389448e+00
137 2.306092e+00 1.390277e+00
138 2.325794e+00 1.411178e+00
139 2.304307e+00 1.411723e+00
140 2.323063e+00 1.423643e+00
141 2.310712e+00 1.427909e+00
142 2.345999e+00 1.439245e+00
143 2.343890e+00 1.437386e+00
144 2.338746e+00 1.458097e+00
145 2.337011e+00 1.457075e+00
146 2.339059e+00 1.456193e+00
147 2.349278e+00 1.456379e+00
148 2.329431e+00 1.497271e+00
149 2.330266e+00 1.496314e+00
150 2.316838e+00 1.511254e+00
151 2.319103e+00 1.514384e+00
152 2.324662e+00 1.519424e+00
153 2.321573e+00 1.525695e+00
154 2.324494e+00 1.509224e+00
155 2.347306e+00 1.532967e+00
156 2.355918e+00 1.519651e+00
157 2.382120e+00 1.513517e+00
158 2.385960e+00 1.499535e+00
159 2.373852e+00 1.501884e+00
160 2.355482e+00 1.503381e+00
161 2.336947e+00 1.520196e+00
162 2.339305e+00 1.523739e+00
163 2.354963e+00 1.529885e+00
164 2.378607e+00 1.506450e+00
165 2.346040e+00 1.484944e+00
166 2.339476e+00 1.474664e+00
167 2.330129e+00 1.479910e+00
168 2.325309e+00 1.479603e+00
169 2.313457e+00 1.464648e+00
170 2.329850e+00 1.490101e+00
171 2.305653e+00 1.454297e+00
172 2.317285e+00 1.432772e+00
173 2.286905e+00 1.420656e+00
174 2.265655e+00 1.409759e+00
175 2.260329e+00 1.408367e+00
176 2.325768e+00 1.435896e+00
177 2.331709e+00 1.420281e+00
178 2.324126e+00 1.419012e+00
179 2.321804e+00 1.417207e+00
180 2.327301e+00 1.420223e+00
181 2.352358e+00 1.410922e+00
182 2.357349e+00 1.413634e+00
183 2.358793e+00 1.412605e+00
184 2.355485e+00 1.422897e+00
185 2.337996e+00 1.436364e+00
186 2.347362e+00 1.434039e+00
187 2.350127e+00 1.435685e+00
188 2.351479e+00 1.435979e+00
189 2.346736e+00 1.446328e+00
190 2.344355e+00 1.447151e+00
191 2.349020e+00 1.413888e+00
192 2.343861e+00 1.421088e+00
193 2.339839e+00 1.434848e+00
194 2.344501e+00 1.436619e+00
195 2.335815e+00 1.411192e+00
196 2.343919e+00 1.402394e+00
197 2.343762e+00 1.406259e+00
198 2.349411e+00 1.414495e+00
199 2.360024e+00 1.420415e+00
200 2.360531e+00 1.417826e+00
201 2.358840e+00 1.420066e+00
202 2.358346e+00 1.420116e+00
203 2.358299e+00 1.419851e+00
204 2.344757e+00 1.398123e+00
205 2.342142e+00 1.392193e+00
206 2.340397e+00 1.293820e+00
207 2.341175e+00 1.290871e+00
208 2.339541e+00 1.288948e+00
209 2.325527e+00 1.223380e+00
210 2.320551e+00 1.240862e+00
211 2.338364e+00 1.237883e+00
212 2.340045e+00 1.235564e+00
213 2.360833e+00 1.229364e+00
214 2.379704e+00 1.249058e+00
215 2.377892e+00 1.247412e+00
216 2.418695e+00 1.282804e+00
217 2.433530e+00 1.273337e+00
218 2.423094e+00 1.273267e+00
219 2.430599e+00 1.247130e+00
220 2.433228e+00 1.256215e+00
221 2.430599e+00 1.236769e+00
222 2.428385e+00 1.236628e+00
223 2.428231e+00 1.233704e+00
224 2.428796e+00 1.235037e+00
225 2.444106e+00 1.216131e+00
226 2.437814e+00 1.243722e+00
227 2.439109e+00 1.243460e+00
228 2.450241e+00 1.140871e+00
229 2.471268e+00 1.143294e+00
230 2.451009e+00 1.138317e+00
231 2.443027e+00 1.141795e+00
232 2.443296e+00 1.140181e+00
233 2.429217e+00 1.161698e+00
234 2.413293e+00 1.164266e+00
235 2.408466e+00 1.161140e+00
236 2.371594e+00 1.178474e+00
237 2.432279e+00 1.168842e+00
238 2.430306e+00 1.171836e+00
239 2.430158e+00 1.159227e+00
240 2.430662e+00 1.179333e+00
241 2.399882e+00 1.158983e+00
242 2.423251e+00 1.197442e+00
243 2.423743e+00 1.198631e+00
244 2.442338e+00 1.216146e+00
245 2.441951e+00 1.217677e+00
246 2.346816e+00 1.208273e+00
247 2.335151e+00 1.181431e+00
248 2.322008e+00 1.218533e+00
249 2.334622e+00 1.219607e+00
250 2.325016e+00 1.211252e+00
251 2.313841e+00 1.203328e+00
252 2.314163e+00 1.197206e+00
253 2.307543e+00 1.224511e+00
254 2.299943e+00 1.273610e+00
255 2.291248e+00 1.273260e+00
256 2.254974e+00 1.232229e+00
257 2.255812e+00 1.245007e+00
258 2.260853e+00 1.232022e+00
259 2.228405e+00 1.245782e+00
260 2.216829e+00 1.249866e+00
261 2.253162e+00 1.268881e+00
262 2.242457e+00 1.295655e+00
263 2.258445e+00 1.306087e+00
264 2.270365e+00 1.278601e+00
265 2.284706e+00 1.280143e+00
266 2.279725e+00 1.302946e+00
267 2.279772e+00 1.303002e+00
268 2.279482e+00 1.302867e+00
269 2.277684e+00 1.305991e+00
270 2.290613e+00 1.313091e+00
271 2.255731e+00 1.312180e+00
272 2.251220e+00 1.319283e+00
273 2.241577e+00 1.310530e+00
274 2.249162e+00 1.318282e+00
275 2.261853e+00 1.308707e+00
276 2.261954e+00 1.307188e+00
277 2.260544e+00 1.306314e+00
278 2.241851e+00 1.301734e+00
279 2.246069e+00 1.309988e+00
280 2.262266e+00 1.274725e+00
281 2.264788e+00 1.244893e+00
282 2.264481e+00 1.249180e+00
283 2.334059e+00 1.256814e+00
284 2.355083e+00 1.243195e+00
285 2.390058e+00 1.269323e+00
286 2.369242e+00 1.258770e+00
287 2.310646e+00 1.320732e+00
288 2.273108e+00 1.262375e+00
289 2.273067e+00 1.262538e+00
290 2.272712e+00 1.262771e+00
291 2.264698e+00 1.264426e+00
292 2.250155e+00 1.241339e+00
293 2.218613e+00 1.178316e+00
294 2.181004e+00 1.127476e+00
295 2.181511e+00 1.126752e+00
296 2.190197e+00 1.104908e+00
297 2.196611e+00 1.105226e+00
298 2.193748e+00 1.110056e+00
299 2.187790e+00 1.098204e+00
300 2.223441e+00 1.126290e+00
301 2.270144e+00 1.127100e+00
302 2.268980e+00 1.128152e+00
303 2.285083e+00 1.107242e+00
304 2.272067e+00 1.120530e+00
305 2.269398e+00 1.120516e+00
306 2.269150e+00 1.121366e+00
307 2.269933e+00 1.120244e+00
308 2.261716e+00 1.115403e+00
309 2.241540e+00 1.130413e+00
310 2.241915e+00 1.130755e+00
311 2.261374e+00 1.116513e+00
312 2.273951e+00 1.134397e+00
313 2.295372e+00 1.088403e+00
314 2.296480e+00 1.071040e+00
315 2.291805e+00 1.078591e+00
316 2.295878e+00 1.067786e+00
317 2.308871e+00 1.069191e+00
318 2.303717e+00 1.058431e+00
319 2.315341e+00 1.053102e+00
320 2.296470e+00 1.058043e+00
321 2.295667e+00 1.060425e+00
322 2.304511e+00 1.047700e+00
323 2.316710e+00 1.036182e+00
324 2.315961e+00 1.027546e+00
325 2.317702e+00 1.026220e+00
326 2.326934e+00 1.015529e+00
327 2.343494e+00 9.945879e-01
328 2.340479e+00 9.518880e-01
329 2.366635e+00 9.503950e-01
330 2.380075e+00 9.551176e-01
331 2.379584e+00 9.541957e-01
332 2.379885e+00 9.540076e-01
333 2.318098e+00 9.852925e-01
334 2.316243e+00 9.866524e-01
335 2.309027e+00 9.847651e-01
336 2.312681e+00 9.783543e-01
337 2.252978e+00 1.041850e+00
338 2.257514e+00 1.054048e+00
339 2.244701e+00 1.036124e+00
340 2.245400e+00 1.037296e+00
341 2.272360e+00 1.054715e+00
342 2.270021e+00 1.056900e+00
343 2.268132e+00 1.047993e+00
344 2.274829e+00 1.045557e+00
345 2.228348e+00 1.083252e+00
346 2.222281e+00 1.075666e+00
347 2.217862e+00 1.077142e+00
348 2.220712e+00 1.075561e+00
349 2.182969e+00 1.049566e+00
350 2.181703e+00 1.050158e+00
351 2.176795e+00 1.051799e+00
352 2.174422e+00 1.049313e+00
353 2.192163e+00 1.051474e+00
354 2.188302e+00 1.063979e+00
355 2.197883e+00 1.048767e+00
356 2.160781e+00 1.047121e+00
357 2.153569e+00 1.027803e+00
358 2.187697e+00 1.053427e+00
359 2.221600e+00 1.069026e+00
360 2.211240e+00 1.081264e+00
361 2.212345e+00 1.062679e+00
362 2.256950e+00 1.005913e+00
363 2.255050e+00 9.989371e-01
364 2.257362e+00 1.005859e+00
365 2.235629e+00 1.038967e+00
366 2.234245e+00 1.052785e+00
367 2.233300e+00 1.026956e+00
368 2.214346e+00 1.024659e+00
369 2.268683e+00 9.854717e-01
370 2.267220e+00 9.892873e-01
371 2.269359e+00 9.845780e-01
372 2.285189e+00 9.719491e-01
373 2.298787e+00 9.744745e-01
374 2.231559e+00 9.812501e-01
375 2.277777e+00 1.009234e+00
376 2.310370e+00 9.406464e-01
377 2.247449e+00 9.671076e-01
378 2.247940e+00 9.625816e-01
379 2.286844e+00 9.430000e-01
380 2.276166e+00 9.286795e-01
381 2.262807e+00 9.479404e-01
382 2.223972e+00 9.016171e-01
383 2.211893e+00 9.046504e-01
384 2.185271e+00 8.939101e-01
385 2.191117e+00 8.894047e-01
386 2.219524e+00 8.916781e-01
387 2.245323e+00 8.940032e-01
388 2.244060e+00 8.939733e-01
389 2.245191e+00 8.967193e-01
390 2.238355e+00 9.157021e-01
391 2.239585e+00 9.148787e-01
392 2.242559e+00 9.229783e-01
393 2.231833e+00 9.198563e-01
394 2.207470e+00 9.419785e-01
395 2.187280e+00 8.913039e-01
396 2.184592e+00 9.053473e-01
397 2.191298e+00 9.142950e-01
398 2.168648e+00 8.913860e-01
399 2.173084e+00 8.831641e-01
400 2.183661e+00 8.892550e-01
401 2.182749e+00 8.864234e-01
402 2.183418e+00 8.858532e-01
403 2.259711e+00 8.969259e-01
404 2.257925e+00 9.026727e-01
405 2.279890e+00 8.996439e-01
406 2.270869e+00 8.722594e-01
407 2.294186e+00 8.494268e-01
408 2.262066e+00 8.516241e-01
409 2.267929e+00 8.561164e-01
410 2.264324e+00 8.486391e-01
411 2.241267e+00 8.725165e-01
412 2.243021e+00 8.795899e-01
413 2.248750e+00 8.968342e-01
414 2.246429e+00 8.833137e-01
415 2.230885e+00 8.603851e-01
416 2.239443e+00 8.672189e-01
417 2.237593e+00 8.658381e-01
418 2.238306e+00 9.008158e-01
419 2.249617e+00 8.986783e-01
420 2.248230e+00 8.997896e-01
421 2.248324e+00 9.001318e-01
422 2.247704e+00 9.005522e-01
423 2.265060e+00 9.490686e-01
424 2.263134e+00 9.376645e-01
425 2.261832e+00 9.368490e-01
426 2.263822e+00 9.366590e-01
427 2.260789e+00 9.438889e-01
428 2.252644e+00 9.405290e-01
429 2.246886e+00 9.409066e-01
430 2.246085e+00 9.415237e-01
431 2.228378e+00 9.718244e-01
432 2.238404e+00 9.432672e-01
433 2.238501e+00 9.432318e-01
434 2.267700e+00 9.408149e-01
435 2.246826e+00 9.171215e-01
436 2.245032e+00 9.157082e-01
437 2.253080e+00 8.627084e-01
438 2.252850e+00 8.596849e-01
439 2.220286e+00 8.782597e-01
440 2.223845e+00 8.803737e-01
441 2.212342e+00 8.855899e-01
442 2.214409e+00 8.956765e-01
443 2.224913e+00 8.959084e-01
444 2.225343e+00 8.921743e-01
445 2.226168e+00 9.000734e-01
446 2.220778e+00 8.961354e-01
447 2.228839e+00 8.953693e-01
448 2.213327e+00 8.970192e-01
449 2.215710e+00 8.871703e-01
450 2.204711e+00 8.922959e-01
451 2.204819e+00 8.920736e-01
452 2.173480e+00 8.404500e-01
453 2.174389e+00 8.409181e-01
454 2.177166e+00 8.290168e-01
455 2.162452e+00 8.499037e-01
456 2.167536e+00 8.451957e-01
457 2.168980e+00 8.448607e-01
458 2.136739e+00 8.533131e-01
459 2.143115e+00 8.103067e-01
460 2.146706e+00 7.992265e-01
461 2.169108e+00 8.214391e-01
462 2.170771e+00 8.128161e-01
463 2.173624e+00 8.273769e-01
464 2.162468e+00 8.165810e-01
465 2.161849e+00 8.292324e-01
466 2.162039e+00 8.275413e-01
467 2.157039e+00 8.278615e-01
468 2.145937e+00 8.238081e-01
469 2.147070e+00 8.376503e-01
470 2.132504e+00 8.636026e-01
471 2.143017e+00 8.363899e-01
472 2.143138e+00 8.351918e-01
473 2.134929e+00 8.634421e-01
474 2.118752e+00 8.779687e-01
475 2.080512e+00 8.816262e-01
476 2.086655e+00 8.601537e-01
477 2.085785e+00 8.588287e-01
478 2.086067e+00 8.583245e-01
479 2.090421e+00 8.593734e-01
480 2.083656e+00 8.627442e-01
481 2.095811e+00 8.701857e-01
482 2.090156e+00 8.664117e-01
483 2.133162e+00 9.135407e-01
484 2.130955e+00 9.125346e-01
485 2.121736e+00 8.996894e-01
486 2.135798e+00 8.984601e-01
487 2.137883e+00 8.903101e-01
488 2.138304e+00 8.843097e-01
489 2.125309e+00 8.679036e-01
490 2.140907e+00 8.712179e-01
491 2.140393e+00 8.676464e-01
492 2.103765e+00 8.423910e-01
493 2.110750e+00 8.431791e-01
494 2.106066e+00 8.419157e-01
495 2.103255e+00 8.455489e-01
496 2.092695e+00 8.509376e-01
497 2.102740e+00 8.370171e-01
498 2.121288e+00 8.424919e-01
499 2.126705e+00 8.392540e-01
500 2.114339e+00 8.424334e-01
501 2.098887e+00 8.677079e-01
502 2.147667e+00 8.873057e-01
503 2.142120e+00 8.882095e-01
504 2.114633e+00 8.783490e-01
505 2.088610e+00 8.599956e-01
506 2.085392e+00 8.612382e-01
507 2.100186e+00 8.629058e-01
508 2.086560e+00 8.123379e-01
509 2.116946e+00 8.189074e-01
510 2.123442e+00 8.192242e-01
511 2.097551e+00 7.819448e-01
512 2.068203e+00 7.594643e-01
513 2.042831e+00 7.831203e-01
514 2.045498e+00 7.837503e-01
515 2.048931e+00 7.851325e-01
516 2.040933e+00 8.052380e-01
517 2.035285e+00 8.000434e-01
518 2.005667e+00 7.599540e-01
519 1.989335e+00 7.389709e-01
520 1.955023e+00 7.172014e-01
521 1.962056e+00 7.036195e-01
522 1.961986e+00 7.035679e-01
523 1.939033e+00 7.027909e-01
524 1.955380e+00 7.263483e-01
525 1.951964e+00 7.161040e-01
526 1.934273e+00 7.144688e-01
527 1.934025e+00 7.167529e-01
528 1.922929e+00 7.112204e-01
529 1.922958e+00 7.111986e-01
530 1.938957e+00 7.210546e-01
531 1.996271e+00 7.214698e-01
532 1.950083e+00 7.152991e-01
533 1.933807e+00 7.018804e-01
534 1.910840e+00 7.117366e-01
535 1.942874e+00 7.053378e-01
536 1.914658e+00 7.173206e-01
537 1.911971e+00 7.011309e-01
538 1.908542e+00 7.166163e-01
539 1.906187e+00 7.117830e-01
540 1.905919e+00 6.993685e-01
541 1.906111e+00 6.953245e-01
542 1.874774e+00 7.187467e-01
543 1.875257e+00 7.170003e-01
544 1.875245e+00 7.170996e-01
545 1.869204e+00 7.355907e-01
546 1.866470e+00 8.119652e-01
547 1.869710e+00 7.770938e-01
548 1.863318e+00 7.778200e-01
549 1.872848e+00 7.795639e-01
550 1.872357e+00 7.755471e-01
551 1.870519e+00 7.725729e-01
552 1.911762e+00 7.581231e-01
553 1.897617e+00 7.577259e-01
554 1.898772e+00 7.620170e-01
555 1.885069e+00 7.551161e-01
556 1.884432e+00 7.591293e-01
557 1.897032e+00 7.440039e-01
558 1.879344e+00 7.623463e-01
559 1.911570e+00 7.971868e-01
560 1.911274e+00 7.964439e-01
561 1.914250e+00 8.025870e-01
562 1.910773e+00 7.970305e-01
563 1.920557e+00 8.079298e-01
564 1.914592e+00 8.126315e-01
565 1.922966e+00 7.944585e-01
566 1.923336e+00 7.965657e-01
567 1.934981e+00 7.989233e-01
568 1.934163e+00 7.963900e-01
569 1.935519e+00 8.075237e-01
570 1.959536e+00 8.145029e-01
571 1.964053e+00 8.145117e-01
572 1.986873e+00 8.292912e-01
573 1.989933e+00 8.150165e-01
574 1.990756e+00 8.136291e-01
575 1.967704e+00 7.792791e-01
576 1.968526e+00 7.807515e-01
577 1.992895e+00 7.795120e-01
578 2.020338e+00 8.029676e-01
579 2.021655e+00 8.033652e-01
580 2.022896e+00 7.436044e-01
581 2.032169e+00 7.494234e-01
582 2.086846e+00 7.331677e-01
583 2.083217e+00 7.358594e-01
584 2.083545e+00 7.385977e-01
585 2.078002e+00 7.616854e-01
586 2.080891e+00 7.494597e-01
587 2.081258e+00 7.764471e-01
588 2.076484e+00 7.722206e-01
589 2.078394e+00 7.806023e-01
590 2.062872e+00 7.609278e-01
591 2.073031e+00 7.617754e-01
592 2.071980e+00 7.593511e-01
593 2.106850e+00 7.499835e-01
594 2.106551e+00 7.505342e-01
595 2.107585e+00 7.326625e-01
596 2.113004e+00 7.325944e-01
597 2.126942e+00 7.184054e-01
598 2.149580e+00 7.219418e-01
599 2.150051e+00 7.215786e-01
600 2.135062e+00 7.178863e-01
601 2.144459e+00 6.865821e-01
602 2.146905e+00 6.858261e-01
603 2.158976e+00 6.593988e-01
604 2.159331e+00 6.712090e-01
605 2.157489e+00 6.697814e-01
606 2.171676e+00 6.529670e-01
607 2.209617e+00 6.650013e-01
608 2.208858e+00 6.626159e-01
609 2.228899e+00 6.819303e-01
610 2.228562e+00 6.872301e-01
611 2.228240e+00 6.969377e-01
612 2.232704e+00 6.857503e-01
613 2.255404e+00 7.594463e-01
614 2.252990e+00 7.592821e-01
615 2.244359e+00 7.474844e-01
616 2.244216e+00 7.476084e-01
617 2.224868e+00 7.511269e-01
618 2.227297e+00 7.541536e-01
619 2.222536e+00 7.476303e-01
620 2.235061e+00 7.747425e-01
621 2.201865e+00 7.532589e-01
622 2.240505e+00 7.487063e-01
623 2.200422e+00 7.943981e-01
624 2.243864e+00 8.069726e-01
625 2.258346e+00 8.206223e-01
626 2.267013e+00 8.207246e-01
627 2.234556e+00 8.399824e-01
628 2.167028e+00 8.010384e-01
629 2.183574e+00 8.003548e-01
630 2.186515e+00 8.028413e-01
631 2.191647e+00 7.945772e-01
632 2.200321e+00 7.871137e-01
633 2.186818e+00 7.950142e-01
634 2.140501e+00 8.116305e-01
635 2.117132e+00 8.443978e-01
636 2.109748e+00 8.332554e-01
637 2.091418e+00 8.356484e-01
638 2.101212e+00 8.446314e-01
639 2.179101e+00 8.463797e-01
640 2.178641e+00 8.473386e-01
641 2.186019e+00 8.559397e-01
642 2.191950e+00 8.419838e-01
643 2.162798e+00 8.548056e-01
644 2.147912e+00 8.505540e-01
645 2.147380e+00 8.616862e-01
646 2.177890e+00 8.649654e-01
647 2.183694e+00 8.710668e-01
648 2.209758e+00 8.421454e-01
649 2.209399e+00 8.425732e-01
650 2.211290e+00 8.470995e-01
651 2.215466e+00 8.449601e-01
652 2.226523e+00 8.512806e-01
653 2.211415e+00 9.024429e-01
654 2.200914e+00 8.814973e-01
655 2.203042e+00 8.582801e-01
656 2.199102e+00 8.630339e-01
657 2.173416e+00 8.545154e-01
658 2.171869e+00 8.413322e-01
659 2.190683e+00 8.413901e-01
660 2.195786e+00 8.427548e-01
661 2.212296e+00 8.586988e-01
662 2.188737e+00 8.590975e-01
663 2.193475e+00 8.588724e-01
664 2.176468e+00 8.564916e-01
665 2.178041e+00 8.542248e-01
666 2.148041e+00 8.482024e-01
667 2.142108e+00 8.470798e-01
668 2.115915e+00 8.285517e-01
669 2.189144e+00 7.804142e-01
670 2.255265e+00 7.751452e-01
671 2.254891e+00 7.746623e-01
672 2.260164e+00 7.911311e-01
673 2.261057e+00 7.848071e-01
674 2.250805e+00 8.485573e-01
675 2.245835e+00 8.215818e-01
676 2.196370e+00 8.250251e-01
677 2.207020e+00 8.443501e-01
678 2.199366e+00 8.082048e-01
679 2.177444e+00 8.240806e-01
680 2.220562e+00 7.697302e-01
681 2.225685e+00 7.617933e-01
682 2.221112e+00 7.640669e-01
683 2.213174e+00 7.390425e-01
684 2.205499e+00 7.373546e-01
685 2.204216e+00 7.328009e-01
686 2.172288e+00 7.492101e-01
687 2.181866e+00 7.434221e-01
688 2.183826e+00 7.450261e-01
689 2.186218e+00 7.290530e-01
690 2.188854e+00 6.917570e-01
691 2.188080e+00 6.939307e-01
692 2.178079e+00 6.957593e-01
693 2.160417e+00 6.839436e-01
694 2.157110e+00 7.111295e-01
695 2.138348e+00 7.251894e-01
696 2.126981e+00 7.328824e-01
697 2.120571e+00 7.503452e-01
698 2.107504e+00 7.600116e-01
699 2.096805e+00 7.513861e-01
700 2.087500e+00 7.887448e-01
701 2.081663e+00 7.957967e-01
702 2.074429e+00 7.965136e-01
703 2.074272e+00 7.969098e-01
704 2.094154e+00 8.189511e-01
705 2.096428e+00 8.132290e-01
706 2.093429e+00 8.030604e-01
707 2.122486e+00 8.026805e-01
708 2.059507e+00 7.986687e-01
709 2.050970e+00 7.830365e-01
710 2.059332e+00 7.795001e-01
711 2.076929e+00 7.860578e-01
712 2.076424e+00 7.752707e-01
713 2.077839e+00 7.794612e-01
714 2.072246e+00 7.639153e-01
715 2.072679e+00 7.626517e-01
716 2.080392e+00 7.687460e-01
717 2.087062e+00 7.758571e-01
718 2.077774e+00 7.894310e-01
719 2.084620e+00 7.826868e-01
720 2.081880e+00 7.757311e-01
721 2.095853e+00 7.512095e-01
722 2.097706e+00 7.474893e-01
723 2.100252e+00 7.326357e-01
724 2.123420e+00 7.311744e-01
725 2.132869e+00 7.340526e-01
726 2.132979e+00 7.342479e-01
727 2.118281e+00 7.724745e-01
728 2.114249e+00 7.958753e-01
729 2.109387e+00 7.986712e-01
730 2.106955e+00 8.149396e-01
731 2.126894e+00 8.117212e-01
732 2.118109e+00 8.689999e-01
733 2.117643e+00 8.820578e-01
734 2.108586e+00 8.887821e-01
735 2.112933e+00 8.861899e-01
736 2.108562e+00 8.746961e-01
737 2.112920e+00 8.774515e-01
738 2.161791e+00 9.383014e-01
739 2.172546e+00 8.962777e-01
740 2.172403e+00 8.926774e-01
741 2.168781e+00 8.978668e-01
742 2.175428e+00 8.706930e-01
743 2.181831e+00 8.798350e-01
744 2.190972e+00 8.634087e-01
745 2.191890e+00 8.657464e-01
746 2.192499e+00 8.664855e-01
747 2.194156e+00 8.728879e-01
748 2.196049e+00 8.847004e-01
749 2.197132e+00 8.839562e-01
750 2.197179e+00 8.864636e-01
751 2.181530e+00 8.785048e-01
752 2.178452e+00 8.681897e-01
753 2.177018e+00 8.689121e-01
754 2.171381e+00 8.553518e-01
755 2.142333e+00 8.448335e-01
756 2.160111e+00 7.886914e-01
757 2.143534e+00 7.780734e-01
758 2.112048e+00 7.960538e-01
759 2.111845e+00 7.644004e-01
760 2.095248e+00 7.641250e-01
761 2.035614e+00 8.050931e-01
762 2.010300e+00 7.996380e-01
763 2.009895e+00 8.251549e-01
764 2.014324e+00 8.265757e-01
765 2.039375e+00 8.878100e-01
766 2.030232e+00 8.667014e-01
767 1.950197e+00 8.274744e-01
768 1.945014e+00 8.213661e-01
769 1.949743e+00 7.708562e-01
770 1.948451e+00 7.766312e-01
771 1.921550e+00 7.926321e-01
772 1.923608e+00 7.831463e-01
773 1.975463e+00 7.600151e-01
774 1.989040e+00 7.736493e-01
775 2.010832e+00 7.541487e-01
776 2.003314e+00 7.705233e-01
777 1.988540e+00 7.861263e-01
778 1.977556e+00 7.890172e-01
779 1.976917e+00 7.935334e-01
780 1.987129e+00 7.881489e-01
781 1.987031e+00 7.773079e-01
782 2.007272e+00 8.025216e-01
783 2.005365e+00 8.021273e-01
784 2.000561e+00 8.025929e-01
785 1.993097e+00 8.314554e-01
786 2.021838e+00 8.232594e-01
787 2.021734e+00 8.219371e-01
788 2.015647e+00 8.221191e-01
789 2.016830e+00 8.280080e-01
790 2.021222e+00 8.146442e-01
791 2.017287e+00 8.231389e-01
792 2.018049e+00 8.244394e-01
793 2.002678e+00 8.204173e-01
794 2.013227e+00 8.251387e-01
795 2.013202e+00 8.251107e-01
796 2.022595e+00 8.211309e-01
797 2.014787e+00 8.264880e-01
798 2.019686e+00 8.303829e-01
799 2.012404e+00 8.320443e-01
800 1.982044e+00 8.164723e-01
801 2.000707e+00 7.721404e-01
802 1.993085e+00 7.772890e-01
803 1.973602e+00 7.951529e-01
804 1.994661e+00 8.155845e-01
805 2.008073e+00 7.969292e-01
806 2.007750e+00 7.861870e-01
807 1.992206e+00 7.844523e-01
808 1.989693e+00 7.842518e-01
809 1.972272e+00 7.581714e-01
810 1.957072e+00 7.719400e-01
811 1.957086e+00 7.719663e-01
812 1.966380e+00 7.577766e-01
813 1.954445e+00 7.707262e-01
814 1.984463e+00 7.739024e-01
815 2.018369e+00 7.357308e-01
816 2.061548e+00 6.971602e-01
817 2.082433e+00 6.617045e-01
818 2.086284e+00 6.650901e-01
819 2.087982e+00 6.639736e-01
820 2.083609e+00 6.588949e-01
821 2.072753e+00 6.606678e-01
822 2.078310e+00 6.603897e-01
823 2.078312e+00 6.608005e-01
824 2.074499e+00 6.630890e-01
825 2.081810e+00 6.521951e-01
826 2.084151e+00 6.500492e-01
827 2.038026e+00 6.599760e-01
828 2.040854e+00 6.707040e-01
829 1.973201e+00 6.573433e-01
830 1.981802e+00 6.660834e-01
831 1.984921e+00 6.651537e-01
832 2.001065e+00 6.457532e-01
833 2.002148e+00 6.421039e-01
834 1.972718e+00 6.371463e-01
835 1.976761e+00 6.382682e-01
836 1.983803e+00 6.266132e-01
837 2.027647e+00 6.242215e-01
838 2.047631e+00 5.943459e-01
839 2.047514e+00 5.942867e-01
840 2.043940e+00 6.052380e-01
841 2.047087e+00 6.096471e-01
842 2.024395e+00 6.234861e-01
843 2.013827e+00 6.122071e-01
844 2.007830e+00 6.128045e-01
845 1.996372e+00 6.432824e-01
846 2.008523e+00 6.252584e-01
847 1.982204e+00 6.205811e-01
848 1.979948e+00 6.272375e-01
849 1.983063e+00 6.277018e-01
850 1.993223e+00 6.092823e-01
851 1.997061e+00 6.068035e-01
852 1.989634e+00 6.041426e-01
853 1.984448e+00 6.098817e-01
854 2.037758e+00 6.708754e-01
855 2.037637e+00 6.704284e-01
856 2.039934e+00 6.712305e-01
857 2.064638e+00 6.747471e-01
858 2.089133e+00 6.698518e-01
859 2.113049e+00 6.850053e-01
860 2.094306e+00 6.885258e-01
861 2.090305e+00 6.871311e-01
862 2.105054e+00 6.914973e-01
863 2.117940e+00 6.879997e-01
864 2.118723e+00 6.721504e-01
865 2.127044e+00 6.626182e-01
866 2.145284e+00 6.355022e-01
867 2.139031e+00 6.358811e-01
868 2.134208e+00 6.350618e-01
869 2.135972e+00 6.225595e-01
870 2.126082e+00 5.708243e-01
871 2.125258e+00 5.852136e-01
872 2.152851e+00 5.548912e-01
873 2.155772e+00 5.690087e-01
874 2.162994e+00 5.490801e-01
875 2.172097e+00 5.402673e-01
876 2.164992e+00 5.128796e-01
877 2.172074e+00 5.151001e-01
878 2.193969e+00 4.867156e-01
879 2.196256e+00 4.801643e-01
880 2.199553e+00 4.795336e-01
881 2.160091e+00 4.768477e-01
882 2.154288e+00 4.769888e-01
883 2.155382e+00 4.758165e-01
884 2.151594e+00 4.779906e-01
885 2.119521e+00 4.706746e-01
886 2.100504e+00 4.340966e-01
887 2.086741e+00 4.518754e-01
888 2.084860e+00 4.533648e-01
889 2.084487e+00 4.526719e-01
890 2.072112e+00 4.606851e-01
891 2.077306e+00 4.580196e-01
892 2.072552e+00 4.849080e-01
893 2.144157e+00 5.041454e-01
894 2.132958e+00 5.122216e-01
895 2.130027e+00 5.109970e-01
896 2.143330e+00 4.922666e-01
897 2.154959e+00 4.937733e-01
898 2.106248e+00 5.291163e-01
899 2.094934e+00 4.889560e-01
900 2.087892e+00 4.886467e-01
901 2.060295e+00 5.058391e-01
902 2.060282e+00 5.057389e-01
903 2.060504e+00 5.060025e-01
904 2.059386e+00 5.039622e-01
905 2.066917e+00 4.783615e-01
906 2.075113e+00 4.565368e-01
907 2.076263e+00 4.551247e-01
908 2.059861e+00 4.560719e-01
909 2.005072e+00 5.155291e-01
910 2.018799e+00 5.198457e-01
911 2.037509e+00 5.258152e-01
912 2.035510e+00 5.260409e-01
913 2.041566e+00 5.269588e-01
914 2.049215e+00 5.285383e-01
915 2.041898e+00 5.296206e-01
916 2.011550e+00 5.213362e-01
917 1.998623e+00 4.995861e-01
918 1.984798e+00 5.065303e-01
919 1.986783e+00 5.092048e-01
920 1.982978e+00 5.151304e-01
921 1.981720e+00 5.086099e-01
922 1.980978e+00 5.006324e-01
923 1.988926e+00 4.791721e-01
924 2.023093e+00 4.832312e-01
925 2.004276e+00 4.632884e-01
926 1.993072e+00 4.551943e-01
927 2.000155e+00 4.497029e-01
928 1.998249e+00 4.452618e-01
929 1.988573e+00 4.354735e-01
930 2.036914e+00 4.367895e-01
931 2.055527e+00 4.324003e-01
932 2.057003e+00 4.604711e-01
933 2.045039e+00 4.624482e-01
934 2.039014e+00 4.629189e-01
935 2.045967e+00 4.664984e-01
936 2.042294e+00 4.612363e-01
937 2.045978e+00 4.606838e-01
938 2.061850e+00 4.801393e-01
939 2.045643e+00 4.327108e-01
940 2.059769e+00 4.240293e-01
941 2.084366e+00 4.142506e-01
942 2.101694e+00 4.104779e-01
943 2.066611e+00 3.240204e-01
944 2.048967e+00 3.145358e-01
945 2.082294e+00 3.140105e-01
946 2.102298e+00 3.050190e-01
947 2.079339e+00 3.049997e-01
948 2.090564e+00 3.023678e-01
949 2.126841e+00 3.511897e-01
950 2.128553e+00 3.502333e-01
951 2.126007e+00 3.520641e-01
952 2.126002e+00 3.519123e-01
953 2.129552e+00 3.554898e-01
954 2.089371e+00 3.439662e-01
955 2.049318e+00 3.234937e-01
956 2.067209e+00 3.277740e-01
957 2.066968e+00 3.235645e-01
958 2.067386e+00 3.226361e-01
959 2.067537e+00 3.243877e-01
960 2.062613e+00 3.079963e-01
961 2.068030e+00 3.164616e-01
962 2.059966e+00 3.216809e-01
963 2.047988e+00 3.237837e-01
964 2.133718e+00 3.427960e-01
965 2.123643e+00 3.264264e-01
966 2.121959e+00 3.296320e-01
967 2.120270e+00 3.307223e-01
968 2.115337e+00 3.054944e-01
969 2.121867e+00 2.921340e-01
970 2.121653e+00 2.883674e-01
971 2.120412e+00 2.891706e-01
972 2.064556e+00 3.191410e-01
973 2.073336e+00 3.385398e-01
974 2.072125e+00 3.346874e-01
975 2.056499e+00 3.392071e-01
976 2.058589e+00 3.434204e-01
977 2.055130e+00 3.443782e-01
978 2.029063e+00 3.335819e-01
979 2.024946e+00 3.317174e-01
980 2.029431e+00 4.021496e-01
981 2.036651e+00 4.024351e-01
982 2.081254e+00 3.924466e-01
983 2.085689e+00 3.950227e-01
984 2.085879e+00 3.950158e-01
985 2.088640e+00 3.894866e-01
986 2.085424e+00 3.936532e-01
987 2.085936e+00 3.933313e-01
988 2.127115e+00 3.958998e-01
989 2.099866e+00 3.835783e-01
990 2.145296e+00 4.355563e-01
991 2.144359e+00 4.362897e-01
992 2.111024e+00 4.699675e-01
993 2.113928e+00 4.895076e-01
994 2.111507e+00 4.714682e-01
995 2.110901e+00 4.742701e-01
996 2.116113e+00 4.732134e-01
997 2.120969e+00 4.669283e-01
998 2.139280e+00 4.666713e-01
999 2.125595e+00 4.792049e-01
1000 2.107663e+00 4.849358e-01
1001 2.107495e+00 4.850036e-01
1002 2.105032e+00 4.539670e-01
1003 2.110110e+00 4.477302e-01
1004 2.089304e+00 4.852983e-01
1005 2.057071e+00 5.209482e-01
1006 2.095509e+00 5.929437e-01
1007 2.123293e+00 5.683892e-01
1008 2.090040e+00 5.199607e-01
1009 2.119563e+00 5.621008e-01
1010 2.113703e+00 5.412656e-01
1011 2.129495e+00 5.804096e-01
1012 2.112247e+00 5.779064e-01
1013 2.112997e+00 5.781428e-01
1014 2.111466e+00 5.782265e-01
1015 2.043752e+00 6.385890e-01
1016 2.050533e+00 6.299915e-01
1017 2.086625e+00 6.103138e-01
1018 2.076991e+00 5.643140e-01
1019 2.006278e+00 6.032552e-01
1020 1.994551e+00 5.976295e-01
1021 1.994422e+00 5.980494e-01
1022 1.995886e+00 5.974151e-01
1023 1.987559e+00 6.153099e-01
1024 1.984533e+00 6.126807e-01
1025 1.990737e+00 5.990911e-01
1026 2.005249e+00 6.123741e-01
1027 1.998232e+00 6.153721e-01
1028 2.024134e+00 6.318688e-01
1029 2.015519e+00 6.384189e-01
1030 1.996356e+00 6.195783e-01
1031 1.998810e+00 6.148514e-01
1032 2.002523e+00 6.168172e-01
1033 2.001740e+00 6.194622e-01
1034 2.001237e+00 6.181278e-01
1035 2.001392e+00 6.181076e-01
1036 1.969059e+00 6.039437e-01
1037 1.978278e+00 6.020397e-01
1038 1.973288e+00 5.965974e-01
1039 2.018744e+00 6.144331e-01
1040 2.016581e+00 6.164437e-01
1041 2.018899e+00 6.155837e-01
1042 2.002459e+00 6.338886e-01
1043 2.008484e+00 6.350420e-01
1044 2.015490e+00 6.273759e-01
1045 2.014157e+00 6.324879e-01
1046 1.993239e+00 6.130296e-01
1047 1.942427e+00 6.099740e-01
1048 1.933373e+00 6.051922e-01
1049 1.949869e+00 6.254813e-01
1050 1.928655e+00 6.143703e-01
1051 1.948065e+00 6.111730e-01
1052 1.948770e+00 6.129600e-01
1053 1.936609e+00 6.051390e-01
1054 1.916219e+00 6.004643e-01
1055 1.923441e+00 5.992398e-01
1056 1.922013e+00 5.997948e-01
1057 1.923125e+00 5.974094e-01
1058 1.919227e+00 5.876968e-01
1059 1.910520e+00 5.991737e-01
1060 1.947371e+00 5.511631e-01
1061 1.944135e+00 5.472765e-01
1062 1.963624e+00 5.341535e-01
1063 1.985836e+00 5.481985e-01
1064 1.972146e+00 5.083827e-01
1065 1.973739e+00 5.032287e-01
1066 1.986085e+00 5.106985e-01
1067 1.988155e+00 5.257477e-01
1068 1.973326e+00 4.987324e-01
1069 1.973256e+00 4.995500e-01
1070 1.921685e+00 5.195711e-01
1071 1.915688e+00 5.151903e-01
1072 1.902241e+00 5.151427e-01
1073 1.891956e+00 5.199589e-01
1074 1.908788e+00 4.774993e-01
1075 1.884228e+00 4.875704e-01
1076 1.895700e+00 4.505162e-01
1077 1.868187e+00 4.253655e-01
1078 1.870940e+00 4.252461e-01
1079 1.870916e+00 4.245819e-01
1080 1.873607e+00 4.414191e-01
1081 1.851133e+00 4.376999e-01
1082 1.856622e+00 4.326734e-01
1083 1.847993e+00 4.622157e-01
1084 1.840100e+00 4.884627e-01
1085 1.831760e+00 5.095724e-01
1086 1.847522e+00 5.197487e-01
1087 1.845648e+00 5.203915e-01
1088 1.858429e+00 5.089013e-01
1089 1.861775e+00 4.800964e-01
1090 1.855805e+00 4.654093e-01
1091 1.829835e+00 4.656186e-01
1092 1.840257e+00 4.375179e-01
1093 1.840167e+00 4.367371e-01
1094 1.802491e+00 4.171536e-01
1095 1.803418e+00 4.218497e-01
1096 1.803385e+00 4.206212e-01
1097 1.831293e+00 4.426335e-01
1098 1.849077e+00 4.485859e-01
1099 1.838826e+00 4.793805e-01
1100 1.841847e+00 4.804374e-01
1101 1.842935e+00 4.833467e-01
1102 1.862679e+00 4.942981e-01
1103 1.886380e+00 4.794533e-01
1104 1.888974e+00 4.788589e-01
1105 1.891606e+00 4.747365e-01
1106 1.892684e+00 4.735501e-01
1107 1.895938e+00 4.881416e-01
1108 1.914833e+00 5.052879e-01
1109 1.909963e+00 4.897998e-01
1110 1.908030e+00 4.921529e-01
1111 1.908174e+00 4.868535e-01
1112 1.907175e+00 4.917307e-01
1113 1.900089e+00 4.987355e-01
1114 1.877813e+00 5.067100e-01
1115 1.894863e+00 4.460816e-01
1116 1.893574e+00 4.441706e-01
1117 1.886651e+00 4.444399e-01
1118 1.884794e+00 4.315069e-01
1119 1.877311e+00 4.450074e-01
1120 1.883498e+00 4.520601e-01
1121 1.892017e+00 4.423790e-01
1122 1.926071e+00 4.229455e-01
1123 1.920843e+00 4.635038e-01
1124 1.907229e+00 4.612920e-01
1125 1.903010e+00 4.547523e-01
1126 1.906255e+00 4.572186e-01
1127 1.868465e+00 4.888780e-01
1128 1.864031e+00 4.687706e-01
1129 1.868547e+00 4.869441e-01
1130 1.858673e+00 4.992864e-01
1131 1.864180e+00 5.029859e-01
1132 1.855173e+00 5.033261e-01
1133 1.853731e+00 5.037529e-01
1134 1.833239e+00 5.150568e-01
1135 1.825039e+00 5.001496e-01
1136 1.827936e+00 4.929848e-01
1137 1.830284e+00 4.967341e-01
1138 1.792744e+00 5.015310e-01
1139 1.783660e+00 4.901073e-01
1140 1.883062e+00 4.748133e-01
1141 1.887434e+00 4.820028e-01
1142 1.886414e+00 4.827826e-01
1143 1.894042e+00 4.924864e-01
1144 1.889432e+00 4.926601e-01
1145 1.859883e+00 5.024043e-01
1146 1.863033e+00 5.035062e-01
1147 1.845778e+00 4.784013e-01
1148 1.859985e+00 4.779819e-01
1149 1.835644e+00 4.629178e-01
1150 1.837213e+00 4.622445e-01
1151 1.829745e+00 4.763676e-01
1152 1.893892e+00 4.619179e-01
1153 1.894065e+00 4.632290e-01
1154 1.876343e+00 4.750835e-01
1155 1.905839e+00 5.169915e-01
1156 1.916531e+00 4.900946e-01
1157 1.895675e+00 4.858498e-01
1158 1.874633e+00 4.588422e-01
1159 1.853989e+00 4.467469e-01
1160 1.860457e+00 4.533429e-01
1161 1.860401e+00 4.593510e-01
1162 1.845577e+00 4.394323e-01
1163 1.877717e+00 4.205169e-01
1164 1.883920e+00 4.152711e-01
1165 1.883941e+00 4.152451e-01
1166 1.885769e+00 4.318389e-01
1167 1.843745e+00 4.104365e-01
1168 1.843702e+00 4.102973e-01
1169 1.760799e+00 3.984361e-01
1170 1.755150e+00 3.985455e-01
1171 1.756619e+00 3.695627e-01
1172 1.761927e+00 3.809710e-01
1173 1.795692e+00 3.787330e-01
1174 1.802208e+00 3.542191e-01
1175 1.801095e+00 3.706225e-01
1176 1.822235e+00 3.652723e-01
1177 1.818085e+00 3.679620e-01
1178 1.820298e+00 3.638411e-01
1179 1.823160e+00 3.693341e-01
1180 1.841473e+00 3.525462e-01
1181 1.843917e+00 3.512388e-01
1182 1.861572e+00 4.277585e-01
1183 1.912963e+00 4.801895e-01
1184 1.902965e+00 4.907873e-01
1185 1.816699e+00 5.449073e-01
1186 1.800562e+00 5.717221e-01
1187 1.828114e+00 5.956365e-01
1188 1.841578e+00 6.079276e-01
1189 1.849611e+00 6.164653e-01
1190 1.849026e+00 6.913269e-01
1191 1.842085e+00 6.900240e-01
1192 1.840956e+00 6.486652e-01
1193 1.841366e+00 6.489133e-01
1194 1.883542e+00 6.277668e-01
1195 1.892348e+00 6.247071e-01
1196 1.891999e+00 6.416305e-01
1197 1.898296e+00 6.388964e-01
1198 1.901369e+00 6.381927e-01
1199 1.891208e+00 6.553148e-01
1200 1.891134e+00 6.550818e-01
1201 1.894662e+00 6.490023e-01
1202 1.894188e+00 6.459632e-01
1203 1.916022e+00 6.240038e-01
1204 1.916130e+00 6.225385e-01
1205 1.918343e+00 6.291082e-01
1206 1.905497e+00 6.227636e-01
1207 1.905063e+00 6.713101e-01
1208 1.893956e+00 6.725431e-01
1209 1.884298e+00 6.715918e-01
1210 1.886494e+00 6.679680e-01
1211 1.870424e+00 6.909486e-01
1212 1.877109e+00 6.812022e-01
1213 1.841668e+00 6.967315e-01
1214 1.863936e+00 6.908817e-01
1215 1.818160e+00 6.854459e-01
1216 1.803692e+00 6.864219e-01
1217 1.858987e+00 7.603495e-01
1218 1.861730e+00 7.720826e-01
1219 1.861494e+00 7.767280e-01
1220 1.861451e+00 7.790050e-01
1221 1.857831e+00 7.702221e-01
1222 1.855810e+00 7.743637e-01
1223 1.861294e+00 7.685104e-01
1224 1.873751e+00 7.730843e-01
1225 1.935239e+00 8.293593e-01
1226 1.933373e+00 8.371794e-01
1227 1.935424e+00 8.366033e-01
1228 1.937347e+00 8.363210e-01
1229 1.940763e+00 8.170211e-01
1230 1.940736e+00 8.150618e-01
1231 1.941854e+00 8.144004e-01
1232 1.941457e+00 8.154550e-01
1233 1.909695e+00 7.627555e-01
1234 1.911357e+00 7.736764e-01
1235 1.899779e+00 7.876773e-01
1236 1.913205e+00 7.245190e-01
1237 1.913534e+00 7.042672e-01
1238 1.912057e+00 7.007015e-01
1239 1.890037e+00 7.249325e-01
1240 1.892762e+00 7.289617e-01
1241 1.892518e+00 7.288289e-01
1242 1.910120e+00 7.231766e-01
1243 1.904416e+00 7.031241e-01
1244 1.905452e+00 6.801516e-01
1245 1.900946e+00 6.736501e-01
1246 1.886938e+00 6.624199e-01
1247 1.889399e+00 6.365190e-01
1248 1.889454e+00 6.342777e-01
1249 1.882162e+00 6.415999e-01
1250 1.875997e+00 6.651362e-01
1251 1.872291e+00 6.436902e-01
1252 1.850887e+00 7.015334e-01
1253 1.869682e+00 6.938013e-01
1254 1.863847e+00 7.088935e-01
1255 1.863114e+00 7.083477e-01
1256 1.894070e+00 7.038586e-01
1257 1.892413e+00 7.058576e-01
1258 1.898792e+00 7.016737e-01
1259 1.897216e+00 7.269079e-01
1260 1.896551e+00 7.283544e-01
1261 1.923639e+00 7.682138e-01
1262 1.921283e+00 7.638522e-01
1263 1.931121e+00 7.655107e-01
1264 1.930111e+00 7.519924e-01
1265 1.916391e+00 7.653548e-01
1266 1.946839e+00 7.294408e-01
1267 1.939611e+00 7.181926e-01
1268 1.932221e+00 7.229426e-01
1269 1.926855e+00 6.875701e-01
1270 1.930123e+00 6.815232e-01
1271 1.913253e+00 6.793196e-01
1272 1.916843e+00 6.953710e-01
1273 1.920827e+00 7.008695e-01
1274 1.925673e+00 6.995603e-01
1275 1.890835e+00 7.237774e-01
1276 1.870262e+00 7.300325e-01
1277 1.872700e+00 7.287624e-01
1278 1.896218e+00 7.328265e-01
1279 1.914399e+00 8.138145e-01
1280 1.912825e+00 8.187444e-01
1281 1.905086e+00 8.196314e-01
1282 1.906759e+00 8.494137e-01
1283 1.907172e+00 8.486455e-01
1284 1.916304e+00 8.347817e-01
1285 1.885973e+00 8.570716e-01
1286 1.880029e+00 8.466329e-01
1287 1.880989e+00 8.119042e-01
1288 1.909636e+00 7.630039e-01
1289 1.909815e+00 7.606651e-01
1290 1.904274e+00 7.924715e-01
1291 1.908508e+00 7.905693e-01
1292 1.911714e+00 7.957108e-01
1293 1.942567e+00 7.567008e-01
1294 1.938241e+00 7.723495e-01
1295 1.967488e+00 7.425803e-01
1296 1.934848e+00 7.508301e-01
1297 1.928668e+00 7.501533e-01
1298 2.009211e+00 8.060303e-01
1299 1.993984e+00 7.990442e-01
1300 1.994597e+00 8.017478e-01
1301 1.993049e+00 7.941589e-01
1302 1.977475e+00 7.923809e-01
1303 1.988009e+00 7.990053e-01
1304 1.997239e+00 8.090293e-01
1305 1.997516e+00 8.089738e-01
1306 2.051424e+00 7.807504e-01
1307 2.048615e+00 7.797929e-01
1308 2.032539e+00 7.661379e-01
1309 2.033503e+00 7.652522e-01
1310 2.033776e+00 7.656795e-01
1311 2.053957e+00 8.047936e-01
1312 2.044353e+00 7.957721e-01
1313 2.049498e+00 7.855385e-01
1314 2.051464e+00 7.866200e-01
1315 2.044521e+00 7.875495e-01
1316 2.043492e+00 7.891869e-01
1317 2.070019e+00 7.740429e-01
1318 2.077682e+00 7.774210e-01
1319 2.072822e+00 7.879560e-01
1320 2.051174e+00 7.762397e-01
1321 2.058578e+00 7.358093e-01
1322 2.052332e+00 7.207823e-01
1323 2.050682e+00 7.325964e-01
1324 2.052745e+00 7.327432e-01
1325 2.046031e+00 7.540037e-01
1326 2.042738e+00 7.561050e-01
1327 2.061114e+00 7.795167e-01
1328 2.104333e+00 7.724168e-01
1329 2.093095e+00 7.768284e-01
1330 2.095278e+00 7.774047e-01
1331 2.095336e+00 7.765475e-01
1332 2.095355e+00 7.733463e-01
1333 2.093765e+00 7.731621e-01
1334 2.069574e+00 7.841732e-01
1335 2.075827e+00 7.831143e-01
1336 2.150096e+00 7.613438e-01
1337 2.141436e+00 7.478696e-01
1338 2.144727e+00 7.370320e-01
1339 2.158207e+00 7.041965e-01
1340 2.168693e+00 6.945020e-01
1341 2.188323e+00 7.408857e-01
1342 2.219457e+00 7.210622e-01
1343 2.241372e+00 7.243819e-01
1344 2.213729e+00 7.281707e-01
1345 2.193202e+00 7.308048e-01
1346 2.191619e+00 7.333345e-01
1347 2.192737e+00 7.304646e-01
1348 2.194817e+00 7.283763e-01
1349 2.161145e+00 7.380108e-01
1350 2.161948e+00 7.366629e-01
1351 2.160901e+00 7.371568e-01
1352 2.160576e+00 7.440275e-01
1353 2.175219e+00 7.823276e-01
1354 2.178973e+00 7.814418e-01
1355 2.162376e+00 7.805693e-01
1356 2.162366e+00 8.016680e-01
1357 2.149152e+00 8.146553e-01
1358 2.176046e+00 8.277244e-01
1359 2.176024e+00 8.286706e-01
1360 2.209777e+00 7.771930e-01
1361 2.211770e+00 7.831766e-01
1362 2.212402e+00 7.457618e-01
1363 2.207032e+00 7.436662e-01
1364 2.201439e+00 7.505308e-01
1365 2.212997e+00 7.522078e-01
1366 2.228707e+00 7.504743e-01
1367 2.249146e+00 7.356030e-01
1368 2.250773e+00 7.345377e-01
1369 2.245013e+00 7.226162e-01
1370 2.243378e+00 7.323036e-01
1371 2.248646e+00 7.654566e-01
1372 2.248132e+00 8.182694e-01
1373 2.158679e+00 8.214888e-01
1374 2.154066e+00 8.390824e-01
1375 2.137311e+00 8.287677e-01
1376 2.153041e+00 8.350253e-01
1377 2.152440e+00 8.460547e-01
1378 2.113632e+00 8.490211e-01
1379 2.125032e+00 8.559237e-01
1380 2.129188e+00 8.577883e-01
1381 2.131752e+00 8.606457e-01
1382 2.131388e+00 8.599269e-01
1383 2.153668e+00 7.856446e-01
1384 2.148888e+00 7.440106e-01
1385 2.150438e+00 7.473859e-01
1386 2.120315e+00 7.568365e-01
1387 2.120339e+00 7.566172e-01
1388 2.116496e+00 7.522720e-01
1389 2.106008e+00 7.476981e-01
1390 2.154386e+00 6.826325e-01
1391 2.170804e+00 6.563675e-01
1392 2.179937e+00 6.549723e-01
1393 2.178959e+00 6.530497e-01
1394 2.188386e+00 6.070382e-01
1395 2.199918e+00 6.042404e-01
1396 2.202235e+00 6.237608e-01
1397 2.182547e+00 6.384194e-01
1398 2.183096e+00 6.391327e-01
1399 2.199891e+00 6.369663e-01
1400 2.206528e+00 6.999154e-01
1401 2.205512e+00 6.998483e-01
1402 2.228704e+00 6.865352e-01
1403 2.215724e+00 7.235638e-01
1404 2.210575e+00 7.118505e-01
1405 2.207501e+00 7.042751e-01
1406 2.214992e+00 6.862628e-01
1407 2.215273e+00 6.276873e-01
1408 2.211090e+00 6.314429e-01
1409 2.265044e+00 6.183485e-01
1410 2.263712e+00 6.172772e-01
1411 2.274370e+00 6.042818e-01
1412 2.270305e+00 6.541412e-01
1413 2.238981e+00 6.505594e-01
1414 2.238236e+00 6.499579e-01
1415 2.235605e+00 6.523698e-01
1416 2.200770e+00 6.053985e-01
1417 2.197750e+00 6.013870e-01
1418 2.197141e+00 6.184584e-01
1419 2.194781e+00 6.295163e-01
1420 2.237575e+00 6.432212e-01
1421 2.231982e+00 6.779644e-01
1422 2.224629e+00 6.870736e-01
1423 2.213702e+00 6.870719e-01
1424 2.214871e+00 6.890169e-01
1425 2.217065e+00 6.885394e-01
1426 2.243496e+00 6.838157e-01
1427 2.250691e+00 6.796894e-01
1428 2.249562e+00 6.718244e-01
1429 2.238006e+00 6.720960e-01
1430 2.181899e+00 6.575466e-01
1431 2.166686e+00 6.564327e-01
1432 2.164115e+00 6.672570e-01
1433 2.169717e+00 6.721073e-01
1434 2.157974e+00 6.728035e-01
1435 2.129280e+00 7.041762e-01
1436 2.138053e+00 7.034004e-01
1437 2.117145e+00 7.300053e-01
1438 2.129479e+00 7.423865e-01
1439 2.126510e+00 7.480500e-01
1440 2.151068e+00 7.408607e-01
1441 2.186173e+00 7.120671e-01
1442 2.180560e+00 7.252030e-01
1443 2.154452e+00 7.586179e-01
1444 2.246434e+00 7.440952e-01
1445 2.247801e+00 7.463466e-01
1446 2.276877e+00 8.102778e-01
1447 2.270526e+00 8.209585e-01
1448 2.266164e+00 8.142076e-01
1449 2.268261e+00 8.031990e-01
1450 2.257905e+00 7.495844e-01
1451 2.261545e+00 7.450934e-01
1452 2.251562e+00 7.447448e-01
1453 2.223233e+00 7.535886e-01
1454 2.243578e+00 7.541387e-01
1455 2.249178e+00 7.346372e-01
1456 2.315517e+00 6.511696e-01
1457 2.327478e+00 6.523468e-01
1458 2.242963e+00 6.504905e-01
1459 2.248142e+00 6.429423e-01
1460 2.269550e+00 6.338250e-01
1461 2.252972e+00 6.316911e-01
1462 2.254020e+00 6.121173e-01
1463 2.292527e+00 6.219370e-01
1464 2.303221e+00 6.123043e-01
1465 2.302027e+00 6.112372e-01
1466 2.299830e+00 6.096955e-01
1467 2.331051e+00 6.435056e-01
1468 2.394711e+00 6.165912e-01
1469 2.357590e+00 6.132899e-01
1470 2.376231e+00 6.013777e-01
1471 2.376401e+00 6.017273e-01
1472 2.374276e+00 5.974877e-01
1473 2.371215e+00 5.951608e-01
1474 2.384102e+00 5.890736e-01
1475 2.407063e+00 6.146401e-01
1476 2.359141e+00 5.915278e-01
1477 2.346674e+00 6.006139e-01
1478 2.349142e+00 5.993865e-01
1479 2.358646e+00 6.171089e-01
1480 2.358989e+00 6.168185e-01
1481 2.367417e+00 6.091303e-01
1482 2.375069e+00 6.220142e-01
1483 2.374704e+00 6.218242e-01
1484 2.369508e+00 6.259095e-01
1485 2.345233e+00 6.375085e-01
1486 2.357422e+00 6.393935e-01
1487 2.355637e+00 6.396184e-01
1488 2.363642e+00 6.635090e-01
1489 2.356305e+00 6.634983e-01
1490 2.362866e+00 6.821124e-01
1491 2.339375e+00 6.954947e-01
1492 2.299390e+00 6.982908e-01
1493 2.303723e+00 6.965579e-01
1494 2.343382e+00 6.816932e-01
1495 2.328064e+00 6.583021e-01
1496 2.341180e+00 6.472998e-01
1497 2.339730e+00 6.650774e-01
1498 2.329610e+00 6.634087e-01
1499 2.300892e+00 6.563207e-01
1500 2.299200e+00 6.535660e-01
1501 2.257240e+00 6.271462e-01
1502 2.273224e+00 6.290682e-01
1503 2.263389e+00 6.236296e-01
1504 2.279566e+00 6.239611e-01
1505 2.282901e+00 6.223076e-01
1506 2.300771e+00 6.104424e-01
1507 2.303025e+00 6.101665e-01
1508 2.306221e+00 6.239879e-01
1509 2.294975e+00 6.350836e-01
1510 2.305324e+00 6.388478e-01
1511 2.305882e+00 6.406569e-01
1512 2.291441e+00 6.189806e-01
1513 2.287795e+00 6.204084e-01
1514 2.336248e+00 5.715086e-01
1515 2.337555e+00 5.570404e-01
1516 2.349918e+00 5.558560e-01
1517 2.366139e+00 5.592215e-01
1518 2.365162e+00 5.440472e-01
1519 2.398829e+00 5.457041e-01
1520 2.393093e+00 5.606866e-01
1521 2.409792e+00 5.565200e-01
1522 2.455442e+00 5.725149e-01
1523 2.450902e+00 5.701975e-01
1524 2.428327e+00 5.477357e-01
1525 2.424974e+00 5.429088e-01
1526 2.416460e+00 5.352007e-01
1527 2.405121e+00 5.302782e-01
1528 2.410292e+00 5.326575e-01
1529 2.367979e+00 4.966914e-01
1530 2.367943e+00 4.967331e-01
1531 2.380714e+00 4.795730e-01
1532 2.380252e+00 4.844178e-01
1533 2.355153e+00 4.522057e-01
1534 2.356312e+00 4.510024e-01
1535 2.362145e+00 4.425223e-01
1536 2.357039e+00 4.493324e-01
1537 2.368444e+00 4.973268e-01
1538 2.367696e+00 4.973254e-01
1539 2.417882e+00 5.182092e-01
1540 2.486363e+00 5.383899e-01
1541 2.470305e+00 5.612573e-01
1542 2.465865e+00 5.636342e-01
1543 2.468013e+00 5.737165e-01
1544 2.464236e+00 5.750199e-01
1545 2.442097e+00 5.828489e-01
1546 2.438458e+00 5.895413e-01
1547 2.443455e+00 6.064813e-01
1548 2.451621e+00 6.235652e-01
1549 2.453399e+00 6.227501e-01
1550 2.459380e+00 6.258264e-01
1551 2.458178e+00 6.380990e-01
1552 2.474244e+00 5.996115e-01
1553 2.477960e+00 6.087708e-01
1554 2.478215e+00 6.088779e-01
1555 2.486077e+00 5.881607e-01
1556 2.455638e+00 5.878826e-01
1557 2.435506e+00 6.010191e-01
1558 2.435937e+00 5.961947e-01
1559 2.438814e+00 5.932500e-01
1560 2.439959e+00 5.956677e-01
1561 2.445245e+00 5.950205e-01
1562 2.433083e+00 6.104785e-01
1563 2.438532e+00 6.100803e-01
1564 2.429522e+00 5.847021e-01
1565 2.459695e+00 5.464194e-01
1566 2.481051e+00 5.604550e-01
1567 2.481437e+00 5.613778e-01
1568 2.482893e+00 5.289058e-01
1569 2.516268e+00 4.823170e-01
1570 2.513966e+00 4.763611e-01
1571 2.494944e+00 5.143077e-01
1572 2.494819e+00 5.141738e-01
1573 2.498264e+00 5.302647e-01
1574 2.475257e+00 4.051111e-01
1575 2.461533e+00 4.136732e-01
1576 2.464572e+00 4.167908e-01
1577 2.485088e+00 4.122448e-01
1578 2.482546e+00 4.053848e-01
1579 2.459884e+00 3.899164e-01
1580 2.451941e+00 3.894501e-01
1581 2.452849e+00 4.069757e-01
1582 2.438666e+00 4.336762e-01
1583 2.434874e+00 4.318732e-01
1584 2.427835e+00 4.243902e-01
1585 2.432890e+00 4.179889e-01
1586 2.433460e+00 4.303177e-01
1587 2.430293e+00 4.239720e-01
1588 2.432772e+00 3.892928e-01
1589 2.408116e+00 3.956086e-01
1590 2.412672e+00 4.024006e-01
1591 2.399878e+00 3.823051e-01
1592 2.398138e+00 3.862557e-01
1593 2.408023e+00 3.983439e-01
1594 2.392791e+00 3.965111e-01
1595 2.411704e+00 4.115582e-01
1596 2.412803e+00 4.105402e-01
1597 2.413291e+00 4.201839e-01
1598 2.389336e+00 4.370944e-01
1599 2.389470e+00 4.368738e-01
1600 2.391043e+00 4.273437e-01
1601 2.436210e+00 4.317939e-01
1602 2.431104e+00 4.380418e-01
1603 2.442245e+00 4.507795e-01
1604 2.434533e+00 4.411048e-01
1605 2.425750e+00 4.589200e-01
1606 2.449184e+00 4.506679e-01
1607 2.397478e+00 4.255398e-01
1608 2.386296e+00 4.320156e-01
1609 2.408230e+00 4.268548e-01
1610 2.400820e+00 4.244927e-01
1611 2.399408e+00 4.393578e-01
1612 2.398865e+00 4.398012e-01
1613 2.372538e+00 4.653405e-01
1614 2.375336e+00 4.711861e-01
1615 2.383761e+00 4.661010e-01
1616 2.387645e+00 4.660597e-01
1617 2.377800e+00 4.728048e-01
1618 2.384158e+00 4.702104e-01
1619 2.361185e+00 4.560988e-01
1620 2.347135e+00 4.772890e-01
1621 2.332944e+00 4.779548e-01
1622 2.372021e+00 4.602218e-01
1623 2.368038e+00 4.844325e-01
1624 2.367721e+00 4.844244e-01
1625 2.365993e+00 5.003365e-01
1626 2.315460e+00 5.011240e-01
1627 2.304369e+00 5.051293e-01
1628 2.320047e+00 5.165447e-01
1629 2.315930e+00 5.116647e-01
1630 2.316428e+00 5.049187e-01
1631 2.303226e+00 5.126169e-01
1632 2.301206e+00 5.098433e-01
1633 2.286396e+00 4.678702e-01
1634 2.286065e+00 4.667553e-01
1635 2.286657e+00 4.684319e-01
1636 2.296610e+00 4.390694e-01
1637 2.294950e+00 4.392373e-01
1638 2.344491e+00 4.710330e-01
1639 2.341594e+00 4.709609e-01
1640 2.338638e+00 4.685596e-01
1641 2.331950e+00 4.754379e-01
1642 2.334028e+00 4.735283e-01
1643 2.345315e+00 4.858780e-01
1644 2.331086e+00 4.720035e-01
1645 2.332385e+00 4.738971e-01
1646 2.348701e+00 4.703523e-01
1647 2.346586e+00 4.710282e-01
1648 2.347185e+00 4.631644e-01
1649 2.376179e+00 5.186635e-01
1650 2.324517e+00 5.714559e-01
1651 2.338621e+00 5.409311e-01
1652 2.295574e+00 5.280615e-01
1653 2.302602e+00 4.902582e-01
1654 2.292895e+00 4.948657e-01
1655 2.293038e+00 4.947638e-01
1656 2.272455e+00 4.885837e-01
1657 2.359313e+00 5.832004e-01
1658 2.310881e+00 4.857585e-01
1659 2.297161e+00 4.951045e-01
1660 2.264878e+00 4.685003e-01
1661 2.277257e+00 4.625558e-01
1662 2.279896e+00 4.297789e-01
1663 2.274074e+00 4.277823e-01
1664 2.260254e+00 3.761239e-01
1665 2.278506e+00 3.681312e-01
1666 2.289414e+00 3.622467e-01
1667 2.288368e+00 3.600348e-01
1668 2.294390e+00 3.626301e-01
1669 2.291843e+00 3.743432e-01
1670 2.317586e+00 3.941296e-01
1671 2.315454e+00 3.853262e-01
1672 2.311261e+00 3.842707e-01
1673 2.307985e+00 3.861555e-01
1674 2.304346e+00 3.944282e-01
1675 2.315318e+00 3.881962e-01
1676 2.343784e+00 4.221203e-01
1677 2.359865e+00 4.420924e-01
1678 2.360104e+00 4.427652e-01
1679 2.360173e+00 4.481654e-01
1680 2.373178e+00 4.389297e-01
1681 2.379815e+00 4.118829e-01
1682 2.378173e+00 4.124769e-01
1683 2.378508e+00 4.112269e-01
1684 2.320162e+00 4.985269e-01
1685 2.309866e+00 4.910197e-01
1686 2.309529e+00 4.961505e-01
1687 2.304605e+00 5.030643e-01
1688 2.311720e+00 5.095024e-01
1689 2.276090e+00 4.976223e-01
1690 2.237944e+00 4.873820e-01
1691 2.238941e+00 4.865793e-01
1692 2.234777e+00 4.860446e-01
1693 2.187906e+00 4.801909e-01
1694 2.184266e+00 5.100674e-01
1695 2.183951e+00 4.741684e-01
1696 2.186242e+00 4.745814e-01
1697 2.182833e+00 4.796188e-01
1698 2.204382e+00 5.004537e-01
1699 2.177100e+00 4.687827e-01
1700 2.177533e+00 4.689603e-01
1701 2.169756e+00 4.620957e-01
1702 2.181906e+00 4.703548e-01
1703 2.166428e+00 4.975366e-01
1704 2.168511e+00 4.919507e-01
1705 2.182196e+00 5.209663e-01
1706 2.160599e+00 5.051168e-01
1707 2.153068e+00 4.990593e-01
1708 2.172529e+00 5.000209e-01
1709 2.171072e+00 5.136517e-01
1710 2.165909e+00 5.262601e-01
1711 2.164044e+00 5.389155e-01
1712 2.160335e+00 5.472571e-01
1713 2.165706e+00 5.274875e-01
1714 2.169086e+00 5.035564e-01
1715 2.168444e+00 5.031066e-01
1716 2.173286e+00 5.014120e-01
1717 2.174758e+00 5.004350e-01
1718 2.169295e+00 4.935840e-01
1719 2.169932e+00 4.941938e-01
1720 2.170979e+00 4.950167e-01
1721 2.175040e+00 4.973376e-01
1722 2.174512e+00 4.994378e-01
1723 2.203201e+00 4.788819e-01
1724 2.209377e+00 4.756115e-01
1725 2.210519e+00 4.761484e-01
1726 2.200003e+00 5.031222e-01
1727 2.196443e+00 5.031460e-01
1728 2.192242e+00 5.097536e-01
1729 2.267148e+00 4.300421e-01
1730 2.261818e+00 4.297417e-01
1731 2.243712e+00 4.070800e-01
1732 2.248170e+00 3.885476e-01
1733 2.244190e+00 3.894038e-01
1734 2.253212e+00 3.488768e-01
1735 2.247977e+00 3.617007e-01
1736 2.249241e+00 3.859112e-01
1737 2.230156e+00 3.951381e-01
1738 2.229635e+00 3.959067e-01
1739 2.234327e+00 4.037895e-01
1740 2.227861e+00 3.886819e-01
1741 2.207119e+00 3.541473e-01
1742 2.200585e+00 3.273074e-01
1743 2.148367e+00 2.638422e-01
1744 2.149817e+00 2.620270e-01
1745 2.142010e+00 2.605325e-01
1746 2.160129e+00 2.600219e-01
1747 2.161150e+00 2.519105e-01
1748 2.152448e+00 2.441710e-01
1749 2.152968e+00 2.500833e-01
1750 2.161341e+00 2.489630e-01
1751 2.159444e+00 2.394392e-01
1752 2.161687e+00 2.492302e-01
1753 2.162047e+00 2.491619e-01
1754 2.160804e+00 2.462281e-01
1755 2.155458e+00 2.533551e-01
1756 2.154059e+00 2.711768e-01
1757 2.126918e+00 2.769329e-01
1758 2.129060e+00 2.867718e-01
1759 2.120859e+00 2.739608e-01
1760 2.133496e+00 3.031346e-01
1761 2.136655e+00 2.911022e-01
1762 2.142064e+00 2.727372e-01
1763 2.132464e+00 2.448990e-01
1764 2.113478e+00 2.404626e-01
1765 2.146690e+00 2.328960e-01
1766 2.148374e+00 2.400658e-01
1767 2.151514e+00 2.350589e-01
1768 2.150866e+00 2.343997e-01
1769 2.136771e+00 2.030248e-01
1770 2.178525e+00 2.033901e-01
1771 2.165670e+00 2.042996e-01
1772 2.165252e+00 2.042588e-01
1773 2.171007e+00 1.737318e-01
1774 2.222365e+00 1.781195e-01
1775 2.254259e+00 2.018525e-01
1776 2.236899e+00 1.879034e-01
1777 2.236236e+00 1.911007e-01
1778 2.234972e+00 1.937092e-01
1779 2.231394e+00 2.024089e-01
1780 2.220445e+00 1.255364e-01
1781 2.271105e+00 7.597267e-02
1782 2.259629e+00 5.005010e-02
1783 2.269608e+00 7.518296e-02
1784 2.279010e+00 4.477293e-02
1785 2.272340e+00 5.514735e-02
1786 2.276171e+00 6.350466e-02
1787 2.278362e+00 6.816125e-02
1788 2.281858e+00 6.745535e-02
1789 2.287426e+00 6.942312e-02
1790 2.288652e+00 6.957908e-02
1791 2.297916e+00 7.357307e-02
1792 2.292469e+00 8.470620e-02
1793 2.327798e+00 8.110841e-02
1794 2.339337e+00 7.057052e-02
1795 2.325390e+00 8.472293e-02
1796 2.352512e+00 1.028794e-01
1797 2.351689e+00 1.015181e-01
1798 2.339461e+00 6.985319e-02
1799 2.339578e+00 6.987294e-02
1800 2.336099e+00 6.403601e-02
1801 2.295210e+00 5.385194e-02
1802 2.296877e+00 5.514088e-02
1803 2.284380e+00 4.157686e-02
1804 2.277210e+00 4.251576e-02
1805 2.275721e+00 3.316981e-02
1806 2.261826e+00 2.654558e-02
1807 2.263801e+00 1.919764e-02
1808 2.142350e+00 8.851209e-02
1809 2.132425e+00 7.490580e-02
1810 2.105060e+00 1.291033e-01
1811 2.160138e+00 1.181177e-01
1812 2.165192e+00 1.211272e-01
1813 2.151445e+00 1.850943e-01
1814 2.150361e+00 1.964101e-01
1815 2.161481e+00 1.921177e-01
1816 2.163828e+00 1.915657e-01
1817 2.162046e+00 1.890545e-01
1818 2.156480e+00 2.451290e-01
1819 2.152911e+00 2.388575e-01
1820 2.145321e+00 2.535720e-01
1821 2.152532e+00 2.595391e-01
1822 2.159971e+00 2.643496e-01
1823 2.113195e+00 2.995783e-01
1824 2.085230e+00 3.234279e-01
1825 2.065573e+00 3.325439e-01
1826 2.068034e+00 3.183080e-01
1827 2.073113e+00 3.447867e-01
1828 2.073758e+00 3.460121e-01
1829 2.077137e+00 3.480249e-01
1830 2.094769e+00 3.486759e-01
1831 2.096269e+00 3.462790e-01
1832 2.118674e+00 4.175346e-01
1833 2.119533e+00 4.292989e-01
1834 2.119589e+00 4.272775e-01
1835 2.119517e+00 4.291397e-01
1836 2.131298e+00 4.640899e-01
1837 2.136437e+00 4.590676e-01
1838 2.136859e+00 4.667559e-01
1839 2.140343e+00 4.848813e-01
1840 2.137004e+00 4.773172e-01
1841 2.141113e+00 4.867849e-01
1842 2.150164e+00 4.862263e-01
1843 2.150259e+00 4.740371e-01
1844 2.148242e+00 4.742319e-01
1845 2.146850e+00 4.424148e-01
1846 2.138900e+00 4.310632e-01
1847 2.141904e+00 4.199967e-01
1848 2.142670e+00 4.195254e-01
1849 2.142341e+00 4.198154e-01
1850 2.152495e+00 4.255108e-01
1851 2.178037e+00 4.314128e-01
1852 2.171653e+00 4.264927e-01
1853 2.168038e+00 4.246717e-01
1854 2.174978e+00 4.259686e-01
1855 2.171205e+00 4.365926e-01
1856 2.177562e+00 4.162648e-01
1857 2.192453e+00 4.141688e-01
1858 2.195596e+00 3.897825e-01
1859 2.167408e+00 4.089582e-01
1860 2.170608e+00 4.114009e-01
1861 2.164942e+00 4.110577e-01
1862 2.171558e+00 4.043189e-01
1863 2.169619e+00 4.162487e-01
1864 2.169585e+00 4.161541e-01
1865 2.156375e+00 4.168968e-01
1866 2.140746e+00 4.380847e-01
1867 2.139993e+00 4.391192e-01
1868 2.140886e+00 4.411557e-01
1869 2.134875e+00 3.882048e-01
1870 2.109095e+00 4.063311e-01
1871 2.083461e+00 4.041722e-01
1872 2.079530e+00 4.076704e-01
1873 2.073482e+00 4.412758e-01
1874 2.088945e+00 4.429753e-01
1875 2.088794e+00 4.423421e-01
1876 2.053103e+00 4.367183e-01
1877 2.047435e+00 4.604658e-01
1878 2.047908e+00 4.576379e-01
1879 2.044530e+00 4.757960e-01
1880 2.036990e+00 4.740768e-01
1881 2.038583e+00 4.740310e-01
1882 2.037597e+00 4.786400e-01
1883 2.033699e+00 4.989751e-01
1884 2.027722e+00 5.016206e-01
1885 2.044092e+00 5.042836e-01
1886 2.046017e+00 4.990487e-01
1887 2.046536e+00 4.941955e-01
1888 2.050360e+00 4.918340e-01
1889 2.045171e+00 4.996962e-01
1890 2.053998e+00 4.883925e-01
1891 2.048684e+00 4.833350e-01
1892 2.049472e+00 4.775857e-01
1893 2.063905e+00 4.787521e-01
1894 2.050723e+00 4.617775e-01
1895 2.075600e+00 3.854816e-01
1896 2.079145e+00 3.837697e-01
1897 2.070966e+00 3.813741e-01
1898 2.069275e+00 3.804164e-01
1899 2.075138e+00 3.944778e-01
1900 2.072047e+00 3.993199e-01
1901 2.077048e+00 3.995885e-01
1902 2.080567e+00 4.170950e-01
1903 2.114687e+00 3.959243e-01
1904 2.110926e+00 4.005639e-01
1905 2.110575e+00 4.018809e-01
1906 2.103535e+00 4.099971e-01
1907 2.108856e+00 4.090255e-01
1908 2.107399e+00 4.062038e-01
1909 2.109659e+00 4.034813e-01
1910 2.108486e+00 4.043825e-01
1911 2.121856e+00 4.614281e-01
1912 2.120653e+00 4.821203e-01
1913 2.141559e+00 4.984784e-01
1914 2.148540e+00 5.081189e-01
1915 2.147874e+00 5.288806e-01
1916 2.135126e+00 5.350473e-01
1917 2.145647e+00 5.283478e-01
1918 2.156204e+00 5.442574e-01
1919 2.152490e+00 5.260060e-01
1920 2.140938e+00 5.311333e-01
1921 2.126743e+00 5.451285e-01
1922 2.098123e+00 5.649906e-01
1923 2.099888e+00 5.803125e-01
1924 2.117179e+00 5.331096e-01
1925 2.117583e+00 5.264916e-01
1926 2.116825e+00 5.403495e-01
1927 2.127677e+00 5.418394e-01
1928 2.142207e+00 5.411955e-01
1929 2.124907e+00 5.401033e-01
1930 2.088746e+00 4.862103e-01
1931 2.083274e+00 4.848571e-01
1932 2.079854e+00 4.706046e-01
1933 2.089063e+00 4.705338e-01
1934 2.097439e+00 4.830815e-01
1935 2.079679e+00 4.821788e-01
1936 2.087927e+00 4.692752e-01
1937 2.150945e+00 4.443054e-01
1938 2.159522e+00 4.467306e-01
1939 2.179832e+00 4.448890e-01
1940 2.162352e+00 4.349618e-01
1941 2.161806e+00 4.300618e-01
1942 2.179325e+00 4.670039e-01
1943 2.167705e+00 4.681336e-01
1944 2.173705e+00 4.751615e-01
1945 2.174615e+00 4.748865e-01
1946 2.176129e+00 4.743157e-01
1947 2.176524e+00 4.743510e-01
1948 2.180414e+00 4.760329e-01
1949 2.231016e+00 4.812467e-01
1950 2.232440e+00 4.892796e-01
1951 2.241140e+00 4.837729e-01
1952 2.241325e+00 4.838627e-01
1953 2.240033e+00 4.832769e-01
1954 2.241717e+00 4.842709e-01
1955 2.232145e+00 4.664619e-01
1956 2.240223e+00 4.673614e-01
1957 2.221571e+00 4.622644e-01
1958 2.217326e+00 4.637730e-01
1959 2.209529e+00 4.559395e-01
1960 2.202042e+00 4.561601e-01
1961 2.213319e+00 4.504506e-01
1962 2.213552e+00 4.495162e-01
1963 2.217695e+00 4.542750e-01
1964 2.207546e+00 4.549410e-01
1965 2.209596e+00 4.587732e-01
1966 2.209816e+00 4.472846e-01
1967 2.210905e+00 4.765441e-01
1968 2.214295e+00 5.397270e-01
1969 2.217215e+00 5.383104e-01
1970 2.225135e+00 5.545070e-01
1971 2.226774e+00 5.553891e-01
1972 2.224452e+00 5.524299e-01
1973 2.233288e+00 5.674125e-01
1974 2.282637e+00 5.781843e-01
1975 2.298931e+00 5.931300e-01
1976 2.315736e+00 6.438228e-01
1977 2.331807e+00 6.535617e-01
1978 2.323497e+00 6.527560e-01
1979 2.303978e+00 6.678750e-01
1980 2.304723e+00 6.659208e-01
1981 2.314164e+00 6.999994e-01
1982 2.313661e+00 7.002009e-01
1983 2.318651e+00 7.012877e-01
1984 2.302921e+00 7.065651e-01
1985 2.306749e+00 6.963273e-01
1986 2.308886e+00 6.969202e-01
1987 2.312260e+00 6.992207e-01
1988 2.346475e+00 7.206391e-01
1989 2.314740e+00 7.054305e-01
1990 2.324078e+00 7.262385e-01
1991 2.307138e+00 7.203930e-01
1992 2.362124e+00 7.320709e-01
1993 2.354930e+00 7.278422e-01
1994 2.418113e+00 7.025356e-01
1995 2.411646e+00 7.084072e-01
1996 2.411192e+00 7.227528e-01
1997 2.418082e+00 7.238934e-01
1998 2.400841e+00 7.051022e-01
1999 2.404724e+00 7.105742e-01
2000 2.406568e+00 7.145678e-01
2001 2.406996e+00 7.138157e-01
2002 2.404912e+00 7.224603e-01
2003 2.411511e+00 7.495328e-01
2004 2.448952e+00 6.608058e-01
2005 2.443483e+00 6.711990e-01
2006 2.441663e+00 6.671087e-01
2007 2.438001e+00 6.650958e-01
2008 2.438581e+00 6.652483e-01
2009 2.436479e+00 6.704120e-01
2010 2.438024e+00 6.735441e-01
2011 2.438491e+00 6.729584e-01
2012 2.397031e+00 6.768442e-01
2013 2.387510e+00 6.844633e-01
2014 2.360975e+00 6.237823e-01
2015 2.375646e+00 6.326843e-01
2016 2.375496e+00 6.435891e-01
2017 2.354532e+00 6.607540e-01
2018 2.348333e+00 6.745907e-01
2019 2.344895e+00 6.941467e-01
2020 2.327908e+00 6.929492e-01
2021 2.307485e+00 6.912170e-01
2022 2.292499e+00 7.024351e-01
2023 2.287784e+00 7.045348e-01
2024 2.296906e+00 6.990969e-01
2025 2.281747e+00 6.873778e-01
2026 2.301172e+00 6.182914e-01
2027 2.301069e+00 6.185289e-01
2028 2.294594e+00 6.190282e-01
2029 2.313326e+00 6.680264e-01
2030 2.316126e+00 6.445593e-01
2031 2.323289e+00 6.343576e-01
2032 2.324815e+00 6.226651e-01
2033 2.326549e+00 6.410588e-01
2034 2.346883e+00 6.120606e-01
2035 2.391704e+00 6.150884e-01
2036 2.384225e+00 6.021924e-01
2037 2.382794e+00 6.025806e-01
2038 2.351012e+00 6.032134e-01
2039 2.339936e+00 6.226400e-01
2040 2.332183e+00 6.077980e-01
2041 2.340334e+00 6.007805e-01
2042 2.342029e+00 5.956241e-01
2043 2.338495e+00 5.940108e-01
2044 2.339578e+00 5.933606e-01
2045 2.341298e+00 5.683011e-01
2046 2.326174e+00 5.434739e-01
2047 2.347269e+00 5.420836e-01
2048 2.337917e+00 5.294037e-01
2049 2.334912e+00 5.436809e-01
2050 2.329986e+00 5.432452e-01
2051 2.330920e+00 5.316745e-01
2052 2.332419e+00 5.214023e-01
2053 2.333310e+00 5.174222e-01
2054 2.339487e+00 5.141317e-01
2055 2.336318e+00 5.507907e-01
2056 2.352724e+00 5.673334e-01
2057 2.352548e+00 5.488187e-01
2058 2.363841e+00 5.488983e-01
2059 2.367810e+00 5.400948e-01
2060 2.365010e+00 5.468160e-01
2061 2.369586e+00 5.255794e-01
2062 2.390310e+00 5.268744e-01
2063 2.389358e+00 5.330135e-01
2064 2.418810e+00 5.706978e-01
2065 2.444713e+00 5.916969e-01
2066 2.471756e+00 6.062548e-01
2067 2.482245e+00 6.087859e-01
2068 2.462227e+00 5.217587e-01
2069 2.461661e+00 5.243900e-01
2070 2.458640e+00 5.229796e-01
2071 2.439166e+00 4.994345e-01
2072 2.433259e+00 4.942272e-01
2073 2.443866e+00 4.923164e-01
2074 2.463777e+00 5.369409e-01
2075 2.463248e+00 5.275644e-01
2076 2.470424e+00 4.866230e-01
2077 2.470323e+00 4.905895e-01
2078 2.434185e+00 4.782706e-01
2079 2.386610e+00 4.917116e-01
2080 2.397576e+00 4.871595e-01
2081 2.386728e+00 4.766224e-01
2082 2.386154e+00 4.713827e-01
2083 2.386120e+00 4.717840e-01
2084 2.387315e+00 4.680756e-01
2085 2.406579e+00 4.801771e-01
2086 2.403942e+00 4.726460e-01
2087 2.398460e+00 4.813093e-01
2088 2.373632e+00 4.727175e-01
2089 2.374734e+00 4.726834e-01
2090 2.374109e+00 4.717012e-01
2091 2.403784e+00 4.876218e-01
2092 2.387727e+00 4.873432e-01
2093 2.417291e+00 4.879667e-01
2094 2.428824e+00 4.689616e-01
2095 2.427083e+00 4.639521e-01
2096 2.427135e+00 4.650579e-01
2097 2.382633e+00 4.800706e-01
2098 2.383058e+00 4.800701e-01
2099 2.381820e+00 4.828056e-01
2100 2.406917e+00 4.775525e-01
2101 2.395512e+00 4.521461e-01
2102 2.397407e+00 4.527724e-01
2103 2.374974e+00 4.304022e-01
2104 2.375819e+00 4.406089e-01
2105 2.372977e+00 4.465735e-01
2106 2.356971e+00 4.222362e-01
2107 2.366151e+00 4.724041e-01
2108 2.366249e+00 4.457643e-01
2109 2.355151e+00 4.829133e-01
2110 2.370759e+00 4.704945e-01
2111 2.378673e+00 4.771537e-01
2112 2.347471e+00 4.857656e-01
2113 2.334858e+00 4.871051e-01
2114 2.332979e+00 4.666373e-01
2115 2.329686e+00 4.750293e-01
2116 2.325511e+00 4.699566e-01
2117 2.337677e+00 5.143610e-01
2118 2.347972e+00 5.760630e-01
2119 2.340400e+00 5.792514e-01
2120 2.333156e+00 5.815308e-01
2121 2.325276e+00 5.908438e-01
2122 2.366201e+00 6.045981e-01
2123 2.364439e+00 6.092044e-01
2124 2.363761e+00 6.042698e-01
2125 2.373124e+00 6.037762e-01
2126 2.369120e+00 6.073449e-01
2127 2.372527e+00 6.060359e-01
2128 2.382768e+00 5.905751e-01
2129 2.387754e+00 5.981702e-01
2130 2.385311e+00 5.835786e-01
2131 2.412678e+00 6.067684e-01
2132 2.412636e+00 6.001139e-01
2133 2.404252e+00 5.940427e-01
2134 2.401402e+00 5.770749e-01
2135 2.331458e+00 5.429252e-01
2136 2.325361e+00 5.505227e-01
2137 2.326815e+00 5.630563e-01
2138 2.397049e+00 5.406422e-01
2139 2.378607e+00 5.778920e-01
2140 2.389688e+00 5.668171e-01
2141 2.392817e+00 5.430608e-01
2142 2.391320e+00 5.309081e-01
2143 2.411536e+00 5.059742e-01
2144 2.410529e+00 4.721720e-01
2145 2.415644e+00 4.674148e-01
2146 2.414566e+00 4.685336e-01
2147 2.421923e+00 4.786441e-01
2148 2.419315e+00 4.803410e-01
2149 2.428560e+00 4.826392e-01
2150 2.427816e+00 4.875734e-01
2151 2.428294e+00 4.944793e-01
2152 2.437319e+00 5.096456e-01
2153 2.439264e+00 5.093380e-01
2154 2.439177e+00 5.092482e-01
2155 2.438013e+00 5.058264e-01
2156 2.447871e+00 5.096864e-01
2157 2.455078e+00 5.063818e-01
2158 2.451245e+00 4.929145e-01
2159 2.464873e+00 4.820857e-01
2160 2.468591e+00 4.765461e-01
2161 2.477652e+00 4.959979e-01
2162 2.487123e+00 4.962789e-01
2163 2.487288e+00 4.962167e-01
2164 2.487648e+00 4.897005e-01
2165 2.490411e+00 5.006773e-01
2166 2.492661e+00 4.967620e-01
2167 2.466549e+00 4.988742e-01
2168 2.472659e+00 5.026547e-01
2169 2.472252e+00 4.960857e-01
2170 2.469167e+00 5.062774e-01
2171 2.482209e+00 4.988429e-01
2172 2.491523e+00 5.209829e-01
2173 2.491900e+00 5.631978e-01
2174 2.499790e+00 5.635141e-01
2175 2.494241e+00 5.635849e-01
2176 2.502384e+00 5.605847e-01
2177 2.510744e+00 5.623761e-01
2178 2.509395e+00 6.772841e-01
2179 2.520004e+00 6.695078e-01
2180 2.508195e+00 6.719802e-01
2181 2.515180e+00 6.662366e-01
2182 2.534936e+00 6.339601e-01
2183 2.554593e+00 6.367910e-01
2184 2.562069e+00 6.418134e-01
2185 2.533920e+00 6.645270e-01
2186 2.533960e+00 6.654654e-01
2187 2.516287e+00 6.462204e-01
2188 2.513179e+00 6.317297e-01
2189 2.479724e+00 6.557934e-01
2190 2.476964e+00 6.660304e-01
2191 2.480985e+00 7.093389e-01
2192 2.483103e+00 7.021909e-01
2193 2.502249e+00 6.856598e-01
2194 2.513611e+00 6.884188e-01
2195 2.521558e+00 6.797199e-01
2196 2.473623e+00 7.217800e-01
2197 2.468051e+00 7.306871e-01
2198 2.474607e+00 7.419853e-01
2199 2.483919e+00 7.351032e-01
2200 2.489876e+00 7.321293e-01
2201 2.490702e+00 7.325013e-01
2202 2.494654e+00 7.187629e-01
2203 2.496924e+00 6.987354e-01
2204 2.459993e+00 6.751508e-01
2205 2.427912e+00 6.824172e-01
2206 2.430270e+00 6.897399e-01
2207 2.392563e+00 6.638952e-01
2208 2.361692e+00 6.724324e-01
2209 2.365020e+00 6.689032e-01
2210 2.350749e+00 6.440922e-01
2211 2.369695e+00 6.364756e-01
2212 2.371275e+00 6.348264e-01
2213 2.385973e+00 6.364685e-01
2214 2.364997e+00 6.745158e-01
2215 2.345396e+00 6.629636e-01
2216 2.349308e+00 6.608173e-01
2217 2.360558e+00 6.816974e-01
2218 2.354447e+00 6.739029e-01
2219 2.355511e+00 6.753594e-01
2220 2.364972e+00 6.798624e-01
2221 2.365548e+00 6.797667e-01
2222 2.372370e+00 6.681858e-01
2223 2.364812e+00 6.709084e-01
2224 2.356338e+00 6.518584e-01
2225 2.355155e+00 6.479227e-01
2226 2.326293e+00 6.468815e-01
2227 2.339306e+00 6.472484e-01
2228 2.337216e+00 6.632980e-01
2229 2.340690e+00 6.665262e-01
2230 2.314158e+00 6.910543e-01
2231 2.316544e+00 6.896765e-01
2232 2.316669e+00 6.897692e-01
2233 2.316418e+00 6.903471e-01
2234 2.355090e+00 6.951986e-01
2235 2.362162e+00 7.016732e-01
2236 2.380533e+00 7.001811e-01
2237 2.423988e+00 7.130967e-01
2238 2.429761e+00 7.455433e-01
2239 2.424642e+00 7.418008e-01
2240 2.439298e+00 7.237757e-01
2241 2.441324e+00 7.156909e-01
2242 2.442262e+00 7.056172e-01
2243 2.401489e+00 6.875405e-01
2244 2.454943e+00 7.065415e-01
2245 2.446175e+00 7.118235e-01
2246 2.447767e+00 7.123061e-01
2247 2.423364e+00 7.249514e-01
2248 2.427295e+00 7.268078e-01
2249 2.426435e+00 7.244083e-01
2250 2.427555e+00 7.279578e-01
2251 2.406034e+00 6.949550e-01
2252 2.410957e+00 6.911867e-01
2253 2.434612e+00 7.032218e-01
2254 2.434906e+00 7.146260e-01
2255 2.457854e+00 7.198217e-01
2256 2.544839e+00 6.965372e-01
2257 2.554990e+00 6.966397e-01
2258 2.574278e+00 6.776963e-01
2259 2.574049e+00 6.783421e-01
2260 2.580595e+00 6.847154e-01
2261 2.613407e+00 6.647520e-01
2262 2.605322e+00 6.599411e-01
2263 2.571441e+00 6.519751e-01
2264 2.592054e+00 6.891865e-01
2265 2.589616e+00 6.906583e-01
2266 2.601791e+00 6.799293e-01
2267 2.599645e+00 6.795483e-01
2268 2.593236e+00 6.708915e-01
2269 2.591473e+00 6.710054e-01
2270 2.581893e+00 6.677904e-01
2271 2.583354e+00 6.739749e-01
2272 2.584635e+00 6.743812e-01
2273 2.579709e+00 6.659325e-01
2274 2.582998e+00 6.653325e-01
2275 2.589325e+00 6.603130e-01
2276 2.589705e+00 6.563396e-01
2277 2.601229e+00 6.404318e-01
2278 2.601479e+00 6.401496e-01
2279 2.620258e+00 6.752177e-01
2280 2.605615e+00 6.810596e-01
2281 2.605681e+00 6.821165e-01
2282 2.672380e+00 6.312046e-01
2283 2.676288e+00 6.280876e-01
2284 2.681245e+00 6.227557e-01
2285 2.705056e+00 6.359386e-01
2286 2.715189e+00 6.305961e-01
2287 2.739097e+00 6.382304e-01
2288 2.745354e+00 6.252522e-01
2289 2.745719e+00 6.278313e-01
2290 2.746606e+00 6.275539e-01
2291 2.737282e+00 6.226286e-01
2292 2.740795e+00 6.044887e-01
2293 2.739435e+00 6.047131e-01
2294 2.744463e+00 6.132741e-01
2295 2.752142e+00 6.352492e-01
2296 2.794820e+00 5.818818e-01
2297 2.792097e+00 5.880858e-01
2298 2.792073e+00 5.802089e-01
2299 2.820147e+00 5.733883e-01
2300 2.820338e+00 5.731055e-01
2301 2.818696e+00 5.744665e-01
2302 2.805450e+00 5.599198e-01
2303 2.806058e+00 5.599340e-01
2304 2.796037e+00 5.437170e-01
2305 2.802469e+00 5.493305e-01
2306 2.786247e+00 5.224450e-01
2307 2.794803e+00 5.222502e-01
2308 2.793533e+00 5.439794e-01
2309 2.813781e+00 5.783939e-01
2310 2.813880e+00 5.787041e-01
2311 2.812897e+00 5.854249e-01
2312 2.788265e+00 6.149532e-01
2313 2.780726e+00 6.392438e-01
2314 2.771490e+00 6.358377e-01
2315 2.789254e+00 6.549374e-01
2316 2.788012e+00 6.575250e-01
2317 2.785087e+00 6.520776e-01
2318 2.784553e+00 6.576942e-01
2319 2.786869e+00 6.507592e-01
2320 2.787146e+00 6.413612e-01
2321 2.786929e+00 6.422420e-01
2322 2.783491e+00 6.364380e-01
2323 2.787028e+00 6.030457e-01
2324 2.718155e+00 5.920669e-01
2325 2.705253e+00 6.071804e-01
2326 2.718390e+00 5.924902e-01
2327 2.679677e+00 5.709733e-01
2328 2.691942e+00 5.897425e-01
2329 2.671990e+00 5.968470e-01
2330 2.673666e+00 5.880955e-01
2331 2.676330e+00 5.907624e-01
2332 2.661005e+00 5.177311e-01
2333 2.672474e+00 5.109540e-01
2334 2.661710e+00 5.101109e-01
2335 2.659351e+00 5.222464e-01
2336 2.656850e+00 5.076621e-01
2337 2.667419e+00 5.071720e-01
2338 2.683763e+00 5.179595e-01
2339 2.677543e+00 5.319816e-01
2340 2.674722e+00 5.001383e-01
2341 2.680082e+00 4.860937e-01
2342 2.687061e+00 5.126880e-01
2343 2.712031e+00 4.983012e-01
2344 2.713885e+00 4.945354e-01
2345 2.716442e+00 4.979575e-01
2346 2.715135e+00 5.000135e-01
2347 2.683977e+00 4.563279e-01
2348 2.687703e+00 5.063380e-01
2349 2.679371e+00 5.098509e-01
2350 2.679300e+00 5.098781e-01
2351 2.688164e+00 5.007316e-01
2352 2.668559e+00 5.570689e-01
2353 2.668618e+00 5.572050e-01
2354 2.676380e+00 5.652841e-01
2355 2.656046e+00 5.687432e-01
2356 2.655952e+00 5.686204e-01
2357 2.646740e+00 5.609257e-01
2358 2.651645e+00 5.654853e-01
2359 2.649159e+00 5.604192e-01
2360 2.647304e+00 5.568122e-01
2361 2.635380e+00 5.663369e-01
2362 2.586857e+00 5.466137e-01
2363 2.644728e+00 5.651758e-01
2364 2.639220e+00 5.687162e-01
2365 2.630545e+00 5.666989e-01
2366 2.629960e+00 5.603926e-01
2367 2.634552e+00 5.772701e-01
2368 2.632519e+00 5.765292e-01
2369 2.641170e+00 5.910818e-01
2370 2.634230e+00 5.884781e-01
2371 2.631128e+00 5.966913e-01
2372 2.637630e+00 5.977926e-01
2373 2.633882e+00 5.941126e-01
2374 2.634740e+00 6.141479e-01
2375 2.637795e+00 6.283371e-01
2376 2.679583e+00 6.124232e-01
2377 2.669620e+00 5.921360e-01
2378 2.668465e+00 5.923301e-01
2379 2.644707e+00 6.001938e-01
2380 2.638066e+00 5.996797e-01
2381 2.637738e+00 5.977442e-01
2382 2.610104e+00 6.162217e-01
2383 2.610041e+00 6.163053e-01
2384 2.637426e+00 6.384976e-01
2385 2.731726e+00 5.648335e-01
2386 2.790476e+00 5.376966e-01
2387 2.788505e+00 5.229452e-01
2388 2.788473e+00 5.270275e-01
2389 2.781870e+00 5.192351e-01
2390 2.759558e+00 4.975343e-01
2391 2.774712e+00 5.062452e-01
2392 2.779029e+00 5.259488e-01
2393 2.779720e+00 5.251134e-01
2394 2.804862e+00 5.180160e-01
2395 2.810603e+00 5.153974e-01
2396 2.793607e+00 5.223996e-01
2397 2.849076e+00 5.239854e-01
2398 2.844169e+00 5.245348e-01
2399 2.852185e+00 5.399181e-01
2400 2.855453e+00 5.385989e-01
2401 2.761853e+00 5.345033e-01
2402 2.766352e+00 5.255685e-01
2403 2.758278e+00 5.389697e-01
2404 2.742258e+00 5.354828e-01
2405 2.818497e+00 4.770823e-01
2406 2.746113e+00 4.514644e-01
2407 2.745974e+00 4.512964e-01
2408 2.744742e+00 4.486356e-01
2409 2.728598e+00 4.535134e-01
2410 2.742642e+00 5.903528e-01
2411 2.745993e+00 5.996700e-01
2412 2.685547e+00 6.223441e-01
2413 2.685061e+00 6.121343e-01
2414 2.685573e+00 6.130063e-01
2415 2.658398e+00 6.605340e-01
2416 2.664649e+00 6.760103e-01
2417 2.622023e+00 6.739092e-01
2418 2.609494e+00 6.433188e-01
2419 2.611428e+00 6.435937e-01
2420 2.598102e+00 6.661991e-01
2421 2.560639e+00 6.880888e-01
2422 2.564004e+00 6.942513e-01
2423 2.524963e+00 6.791676e-01
2424 2.524191e+00 6.782299e-01
2425 2.535117e+00 6.648380e-01
2426 2.535127e+00 6.648826e-01
2427 2.536446e+00 6.720016e-01
2428 2.532912e+00 6.792647e-01
2429 2.504086e+00 6.639499e-01
2430 2.518215e+00 6.606966e-01
2431 2.502026e+00 6.711472e-01
2432 2.499405e+00 6.709024e-01
2433 2.500583e+00 6.729961e-01
2434 2.506771e+00 6.556989e-01
2435 2.509825e+00 6.502993e-01
2436 2.509021e+00 6.507410e-01
2437 2.506223e+00 6.474623e-01
2438 2.506898e+00 6.862030e-01
2439 2.502678e+00 6.748916e-01
2440 2.504826e+00 6.701799e-01
2441 2.510494e+00 6.717704e-01
2442 2.511271e+00 6.735892e-01
2443 2.495911e+00 6.787006e-01
2444 2.491652e+00 6.790417e-01
2445 2.516611e+00 6.651264e-01
2446 2.513167e+00 6.770333e-01
2447 2.498664e+00 6.570592e-01
2448 2.494925e+00 6.576774e-01
2449 2.460148e+00 6.289995e-01
2450 2.460206e+00 6.289027e-01
2451 2.446748e+00 6.222308e-01
2452 2.451201e+00 6.249277e-01
2453 2.454338e+00 6.220645e-01
2454 2.446668e+00 5.609779e-01
2455 2.448050e+00 5.586523e-01
2456 2.449174e+00 5.583009e-01
2457 2.474665e+00 5.965143e-01
2458 2.469679e+00 6.044246e-01
2459 2.481502e+00 6.008145e-01
2460 2.473030e+00 6.031024e-01
2461 2.420327e+00 6.034768e-01
2462 2.422144e+00 6.042202e-01
2463 2.428642e+00 5.957949e-01
2464 2.385878e+00 6.111661e-01
2465 2.398978e+00 6.182199e-01
2466 2.357523e+00 6.249726e-01
2467 2.357203e+00 6.242336e-01
2468 2.358740e+00 6.246720e-01
2469 2.363453e+00 6.296236e-01
2470 2.336456e+00 6.320989e-01
2471 2.336948e+00 6.313905e-01
2472 2.347971e+00 6.508096e-01
2473 2.329820e+00 6.396054e-01
2474 2.328836e+00 6.378851e-01
2475 2.345161e+00 6.533746e-01
2476 2.341961e+00 6.962226e-01
2477 2.324789e+00 6.966764e-01
2478 2.305050e+00 6.297519e-01
2479 2.307171e+00 6.277534e-01
2480 2.299460e+00 6.232015e-01
2481 2.335608e+00 6.015919e-01
2482 2.334677e+00 5.994862e-01
2483 2.357155e+00 5.707122e-01
2484 2.297357e+00 5.868226e-01
2485 2.284820e+00 5.767508e-01
2486 2.292007e+00 5.281197e-01
2487 2.252898e+00 4.572862e-01
2488 2.249514e+00 4.530371e-01
2489 2.252658e+00 4.524524e-01
2490 2.247854e+00 4.409237e-01
2491 2.243144e+00 4.483728e-01
2492 2.243674e+00 4.652802e-01
2493 2.241796e+00 4.541653e-01
2494 2.247180e+00 4.819306e-01
2495 2.244196e+00 4.971523e-01
2496 2.238439e+00 5.096297e-01
2497 2.233970e+00 4.934900e-01
2498 2.237827e+00 4.946727e-01
2499 2.245333e+00 4.890075e-01
2500 2.233691e+00 4.723956e-01
2501 2.232186e+00 4.666732e-01
2502 2.276138e+00 4.504325e-01
2503 2.262063e+00 3.790512e-01
2504 2.333743e+00 4.025009e-01
2505 2.322649e+00 3.920648e-01
2506 2.314736e+00 3.908607e-01
2507 2.319466e+00 4.015279e-01
2508 2.323170e+00 3.881591e-01
2509 2.317397e+00 3.932357e-01
2510 2.314262e+00 3.885161e-01
2511 2.312857e+00 3.877629e-01
2512 2.323340e+00 3.762816e-01
2513 2.327011e+00 3.812166e-01
2514 2.324558e+00 3.724763e-01
2515 2.292770e+00 4.049982e-01
2516 2.357694e+00 3.945761e-01
2517 2.334723e+00 3.055904e-01
2518 2.335913e+00 3.040434e-01
2519 2.337473e+00 3.061878e-01
2520 2.334894e+00 3.159657e-01
2521 2.346137e+00 3.096229e-01
2522 2.349084e+00 3.047925e-01
2523 2.337186e+00 2.954980e-01
2524 2.333452e+00 2.964146e-01
2525 2.335234e+00 2.950598e-01
2526 2.332804e+00 2.936248e-01
2527 2.324842e+00 2.820263e-01
2528 2.320936e+00 2.919802e-01
2529 2.342616e+00 3.024182e-01
2530 2.342117e+00 3.027841e-01
2531 2.337710e+00 3.033298e-01
2532 2.324063e+00 3.341309e-01
2533 2.337000e+00 3.043825e-01
2534 2.321799e+00 3.031637e-01
2535 2.317516e+00 3.029776e-01
2536 2.322197e+00 3.032985e-01
2537 2.332124e+00 3.149999e-01
2538 2.341670e+00 3.214985e-01
2539 2.315232e+00 2.918234e-01
2540 2.340834e+00 2.947511e-01
2541 2.339304e+00 3.056156e-01
2542 2.340209e+00 3.058050e-01
2543 2.347599e+00 2.630287e-01
2544 2.340131e+00 2.482699e-01
2545 2.353636e+00 2.795461e-01
2546 2.369849e+00 2.909061e-01
2547 2.367826e+00 2.863212e-01
2548 2.383907e+00 2.364368e-01
2549 2.427683e+00 2.414563e-01
2550 2.406534e+00 2.499602e-01
2551 2.406473e+00 2.597928e-01
2552 2.396687e+00 2.667131e-01
2553 2.399987e+00 2.793158e-01
2554 2.398990e+00 2.763640e-01
2555 2.444168e+00 2.987756e-01
2556 2.462119e+00 2.842838e-01
2557 2.441809e+00 2.729136e-01
2558 2.434462e+00 2.781560e-01
2559 2.435143e+00 2.618026e-01
2560 2.412068e+00 2.486597e-01
2561 2.430993e+00 2.482924e-01
2562 2.428953e+00 2.178732e-01
2563 2.428838e+00 2.177816e-01
2564 2.429077e+00 2.180043e-01
2565 2.427926e+00 2.257746e-01
2566 2.427475e+00 2.458970e-01
2567 2.404359e+00 2.065785e-01
2568 2.406166e+00 1.995333e-01
2569 2.406174e+00 1.995296e-01
2570 2.370668e+00 2.114222e-01
2571 2.370022e+00 2.091526e-01
2572 2.332771e+00 2.004577e-01
2573 2.383555e+00 1.897822e-01
2574 2.387164e+00 1.847464e-01
2575 2.384362e+00 1.666270e-01
2576 2.388310e+00 1.637492e-01
2577 2.386033e+00 1.648404e-01
2578 2.385508e+00 1.646208e-01
2579 2.378871e+00 1.518635e-01
2580 2.403974e+00 1.596016e-01
2581 2.395857e+00 1.601258e-01
2582 2.406077e+00 1.591332e-01
2583 2.392879e+00 1.430162e-01
2584 2.390338e+00 1.429261e-01
2585 2.398049e+00 1.481286e-01
2586 2.428158e+00 1.155478e-01
2587 2.426423e+00 1.155258e-01
2588 2.434054e+00 1.393723e-01
2589 2.430280e+00 9.879645e-02
2590 2.420457e+00 8.535505e-02
2591 2.426145e+00 8.731615e-02
2592 2.426376e+00 8.724349e-02
2593 2.425115e+00 8.598729e-02
2594 2.402317e+00 8.104747e-02
2595 2.432152e+00 8.246173e-02
2596 2.387578e+00 5.111721e-02
2597 2.397503e+00 3.495569e-02
2598 2.380265e+00 2.221968e-02
2599 2.396880e+00 -4.360971e-03
