0 1.693952e+00 2.185669e+00
1 1.696249e+00 2.183986e+00
2 1.670699e+00 2.192995e+00
3 1.660421e+00 2.172651e+00
4 1.660465e+00 2.172715e+00
5 1.692312e+00 2.180416e+00
6 1.708812e+00 2.181677e+00
7 1.713167e+00 2.178889e+00
8 1.709981e+00 2.159478e+00
9 1.714524e+00 2.170306e+00
10 1.719658e+00 2.212558e+00
11 1.716540e+00 2.222805e+00
12 1.724069e+00 2.221009e+00
13 1.732091e+00 2.233534e+00
14 1.747352e+00 2.223055e+00
15 1.756164e+00 2.223033e+00
16 1.759342e+00 2.225281e+00
17 1.775739e+00 2.222854e+00
18 1.793592e+00 2.215941e+00
19 1.780232e+00 2.224372e+00
20 1.778940e+00 2.226250e+00
21 1.772647e+00 2.207253e+00
22 1.804560e+00 2.191619e+00
23 1.814914e+00 2.186494e+00
24 1.823877e+00 2.175089e+00
25 1.835518e+00 2.187103e+00
26 1.835502e+00 2.185164e+00
27 1.839703e+00 2.188664e+00
28 1.846166e+00 2.190627e+00
29 1.845482e+00 2.191215e+00
30 1.846100e+00 2.191875e+00
31 1.846565e+00 2.188013e+00
32 1.876668e+00 2.197803e+00
33 1.874017e+00 2.194446e+00
34 1.896957e+00 2.238991e+00
35 1.899342e+00 2.298934e+00
36 1.896596e+00 2.303767e+00
37 1.894080e+00 2.291614e+00
38 1.891716e+00 2.281828e+00
39 1.888934e+00 2.267318e+00
40 1.891935e+00 2.266387e+00
41 1.893833e+00 2.269299e+00
42 1.889416e+00 2.267146e+00
43 1.889175e+00 2.266529e+00
44 1.888317e+00 2.268371e+00
45 1.881991e+00 2.271790e+00
46 1.880677e+00 2.269742e+00
47 1.882642e+00 2.263506e+00
48 1.883083e+00 2.260583e+00
49 1.887380e+00 2.266721e+00
50 1.916727e+00 2.285171e+00
51 1.974676e+00 2.369479e+00
52 1.974873e+00 2.368288e+00
53 1.977329e+00 2.382436e+00
54 1.961291e+00 2.384219e+00
55 1.961555e+00 2.384011e+00
56 1.997415e+00 2.387231e+00
57 2.007109e+00 2.392175e+00
58 2.009974e+00 2.390591e+00
59 2.015190e+00 2.399983e+00
60 2.014978e+00 2.401900e+00
61 2.021654e+00 2.413781e+00
62 2.034263e+00 2.414058e+00
63 2.057436e+00 2.412194e+00
64 2.056248e+00 2.412661e+00
65 2.056538e+00 2.408281e+00
66 2.057465e+00 2.407750e+00
67 2.054655e+00 2.414193e+00
68 2.063112e+00 2.374491e+00
69 2.064295e+00 2.374964e+00
70 2.061178e+00 2.378045e+00
71 2.060312e+00 2.376754e+00
72 2.065345e+00 2.375222e+00
73 2.084372e+00 2.336789e+00
74 2.101702e+00 2.321754e+00
75 2.106328e+00 2.315101e+00
76 2.111453e+00 2.342066e+00
77 2.112052e+00 2.338915e+00
78 2.112865e+00 2.335242e+00
79 2.134257e+00 2.402598e+00
80 2.154808e+00 2.372194e+00
81 2.164931e+00 2.366825e+00
82 2.168010e+00 2.369510e+00
83 2.170094e+00 2.379479e+00
84 2.166738e+00 2.384090e+00
85 2.143016e+00 2.378485e+00
86 2.095780e+00 2.373711e+00
87 2.120456e+00 2.373675e+00
88 2.124676e+00 2.386472e+00
89 2.128419e+00 2.388150e+00
90 2.153469e+00 2.382164e+00
91 2.154386e+00 2.387347e+00
92 2.157940e+00 2.392625e+00
93 2.112676e+00 2.472336e+00
94 2.107228e+00 2.481146e+00
95 2.117875e+00 2.476034e+00
96 2.117207e+00 2.476289e+00
97 2.107914e+00 2.486550e+00
98 2.104667e+00 2.484608e+00
99 2.104404e+00 2.482725e+00
100 2.104176e+00 2.482384e+00
101 2.106544e+00 2.486309e+00
102 2.091783e+00 2.499466e+00
103 2.099437e+00 2.497332e+00
104 2.098247e+00 2.502044e+00
105 2.123857e+00 2.481514e+00
106 2.135047e+00 2.488475e+00
107 2.145477e+00 2.534036e+00
108 2.138501e+00 2.528391e+00
109 2.138832e+00 2.524819e+00
110 2.151637e+00 2.523135e+00
111 2.151393e+00 2.534157e+00
112 2.117719e+00 2.507672e+00
113 2.117092e+00 2.507470e+00
114 2.111758e+00 2.492552e+00
115 2.109147e+00 2.490673e+00
116 2.108422e+00 2.488016e+00
117 2.118812e+00 2.481384e+00
118 2.127246e+00 2.487756e+00
119 2.126028e+00 2.488491e+00
120 2.145289e+00 2.478132e+00
121 2.149787e+00 2.483289e+00
122 2.149697e+00 2.481573e+00
123 2.162183e+00 2.487787e+00
124 2.170078e+00 2.502336e+00
125 2.163250e+00 2.499153e+00
126 2.143199e+00 2.508797e+00
127 2.054163e+00 2.399206e+00
128 2.036024e+00 2.384310e+00
129 2.045551e+00 2.383243e+00
130 2.012157e+00 2.370445e+00
131 2.119408e+00 2.303689e+00
132 2.140447e+00 2.263540e+00
133 2.139105e+00 2.263923e+00
134 2.157069e+00 2.283085e+00
135 2.167936e+00 2.282853e+00
136 2.192795e+00 2.280641e+00
137 2.199397e+00 2.270716e+00
138 2.196655e+00 2.269593e+00
139 2.191662e+00 2.270022e+00
140 2.218025e+00 2.288285e+00
141 2.218005e+00 2.288070e+00
142 2.226793e+00 2.281590e+00
143 2.268058e+00 2.293912e+00
144 2.280978e+00 2.269611e+00
145 2.316464e+00 2.257230e+00
146 2.331847e+00 2.271817e+00
147 2.362201e+00 2.264054e+00
148 2.358447e+00 2.264306e+00
149 2.471168e+00 2.229940e+00
150 2.499074e+00 2.196853e+00
151 2.479078e+00 2.194075e+00
152 2.480585e+00 2.194754e+00
153 2.479947e+00 2.195540e+00
154 2.509646e+00 2.197441e+00
155 2.507474e+00 2.199756e+00
156 2.492970e+00 2.200053e+00
157 2.492108e+00 2.200358e+00
158 2.488418e+00 2.206177e+00
159 2.503161e+00 2.179516e+00
160 2.500388e+00 2.174759e+00
161 2.503791e+00 2.176686e+00
162 2.502923e+00 2.176551e+00
163 2.511736e+00 2.181795e+00
164 2.551030e+00 2.184107e+00
165 2.560040e+00 2.144077e+00
166 2.521965e+00 2.094933e+00
167 2.510016e+00 2.093976e+00
168 2.516722e+00 2.090313e+00
169 2.504303e+00 2.087217e+00
170 2.487452e+00 2.080125e+00
171 2.506017e+00 2.057381e+00
172 2.459326e+00 2.001767e+00
173 2.460690e+00 2.002041e+00
174 2.456558e+00 2.008051e+00
175 2.489587e+00 2.008678e+00
176 2.483343e+00 1.986062e+00
177 2.464945e+00 2.009841e+00
178 2.464485e+00 2.021834e+00
179 2.498280e+00 2.008683e+00
180 2.490653e+00 2.004950e+00
181 2.495033e+00 1.997624e+00
182 2.484282e+00 1.960850e+00
183 2.480839e+00 1.977777e+00
184 2.479681e+00 1.978444e+00
185 2.447757e+00 1.954980e+00
186 2.450184e+00 1.954079e+00
187 2.472559e+00 1.951766e+00
188 2.474527e+00 1.948621e+00
189 2.473672e+00 1.946931e+00
190 2.473979e+00 1.948603e+00
191 2.472226e+00 1.960426e+00
192 2.463595e+00 1.955393e+00
193 2.466490e+00 1.953438e+00
194 2.413416e+00 1.923763e+00
195 2.408694e+00 1.907347e+00
196 2.413913e+00 1.911993e+00
197 2.414014e+00 1.909732e+00
198 2.360542e+00 1.918467e+00
199 2.372823e+00 1.925478e+00
200 2.371751e+00 1.925711e+00
201 2.376435e+00 1.928900e+00
202 2.378328e+00 1.927170e+00
203 2.334679e+00 1.916239e+00
204 2.290344e+00 1.929256e+00
205 2.284512e+00 1.935236e+00
206 2.282612e+00 1.928379e+00
207 2.267698e+00 1.936364e+00
208 2.276134e+00 1.940566e+00
209 2.275718e+00 1.943182e+00
210 2.276014e+00 1.939962e+00
211 2.275342e+00 1.932680e+00
212 2.267282e+00 1.929703e+00
213 2.265586e+00 1.868999e+00
214 2.278256e+00 1.849433e+00
215 2.279087e+00 1.847761e+00
216 2.270883e+00 1.853055e+00
217 2.267693e+00 1.852869e+00
218 2.278661e+00 1.846926e+00
219 2.271932e+00 1.838116e+00
220 2.259646e+00 1.840205e+00
221 2.215649e+00 1.783029e+00
222 2.279737e+00 1.713619e+00
223 2.215989e+00 1.719328e+00
224 2.223736e+00 1.714654e+00
225 2.220240e+00 1.714424e+00
226 2.214366e+00 1.711408e+00
227 2.224566e+00 1.727211e+00
228 2.227658e+00 1.723769e+00
229 2.221753e+00 1.736476e+00
230 2.221804e+00 1.736328e+00
231 2.228351e+00 1.727495e+00
232 2.215851e+00 1.738898e+00
233 2.219428e+00 1.738902e+00
234 2.218388e+00 1.697029e+00
235 2.207428e+00 1.696761e+00
236 2.211558e+00 1.709490e+00
237 2.208819e+00 1.709348e+00
238 2.206710e+00 1.706734e+00
239 2.202312e+00 1.756608e+00
240 2.205627e+00 1.751567e+00
241 2.194892e+00 1.737072e+00
242 2.194425e+00 1.736828e+00
243 2.194958e+00 1.736494e+00
244 2.177336e+00 1.736766e+00
245 2.177185e+00 1.736656e+00
246 2.191683e+00 1.739164e+00
247 2.186934e+00 1.753327e+00
248 2.205338e+00 1.781885e+00
249 2.205362e+00 1.781109e+00
250 2.202202e+00 1.779894e+00
251 2.210150e+00 1.765994e+00
252 2.200017e+00 1.763221e+00
253 2.214383e+00 1.800189e+00
254 2.210258e+00 1.799122e+00
255 2.203547e+00 1.791477e+00
256 2.190494e+00 1.806912e+00
257 2.243198e+00 1.835520e+00
258 2.238944e+00 1.822104e+00
259 2.238485e+00 1.820263e+00
260 2.228341e+00 1.806187e+00
261 2.205711e+00 1.789809e+00
262 2.212668e+00 1.777482e+00
263 2.205440e+00 1.777010e+00
264 2.207385e+00 1.776473e+00
265 2.183125e+00 1.779277e+00
266 2.191257e+00 1.778205e+00
267 2.190905e+00 1.778184e+00
268 2.189672e+00 1.779174e+00
269 2.197848e+00 1.786315e+00
270 2.219899e+00 1.789399e+00
271 2.221209e+00 1.793048e+00
272 2.216267e+00 1.767216e+00
273 2.216004e+00 1.768320e+00
274 2.149581e+00 1.713057e+00
275 2.125470e+00 1.715995e+00
276 2.161378e+00 1.688274e+00
277 2.178276e+00 1.689273e+00
278 2.217991e+00 1.706571e+00
279 2.225364e+00 1.706550e+00
280 2.223453e+00 1.694354e+00
281 2.189886e+00 1.688588e+00
282 2.197247e+00 1.688126e+00
283 2.219653e+00 1.670763e+00
284 2.067847e+00 1.551790e+00
285 2.061242e+00 1.545730e+00
286 2.110423e+00 1.551352e+00
287 2.105975e+00 1.535064e+00
288 2.096743e+00 1.526250e+00
289 2.087709e+00 1.527764e+00
290 2.070795e+00 1.553619e+00
291 2.066536e+00 1.539666e+00
292 2.057907e+00 1.529706e+00
293 2.133887e+00 1.526672e+00
294 2.109411e+00 1.543430e+00
295 2.078237e+00 1.538924e+00
296 2.076039e+00 1.540562e+00
297 2.080211e+00 1.544758e+00
298 2.072195e+00 1.549922e+00
299 2.068006e+00 1.555675e+00
300 2.091001e+00 1.568589e+00
301 2.092178e+00 1.568171e+00
302 2.127777e+00 1.601106e+00
303 2.131023e+00 1.597840e+00
304 2.184212e+00 1.676694e+00
305 2.183504e+00 1.676440e+00
306 2.180865e+00 1.635524e+00
307 2.184555e+00 1.657716e+00
308 2.185265e+00 1.657365e+00
309 2.175442e+00 1.658112e+00
310 2.172973e+00 1.657175e+00
311 2.166126e+00 1.642349e+00
312 2.141629e+00 1.617699e+00
313 2.141249e+00 1.620103e+00
314 2.135735e+00 1.624067e+00
315 2.106132e+00 1.634444e+00
316 2.066109e+00 1.651687e+00
317 2.066886e+00 1.651589e+00
318 2.067696e+00 1.651158e+00
319 2.074462e+00 1.647475e+00
320 2.070858e+00 1.648633e+00
321 2.075093e+00 1.649764e+00
322 2.085619e+00 1.668417e+00
323 2.098820e+00 1.668002e+00
324 2.132887e+00 1.704935e+00
325 2.069632e+00 1.704884e+00
326 2.110029e+00 1.667793e+00
327 2.108521e+00 1.666651e+00
328 2.065254e+00 1.673665e+00
329 2.064321e+00 1.651403e+00
330 2.060686e+00 1.650864e+00
331 2.044620e+00 1.668884e+00
332 2.045648e+00 1.662035e+00
333 2.047759e+00 1.683807e+00
334 2.051156e+00 1.684721e+00
335 2.048864e+00 1.684788e+00
336 2.026293e+00 1.677781e+00
337 2.001962e+00 1.757965e+00
338 2.016234e+00 1.759370e+00
339 2.015581e+00 1.773628e+00
340 2.060789e+00 1.753476e+00
341 2.073181e+00 1.746266e+00
342 2.085943e+00 1.737713e+00
343 2.090730e+00 1.750506e+00
344 2.074349e+00 1.738103e+00
345 2.063569e+00 1.703155e+00
346 2.086556e+00 1.643698e+00
347 2.109107e+00 1.642854e+00
348 2.137693e+00 1.655090e+00
349 2.117447e+00 1.640439e+00
350 2.115634e+00 1.652221e+00
351 2.100734e+00 1.664473e+00
352 2.102610e+00 1.664490e+00
353 2.087687e+00 1.636462e+00
354 2.075786e+00 1.638053e+00
355 2.066660e+00 1.622417e+00
356 2.070652e+00 1.633126e+00
357 2.069906e+00 1.635044e+00
358 2.068546e+00 1.646570e+00
359 2.044599e+00 1.655420e+00
360 2.032372e+00 1.663368e+00
361 2.014471e+00 1.664324e+00
362 1.993366e+00 1.684479e+00
363 1.993873e+00 1.686127e+00
364 1.991261e+00 1.684120e+00
365 1.987929e+00 1.689399e+00
366 1.969218e+00 1.698504e+00
367 1.948732e+00 1.688073e+00
368 1.946184e+00 1.680572e+00
369 1.952222e+00 1.681431e+00
370 1.962490e+00 1.693097e+00
371 1.966601e+00 1.687957e+00
372 1.975860e+00 1.701275e+00
373 1.975530e+00 1.721228e+00
374 1.969390e+00 1.718690e+00
375 1.962275e+00 1.734485e+00
376 1.954923e+00 1.725085e+00
377 1.996792e+00 1.727740e+00
378 2.015443e+00 1.740758e+00
379 2.026268e+00 1.719247e+00
380 2.044909e+00 1.730388e+00
381 2.052577e+00 1.719291e+00
382 2.051990e+00 1.720753e+00
383 2.061648e+00 1.723602e+00
384 2.053770e+00 1.729331e+00
385 2.064049e+00 1.736945e+00
386 2.068063e+00 1.724176e+00
387 2.071285e+00 1.723291e+00
388 2.058458e+00 1.724153e+00
389 2.056341e+00 1.721652e+00
390 2.049715e+00 1.717450e+00
391 2.049318e+00 1.716407e+00
392 2.049836e+00 1.716460e+00
393 2.050846e+00 1.730565e+00
394 2.051354e+00 1.716049e+00
395 2.052194e+00 1.714255e+00
396 2.054286e+00 1.681395e+00
397 2.037890e+00 1.660135e+00
398 1.955964e+00 1.737810e+00
399 1.975965e+00 1.737127e+00
400 1.967214e+00 1.736411e+00
401 1.943397e+00 1.777321e+00
402 1.974261e+00 1.826824e+00
403 1.955336e+00 1.823155e+00
404 1.946329e+00 1.787491e+00
405 1.942360e+00 1.787592e+00
406 1.941673e+00 1.787458e+00
407 1.949031e+00 1.780055e+00
408 1.950647e+00 1.826988e+00
409 1.939143e+00 1.836612e+00
410 1.938867e+00 1.837537e+00
411 1.941054e+00 1.840020e+00
412 1.947135e+00 1.858317e+00
413 1.955729e+00 1.871428e+00
414 1.925969e+00 1.862455e+00
415 1.926616e+00 1.860094e+00
416 1.912547e+00 1.853068e+00
417 1.893821e+00 1.856850e+00
418 1.893808e+00 1.856781e+00
419 1.877036e+00 1.859884e+00
420 1.866129e+00 1.867015e+00
421 1.876104e+00 1.845773e+00
422 1.870551e+00 1.845205e+00
423 1.877827e+00 1.860522e+00
424 1.949053e+00 1.913559e+00
425 1.955908e+00 1.929122e+00
426 1.953056e+00 1.927835e+00
427 1.953072e+00 1.921044e+00
428 1.954938e+00 1.923713e+00
429 1.941849e+00 1.869530e+00
430 1.934804e+00 1.859590e+00
431 1.931227e+00 1.873706e+00
432 1.933246e+00 1.873207e+00
433 1.931167e+00 1.871539e+00
434 1.921514e+00 1.871980e+00
435 1.914129e+00 1.884508e+00
436 1.966545e+00 1.810470e+00
437 1.969646e+00 1.808114e+00
438 1.976607e+00 1.814430e+00
439 1.984249e+00 1.818350e+00
440 2.019591e+00 1.800268e+00
441 2.021680e+00 1.776643e+00
442 2.029121e+00 1.783343e+00
443 1.999647e+00 1.799325e+00
444 2.017442e+00 1.800257e+00
445 2.009017e+00 1.819385e+00
446 2.062157e+00 1.852470e+00
447 2.064302e+00 1.851469e+00
448 2.054396e+00 1.868872e+00
449 2.066686e+00 1.880359e+00
450 2.102673e+00 1.881504e+00
451 2.090238e+00 1.870677e+00
452 2.066317e+00 1.884281e+00
453 2.061124e+00 1.878153e+00
454 2.061483e+00 1.883820e+00
455 2.026842e+00 1.909921e+00
456 2.116761e+00 1.971502e+00
457 2.116167e+00 1.967659e+00
458 2.095470e+00 1.965418e+00
459 2.035231e+00 1.916410e+00
460 2.027503e+00 1.928313e+00
461 2.018502e+00 1.910593e+00
462 2.050232e+00 1.931940e+00
463 2.054889e+00 1.943524e+00
464 2.053361e+00 1.952702e+00
465 2.067817e+00 1.945361e+00
466 2.072321e+00 1.947969e+00
467 2.032455e+00 1.960564e+00
468 2.006489e+00 1.976324e+00
469 1.976117e+00 1.993338e+00
470 2.031382e+00 1.968281e+00
471 2.074351e+00 2.010818e+00
472 2.078795e+00 2.010777e+00
473 2.086674e+00 1.976536e+00
474 2.086599e+00 1.975926e+00
475 2.089861e+00 1.978485e+00
476 2.114591e+00 1.990312e+00
477 2.127068e+00 1.988078e+00
478 2.136924e+00 2.017809e+00
479 2.145887e+00 1.997639e+00
480 2.143421e+00 1.990660e+00
481 2.140367e+00 1.985379e+00
482 2.173455e+00 1.966531e+00
483 2.173227e+00 1.967287e+00
484 2.172892e+00 1.966587e+00
485 2.193589e+00 1.954421e+00
486 2.187715e+00 1.950078e+00
487 2.189909e+00 1.964105e+00
488 2.226051e+00 1.951813e+00
489 2.220916e+00 1.949052e+00
490 2.266796e+00 1.950277e+00
491 2.289906e+00 1.918254e+00
492 2.286771e+00 1.907230e+00
493 2.289076e+00 1.905409e+00
494 2.285338e+00 1.911666e+00
495 2.269108e+00 1.922383e+00
496 2.234814e+00 1.944345e+00
497 2.234674e+00 1.950514e+00
498 2.243149e+00 1.945355e+00
499 2.276158e+00 1.946457e+00
500 2.263239e+00 1.937826e+00
501 2.226229e+00 1.949226e+00
502 2.232273e+00 1.956541e+00
503 2.233636e+00 1.957189e+00
504 2.225430e+00 1.952091e+00
505 2.242216e+00 1.960767e+00
506 2.244062e+00 1.955551e+00
507 2.231786e+00 1.961554e+00
508 2.239223e+00 1.982010e+00
509 2.223604e+00 1.990831e+00
510 2.232548e+00 1.998127e+00
511 2.239803e+00 1.960981e+00
512 2.222299e+00 1.963839e+00
513 2.217889e+00 1.981138e+00
514 2.219305e+00 1.978552e+00
515 2.243704e+00 1.954825e+00
516 2.285821e+00 1.925603e+00
517 2.283813e+00 1.928375e+00
518 2.266540e+00 1.932296e+00
519 2.274306e+00 1.927310e+00
520 2.272461e+00 1.941917e+00
521 2.277777e+00 1.948590e+00
522 2.277647e+00 1.949225e+00
523 2.279167e+00 1.940290e+00
524 2.283236e+00 1.935864e+00
525 2.299728e+00 1.913353e+00
526 2.296001e+00 1.889897e+00
527 2.292189e+00 1.881652e+00
528 2.291544e+00 1.874519e+00
529 2.301563e+00 1.864638e+00
530 2.290408e+00 1.826272e+00
531 2.305278e+00 1.843705e+00
532 2.337898e+00 1.820918e+00
533 2.341050e+00 1.801279e+00
534 2.382496e+00 1.790863e+00
535 2.408433e+00 1.775055e+00
536 2.433524e+00 1.754986e+00
537 2.431419e+00 1.744746e+00
538 2.431544e+00 1.744091e+00
539 2.422121e+00 1.739569e+00
540 2.427561e+00 1.739048e+00
541 2.422059e+00 1.734165e+00
542 2.451479e+00 1.750722e+00
543 2.451054e+00 1.752341e+00
544 2.458064e+00 1.757161e+00
545 2.453775e+00 1.771863e+00
546 2.501976e+00 1.791275e+00
547 2.501649e+00 1.791674e+00
548 2.458079e+00 1.801526e+00
549 2.452916e+00 1.797706e+00
550 2.445623e+00 1.808708e+00
551 2.445201e+00 1.810465e+00
552 2.439942e+00 1.775677e+00
553 2.448119e+00 1.783575e+00
554 2.458696e+00 1.771723e+00
555 2.468297e+00 1.743826e+00
556 2.462167e+00 1.750556e+00
557 2.447295e+00 1.793984e+00
558 2.406343e+00 1.789254e+00
559 2.411722e+00 1.791502e+00
560 2.418220e+00 1.791796e+00
561 2.422473e+00 1.793891e+00
562 2.423122e+00 1.793408e+00
563 2.399239e+00 1.839749e+00
564 2.397446e+00 1.840812e+00
565 2.404662e+00 1.762086e+00
566 2.382792e+00 1.773935e+00
567 2.490297e+00 1.738796e+00
568 2.479861e+00 1.705731e+00
569 2.491546e+00 1.705836e+00
570 2.475113e+00 1.716354e+00
571 2.489484e+00 1.721322e+00
572 2.483960e+00 1.714284e+00
573 2.480845e+00 1.714963e+00
574 2.480187e+00 1.710590e+00
575 2.471353e+00 1.720226e+00
576 2.464549e+00 1.703857e+00
577 2.465431e+00 1.703371e+00
578 2.471908e+00 1.702299e+00
579 2.475318e+00 1.696701e+00
580 2.475565e+00 1.691948e+00
581 2.474893e+00 1.691233e+00
582 2.473264e+00 1.700782e+00
583 2.463371e+00 1.778823e+00
584 2.441959e+00 1.737155e+00
585 2.431858e+00 1.745366e+00
586 2.433488e+00 1.749376e+00
587 2.435038e+00 1.748939e+00
588 2.430124e+00 1.746185e+00
589 2.429782e+00 1.745480e+00
590 2.421558e+00 1.763360e+00
591 2.395978e+00 1.770094e+00
592 2.340884e+00 1.749379e+00
593 2.346555e+00 1.751283e+00
594 2.365547e+00 1.729874e+00
595 2.382133e+00 1.725097e+00
596 2.382178e+00 1.742343e+00
597 2.403236e+00 1.716482e+00
598 2.399164e+00 1.721761e+00
599 2.367023e+00 1.750695e+00
600 2.377653e+00 1.768347e+00
601 2.353536e+00 1.782336e+00
602 2.330566e+00 1.777314e+00
603 2.317567e+00 1.794267e+00
604 2.325265e+00 1.795171e+00
605 2.323373e+00 1.798275e+00
606 2.307947e+00 1.792022e+00
607 2.307511e+00 1.848330e+00
608 2.297706e+00 1.855258e+00
609 2.280302e+00 1.870154e+00
610 2.274012e+00 1.883703e+00
611 2.280647e+00 1.901421e+00
612 2.286319e+00 1.887824e+00
613 2.278331e+00 1.928413e+00
614 2.282804e+00 1.927170e+00
615 2.248257e+00 1.912322e+00
616 2.257381e+00 1.915876e+00
617 2.278609e+00 1.934544e+00
618 2.261206e+00 1.933580e+00
619 2.249551e+00 1.919183e+00
620 2.254974e+00 1.915182e+00
621 2.253878e+00 1.907306e+00
622 2.254716e+00 1.897345e+00
623 2.238625e+00 1.906233e+00
624 2.238887e+00 1.896654e+00
625 2.247556e+00 1.905672e+00
626 2.245432e+00 1.907572e+00
627 2.256458e+00 1.921166e+00
628 2.249985e+00 1.937838e+00
629 2.248523e+00 1.949410e+00
630 2.247520e+00 1.947954e+00
631 2.247534e+00 1.947979e+00
632 2.259516e+00 1.914233e+00
633 2.291305e+00 1.889322e+00
634 2.298099e+00 1.895672e+00
635 2.306832e+00 1.871237e+00
636 2.376426e+00 1.818326e+00
637 2.416305e+00 1.753466e+00
638 2.427017e+00 1.733370e+00
639 2.402771e+00 1.792093e+00
640 2.475036e+00 1.792034e+00
641 2.489339e+00 1.853416e+00
642 2.494874e+00 1.843348e+00
643 2.497867e+00 1.844171e+00
644 2.500422e+00 1.847680e+00
645 2.504918e+00 1.852084e+00
646 2.522825e+00 1.865452e+00
647 2.515573e+00 1.854784e+00
648 2.506831e+00 1.851843e+00
649 2.544250e+00 1.884765e+00
650 2.558890e+00 1.891489e+00
651 2.553556e+00 1.884325e+00
652 2.558181e+00 1.890225e+00
653 2.557586e+00 1.890530e+00
654 2.532391e+00 1.896450e+00
655 2.534308e+00 1.900509e+00
656 2.527686e+00 1.876878e+00
657 2.532297e+00 1.883889e+00
658 2.531306e+00 1.885184e+00
659 2.542829e+00 1.849671e+00
660 2.542643e+00 1.852243e+00
661 2.565745e+00 1.844022e+00
662 2.566789e+00 1.836249e+00
663 2.569542e+00 1.839238e+00
664 2.575112e+00 1.817303e+00
665 2.573181e+00 1.822953e+00
666 2.449291e+00 1.794646e+00
667 2.445607e+00 1.777093e+00
668 2.421998e+00 1.768448e+00
669 2.430351e+00 1.755455e+00
670 2.378833e+00 1.737402e+00
671 2.379706e+00 1.742223e+00
672 2.371515e+00 1.726028e+00
673 2.372598e+00 1.712150e+00
674 2.375845e+00 1.713602e+00
675 2.388896e+00 1.707672e+00
676 2.398106e+00 1.700415e+00
677 2.389757e+00 1.698494e+00
678 2.396652e+00 1.702570e+00
679 2.444672e+00 1.711230e+00
680 2.446546e+00 1.710525e+00
681 2.414609e+00 1.712593e+00
682 2.407283e+00 1.712616e+00
683 2.404454e+00 1.714471e+00
684 2.404787e+00 1.756865e+00
685 2.422465e+00 1.771601e+00
686 2.427547e+00 1.784636e+00
687 2.436812e+00 1.781523e+00
688 2.466958e+00 1.917228e+00
689 2.471120e+00 1.935156e+00
690 2.473711e+00 1.914523e+00
691 2.474237e+00 1.914417e+00
692 2.475592e+00 1.906834e+00
693 2.481622e+00 1.875268e+00
694 2.473606e+00 1.876877e+00
695 2.472519e+00 1.881115e+00
696 2.467285e+00 1.883010e+00
697 2.472977e+00 1.896645e+00
698 2.488414e+00 1.906488e+00
699 2.490123e+00 1.893187e+00
700 2.489757e+00 1.893036e+00
701 2.491074e+00 1.870309e+00
702 2.527958e+00 1.828730e+00
703 2.495752e+00 1.866699e+00
704 2.503101e+00 1.875366e+00
705 2.551361e+00 1.891497e+00
706 2.502046e+00 1.887561e+00
707 2.502219e+00 1.886751e+00
708 2.504689e+00 1.889485e+00
709 2.505375e+00 1.889683e+00
710 2.508254e+00 1.882114e+00
711 2.500591e+00 1.871129e+00
712 2.502798e+00 1.860822e+00
713 2.406602e+00 1.871902e+00
714 2.400519e+00 1.872635e+00
715 2.388117e+00 1.872297e+00
716 2.391584e+00 1.879025e+00
717 2.460096e+00 1.828778e+00
718 2.441120e+00 1.869973e+00
719 2.436288e+00 1.871567e+00
720 2.484139e+00 1.865386e+00
721 2.473932e+00 1.863993e+00
722 2.475276e+00 1.863452e+00
723 2.473826e+00 1.864862e+00
724 2.500532e+00 1.867773e+00
725 2.536902e+00 1.886886e+00
726 2.547816e+00 1.863438e+00
727 2.545186e+00 1.863639e+00
728 2.549674e+00 1.864204e+00
729 2.550480e+00 1.856345e+00
730 2.551649e+00 1.853435e+00
731 2.547620e+00 1.848347e+00
732 2.583208e+00 1.768235e+00
733 2.592362e+00 1.772452e+00
734 2.556316e+00 1.759782e+00
735 2.517638e+00 1.760952e+00
736 2.523618e+00 1.758595e+00
737 2.527604e+00 1.747981e+00
738 2.536476e+00 1.742862e+00
739 2.517897e+00 1.730796e+00
740 2.501495e+00 1.727655e+00
741 2.502230e+00 1.727180e+00
742 2.534744e+00 1.666690e+00
743 2.530005e+00 1.650130e+00
744 2.519129e+00 1.711888e+00
745 2.516213e+00 1.709891e+00
746 2.502022e+00 1.691233e+00
747 2.501521e+00 1.691457e+00
748 2.513728e+00 1.698744e+00
749 2.507925e+00 1.710422e+00
750 2.506209e+00 1.710333e+00
751 2.503243e+00 1.698680e+00
752 2.504413e+00 1.699063e+00
753 2.498575e+00 1.692313e+00
754 2.514798e+00 1.687252e+00
755 2.511989e+00 1.707043e+00
756 2.507251e+00 1.712751e+00
757 2.506584e+00 1.722236e+00
758 2.500269e+00 1.723864e+00
759 2.501870e+00 1.738151e+00
760 2.499105e+00 1.728040e+00
761 2.500039e+00 1.729823e+00
762 2.484711e+00 1.732099e+00
763 2.493809e+00 1.725422e+00
764 2.501007e+00 1.715945e+00
765 2.536993e+00 1.736828e+00
766 2.546931e+00 1.728124e+00
767 2.544227e+00 1.722750e+00
768 2.552335e+00 1.725790e+00
769 2.553069e+00 1.720434e+00
770 2.686856e+00 1.609851e+00
771 2.673316e+00 1.624189e+00
772 2.678839e+00 1.636229e+00
773 2.696181e+00 1.631587e+00
774 2.691650e+00 1.579017e+00
775 2.689145e+00 1.578223e+00
776 2.686743e+00 1.579492e+00
777 2.688937e+00 1.579020e+00
778 2.688868e+00 1.577666e+00
779 2.684719e+00 1.574309e+00
780 2.686542e+00 1.562206e+00
781 2.692150e+00 1.620507e+00
782 2.677454e+00 1.600859e+00
783 2.695581e+00 1.614763e+00
784 2.692007e+00 1.613980e+00
785 2.696962e+00 1.609053e+00
786 2.654429e+00 1.639480e+00
787 2.614045e+00 1.643282e+00
788 2.612856e+00 1.644183e+00
789 2.614911e+00 1.640954e+00
790 2.630628e+00 1.650828e+00
791 2.632503e+00 1.644859e+00
792 2.636539e+00 1.642223e+00
793 2.648092e+00 1.638413e+00
794 2.655519e+00 1.633088e+00
795 2.677391e+00 1.653222e+00
796 2.643715e+00 1.681685e+00
797 2.650375e+00 1.680879e+00
798 2.649098e+00 1.678632e+00
799 2.641181e+00 1.683198e+00
800 2.633148e+00 1.646894e+00
801 2.632199e+00 1.667865e+00
802 2.632209e+00 1.643557e+00
803 2.609822e+00 1.674856e+00
804 2.607849e+00 1.660112e+00
805 2.589897e+00 1.620749e+00
806 2.591387e+00 1.612453e+00
807 2.636547e+00 1.600559e+00
808 2.613510e+00 1.617061e+00
809 2.630403e+00 1.614642e+00
810 2.634868e+00 1.615533e+00
811 2.631354e+00 1.612119e+00
812 2.623658e+00 1.626450e+00
813 2.639996e+00 1.621540e+00
814 2.642010e+00 1.622079e+00
815 2.636300e+00 1.615375e+00
816 2.582533e+00 1.598660e+00
817 2.609302e+00 1.598255e+00
818 2.592083e+00 1.621242e+00
819 2.592381e+00 1.607471e+00
820 2.603709e+00 1.625325e+00
821 2.597039e+00 1.619327e+00
822 2.599865e+00 1.634821e+00
823 2.593762e+00 1.631313e+00
824 2.593430e+00 1.615276e+00
825 2.595980e+00 1.604647e+00
826 2.586397e+00 1.606845e+00
827 2.572584e+00 1.672312e+00
828 2.574555e+00 1.674071e+00
829 2.581096e+00 1.677341e+00
830 2.578603e+00 1.676331e+00
831 2.600921e+00 1.693451e+00
832 2.597819e+00 1.693994e+00
833 2.672802e+00 1.670873e+00
834 2.649129e+00 1.649997e+00
835 2.645668e+00 1.651977e+00
836 2.636669e+00 1.607220e+00
837 2.629448e+00 1.604273e+00
838 2.627922e+00 1.588227e+00
839 2.615257e+00 1.578588e+00
840 2.618174e+00 1.595607e+00
841 2.642629e+00 1.621452e+00
842 2.645149e+00 1.620735e+00
843 2.646158e+00 1.595177e+00
844 2.665099e+00 1.602827e+00
845 2.645827e+00 1.568836e+00
846 2.648921e+00 1.564449e+00
847 2.636611e+00 1.565015e+00
848 2.614853e+00 1.576638e+00
849 2.617505e+00 1.579645e+00
850 2.599562e+00 1.572174e+00
851 2.598202e+00 1.576930e+00
852 2.587738e+00 1.568010e+00
853 2.613339e+00 1.603047e+00
854 2.616407e+00 1.610112e+00
855 2.604097e+00 1.566486e+00
856 2.619082e+00 1.543210e+00
857 2.610957e+00 1.541914e+00
858 2.635168e+00 1.522969e+00
859 2.612483e+00 1.537233e+00
860 2.613694e+00 1.512846e+00
861 2.608047e+00 1.522062e+00
862 2.604185e+00 1.517160e+00
863 2.598412e+00 1.507728e+00
864 2.559249e+00 1.496173e+00
865 2.562611e+00 1.495703e+00
866 2.562569e+00 1.489223e+00
867 2.565161e+00 1.484071e+00
868 2.565298e+00 1.484636e+00
869 2.558372e+00 1.473456e+00
870 2.577601e+00 1.479206e+00
871 2.578473e+00 1.471735e+00
872 2.570613e+00 1.464635e+00
873 2.611249e+00 1.526627e+00
874 2.632488e+00 1.532035e+00
875 2.630090e+00 1.506907e+00
876 2.617054e+00 1.480173e+00
877 2.622455e+00 1.483287e+00
878 2.623750e+00 1.471279e+00
879 2.651389e+00 1.407672e+00
880 2.670182e+00 1.435280e+00
881 2.671930e+00 1.434983e+00
882 2.700003e+00 1.426226e+00
883 2.699446e+00 1.425675e+00
884 2.671931e+00 1.451393e+00
885 2.629864e+00 1.460197e+00
886 2.621906e+00 1.468161e+00
887 2.652850e+00 1.432767e+00
888 2.651911e+00 1.434887e+00
889 2.639046e+00 1.445848e+00
890 2.637996e+00 1.449014e+00
891 2.597293e+00 1.465845e+00
892 2.595983e+00 1.467421e+00
893 2.617681e+00 1.515595e+00
894 2.623276e+00 1.549159e+00
895 2.603749e+00 1.552891e+00
896 2.588952e+00 1.564946e+00
897 2.589737e+00 1.567000e+00
898 2.590491e+00 1.568131e+00
899 2.593608e+00 1.571129e+00
900 2.564925e+00 1.532685e+00
901 2.530068e+00 1.540598e+00
902 2.538616e+00 1.561346e+00
903 2.529397e+00 1.576686e+00
904 2.530586e+00 1.578905e+00
905 2.530561e+00 1.578922e+00
906 2.569531e+00 1.590969e+00
907 2.567563e+00 1.562573e+00
908 2.558026e+00 1.531920e+00
909 2.548873e+00 1.550866e+00
910 2.597798e+00 1.545129e+00
911 2.597846e+00 1.543913e+00
912 2.617312e+00 1.561694e+00
913 2.625414e+00 1.579499e+00
914 2.613473e+00 1.604698e+00
915 2.608236e+00 1.599101e+00
916 2.607460e+00 1.586292e+00
917 2.637043e+00 1.591542e+00
918 2.637236e+00 1.584049e+00
919 2.620977e+00 1.591398e+00
920 2.625638e+00 1.593688e+00
921 2.566899e+00 1.600682e+00
922 2.561305e+00 1.602252e+00
923 2.561146e+00 1.602463e+00
924 2.570923e+00 1.587515e+00
925 2.542098e+00 1.591146e+00
926 2.550016e+00 1.585649e+00
927 2.537869e+00 1.583916e+00
928 2.525428e+00 1.581276e+00
929 2.524353e+00 1.539416e+00
930 2.480589e+00 1.561051e+00
931 2.479829e+00 1.561933e+00
932 2.484174e+00 1.560503e+00
933 2.488778e+00 1.559247e+00
934 2.479304e+00 1.590681e+00
935 2.483407e+00 1.591004e+00
936 2.482430e+00 1.583935e+00
937 2.465740e+00 1.593406e+00
938 2.464312e+00 1.594546e+00
939 2.463183e+00 1.592697e+00
940 2.474856e+00 1.608231e+00
941 2.483901e+00 1.612573e+00
942 2.465099e+00 1.641365e+00
943 2.465191e+00 1.640062e+00
944 2.547754e+00 1.644203e+00
945 2.551365e+00 1.646693e+00
946 2.541079e+00 1.668335e+00
947 2.554543e+00 1.657540e+00
948 2.556501e+00 1.654974e+00
949 2.558930e+00 1.653887e+00
950 2.537717e+00 1.637875e+00
951 2.540581e+00 1.631464e+00
952 2.540096e+00 1.632900e+00
953 2.482051e+00 1.619623e+00
954 2.475600e+00 1.631634e+00
955 2.396442e+00 1.585788e+00
956 2.414648e+00 1.519648e+00
957 2.414704e+00 1.519553e+00
958 2.425461e+00 1.510975e+00
959 2.427573e+00 1.508075e+00
960 2.423457e+00 1.502888e+00
961 2.435132e+00 1.493277e+00
962 2.436071e+00 1.491574e+00
963 2.369875e+00 1.471303e+00
964 2.371585e+00 1.469828e+00
965 2.372522e+00 1.469656e+00
966 2.443607e+00 1.491310e+00
967 2.446299e+00 1.483806e+00
968 2.473301e+00 1.487264e+00
969 2.494070e+00 1.461697e+00
970 2.504389e+00 1.424508e+00
971 2.492483e+00 1.412983e+00
972 2.486994e+00 1.415117e+00
973 2.495114e+00 1.414388e+00
974 2.498485e+00 1.405622e+00
975 2.501462e+00 1.408101e+00
976 2.527326e+00 1.417064e+00
977 2.513586e+00 1.399214e+00
978 2.509210e+00 1.390547e+00
979 2.509189e+00 1.391424e+00
980 2.508599e+00 1.434635e+00
981 2.504963e+00 1.437724e+00
982 2.444110e+00 1.429594e+00
983 2.477679e+00 1.442332e+00
984 2.477010e+00 1.474532e+00
985 2.493684e+00 1.462281e+00
986 2.496491e+00 1.458976e+00
987 2.492923e+00 1.455409e+00
988 2.442420e+00 1.449153e+00
989 2.445028e+00 1.451371e+00
990 2.385889e+00 1.422212e+00
991 2.388268e+00 1.427356e+00
992 2.402854e+00 1.411565e+00
993 2.430372e+00 1.416878e+00
994 2.411205e+00 1.386520e+00
995 2.410573e+00 1.387937e+00
996 2.388971e+00 1.336114e+00
997 2.389656e+00 1.328405e+00
998 2.391816e+00 1.315836e+00
999 2.391757e+00 1.303977e+00
1000 2.374076e+00 1.296011e+00
1001 2.371181e+00 1.294432e+00
1002 2.377426e+00 1.307453e+00
1003 2.376827e+00 1.304731e+00
1004 2.361122e+00 1.293997e+00
1005 2.355730e+00 1.303266e+00
1006 2.364721e+00 1.313633e+00
1007 2.352427e+00 1.266952e+00
1008 2.346864e+00 1.268181e+00
1009 2.336605e+00 1.265765e+00
1010 2.336136e+00 1.265125e+00
1011 2.299981e+00 1.220001e+00
1012 2.257575e+00 1.198992e+00
1013 2.248663e+00 1.204298e+00
1014 2.240518e+00 1.187333e+00
1015 2.232279e+00 1.169401e+00
1016 2.232208e+00 1.177507e+00
1017 2.233998e+00 1.167841e+00
1018 2.250617e+00 1.169129e+00
1019 2.268395e+00 1.160509e+00
1020 2.265528e+00 1.164642e+00
1021 2.266665e+00 1.168967e+00
1022 2.246930e+00 1.219762e+00
1023 2.251085e+00 1.214541e+00
1024 2.228341e+00 1.228473e+00
1025 2.233842e+00 1.229563e+00
1026 2.240653e+00 1.217362e+00
1027 2.244440e+00 1.214724e+00
1028 2.255790e+00 1.205898e+00
1029 2.260443e+00 1.200393e+00
1030 2.263403e+00 1.196990e+00
1031 2.280998e+00 1.182079e+00
1032 2.285577e+00 1.171561e+00
1033 2.329409e+00 1.175133e+00
1034 2.339684e+00 1.161003e+00
1035 2.347487e+00 1.162457e+00
1036 2.346752e+00 1.161651e+00
1037 2.348363e+00 1.160457e+00
1038 2.351099e+00 1.154294e+00
1039 2.356167e+00 1.159465e+00
1040 2.385359e+00 1.197467e+00
1041 2.354300e+00 1.128086e+00
1042 2.358920e+00 1.082511e+00
1043 2.369464e+00 1.095697e+00
1044 2.360189e+00 1.092976e+00
1045 2.362304e+00 1.087915e+00
1046 2.358347e+00 1.096774e+00
1047 2.364461e+00 1.079236e+00
1048 2.386811e+00 1.073730e+00
1049 2.386336e+00 1.067814e+00
1050 2.398436e+00 1.069809e+00
1051 2.407380e+00 1.071617e+00
1052 2.418025e+00 1.088700e+00
1053 2.425976e+00 1.093155e+00
1054 2.397520e+00 1.090575e+00
1055 2.411825e+00 1.090425e+00
1056 2.396767e+00 1.108143e+00
1057 2.402252e+00 1.072049e+00
1058 2.399361e+00 1.056999e+00
1059 2.396100e+00 1.063543e+00
1060 2.391005e+00 1.064137e+00
1061 2.391160e+00 1.064329e+00
1062 2.376135e+00 1.084918e+00
1063 2.372503e+00 1.084967e+00
1064 2.346949e+00 1.080357e+00
1065 2.352738e+00 1.054735e+00
1066 2.383306e+00 1.027318e+00
1067 2.389738e+00 1.022632e+00
1068 2.389010e+00 1.044358e+00
1069 2.399067e+00 1.054591e+00
1070 2.398614e+00 1.060016e+00
1071 2.430102e+00 1.033265e+00
1072 2.426884e+00 1.029485e+00
1073 2.444537e+00 1.013897e+00
1074 2.447332e+00 9.995184e-01
1075 2.446809e+00 1.000707e+00
1076 2.454676e+00 1.048220e+00
1077 2.450141e+00 1.052833e+00
1078 2.439992e+00 1.052919e+00
1079 2.402983e+00 1.057534e+00
1080 2.403397e+00 1.057260e+00
1081 2.398408e+00 1.059542e+00
1082 2.437610e+00 1.053145e+00
1083 2.445368e+00 1.050420e+00
1084 2.449348e+00 1.067462e+00
1085 2.471540e+00 1.069789e+00
1086 2.488070e+00 1.065975e+00
1087 2.490994e+00 1.064344e+00
1088 2.500024e+00 9.862683e-01
1089 2.509570e+00 9.839305e-01
1090 2.509360e+00 9.864741e-01
1091 2.518002e+00 9.700132e-01
1092 2.531872e+00 1.020011e+00
1093 2.537349e+00 1.030449e+00
1094 2.537368e+00 1.030407e+00
1095 2.536985e+00 1.030238e+00
1096 2.524120e+00 1.036237e+00
1097 2.514435e+00 1.030495e+00
1098 2.516670e+00 1.021884e+00
1099 2.487056e+00 1.038075e+00
1100 2.488069e+00 1.030780e+00
1101 2.478459e+00 1.029102e+00
1102 2.478380e+00 1.033694e+00
1103 2.486160e+00 1.034306e+00
1104 2.481448e+00 1.042642e+00
1105 2.484147e+00 1.004724e+00
1106 2.512478e+00 9.833744e-01
1107 2.522540e+00 9.130529e-01
1108 2.496373e+00 9.171268e-01
1109 2.483970e+00 9.369748e-01
1110 2.490884e+00 9.427271e-01
1111 2.464390e+00 1.006444e+00
1112 2.465689e+00 1.020817e+00
1113 2.462615e+00 1.018250e+00
1114 2.459457e+00 1.017553e+00
1115 2.461936e+00 1.007279e+00
1116 2.470809e+00 1.021736e+00
1117 2.473326e+00 1.025675e+00
1118 2.461224e+00 1.040846e+00
1119 2.464916e+00 1.027086e+00
1120 2.474763e+00 1.025506e+00
1121 2.479242e+00 1.034240e+00
1122 2.472974e+00 1.053108e+00
1123 2.459685e+00 1.044637e+00
1124 2.461540e+00 1.058567e+00
1125 2.466368e+00 1.043616e+00
1126 2.396476e+00 1.032572e+00
1127 2.393319e+00 1.032177e+00
1128 2.403830e+00 1.039550e+00
1129 2.403444e+00 1.041508e+00
1130 2.374320e+00 1.056908e+00
1131 2.379801e+00 1.074035e+00
1132 2.378594e+00 1.084939e+00
1133 2.368247e+00 1.105455e+00
1134 2.366445e+00 1.103937e+00
1135 2.416750e+00 9.635878e-01
1136 2.436979e+00 9.523807e-01
1137 2.461375e+00 9.409123e-01
1138 2.464922e+00 9.986753e-01
1139 2.480851e+00 9.979824e-01
1140 2.474889e+00 9.720500e-01
1141 2.489363e+00 9.848382e-01
1142 2.499337e+00 9.933700e-01
1143 2.497378e+00 9.996765e-01
1144 2.493828e+00 9.592760e-01
1145 2.486023e+00 9.692657e-01
1146 2.487361e+00 9.694604e-01
1147 2.481664e+00 9.602913e-01
1148 2.475601e+00 9.663633e-01
1149 2.474788e+00 9.699652e-01
1150 2.481028e+00 9.767989e-01
1151 2.453479e+00 9.653529e-01
1152 2.463179e+00 9.930970e-01
1153 2.467129e+00 1.000904e+00
1154 2.482650e+00 1.029899e+00
1155 2.476491e+00 1.019466e+00
1156 2.482444e+00 1.018095e+00
1157 2.532416e+00 1.011916e+00
1158 2.534131e+00 9.821992e-01
1159 2.541972e+00 1.007432e+00
1160 2.588962e+00 1.040403e+00
1161 2.587512e+00 1.046052e+00
1162 2.589488e+00 1.048178e+00
1163 2.546235e+00 1.091170e+00
1164 2.561886e+00 1.093907e+00
1165 2.561622e+00 1.094265e+00
1166 2.567686e+00 1.103161e+00
1167 2.569295e+00 1.101899e+00
1168 2.586951e+00 1.114222e+00
1169 2.577813e+00 1.117948e+00
1170 2.555306e+00 1.106809e+00
1171 2.528895e+00 1.126273e+00
1172 2.531494e+00 1.124017e+00
1173 2.532081e+00 1.130146e+00
1174 2.534190e+00 1.130696e+00
1175 2.554398e+00 1.121517e+00
1176 2.572700e+00 1.135645e+00
1177 2.561113e+00 1.129871e+00
1178 2.555295e+00 1.118151e+00
1179 2.567717e+00 1.076761e+00
1180 2.533361e+00 1.082595e+00
1181 2.542558e+00 1.064572e+00
1182 2.534644e+00 1.063117e+00
1183 2.549455e+00 1.076494e+00
1184 2.540409e+00 1.088985e+00
1185 2.480282e+00 1.102025e+00
1186 2.458197e+00 1.093824e+00
1187 2.491341e+00 1.157379e+00
1188 2.491393e+00 1.157529e+00
1189 2.496858e+00 1.152018e+00
1190 2.463651e+00 1.154765e+00
1191 2.475681e+00 1.163519e+00
1192 2.463409e+00 1.174488e+00
1193 2.470798e+00 1.195318e+00
1194 2.478073e+00 1.208844e+00
1195 2.497896e+00 1.185841e+00
1196 2.502790e+00 1.205157e+00
1197 2.512920e+00 1.239702e+00
1198 2.518608e+00 1.234048e+00
1199 2.499716e+00 1.231050e+00
1200 2.442905e+00 1.223899e+00
1201 2.441511e+00 1.224414e+00
1202 2.441410e+00 1.225277e+00
1203 2.438075e+00 1.218800e+00
1204 2.437587e+00 1.217063e+00
1205 2.413505e+00 1.206098e+00
1206 2.413600e+00 1.203504e+00
1207 2.408406e+00 1.201331e+00
1208 2.394262e+00 1.204777e+00
1209 2.392811e+00 1.177060e+00
1210 2.409495e+00 1.216031e+00
1211 2.422913e+00 1.209498e+00
1212 2.440959e+00 1.229447e+00
1213 2.442579e+00 1.231393e+00
1214 2.459884e+00 1.219237e+00
1215 2.453937e+00 1.203284e+00
1216 2.498063e+00 1.250629e+00
1217 2.533553e+00 1.273829e+00
1218 2.526929e+00 1.270484e+00
1219 2.527072e+00 1.265399e+00
1220 2.482054e+00 1.281910e+00
1221 2.499426e+00 1.317740e+00
1222 2.502324e+00 1.331593e+00
1223 2.518742e+00 1.298288e+00
1224 2.543783e+00 1.287737e+00
1225 2.508194e+00 1.255704e+00
1226 2.502542e+00 1.262202e+00
1227 2.510361e+00 1.254381e+00
1228 2.510519e+00 1.253184e+00
1229 2.506449e+00 1.248219e+00
1230 2.484320e+00 1.268447e+00
1231 2.485424e+00 1.269216e+00
1232 2.538258e+00 1.271586e+00
1233 2.548314e+00 1.284415e+00
1234 2.495063e+00 1.274938e+00
1235 2.481943e+00 1.296392e+00
1236 2.496117e+00 1.313980e+00
1237 2.500486e+00 1.294232e+00
1238 2.497924e+00 1.295123e+00
1239 2.524282e+00 1.293888e+00
1240 2.541597e+00 1.310047e+00
1241 2.591343e+00 1.273569e+00
1242 2.572590e+00 1.276501e+00
1243 2.584314e+00 1.271193e+00
1244 2.585423e+00 1.272385e+00
1245 2.619633e+00 1.282040e+00
1246 2.616787e+00 1.294048e+00
1247 2.529569e+00 1.266216e+00
1248 2.527683e+00 1.269026e+00
1249 2.523598e+00 1.256542e+00
1250 2.525081e+00 1.258058e+00
1251 2.523266e+00 1.285554e+00
1252 2.521207e+00 1.284768e+00
1253 2.499699e+00 1.193913e+00
1254 2.524898e+00 1.220949e+00
1255 2.529076e+00 1.213162e+00
1256 2.505016e+00 1.178854e+00
1257 2.495459e+00 1.197921e+00
1258 2.518388e+00 1.197604e+00
1259 2.515048e+00 1.191215e+00
1260 2.506821e+00 1.182237e+00
1261 2.512902e+00 1.223577e+00
1262 2.510996e+00 1.222408e+00
1263 2.559875e+00 1.207910e+00
1264 2.563064e+00 1.207805e+00
1265 2.565499e+00 1.207175e+00
1266 2.569852e+00 1.201302e+00
1267 2.567687e+00 1.200426e+00
1268 2.569429e+00 1.202803e+00
1269 2.579838e+00 1.207413e+00
1270 2.585170e+00 1.202390e+00
1271 2.575961e+00 1.219360e+00
1272 2.538456e+00 1.193496e+00
1273 2.551120e+00 1.183233e+00
1274 2.548065e+00 1.140175e+00
1275 2.546494e+00 1.133960e+00
1276 2.543054e+00 1.129692e+00
1277 2.520296e+00 1.116887e+00
1278 2.535273e+00 1.173362e+00
1279 2.616008e+00 1.093827e+00
1280 2.578221e+00 1.097775e+00
1281 2.579842e+00 1.095218e+00
1282 2.577693e+00 1.095325e+00
1283 2.576656e+00 1.091887e+00
1284 2.575743e+00 1.091277e+00
1285 2.575416e+00 1.095831e+00
1286 2.556523e+00 1.101355e+00
1287 2.541815e+00 1.111868e+00
1288 2.535561e+00 1.112292e+00
1289 2.512557e+00 1.093255e+00
1290 2.542312e+00 1.091386e+00
1291 2.536883e+00 1.088359e+00
1292 2.540846e+00 1.091578e+00
1293 2.545296e+00 1.158109e+00
1294 2.535442e+00 1.144997e+00
1295 2.503148e+00 1.161097e+00
1296 2.503772e+00 1.171358e+00
1297 2.510122e+00 1.169820e+00
1298 2.510862e+00 1.153786e+00
1299 2.510872e+00 1.154119e+00
1300 2.504262e+00 1.143937e+00
1301 2.518207e+00 1.150315e+00
1302 2.519894e+00 1.149094e+00
1303 2.520679e+00 1.149596e+00
1304 2.530565e+00 1.140837e+00
1305 2.534753e+00 1.135944e+00
1306 2.532018e+00 1.122252e+00
1307 2.523690e+00 1.139419e+00
1308 2.538638e+00 1.080221e+00
1309 2.545313e+00 1.082382e+00
1310 2.545305e+00 1.077782e+00
1311 2.545618e+00 1.077711e+00
1312 2.503595e+00 1.061339e+00
1313 2.493503e+00 1.059702e+00
1314 2.513964e+00 1.097437e+00
1315 2.496183e+00 1.103106e+00
1316 2.513938e+00 1.092727e+00
1317 2.505344e+00 1.080226e+00
1318 2.517879e+00 1.088230e+00
1319 2.521500e+00 1.084843e+00
1320 2.544047e+00 1.055486e+00
1321 2.546378e+00 1.053932e+00
1322 2.545677e+00 1.056512e+00
1323 2.547348e+00 1.081719e+00
1324 2.515430e+00 1.064138e+00
1325 2.528618e+00 1.033294e+00
1326 2.536521e+00 1.043963e+00
1327 2.549416e+00 1.055843e+00
1328 2.553015e+00 1.034893e+00
1329 2.545771e+00 1.032217e+00
1330 2.546192e+00 9.957669e-01
1331 2.543639e+00 9.999153e-01
1332 2.558756e+00 9.605565e-01
1333 2.560853e+00 9.628192e-01
1334 2.568113e+00 9.791971e-01
1335 2.556889e+00 9.750709e-01
1336 2.572767e+00 9.718968e-01
1337 2.578802e+00 9.718408e-01
1338 2.579400e+00 9.811274e-01
1339 2.556324e+00 1.006481e+00
1340 2.503074e+00 1.027654e+00
1341 2.502851e+00 1.029184e+00
1342 2.525473e+00 1.002275e+00
1343 2.523789e+00 1.000720e+00
1344 2.530266e+00 1.014047e+00
1345 2.566357e+00 1.022396e+00
1346 2.571445e+00 1.021765e+00
1347 2.550636e+00 9.822331e-01
1348 2.549909e+00 9.819477e-01
1349 2.571540e+00 9.992152e-01
1350 2.535479e+00 1.001999e+00
1351 2.536061e+00 1.002670e+00
1352 2.536241e+00 1.020381e+00
1353 2.534385e+00 1.017756e+00
1354 2.525943e+00 1.015141e+00
1355 2.535028e+00 1.023496e+00
1356 2.498928e+00 1.045349e+00
1357 2.489755e+00 1.058706e+00
1358 2.482981e+00 1.056620e+00
1359 2.454155e+00 1.065924e+00
1360 2.470205e+00 1.080569e+00
1361 2.457314e+00 1.088708e+00
1362 2.453757e+00 1.087576e+00
1363 2.447997e+00 1.091523e+00
1364 2.445134e+00 1.092799e+00
1365 2.443405e+00 1.054977e+00
1366 2.445396e+00 1.077407e+00
1367 2.400817e+00 1.125174e+00
1368 2.374606e+00 1.108814e+00
1369 2.373745e+00 1.108702e+00
1370 2.400714e+00 1.107205e+00
1371 2.399470e+00 1.105965e+00
1372 2.399317e+00 1.114586e+00
1373 2.441583e+00 1.158140e+00
1374 2.446363e+00 1.155793e+00
1375 2.446836e+00 1.154811e+00
1376 2.453088e+00 1.148344e+00
1377 2.478097e+00 1.144191e+00
1378 2.464900e+00 1.153919e+00
1379 2.476556e+00 1.156730e+00
1380 2.480328e+00 1.150886e+00
1381 2.483476e+00 1.142744e+00
1382 2.483527e+00 1.142377e+00
1383 2.473855e+00 1.172905e+00
1384 2.489462e+00 1.196388e+00
1385 2.487018e+00 1.197908e+00
1386 2.523830e+00 1.197780e+00
1387 2.522669e+00 1.205573e+00
1388 2.546405e+00 1.232552e+00
1389 2.570569e+00 1.260288e+00
1390 2.573367e+00 1.256871e+00
1391 2.565853e+00 1.259466e+00
1392 2.563540e+00 1.250729e+00
1393 2.560282e+00 1.246951e+00
1394 2.556076e+00 1.245855e+00
1395 2.501905e+00 1.262732e+00
1396 2.505501e+00 1.250912e+00
1397 2.505132e+00 1.334830e+00
1398 2.469740e+00 1.289011e+00
1399 2.457529e+00 1.298946e+00
1400 2.450419e+00 1.413758e+00
1401 2.454865e+00 1.411615e+00
1402 2.450827e+00 1.410066e+00
1403 2.462013e+00 1.404841e+00
1404 2.506691e+00 1.398760e+00
1405 2.504955e+00 1.402716e+00
1406 2.479322e+00 1.388985e+00
1407 2.476995e+00 1.385772e+00
1408 2.475134e+00 1.381888e+00
1409 2.468111e+00 1.378646e+00
1410 2.469711e+00 1.381202e+00
1411 2.414223e+00 1.295915e+00
1412 2.418943e+00 1.319601e+00
1413 2.419183e+00 1.312962e+00
1414 2.468187e+00 1.358298e+00
1415 2.466174e+00 1.337194e+00
1416 2.478522e+00 1.368317e+00
1417 2.478888e+00 1.376520e+00
1418 2.478082e+00 1.375467e+00
1419 2.468873e+00 1.387129e+00
1420 2.481367e+00 1.371122e+00
1421 2.479804e+00 1.376605e+00
1422 2.463361e+00 1.365428e+00
1423 2.466975e+00 1.345969e+00
1424 2.466822e+00 1.345796e+00
1425 2.468871e+00 1.357590e+00
1426 2.440234e+00 1.354879e+00
1427 2.579531e+00 1.353867e+00
1428 2.574915e+00 1.351378e+00
1429 2.586067e+00 1.328992e+00
1430 2.578653e+00 1.324746e+00
1431 2.592678e+00 1.282719e+00
1432 2.580272e+00 1.279803e+00
1433 2.535347e+00 1.281610e+00
1434 2.532505e+00 1.271770e+00
1435 2.525255e+00 1.288498e+00
1436 2.557062e+00 1.289473e+00
1437 2.552998e+00 1.292762e+00
1438 2.553356e+00 1.277768e+00
1439 2.497569e+00 1.299356e+00
1440 2.509835e+00 1.296872e+00
1441 2.510061e+00 1.299353e+00
1442 2.578270e+00 1.350262e+00
1443 2.564447e+00 1.406304e+00
1444 2.527384e+00 1.432728e+00
1445 2.532717e+00 1.424486e+00
1446 2.532276e+00 1.424889e+00
1447 2.530171e+00 1.437975e+00
1448 2.527353e+00 1.438394e+00
1449 2.515601e+00 1.464914e+00
1450 2.499333e+00 1.442548e+00
1451 2.519417e+00 1.421776e+00
1452 2.579488e+00 1.398065e+00
1453 2.588262e+00 1.390502e+00
1454 2.601486e+00 1.386352e+00
1455 2.615960e+00 1.391308e+00
1456 2.614807e+00 1.390749e+00
1457 2.610821e+00 1.374902e+00
1458 2.607195e+00 1.371132e+00
1459 2.602323e+00 1.374847e+00
1460 2.614297e+00 1.384541e+00
1461 2.592260e+00 1.348297e+00
1462 2.575426e+00 1.342465e+00
1463 2.574173e+00 1.342862e+00
1464 2.573449e+00 1.342717e+00
1465 2.614810e+00 1.343190e+00
1466 2.630353e+00 1.332927e+00
1467 2.626435e+00 1.336323e+00
1468 2.632829e+00 1.345896e+00
1469 2.636826e+00 1.346759e+00
1470 2.705553e+00 1.354125e+00
1471 2.707441e+00 1.360582e+00
1472 2.691654e+00 1.358234e+00
1473 2.677526e+00 1.371899e+00
1474 2.677231e+00 1.388272e+00
1475 2.679561e+00 1.369625e+00
1476 2.673416e+00 1.345053e+00
1477 2.681081e+00 1.364986e+00
1478 2.713271e+00 1.358533e+00
1479 2.697792e+00 1.316902e+00
1480 2.693823e+00 1.328178e+00
1481 2.699453e+00 1.300666e+00
1482 2.725347e+00 1.299755e+00
1483 2.724480e+00 1.297579e+00
1484 2.729815e+00 1.295222e+00
1485 2.729019e+00 1.296551e+00
1486 2.729033e+00 1.299537e+00
1487 2.728320e+00 1.300545e+00
1488 2.761385e+00 1.299000e+00
1489 2.768411e+00 1.306485e+00
1490 2.757777e+00 1.296240e+00
1491 2.757199e+00 1.296662e+00
1492 2.762716e+00 1.289234e+00
1493 2.744503e+00 1.293185e+00
1494 2.739217e+00 1.297242e+00
1495 2.695686e+00 1.306433e+00
1496 2.677498e+00 1.267734e+00
1497 2.677156e+00 1.249455e+00
1498 2.705671e+00 1.280624e+00
1499 2.715722e+00 1.278238e+00
1500 2.713954e+00 1.247571e+00
1501 2.710684e+00 1.246020e+00
1502 2.714505e+00 1.249495e+00
1503 2.709211e+00 1.270050e+00
1504 2.728607e+00 1.249355e+00
1505 2.727774e+00 1.249659e+00
1506 2.729537e+00 1.253706e+00
1507 2.729216e+00 1.251503e+00
1508 2.717533e+00 1.221195e+00
1509 2.717582e+00 1.217195e+00
1510 2.738167e+00 1.212336e+00
1511 2.675782e+00 1.241144e+00
1512 2.676897e+00 1.241215e+00
1513 2.681872e+00 1.237018e+00
1514 2.669442e+00 1.247210e+00
1515 2.674943e+00 1.229787e+00
1516 2.673256e+00 1.214448e+00
1517 2.684622e+00 1.219761e+00
1518 2.684401e+00 1.219553e+00
1519 2.719957e+00 1.222289e+00
1520 2.698513e+00 1.202307e+00
1521 2.702529e+00 1.210320e+00
1522 2.686951e+00 1.263315e+00
1523 2.697660e+00 1.262641e+00
1524 2.709021e+00 1.277494e+00
1525 2.722339e+00 1.292826e+00
1526 2.685333e+00 1.284220e+00
1527 2.687264e+00 1.285656e+00
1528 2.687415e+00 1.282734e+00
1529 2.693010e+00 1.246088e+00
1530 2.694600e+00 1.244471e+00
1531 2.707342e+00 1.241065e+00
1532 2.716664e+00 1.227972e+00
1533 2.716835e+00 1.221014e+00
1534 2.718517e+00 1.216337e+00
1535 2.704284e+00 1.259237e+00
1536 2.705519e+00 1.257609e+00
1537 2.707300e+00 1.277068e+00
1538 2.701606e+00 1.272746e+00
1539 2.700935e+00 1.272684e+00
1540 2.759258e+00 1.261408e+00
1541 2.789897e+00 1.292008e+00
1542 2.721664e+00 1.289198e+00
1543 2.691543e+00 1.273087e+00
1544 2.710551e+00 1.292304e+00
1545 2.710362e+00 1.292564e+00
1546 2.671238e+00 1.309435e+00
1547 2.663520e+00 1.325911e+00
1548 2.723750e+00 1.328605e+00
1549 2.641394e+00 1.373487e+00
1550 2.645621e+00 1.372042e+00
1551 2.643296e+00 1.365311e+00
1552 2.666805e+00 1.390078e+00
1553 2.665548e+00 1.388520e+00
1554 2.669628e+00 1.412548e+00
1555 2.661264e+00 1.415580e+00
1556 2.671937e+00 1.440454e+00
1557 2.671662e+00 1.428816e+00
1558 2.667882e+00 1.429128e+00
1559 2.671166e+00 1.423821e+00
1560 2.673608e+00 1.427128e+00
1561 2.671380e+00 1.429437e+00
1562 2.646723e+00 1.440463e+00
1563 2.605904e+00 1.436566e+00
1564 2.607979e+00 1.435034e+00
1565 2.610921e+00 1.421832e+00
1566 2.621030e+00 1.413753e+00
1567 2.618949e+00 1.446567e+00
1568 2.588872e+00 1.452311e+00
1569 2.557384e+00 1.460904e+00
1570 2.559389e+00 1.466462e+00
1571 2.519585e+00 1.490415e+00
1572 2.516371e+00 1.494039e+00
1573 2.464628e+00 1.416473e+00
1574 2.460372e+00 1.418800e+00
1575 2.489264e+00 1.439324e+00
1576 2.490627e+00 1.425175e+00
1577 2.494279e+00 1.424391e+00
1578 2.511706e+00 1.426244e+00
1579 2.515722e+00 1.376199e+00
1580 2.516219e+00 1.375705e+00
1581 2.517154e+00 1.370063e+00
1582 2.533593e+00 1.375781e+00
1583 2.519843e+00 1.356882e+00
1584 2.521129e+00 1.357907e+00
1585 2.521816e+00 1.358400e+00
1586 2.520762e+00 1.351520e+00
1587 2.513830e+00 1.340683e+00
1588 2.513492e+00 1.349676e+00
1589 2.513490e+00 1.348640e+00
1590 2.429222e+00 1.289577e+00
1591 2.428742e+00 1.281224e+00
1592 2.411208e+00 1.302955e+00
1593 2.411343e+00 1.302658e+00
1594 2.404844e+00 1.304715e+00
1595 2.394122e+00 1.313845e+00
1596 2.389887e+00 1.315564e+00
1597 2.389655e+00 1.315422e+00
1598 2.365947e+00 1.304069e+00
1599 2.378502e+00 1.306009e+00
1600 2.391651e+00 1.301284e+00
1601 2.389868e+00 1.300950e+00
1602 2.389350e+00 1.298275e+00
1603 2.395785e+00 1.301688e+00
1604 2.395315e+00 1.331829e+00
1605 2.396105e+00 1.326360e+00
1606 2.417382e+00 1.338599e+00
1607 2.409192e+00 1.360277e+00
1608 2.409176e+00 1.360413e+00
1609 2.408582e+00 1.360454e+00
1610 2.427565e+00 1.357355e+00
1611 2.405159e+00 1.352246e+00
1612 2.418882e+00 1.325478e+00
1613 2.489143e+00 1.315385e+00
1614 2.511887e+00 1.341805e+00
1615 2.511328e+00 1.366572e+00
1616 2.511266e+00 1.382618e+00
1617 2.521657e+00 1.363009e+00
1618 2.532462e+00 1.369798e+00
1619 2.529216e+00 1.353181e+00
1620 2.530970e+00 1.362719e+00
1621 2.510606e+00 1.370386e+00
1622 2.511996e+00 1.370898e+00
1623 2.515250e+00 1.372161e+00
1624 2.520302e+00 1.347639e+00
1625 2.494713e+00 1.375691e+00
1626 2.488720e+00 1.360240e+00
1627 2.487020e+00 1.359346e+00
1628 2.489274e+00 1.365102e+00
1629 2.476398e+00 1.388146e+00
1630 2.482392e+00 1.387041e+00
1631 2.490182e+00 1.384520e+00
1632 2.500229e+00 1.388662e+00
1633 2.486174e+00 1.372182e+00
1634 2.485059e+00 1.373590e+00
1635 2.490149e+00 1.410477e+00
1636 2.497730e+00 1.423869e+00
1637 2.459784e+00 1.406540e+00
1638 2.457360e+00 1.405647e+00
1639 2.454951e+00 1.403867e+00
1640 2.477230e+00 1.418338e+00
1641 2.476865e+00 1.411689e+00
1642 2.497787e+00 1.412060e+00
1643 2.482436e+00 1.361245e+00
1644 2.490501e+00 1.354427e+00
1645 2.512924e+00 1.349901e+00
1646 2.511030e+00 1.350337e+00
1647 2.511123e+00 1.350127e+00
1648 2.517448e+00 1.337552e+00
1649 2.530839e+00 1.337285e+00
1650 2.533076e+00 1.337787e+00
1651 2.520823e+00 1.273834e+00
1652 2.520800e+00 1.274379e+00
1653 2.481493e+00 1.195926e+00
1654 2.482481e+00 1.197149e+00
1655 2.495822e+00 1.204339e+00
1656 2.492214e+00 1.181926e+00
1657 2.471537e+00 1.181556e+00
1658 2.491888e+00 1.191139e+00
1659 2.492324e+00 1.193036e+00
1660 2.478690e+00 1.211781e+00
1661 2.479652e+00 1.215495e+00
1662 2.557404e+00 1.204311e+00
1663 2.557793e+00 1.203293e+00
1664 2.555072e+00 1.147529e+00
1665 2.585024e+00 1.155679e+00
1666 2.579547e+00 1.172725e+00
1667 2.553393e+00 1.153086e+00
1668 2.547642e+00 1.142038e+00
1669 2.542241e+00 1.135456e+00
1670 2.571926e+00 1.127825e+00
1671 2.558285e+00 1.134003e+00
1672 2.647694e+00 1.105717e+00
1673 2.649571e+00 1.105536e+00
1674 2.653714e+00 1.095484e+00
1675 2.731543e+00 1.093574e+00
1676 2.784601e+00 1.114984e+00
1677 2.783883e+00 1.112950e+00
1678 2.779196e+00 1.126100e+00
1679 2.771767e+00 1.119731e+00
1680 2.759532e+00 1.134057e+00
1681 2.785143e+00 1.151853e+00
1682 2.760362e+00 1.161727e+00
1683 2.767898e+00 1.149634e+00
1684 2.776163e+00 1.136266e+00
1685 2.779564e+00 1.128697e+00
1686 2.778631e+00 1.123183e+00
1687 2.779084e+00 1.126170e+00
1688 2.775187e+00 1.119940e+00
1689 2.765479e+00 1.125219e+00
1690 2.793685e+00 1.114414e+00
1691 2.789315e+00 1.102644e+00
1692 2.804509e+00 1.119593e+00
1693 2.797590e+00 1.121310e+00
1694 2.795976e+00 1.127246e+00
1695 2.796944e+00 1.126917e+00
1696 2.800365e+00 1.123387e+00
1697 2.765958e+00 1.085415e+00
1698 2.759566e+00 1.080767e+00
1699 2.769853e+00 1.094735e+00
1700 2.745479e+00 1.100128e+00
1701 2.758998e+00 1.128713e+00
1702 2.778170e+00 1.142610e+00
1703 2.777323e+00 1.142403e+00
1704 2.781202e+00 1.158717e+00
1705 2.738238e+00 1.148145e+00
1706 2.698363e+00 1.139643e+00
1707 2.712781e+00 1.146310e+00
1708 2.725001e+00 1.144708e+00
1709 2.724552e+00 1.152309e+00
1710 2.730651e+00 1.158151e+00
1711 2.743070e+00 1.181401e+00
1712 2.718491e+00 1.156747e+00
1713 2.715886e+00 1.154376e+00
1714 2.702844e+00 1.191301e+00
1715 2.696587e+00 1.181904e+00
1716 2.720582e+00 1.177702e+00
1717 2.733627e+00 1.174520e+00
1718 2.763873e+00 1.176647e+00
1719 2.760147e+00 1.178721e+00
1720 2.760625e+00 1.168892e+00
1721 2.762709e+00 1.157556e+00
1722 2.751113e+00 1.145393e+00
1723 2.754166e+00 1.146545e+00
1724 2.696479e+00 1.116307e+00
1725 2.695975e+00 1.115657e+00
1726 2.695902e+00 1.099399e+00
1727 2.686906e+00 1.060291e+00
1728 2.678542e+00 1.067582e+00
1729 2.676672e+00 1.049573e+00
1730 2.673093e+00 1.091477e+00
1731 2.636290e+00 1.097665e+00
1732 2.635019e+00 1.084880e+00
1733 2.632989e+00 1.090752e+00
1734 2.629115e+00 1.096696e+00
1735 2.604876e+00 1.110458e+00
1736 2.600430e+00 1.109483e+00
1737 2.556191e+00 1.051060e+00
1738 2.556079e+00 1.051171e+00
1739 2.574696e+00 1.052336e+00
1740 2.576596e+00 1.049347e+00
1741 2.568459e+00 1.070366e+00
1742 2.569360e+00 1.070421e+00
1743 2.581058e+00 1.045229e+00
1744 2.581254e+00 1.044637e+00
1745 2.607573e+00 1.041538e+00
1746 2.607676e+00 1.041521e+00
1747 2.602676e+00 1.004655e+00
1748 2.602537e+00 1.004324e+00
1749 2.597828e+00 1.007911e+00
1750 2.597680e+00 1.007854e+00
1751 2.582064e+00 9.790794e-01
1752 2.568033e+00 9.627178e-01
1753 2.567277e+00 9.608686e-01
1754 2.571415e+00 9.749679e-01
1755 2.566462e+00 9.697131e-01
1756 2.563318e+00 9.679398e-01
1757 2.572189e+00 9.829585e-01
1758 2.589059e+00 9.663132e-01
1759 2.593105e+00 9.696677e-01
1760 2.569427e+00 9.546348e-01
1761 2.569852e+00 9.552981e-01
1762 2.566742e+00 9.532310e-01
1763 2.553809e+00 9.502620e-01
1764 2.556647e+00 9.333936e-01
1765 2.541919e+00 9.148401e-01
1766 2.541890e+00 9.144118e-01
1767 2.550226e+00 9.177799e-01
1768 2.551575e+00 8.876063e-01
1769 2.525722e+00 8.693252e-01
1770 2.511021e+00 8.660066e-01
1771 2.597013e+00 9.278819e-01
1772 2.593962e+00 9.263198e-01
1773 2.589824e+00 9.147260e-01
1774 2.558843e+00 9.427190e-01
1775 2.548589e+00 9.449718e-01
1776 2.559152e+00 9.423241e-01
1777 2.558437e+00 9.382651e-01
1778 2.546387e+00 9.284449e-01
1779 2.545226e+00 9.292253e-01
1780 2.547040e+00 9.038900e-01
1781 2.532822e+00 9.404040e-01
1782 2.526576e+00 9.399042e-01
1783 2.529750e+00 9.386783e-01
1784 2.522165e+00 9.445631e-01
1785 2.542824e+00 9.386697e-01
1786 2.498993e+00 9.315310e-01
1787 2.504449e+00 9.275213e-01
1788 2.504487e+00 9.276916e-01
1789 2.514299e+00 9.305147e-01
1790 2.514276e+00 9.304277e-01
1791 2.504097e+00 8.854699e-01
1792 2.504005e+00 8.815607e-01
1793 2.487520e+00 8.793940e-01
1794 2.492149e+00 8.590102e-01
1795 2.487073e+00 8.555026e-01
1796 2.509202e+00 8.266451e-01
1797 2.516590e+00 8.437583e-01
1798 2.503702e+00 8.521689e-01
1799 2.527744e+00 8.398211e-01
1800 2.533656e+00 8.416425e-01
1801 2.534237e+00 8.420181e-01
1802 2.531800e+00 8.453801e-01
1803 2.544498e+00 8.174302e-01
1804 2.544488e+00 8.174970e-01
1805 2.539886e+00 8.223427e-01
1806 2.549488e+00 8.166322e-01
1807 2.547655e+00 8.141824e-01
1808 2.549374e+00 7.944431e-01
1809 2.561265e+00 7.876200e-01
1810 2.565369e+00 7.847410e-01
1811 2.583866e+00 7.723997e-01
1812 2.581090e+00 7.590348e-01
1813 2.581093e+00 7.588452e-01
1814 2.594045e+00 7.702163e-01
1815 2.594600e+00 7.794976e-01
1816 2.609019e+00 7.634216e-01
1817 2.588694e+00 7.525460e-01
1818 2.576336e+00 7.514398e-01
1819 2.570327e+00 7.427765e-01
1820 2.570139e+00 7.475444e-01
1821 2.570949e+00 7.472851e-01
1822 2.572763e+00 7.448792e-01
1823 2.575706e+00 7.405431e-01
1824 2.630144e+00 7.003823e-01
1825 2.634764e+00 6.771718e-01
1826 2.635462e+00 6.725316e-01
1827 2.630347e+00 6.757347e-01
1828 2.628982e+00 6.795402e-01
1829 2.617747e+00 6.945327e-01
1830 2.636159e+00 7.207352e-01
1831 2.638374e+00 7.241941e-01
1832 2.635698e+00 7.349279e-01
1833 2.642447e+00 7.263930e-01
1834 2.629707e+00 6.790246e-01
1835 2.637453e+00 6.851356e-01
1836 2.723242e+00 5.733175e-01
1837 2.717326e+00 5.719413e-01
1838 2.711829e+00 5.386768e-01
1839 2.725769e+00 5.082129e-01
1840 2.709269e+00 5.187811e-01
1841 2.717141e+00 5.099843e-01
1842 2.730519e+00 5.145763e-01
1843 2.726299e+00 5.096878e-01
1844 2.788748e+00 5.299408e-01
1845 2.806399e+00 5.075062e-01
1846 2.806008e+00 5.076290e-01
1847 2.809770e+00 5.071688e-01
1848 2.819014e+00 5.187551e-01
1849 2.814266e+00 5.192088e-01
1850 2.814021e+00 5.185917e-01
1851 2.807174e+00 5.265315e-01
1852 2.810774e+00 5.264087e-01
1853 2.789484e+00 5.306630e-01
1854 2.796535e+00 5.097550e-01
1855 2.810784e+00 5.073547e-01
1856 2.865949e+00 4.909284e-01
1857 2.866566e+00 4.911771e-01
1858 2.847176e+00 5.298712e-01
1859 2.846948e+00 5.293939e-01
1860 2.857794e+00 5.218019e-01
1861 2.847570e+00 5.369846e-01
1862 2.829117e+00 5.650902e-01
1863 2.838918e+00 5.712649e-01
1864 2.837914e+00 5.654997e-01
1865 2.831154e+00 5.646077e-01
1866 2.824871e+00 5.421615e-01
1867 2.832732e+00 5.341516e-01
1868 2.837886e+00 5.337875e-01
1869 2.884655e+00 5.464944e-01
1870 2.892933e+00 5.277015e-01
1871 2.900982e+00 5.206420e-01
1872 2.905568e+00 5.136523e-01
1873 2.946414e+00 5.198456e-01
1874 2.965171e+00 5.174051e-01
1875 2.965347e+00 5.152096e-01
1876 2.955060e+00 4.698791e-01
1877 2.954582e+00 4.719528e-01
1878 2.908675e+00 4.846994e-01
1879 2.903189e+00 4.817323e-01
1880 2.888950e+00 5.045759e-01
1881 2.864908e+00 4.998516e-01
1882 2.885901e+00 4.933018e-01
1883 2.895204e+00 4.719954e-01
1884 2.893758e+00 4.802160e-01
1885 2.888591e+00 4.749726e-01
1886 2.877997e+00 4.752910e-01
1887 2.877024e+00 4.760753e-01
1888 2.890901e+00 4.768472e-01
1889 2.874806e+00 4.333066e-01
1890 2.870113e+00 4.377744e-01
1891 2.869127e+00 4.229135e-01
1892 2.865432e+00 4.236461e-01
1893 2.860820e+00 3.965058e-01
1894 2.864485e+00 3.974004e-01
1895 2.876006e+00 3.927197e-01
1896 2.878212e+00 3.892408e-01
1897 2.871779e+00 3.426267e-01
1898 2.868546e+00 3.414426e-01
1899 2.868840e+00 3.330686e-01
1900 2.867489e+00 3.415048e-01
1901 2.900330e+00 3.493468e-01
1902 2.903475e+00 3.241035e-01
1903 2.918508e+00 3.244109e-01
1904 2.918871e+00 3.257340e-01
1905 2.928508e+00 3.460920e-01
1906 2.930711e+00 3.388093e-01
1907 2.937112e+00 3.401019e-01
1908 2.940568e+00 3.360424e-01
1909 2.947643e+00 3.341900e-01
1910 2.959505e+00 3.533300e-01
1911 2.954434e+00 3.661511e-01
1912 2.946621e+00 3.598627e-01
1913 2.944994e+00 3.325889e-01
1914 2.927192e+00 3.174592e-01
1915 2.934561e+00 3.173505e-01
1916 2.939172e+00 3.055526e-01
1917 2.909648e+00 2.533035e-01
1918 2.919732e+00 2.647773e-01
1919 2.920077e+00 2.651306e-01
1920 2.928010e+00 2.614581e-01
1921 2.903514e+00 2.565202e-01
1922 2.888356e+00 2.347342e-01
1923 2.856086e+00 2.316649e-01
1924 2.853954e+00 2.140555e-01
1925 2.853928e+00 2.187092e-01
1926 2.848802e+00 2.244165e-01
1927 2.870100e+00 1.683700e-01
1928 2.869296e+00 1.682478e-01
1929 2.854563e+00 1.676570e-01
1930 2.854550e+00 1.674590e-01
1931 2.873959e+00 1.867811e-01
1932 2.872404e+00 1.843279e-01
1933 2.872814e+00 1.838825e-01
1934 2.866108e+00 1.704831e-01
1935 2.854598e+00 1.607300e-01
1936 2.838481e+00 1.552474e-01
1937 2.851077e+00 1.445424e-01
1938 2.836455e+00 1.416346e-01
1939 2.859063e+00 1.073373e-01
1940 2.871658e+00 8.274813e-02
1941 2.872287e+00 8.276559e-02
1942 2.877459e+00 9.726833e-02
1943 2.855583e+00 1.114838e-01
1944 2.851561e+00 1.140313e-01
1945 2.855395e+00 1.022605e-01
1946 2.850420e+00 9.228127e-02
1947 2.853463e+00 1.178426e-01
1948 2.849583e+00 1.066712e-01
1949 2.855096e+00 1.097345e-01
1950 2.855146e+00 1.193913e-01
1951 2.927053e+00 1.750421e-01
1952 2.927507e+00 1.761314e-01
1953 2.925417e+00 1.761043e-01
1954 2.918545e+00 1.770618e-01
1955 2.916022e+00 1.668588e-01
1956 2.914254e+00 1.676383e-01
1957 2.932157e+00 1.648825e-01
1958 2.942696e+00 1.788786e-01
1959 2.957672e+00 1.684584e-01
1960 2.934332e+00 1.775815e-01
1961 2.937686e+00 1.746623e-01
1962 2.936083e+00 1.755718e-01
1963 2.926897e+00 1.886413e-01
1964 2.949810e+00 2.078899e-01
1965 2.950522e+00 2.134624e-01
1966 2.945349e+00 2.232800e-01
1967 2.943118e+00 2.077791e-01
1968 2.943160e+00 2.075729e-01
1969 2.952789e+00 2.207382e-01
1970 2.967057e+00 2.300427e-01
1971 2.944745e+00 2.197761e-01
1972 2.934164e+00 2.339397e-01
1973 2.937545e+00 2.333808e-01
1974 2.895912e+00 2.234648e-01
1975 2.883944e+00 2.299450e-01
1976 2.903468e+00 2.334302e-01
1977 2.911888e+00 2.082504e-01
1978 2.894136e+00 2.255254e-01
1979 2.888285e+00 2.234035e-01
1980 2.888286e+00 2.235496e-01
1981 2.891151e+00 2.203370e-01
1982 2.892714e+00 2.203676e-01
1983 2.886226e+00 2.175117e-01
1984 2.891601e+00 2.146607e-01
1985 2.865102e+00 2.310009e-01
1986 2.871957e+00 2.256983e-01
1987 2.870710e+00 2.428719e-01
1988 2.855896e+00 1.962675e-01
1989 2.851625e+00 1.942728e-01
1990 2.859093e+00 1.319612e-01
1991 2.861795e+00 1.321925e-01
1992 2.853193e+00 1.136784e-01
1993 2.854253e+00 1.044812e-01
1994 2.859449e+00 1.078214e-01
1995 2.849958e+00 1.408301e-01
1996 2.803875e+00 1.287197e-01
1997 2.782097e+00 1.197387e-01
1998 2.771025e+00 1.036613e-01
1999 2.767815e+00 1.040398e-01
2000 2.777928e+00 9.246072e-02
2001 2.774736e+00 9.735476e-02
2002 2.768098e+00 9.775867e-02
2003 2.801413e+00 1.318908e-01
2004 2.811960e+00 1.388304e-01
2005 2.808535e+00 1.481860e-01
2006 2.797276e+00 1.470290e-01
2007 2.800919e+00 1.378700e-01
2008 2.791254e+00 1.545476e-01
2009 2.791524e+00 1.573118e-01
2010 2.793778e+00 1.566663e-01
2011 2.787433e+00 1.641984e-01
2012 2.790415e+00 1.646847e-01
2013 2.793890e+00 1.662123e-01
2014 2.797395e+00 1.300488e-01
2015 2.797055e+00 1.271834e-01
2016 2.790658e+00 1.525551e-01
2017 2.796103e+00 1.527163e-01
2018 2.798396e+00 1.527599e-01
2019 2.801532e+00 1.532121e-01
2020 2.783957e+00 1.310906e-01
2021 2.783992e+00 1.310700e-01
2022 2.776465e+00 1.485530e-01
2023 2.776537e+00 1.494619e-01
2024 2.733940e+00 8.982258e-02
2025 2.737180e+00 9.072292e-02
2026 2.735838e+00 9.072084e-02
2027 2.743860e+00 9.643597e-02
2028 2.754355e+00 9.502605e-02
2029 2.744859e+00 6.381382e-02
2030 2.707216e+00 8.591412e-02
2031 2.738536e+00 6.659324e-02
2032 2.733740e+00 9.047691e-02
2033 2.706591e+00 1.101019e-01
2034 2.695728e+00 1.377003e-01
2035 2.697119e+00 1.335351e-01
2036 2.685936e+00 1.527492e-01
2037 2.704436e+00 1.569931e-01
2038 2.707162e+00 1.581434e-01
2039 2.708837e+00 1.535493e-01
2040 2.710870e+00 1.478228e-01
2041 2.712938e+00 1.653771e-01
2042 2.693308e+00 1.119779e-01
2043 2.689979e+00 1.323015e-01
2044 2.693944e+00 1.366294e-01
2045 2.689027e+00 1.354454e-01
2046 2.690773e+00 1.344866e-01
2047 2.688924e+00 1.260289e-01
2048 2.690773e+00 1.263468e-01
2049 2.690762e+00 1.264670e-01
2050 2.664985e+00 1.180846e-01
2051 2.664074e+00 1.127683e-01
2052 2.664717e+00 1.161080e-01
2053 2.671336e+00 1.135217e-01
2054 2.675338e+00 1.118848e-01
2055 2.678943e+00 1.109921e-01
2056 2.682245e+00 1.267937e-01
2057 2.692901e+00 1.238896e-01
2058 2.693029e+00 1.233733e-01
2059 2.695565e+00 1.275540e-01
2060 2.756635e+00 1.253893e-01
2061 2.760882e+00 1.062267e-01
2062 2.761012e+00 1.063776e-01
2063 2.766230e+00 1.064882e-01
2064 2.764704e+00 8.831224e-02
2065 2.765067e+00 1.139372e-01
2066 2.764777e+00 1.140846e-01
2067 2.742134e+00 1.685184e-01
2068 2.770750e+00 1.658673e-01
2069 2.774595e+00 9.949677e-02
2070 2.782981e+00 1.341412e-01
2071 2.740940e+00 1.322701e-01
2072 2.741321e+00 1.307993e-01
2073 2.778527e+00 1.451592e-01
2074 2.778540e+00 1.451991e-01
2075 2.775481e+00 1.558697e-01
2076 2.775729e+00 1.538507e-01
2077 2.800015e+00 1.503019e-01
2078 2.806726e+00 1.471640e-01
2079 2.806335e+00 1.460822e-01
2080 2.804147e+00 1.544800e-01
2081 2.846326e+00 1.473843e-01
2082 2.847929e+00 1.390526e-01
2083 2.860276e+00 1.576473e-01
2084 2.850124e+00 1.718244e-01
2085 2.848577e+00 1.655731e-01
2086 2.813658e+00 1.677991e-01
2087 2.852499e+00 1.912895e-01
2088 2.867313e+00 2.010942e-01
2089 2.865372e+00 1.818519e-01
2090 2.894903e+00 1.623982e-01
2091 2.882382e+00 1.690354e-01
2092 2.877927e+00 1.737620e-01
2093 2.826273e+00 2.192293e-01
2094 2.826148e+00 2.196367e-01
2095 2.979040e+00 1.958672e-01
2096 2.999013e+00 2.116437e-01
2097 2.992080e+00 2.127003e-01
2098 2.995184e+00 2.121725e-01
2099 3.045528e+00 2.738178e-01
2100 3.046153e+00 2.723464e-01
2101 3.059540e+00 2.519524e-01
2102 3.071164e+00 2.356989e-01
2103 3.071191e+00 2.360274e-01
2104 3.072640e+00 2.363126e-01
2105 3.089258e+00 2.164943e-01
2106 3.090558e+00 2.158545e-01
2107 3.096823e+00 2.266185e-01
2108 3.107463e+00 2.288269e-01
2109 3.121476e+00 2.664101e-01
2110 3.111750e+00 2.526058e-01
2111 3.088577e+00 3.030819e-01
2112 3.088102e+00 2.994262e-01
2113 3.059137e+00 2.965108e-01
2114 3.040694e+00 2.932735e-01
2115 3.038319e+00 2.906931e-01
2116 3.037544e+00 2.975133e-01
2117 3.037824e+00 2.937062e-01
2118 3.001406e+00 3.228003e-01
2119 2.996519e+00 3.225772e-01
2120 2.994146e+00 3.228103e-01
2121 2.987149e+00 3.256994e-01
2122 2.986653e+00 3.292202e-01
2123 2.996406e+00 3.155383e-01
2124 3.002038e+00 3.164251e-01
2125 3.009064e+00 3.129218e-01
2126 3.009498e+00 3.096416e-01
2127 3.018130e+00 2.925620e-01
2128 3.006230e+00 2.771114e-01
2129 2.997684e+00 3.284992e-01
2130 2.984693e+00 3.222237e-01
2131 2.986798e+00 3.236684e-01
2132 3.039700e+00 2.987429e-01
2133 3.064292e+00 2.772145e-01
2134 3.063875e+00 2.753854e-01
2135 3.070486e+00 2.836940e-01
2136 3.054189e+00 2.925174e-01
2137 3.029827e+00 2.569244e-01
2138 3.033034e+00 2.565514e-01
2139 3.033994e+00 2.567131e-01
2140 3.043692e+00 2.540147e-01
2141 3.042199e+00 2.523481e-01
2142 3.084818e+00 2.205177e-01
2143 3.078637e+00 2.265749e-01
2144 3.093708e+00 1.929839e-01
2145 3.100174e+00 1.901948e-01
2146 3.094932e+00 1.880761e-01
2147 3.092483e+00 1.839538e-01
2148 3.125989e+00 2.265260e-01
2149 3.123385e+00 2.205575e-01
2150 3.125548e+00 2.018628e-01
2151 3.132518e+00 1.905357e-01
2152 3.136468e+00 1.900277e-01
2153 3.149043e+00 1.986524e-01
2154 3.145085e+00 1.911853e-01
2155 3.147709e+00 2.018436e-01
2156 3.155836e+00 2.206229e-01
2157 3.149110e+00 2.339296e-01
2158 3.133118e+00 2.327873e-01
2159 3.156096e+00 2.524921e-01
2160 3.149466e+00 2.550629e-01
2161 3.148109e+00 2.537885e-01
2162 3.151469e+00 2.403595e-01
2163 3.160027e+00 2.504299e-01
2164 3.137492e+00 2.473223e-01
2165 3.131175e+00 2.501146e-01
2166 3.130075e+00 2.484976e-01
2167 3.132607e+00 2.493319e-01
2168 3.182770e+00 2.581841e-01
2169 3.161507e+00 2.483310e-01
2170 3.170103e+00 2.573658e-01
2171 3.170007e+00 2.578316e-01
2172 3.182569e+00 2.294607e-01
2173 3.182946e+00 2.300392e-01
2174 3.183043e+00 2.437583e-01
2175 3.182336e+00 2.406818e-01
2176 3.180703e+00 2.414476e-01
2177 3.181072e+00 2.465260e-01
2178 3.182890e+00 2.503264e-01
2179 3.213918e+00 2.353942e-01
2180 3.257706e+00 2.158127e-01
2181 3.277363e+00 2.117890e-01
2182 3.279088e+00 2.076503e-01
2183 3.235389e+00 2.436695e-01
2184 3.223116e+00 2.118507e-01
2185 3.253855e+00 2.250753e-01
2186 3.232794e+00 2.355829e-01
2187 3.236007e+00 2.375567e-01
2188 3.244368e+00 2.161134e-01
2189 3.246816e+00 2.140532e-01
2190 3.219527e+00 2.151587e-01
2191 3.239646e+00 2.163069e-01
2192 3.245280e+00 2.213639e-01
2193 3.244536e+00 2.195036e-01
2194 3.245424e+00 2.184918e-01
2195 3.230552e+00 2.232324e-01
2196 3.234304e+00 2.174713e-01
2197 3.242238e+00 2.142974e-01
2198 3.252692e+00 2.245159e-01
2199 3.243678e+00 2.205799e-01
2200 3.235050e+00 2.313758e-01
2201 3.225734e+00 2.455604e-01
2202 3.229598e+00 2.480097e-01
2203 3.228997e+00 2.330039e-01
2204 3.210138e+00 1.976341e-01
2205 3.215171e+00 1.997222e-01
2206 3.219743e+00 2.040177e-01
2207 3.215219e+00 2.074975e-01
2208 3.208341e+00 1.934956e-01
2209 3.223458e+00 1.888839e-01
2210 3.236994e+00 1.936435e-01
2211 3.196544e+00 2.073649e-01
2212 3.183910e+00 2.079672e-01
2213 3.196682e+00 2.151488e-01
2214 3.196245e+00 2.153785e-01
2215 3.137438e+00 2.569138e-01
2216 3.122313e+00 2.365526e-01
2217 3.122083e+00 2.362405e-01
2218 3.127124e+00 2.163985e-01
2219 3.128835e+00 2.179686e-01
2220 3.128285e+00 2.266218e-01
2221 3.106154e+00 2.307250e-01
2222 3.137272e+00 2.083666e-01
2223 3.114639e+00 1.962798e-01
2224 3.119861e+00 1.730071e-01
2225 3.102973e+00 1.665598e-01
2226 3.102387e+00 1.653521e-01
2227 3.106063e+00 1.167511e-01
2228 3.031511e+00 1.454334e-01
2229 3.034824e+00 1.448887e-01
2230 3.052788e+00 1.362880e-01
2231 3.047561e+00 1.389037e-01
2232 3.049157e+00 1.372275e-01
2233 3.053910e+00 1.392161e-01
2234 3.054298e+00 1.393967e-01
2235 3.067200e+00 1.402109e-01
2236 3.067886e+00 1.414447e-01
2237 3.046553e+00 1.691080e-01
2238 3.070054e+00 1.806724e-01
2239 3.139543e+00 2.469346e-01
2240 3.140141e+00 2.468523e-01
2241 3.148762e+00 2.428695e-01
2242 3.147652e+00 2.449761e-01
2243 3.156566e+00 2.475968e-01
2244 3.172219e+00 2.413133e-01
2245 3.180932e+00 2.208633e-01
2246 3.187344e+00 2.239699e-01
2247 3.184334e+00 2.237127e-01
2248 3.162677e+00 2.328473e-01
2249 3.211469e+00 2.233550e-01
2250 3.196808e+00 2.109254e-01
2251 3.179478e+00 2.089406e-01
2252 3.180933e+00 2.192920e-01
2253 3.187862e+00 2.114298e-01
2254 3.173024e+00 2.051668e-01
2255 3.162942e+00 2.262792e-01
2256 3.162374e+00 2.429157e-01
2257 3.187875e+00 2.673136e-01
2258 3.194943e+00 2.659182e-01
2259 3.236635e+00 2.407916e-01
2260 3.231570e+00 2.331694e-01
2261 3.226583e+00 2.205513e-01
2262 3.226912e+00 2.258899e-01
2263 3.288788e+00 2.747672e-01
2264 3.289146e+00 2.539001e-01
2265 3.297747e+00 2.680178e-01
2266 3.291622e+00 2.664998e-01
2267 3.317231e+00 2.856792e-01
2268 3.307650e+00 2.799522e-01
2269 3.303560e+00 3.038767e-01
2270 3.300676e+00 3.066349e-01
2271 3.304108e+00 3.038208e-01
2272 3.290989e+00 3.142637e-01
2273 3.276286e+00 3.239892e-01
2274 3.279397e+00 3.230699e-01
2275 3.285552e+00 3.245931e-01
2276 3.284582e+00 3.376812e-01
2277 3.288248e+00 3.332452e-01
2278 3.307185e+00 3.250671e-01
2279 3.250310e+00 3.267746e-01
2280 3.283360e+00 3.480867e-01
2281 3.294755e+00 3.543745e-01
2282 3.295492e+00 3.758089e-01
2283 3.304875e+00 3.600434e-01
2284 3.308338e+00 3.575982e-01
2285 3.305896e+00 3.582814e-01
2286 3.286937e+00 3.329852e-01
2287 3.313365e+00 3.270834e-01
2288 3.298631e+00 3.285603e-01
2289 3.295115e+00 3.482319e-01
2290 3.298002e+00 3.404999e-01
2291 3.282552e+00 3.049962e-01
2292 3.275796e+00 3.152300e-01
2293 3.274031e+00 3.148596e-01
2294 3.282747e+00 2.999748e-01
2295 3.280729e+00 2.964102e-01
2296 3.302420e+00 2.852832e-01
2297 3.297280e+00 2.770518e-01
2298 3.297257e+00 2.772510e-01
2299 3.290860e+00 2.863833e-01
2300 3.308934e+00 3.054949e-01
2301 3.325430e+00 3.149265e-01
2302 3.343132e+00 2.838149e-01
2303 3.343343e+00 2.836973e-01
2304 3.344168e+00 2.863007e-01
2305 3.343048e+00 2.896660e-01
2306 3.341504e+00 2.945387e-01
2307 3.343702e+00 2.996500e-01
2308 3.344972e+00 3.023255e-01
2309 3.335624e+00 2.884050e-01
2310 3.334717e+00 2.968542e-01
2311 3.335953e+00 3.048620e-01
2312 3.337338e+00 3.237320e-01
2313 3.304897e+00 3.759441e-01
2314 3.295139e+00 3.475661e-01
2315 3.299565e+00 3.464074e-01
2316 3.296670e+00 3.486229e-01
2317 3.305740e+00 3.573638e-01
2318 3.300721e+00 3.540456e-01
2319 3.262473e+00 3.530266e-01
2320 3.256496e+00 3.837240e-01
2321 3.253866e+00 3.869088e-01
2322 3.253510e+00 3.877947e-01
2323 3.254950e+00 3.860883e-01
2324 3.261297e+00 3.785154e-01
2325 3.268357e+00 4.015948e-01
2326 3.268349e+00 4.015891e-01
2327 3.285445e+00 3.817584e-01
2328 3.268312e+00 4.219307e-01
2329 3.248123e+00 3.913855e-01
2330 3.227098e+00 3.741882e-01
2331 3.226333e+00 3.741341e-01
2332 3.214733e+00 3.751328e-01
2333 3.261783e+00 3.934067e-01
2334 3.270161e+00 3.744100e-01
2335 3.274229e+00 3.622366e-01
2336 3.273839e+00 3.590470e-01
2337 3.275308e+00 3.503758e-01
2338 3.282802e+00 3.493148e-01
2339 3.283553e+00 3.486181e-01
2340 3.283436e+00 3.542101e-01
2341 3.267558e+00 3.573989e-01
2342 3.277579e+00 3.590556e-01
2343 3.369996e+00 3.072938e-01
2344 3.363056e+00 3.078902e-01
2345 3.385891e+00 3.109965e-01
2346 3.387705e+00 3.115353e-01
2347 3.375343e+00 3.232869e-01
2348 3.371223e+00 3.256144e-01
2349 3.368815e+00 3.279299e-01
2350 3.363209e+00 3.444745e-01
2351 3.338039e+00 3.462610e-01
2352 3.337906e+00 3.481467e-01
2353 3.343613e+00 3.343681e-01
2354 3.305654e+00 2.991735e-01
2355 3.267299e+00 2.840844e-01
2356 3.249675e+00 3.266701e-01
2357 3.310327e+00 2.591771e-01
2358 3.308678e+00 2.672396e-01
2359 3.299503e+00 2.679816e-01
2360 3.268306e+00 3.007939e-01
2361 3.284975e+00 3.090425e-01
2362 3.333345e+00 3.170312e-01
2363 3.339435e+00 3.308496e-01
2364 3.332887e+00 3.248280e-01
2365 3.333849e+00 3.219836e-01
2366 3.296142e+00 2.898408e-01
2367 3.331311e+00 2.727262e-01
2368 3.302031e+00 2.849501e-01
2369 3.317208e+00 2.893605e-01
2370 3.328731e+00 2.860378e-01
2371 3.307532e+00 2.698045e-01
2372 3.307595e+00 2.725819e-01
2373 3.297206e+00 1.879691e-01
2374 3.297257e+00 1.817701e-01
2375 3.290267e+00 1.765858e-01
2376 3.310164e+00 1.855647e-01
2377 3.317578e+00 2.063105e-01
2378 3.337020e+00 2.185485e-01
2379 3.321583e+00 1.771320e-01
2380 3.328721e+00 1.971948e-01
2381 3.335677e+00 1.621836e-01
2382 3.329196e+00 1.587202e-01
2383 3.317918e+00 1.538299e-01
2384 3.324198e+00 1.560064e-01
2385 3.345668e+00 1.779390e-01
2386 3.348177e+00 1.799819e-01
2387 3.356240e+00 1.521444e-01
2388 3.372516e+00 1.546559e-01
2389 3.371158e+00 1.533839e-01
2390 3.369728e+00 1.534264e-01
2391 3.372740e+00 1.530552e-01
2392 3.376949e+00 1.457285e-01
2393 3.355862e+00 1.172892e-01
2394 3.358281e+00 1.149885e-01
2395 3.352909e+00 1.182909e-01
2396 3.353253e+00 1.174399e-01
2397 3.352950e+00 1.122988e-01
2398 3.371692e+00 1.084183e-01
2399 3.388288e+00 1.310437e-01
2400 3.396011e+00 2.017599e-01
2401 3.359384e+00 2.215528e-01
2402 3.361984e+00 2.193815e-01
2403 3.349809e+00 2.089520e-01
2404 3.348926e+00 2.002711e-01
2405 3.340713e+00 1.916940e-01
2406 3.336569e+00 1.815837e-01
2407 3.341171e+00 1.744917e-01
2408 3.340937e+00 1.726941e-01
2409 3.361633e+00 1.366051e-01
2410 3.361407e+00 1.418350e-01
2411 3.320716e+00 1.862270e-01
2412 3.319713e+00 1.848997e-01
2413 3.293889e+00 1.713379e-01
2414 3.301209e+00 1.541749e-01
2415 3.301018e+00 1.560088e-01
2416 3.300739e+00 1.279986e-01
2417 3.305290e+00 1.285300e-01
2418 3.311748e+00 1.212995e-01
2419 3.311122e+00 1.230588e-01
2420 3.304918e+00 1.506572e-01
2421 3.326611e+00 2.157654e-01
2422 3.331530e+00 2.145749e-01
2423 3.328664e+00 2.286652e-01
2424 3.328317e+00 2.205144e-01
2425 3.342693e+00 2.519203e-01
2426 3.336511e+00 2.536877e-01
2427 3.335127e+00 2.528800e-01
2428 3.415964e+00 2.385323e-01
2429 3.431998e+00 2.286484e-01
2430 3.442925e+00 2.212674e-01
2431 3.426844e+00 1.797880e-01
2432 3.428336e+00 1.804402e-01
2433 3.414961e+00 1.662422e-01
2434 3.411775e+00 1.469316e-01
2435 3.426786e+00 1.347275e-01
2436 3.427951e+00 1.344573e-01
2437 3.429170e+00 1.339627e-01
2438 3.438845e+00 1.501391e-01
2439 3.429829e+00 9.454267e-02
2440 3.439252e+00 8.538763e-02
2441 3.442395e+00 9.227017e-02
2442 3.443266e+00 8.313744e-02
2443 3.442932e+00 6.808601e-02
2444 3.456036e+00 3.194820e-02
2445 3.451474e+00 2.865350e-02
2446 3.476071e+00 1.725226e-02
2447 3.499030e+00 2.513196e-02
2448 3.486700e+00 1.513375e-02
2449 3.514505e+00 -1.847527e-02
