0 1.083064e+00 2.619440e+00
1 1.074940e+00 2.598169e+00
2 1.080224e+00 2.608039e+00
3 1.096028e+00 2.602245e+00
4 1.093417e+00 2.597560e+00
5 1.094208e+00 2.596861e+00
6 1.108141e+00 2.596416e+00
7 1.119641e+00 2.604571e+00
8 1.122170e+00 2.581102e+00
9 1.122950e+00 2.580342e+00
10 1.127064e+00 2.573274e+00
11 1.131476e+00 2.590145e+00
12 1.144453e+00 2.653157e+00
13 1.050394e+00 2.573621e+00
14 1.113475e+00 2.596902e+00
15 1.108946e+00 2.590599e+00
16 1.108807e+00 2.590526e+00
17 1.109102e+00 2.584460e+00
18 1.110474e+00 2.581156e+00
19 1.119453e+00 2.585981e+00
20 1.120011e+00 2.585067e+00
21 1.109881e+00 2.591765e+00
22 1.104571e+00 2.592144e+00
23 1.086255e+00 2.598439e+00
24 1.095663e+00 2.607222e+00
25 1.073061e+00 2.592590e+00
26 1.080869e+00 2.584811e+00
27 1.050171e+00 2.642089e+00
28 1.012223e+00 2.672239e+00
29 1.014383e+00 2.678065e+00
30 1.030356e+00 2.669771e+00
31 1.028078e+00 2.667832e+00
32 1.025348e+00 2.667307e+00
33 1.032132e+00 2.666741e+00
34 1.033428e+00 2.660714e+00
35 1.033682e+00 2.668091e+00
36 1.037029e+00 2.663633e+00
37 1.033638e+00 2.612734e+00
38 1.040192e+00 2.609697e+00
39 1.028578e+00 2.545420e+00
40 1.063920e+00 2.533506e+00
41 1.030821e+00 2.524666e+00
42 1.027845e+00 2.522921e+00
43 1.012040e+00 2.477245e+00
44 1.039072e+00 2.468347e+00
45 1.039411e+00 2.466265e+00
46 1.029075e+00 2.514343e+00
47 1.032504e+00 2.524153e+00
48 1.027719e+00 2.518116e+00
49 9.912018e-01 2.532622e+00
50 9.857691e-01 2.534244e+00
51 9.467637e-01 2.497975e+00
52 9.478271e-01 2.487728e+00
53 9.536983e-01 2.480117e+00
54 9.987645e-01 2.485088e+00
55 1.000215e+00 2.484254e+00
56 9.691156e-01 2.468188e+00
57 9.902023e-01 2.492502e+00
58 9.849656e-01 2.486656e+00
59 9.866882e-01 2.487669e+00
60 9.840477e-01 2.492560e+00
61 9.876062e-01 2.504753e+00
62 1.028298e+00 2.488176e+00
63 1.025599e+00 2.491029e+00
64 1.021782e+00 2.487797e+00
65 1.002451e+00 2.486942e+00
66 1.002613e+00 2.489837e+00
67 9.867490e-01 2.498537e+00
68 9.404200e-01 2.480780e+00
69 9.410852e-01 2.481174e+00
70 9.195822e-01 2.482025e+00
71 9.438519e-01 2.465285e+00
72 9.525588e-01 2.455500e+00
73 9.664131e-01 2.464989e+00
74 9.779821e-01 2.464147e+00
75 9.815836e-01 2.465290e+00
76 9.839487e-01 2.470844e+00
77 9.831844e-01 2.471456e+00
78 9.922893e-01 2.486474e+00
79 1.009454e+00 2.472621e+00
80 1.032848e+00 2.454345e+00
81 1.032582e+00 2.454807e+00
82 1.033608e+00 2.455552e+00
83 1.041252e+00 2.455716e+00
84 1.026883e+00 2.458432e+00
85 1.023525e+00 2.457860e+00
86 1.024654e+00 2.452556e+00
87 1.026756e+00 2.450880e+00
88 1.018688e+00 2.415633e+00
89 1.028776e+00 2.403730e+00
90 1.064058e+00 2.394071e+00
91 1.062225e+00 2.399615e+00
92 1.064725e+00 2.394176e+00
93 1.066486e+00 2.377965e+00
94 1.056704e+00 2.380344e+00
95 1.066175e+00 2.387609e+00
96 1.068395e+00 2.385040e+00
97 1.053277e+00 2.408726e+00
98 1.052902e+00 2.413480e+00
99 1.051318e+00 2.411971e+00
100 1.027624e+00 2.374824e+00
101 1.022949e+00 2.367067e+00
102 1.038928e+00 2.366689e+00
103 1.036320e+00 2.360590e+00
104 1.041530e+00 2.360085e+00
105 1.026025e+00 2.378893e+00
106 1.025833e+00 2.339264e+00
107 1.037231e+00 2.337858e+00
108 1.042654e+00 2.347022e+00
109 1.045890e+00 2.356529e+00
110 1.071743e+00 2.348428e+00
111 1.072046e+00 2.345792e+00
112 1.043465e+00 2.308069e+00
113 1.027629e+00 2.330027e+00
114 1.025517e+00 2.310233e+00
115 1.024564e+00 2.311737e+00
116 1.008615e+00 2.284236e+00
117 9.951609e-01 2.221797e+00
118 9.978650e-01 2.215493e+00
119 1.000117e+00 2.224565e+00
120 9.875784e-01 2.235953e+00
121 9.870935e-01 2.235589e+00
122 1.007520e+00 2.239606e+00
123 9.801734e-01 2.281287e+00
124 9.816525e-01 2.279664e+00
125 9.817370e-01 2.279595e+00
126 1.001392e+00 2.260113e+00
127 9.527757e-01 2.283465e+00
128 9.654424e-01 2.303889e+00
129 9.680935e-01 2.295226e+00
130 9.772868e-01 2.297412e+00
131 9.208729e-01 2.245489e+00
132 9.229613e-01 2.251613e+00
133 9.291168e-01 2.277346e+00
134 9.292933e-01 2.273926e+00
135 9.315084e-01 2.270768e+00
136 9.315569e-01 2.270432e+00
137 9.126728e-01 2.245459e+00
138 9.132982e-01 2.245427e+00
139 9.111256e-01 2.248358e+00
140 9.145129e-01 2.246007e+00
141 9.156999e-01 2.231096e+00
142 9.154721e-01 2.220584e+00
143 9.288478e-01 2.189837e+00
144 9.326562e-01 2.183764e+00
145 9.271025e-01 2.181827e+00
146 9.245720e-01 2.166391e+00
147 9.332708e-01 2.168991e+00
148 9.320685e-01 2.159905e+00
149 9.254585e-01 2.192411e+00
150 9.217444e-01 2.199198e+00
151 9.831784e-01 2.209623e+00
152 9.675365e-01 2.216196e+00
153 9.628199e-01 2.219808e+00
154 9.618668e-01 2.220413e+00
155 9.530146e-01 2.198572e+00
156 9.500008e-01 2.214177e+00
157 9.506907e-01 2.210029e+00
158 9.318840e-01 2.193058e+00
159 9.338140e-01 2.182609e+00
160 9.298225e-01 2.181563e+00
161 9.327565e-01 2.176491e+00
162 9.466204e-01 2.190165e+00
163 9.462638e-01 2.183078e+00
164 9.096684e-01 2.202820e+00
165 9.487775e-01 2.274193e+00
166 9.302717e-01 2.269858e+00
167 9.300070e-01 2.269580e+00
168 9.303130e-01 2.267413e+00
169 9.302329e-01 2.260943e+00
170 9.329497e-01 2.277784e+00
171 9.129563e-01 2.242879e+00
172 9.090528e-01 2.254840e+00
173 9.150700e-01 2.172525e+00
174 9.222204e-01 2.171602e+00
175 9.208002e-01 2.187232e+00
176 9.247486e-01 2.194022e+00
177 8.809936e-01 2.021870e+00
178 8.976799e-01 2.001003e+00
179 9.203789e-01 1.987023e+00
180 9.344626e-01 1.968678e+00
181 9.327608e-01 1.968899e+00
182 9.157310e-01 2.028540e+00
183 9.090753e-01 2.018430e+00
184 9.149789e-01 2.015885e+00
185 9.102756e-01 2.012694e+00
186 9.201720e-01 2.020798e+00
187 9.126426e-01 2.017895e+00
188 9.171307e-01 2.014093e+00
189 9.176610e-01 2.015754e+00
190 9.177602e-01 2.015429e+00
191 9.250627e-01 1.998808e+00
192 9.057523e-01 2.004825e+00
193 9.022126e-01 1.983898e+00
194 8.982693e-01 1.981000e+00
195 9.045169e-01 1.983924e+00
196 9.068524e-01 1.985150e+00
197 8.817661e-01 1.958756e+00
198 8.855888e-01 1.972378e+00
199 8.802857e-01 1.955958e+00
200 9.198702e-01 1.934372e+00
201 9.564291e-01 1.997903e+00
202 8.743322e-01 1.970028e+00
203 8.806242e-01 1.958428e+00
204 8.566100e-01 1.960177e+00
205 8.413395e-01 1.961267e+00
206 8.416316e-01 1.961725e+00
207 8.488688e-01 1.968533e+00
208 8.303796e-01 1.972986e+00
209 8.356630e-01 1.976080e+00
210 8.350572e-01 1.975612e+00
211 8.062085e-01 1.993164e+00
212 7.686519e-01 1.999305e+00
213 7.966592e-01 2.006429e+00
214 7.968403e-01 2.007599e+00
215 7.893346e-01 1.991887e+00
216 7.857463e-01 1.989706e+00
217 7.930484e-01 2.037711e+00
218 8.115215e-01 2.030158e+00
219 8.148152e-01 2.016004e+00
220 8.464654e-01 2.021352e+00
221 8.588485e-01 2.042505e+00
222 8.960106e-01 2.060292e+00
223 9.733416e-01 2.104841e+00
224 9.707929e-01 2.123652e+00
225 9.768280e-01 2.122981e+00
226 9.583865e-01 2.127121e+00
227 9.630476e-01 2.121851e+00
228 9.943124e-01 2.111524e+00
229 9.788289e-01 2.107522e+00
230 9.777778e-01 2.104800e+00
231 9.479465e-01 2.132894e+00
232 9.575615e-01 2.142101e+00
233 9.520907e-01 2.137801e+00
234 9.555258e-01 2.141759e+00
235 9.663248e-01 2.154162e+00
236 9.601569e-01 2.156684e+00
237 8.498049e-01 2.047868e+00
238 8.499550e-01 2.047700e+00
239 9.031395e-01 2.027675e+00
240 8.992943e-01 2.034100e+00
241 8.809140e-01 2.035775e+00
242 8.741775e-01 2.026506e+00
243 8.715598e-01 2.044269e+00
244 8.926714e-01 2.033191e+00
245 8.800747e-01 2.033390e+00
246 8.801490e-01 2.042284e+00
247 8.776763e-01 2.061169e+00
248 8.451656e-01 2.072501e+00
249 8.281825e-01 2.059970e+00
250 8.419997e-01 2.068628e+00
251 8.509756e-01 2.065596e+00
252 8.500003e-01 2.077059e+00
253 8.516812e-01 2.069470e+00
254 8.518598e-01 2.061146e+00
255 8.639802e-01 2.054027e+00
256 8.978587e-01 2.067432e+00
257 8.971815e-01 2.067257e+00
258 8.967880e-01 2.069273e+00
259 8.953811e-01 2.082206e+00
260 8.869421e-01 2.070523e+00
261 8.902247e-01 2.076292e+00
262 8.989761e-01 2.087461e+00
263 9.597742e-01 2.134668e+00
264 1.019419e+00 2.161547e+00
265 1.017950e+00 2.156855e+00
266 1.019289e+00 2.155986e+00
267 1.016386e+00 2.155337e+00
268 1.025410e+00 2.132183e+00
269 1.025379e+00 2.166742e+00
270 1.029904e+00 2.166494e+00
271 1.034804e+00 2.161902e+00
272 1.035985e+00 2.162302e+00
273 1.035816e+00 2.162224e+00
274 1.034407e+00 2.159879e+00
275 1.031626e+00 2.174427e+00
276 1.020214e+00 2.189817e+00
277 1.020778e+00 2.185681e+00
278 9.914043e-01 2.206450e+00
279 9.975754e-01 2.190443e+00
280 1.003082e+00 2.183905e+00
281 1.014106e+00 2.206449e+00
282 1.020940e+00 2.205278e+00
283 1.018580e+00 2.175556e+00
284 1.004618e+00 2.189366e+00
285 9.958780e-01 2.193728e+00
286 9.993700e-01 2.202261e+00
287 9.683143e-01 2.181156e+00
288 9.537497e-01 2.174173e+00
289 9.672689e-01 2.196555e+00
290 9.715997e-01 2.198961e+00
291 9.725831e-01 2.205775e+00
292 9.532005e-01 2.174856e+00
293 9.546465e-01 2.169484e+00
294 9.531717e-01 2.170904e+00
295 9.637292e-01 2.185895e+00
296 9.593900e-01 2.196988e+00
297 9.600754e-01 2.197029e+00
298 9.555638e-01 2.196131e+00
299 9.629826e-01 2.203320e+00
300 9.749177e-01 2.207429e+00
301 9.822721e-01 2.214303e+00
302 9.835791e-01 2.228329e+00
303 1.011082e+00 2.219538e+00
304 9.980611e-01 2.196798e+00
305 9.721527e-01 2.220975e+00
306 9.688703e-01 2.227136e+00
307 9.636965e-01 2.234599e+00
308 9.661863e-01 2.232591e+00
309 1.000435e+00 2.231087e+00
310 1.012852e+00 2.264411e+00
311 1.011955e+00 2.260817e+00
312 1.011516e+00 2.260053e+00
313 1.008039e+00 2.253903e+00
314 1.004814e+00 2.262479e+00
315 9.982325e-01 2.258240e+00
316 9.922733e-01 2.255068e+00
317 9.967282e-01 2.258550e+00
318 9.839467e-01 2.272822e+00
319 9.850360e-01 2.253449e+00
320 9.649480e-01 2.252134e+00
321 9.680043e-01 2.255331e+00
322 9.148265e-01 2.250627e+00
323 9.072567e-01 2.228196e+00
324 9.010735e-01 2.222478e+00
325 8.923346e-01 2.207864e+00
326 8.842630e-01 2.205448e+00
327 8.772009e-01 2.199894e+00
328 8.345103e-01 2.176676e+00
329 8.366602e-01 2.210015e+00
330 8.358457e-01 2.209333e+00
331 8.373859e-01 2.208141e+00
332 8.395011e-01 2.186016e+00
333 8.408609e-01 2.188508e+00
334 8.816595e-01 2.130142e+00
335 8.704953e-01 2.124456e+00
336 8.286710e-01 2.149829e+00
337 8.348560e-01 2.159274e+00
338 8.190203e-01 2.146385e+00
339 8.323003e-01 2.120417e+00
340 8.387393e-01 2.123618e+00
341 8.296115e-01 2.118252e+00
342 7.815141e-01 2.151167e+00
343 7.695362e-01 2.148595e+00
344 7.615404e-01 2.139598e+00
345 7.531782e-01 2.145558e+00
346 7.527846e-01 2.145680e+00
347 7.493558e-01 2.144178e+00
348 7.848626e-01 2.143767e+00
349 7.973447e-01 2.156323e+00
350 7.974159e-01 2.156070e+00
351 8.017724e-01 2.157690e+00
352 8.132231e-01 2.160917e+00
353 8.200906e-01 2.169707e+00
354 8.204217e-01 2.183762e+00
355 8.225415e-01 2.184816e+00
356 8.263919e-01 2.180184e+00
357 8.460807e-01 2.259338e+00
358 8.888094e-01 2.280740e+00
359 8.523011e-01 2.261039e+00
360 8.365361e-01 2.279886e+00
361 8.355546e-01 2.259722e+00
362 8.411337e-01 2.268353e+00
363 8.412283e-01 2.247720e+00
364 8.381585e-01 2.259822e+00
365 8.363092e-01 2.266431e+00
366 8.165449e-01 2.248029e+00
367 8.086199e-01 2.257878e+00
368 8.069545e-01 2.260905e+00
369 7.933736e-01 2.274504e+00
370 7.887967e-01 2.296295e+00
371 8.057587e-01 2.304545e+00
372 7.851087e-01 2.306255e+00
373 7.817880e-01 2.304153e+00
374 7.944213e-01 2.321188e+00
375 7.916358e-01 2.327805e+00
376 7.954969e-01 2.334353e+00
377 8.059776e-01 2.329646e+00
378 8.097457e-01 2.329597e+00
379 7.955054e-01 2.332949e+00
380 7.527179e-01 2.361033e+00
381 7.723521e-01 2.357096e+00
382 7.710562e-01 2.356022e+00
383 7.800577e-01 2.359389e+00
384 7.681077e-01 2.354964e+00
385 7.601910e-01 2.353677e+00
386 7.568413e-01 2.350957e+00
387 7.591566e-01 2.348628e+00
388 7.737310e-01 2.405313e+00
389 7.708145e-01 2.405529e+00
390 7.825763e-01 2.386389e+00
391 7.760237e-01 2.372296e+00
392 7.657074e-01 2.331147e+00
393 7.665307e-01 2.348513e+00
394 7.577331e-01 2.374001e+00
395 7.575996e-01 2.372012e+00
396 7.543572e-01 2.370520e+00
397 7.452359e-01 2.383366e+00
398 7.632029e-01 2.402621e+00
399 7.895251e-01 2.427710e+00
400 8.269597e-01 2.479572e+00
401 8.577318e-01 2.487937e+00
402 8.512788e-01 2.461933e+00
403 8.511651e-01 2.463908e+00
404 8.503063e-01 2.461271e+00
405 8.502239e-01 2.467468e+00
406 8.608921e-01 2.488021e+00
407 8.688012e-01 2.501165e+00
408 8.691897e-01 2.506829e+00
409 8.833857e-01 2.497057e+00
410 8.808785e-01 2.495195e+00
411 8.934915e-01 2.540711e+00
412 8.934981e-01 2.540730e+00
413 8.917470e-01 2.541443e+00
414 9.962190e-01 2.512138e+00
415 9.771512e-01 2.525052e+00
416 9.661949e-01 2.507277e+00
417 9.610642e-01 2.502747e+00
418 9.407372e-01 2.503102e+00
419 9.402411e-01 2.501846e+00
420 9.422016e-01 2.502092e+00
421 9.651421e-01 2.481581e+00
422 9.536758e-01 2.473562e+00
423 9.535238e-01 2.471195e+00
424 9.511727e-01 2.475432e+00
425 9.566059e-01 2.464985e+00
426 9.565495e-01 2.473493e+00
427 9.318303e-01 2.462951e+00
428 9.318818e-01 2.466135e+00
429 9.250936e-01 2.469298e+00
430 9.252174e-01 2.471022e+00
431 9.288303e-01 2.479491e+00
432 9.165334e-01 2.484949e+00
433 9.155096e-01 2.530953e+00
434 9.372377e-01 2.505690e+00
435 9.213311e-01 2.512135e+00
436 9.015174e-01 2.522686e+00
437 9.048443e-01 2.517712e+00
438 9.018411e-01 2.519340e+00
439 9.363837e-01 2.551520e+00
440 9.338237e-01 2.549421e+00
441 9.565105e-01 2.582389e+00
442 9.591287e-01 2.583705e+00
443 9.540287e-01 2.584751e+00
444 9.413897e-01 2.575262e+00
445 9.776074e-01 2.587527e+00
446 9.689776e-01 2.581785e+00
447 9.708461e-01 2.597183e+00
448 9.571982e-01 2.600587e+00
449 9.456846e-01 2.603781e+00
450 9.452006e-01 2.603710e+00
451 9.012992e-01 2.653870e+00
452 8.790023e-01 2.659503e+00
453 8.982574e-01 2.669180e+00
454 8.862755e-01 2.645669e+00
455 9.035990e-01 2.515038e+00
456 9.041650e-01 2.514551e+00
457 9.064835e-01 2.519160e+00
458 9.034363e-01 2.519130e+00
459 8.960888e-01 2.532002e+00
460 9.098631e-01 2.534230e+00
461 8.834822e-01 2.556497e+00
462 8.872193e-01 2.549059e+00
463 8.886728e-01 2.548055e+00
464 8.905395e-01 2.547425e+00
465 8.914440e-01 2.547333e+00
466 8.911040e-01 2.547116e+00
467 8.932865e-01 2.544355e+00
468 9.053561e-01 2.537715e+00
469 9.050236e-01 2.526209e+00
470 9.105281e-01 2.515850e+00
471 9.138986e-01 2.543329e+00
472 9.139501e-01 2.553900e+00
473 9.150857e-01 2.554517e+00
474 9.126852e-01 2.543155e+00
475 8.983202e-01 2.539483e+00
476 8.991179e-01 2.541423e+00
477 8.941388e-01 2.530852e+00
478 9.054509e-01 2.439464e+00
479 9.063701e-01 2.436856e+00
480 9.066129e-01 2.436934e+00
481 9.011670e-01 2.409136e+00
482 8.101287e-01 2.465881e+00
483 7.821073e-01 2.477921e+00
484 8.038069e-01 2.486642e+00
485 8.041168e-01 2.488693e+00
486 8.128018e-01 2.481320e+00
487 8.154037e-01 2.488735e+00
488 7.908874e-01 2.474501e+00
489 7.992329e-01 2.477458e+00
490 7.969436e-01 2.483731e+00
491 7.927422e-01 2.482159e+00
492 7.920815e-01 2.492912e+00
493 7.438610e-01 2.462901e+00
494 7.459900e-01 2.452841e+00
495 7.338780e-01 2.457588e+00
496 7.286613e-01 2.471374e+00
497 7.687621e-01 2.518494e+00
498 8.001949e-01 2.563821e+00
499 7.993547e-01 2.563742e+00
500 7.975373e-01 2.559767e+00
501 8.024063e-01 2.528283e+00
502 7.773145e-01 2.550423e+00
503 7.867445e-01 2.544305e+00
504 8.169125e-01 2.553815e+00
505 8.171575e-01 2.559877e+00
506 8.262678e-01 2.554006e+00
507 8.132467e-01 2.556777e+00
508 8.126659e-01 2.556516e+00
509 8.081698e-01 2.558316e+00
510 7.917079e-01 2.584419e+00
511 7.915500e-01 2.584478e+00
512 7.907674e-01 2.588801e+00
513 8.096392e-01 2.567944e+00
514 8.052632e-01 2.561943e+00
515 8.464942e-01 2.479216e+00
516 8.310241e-01 2.479476e+00
517 8.199750e-01 2.482863e+00
518 8.184669e-01 2.472286e+00
519 8.079358e-01 2.496880e+00
520 8.118909e-01 2.496461e+00
521 8.336859e-01 2.502271e+00
522 8.230731e-01 2.512298e+00
523 8.186822e-01 2.515239e+00
524 8.218539e-01 2.508131e+00
525 8.471115e-01 2.496936e+00
526 8.465111e-01 2.501482e+00
527 8.515392e-01 2.488124e+00
528 8.812214e-01 2.448439e+00
529 8.827670e-01 2.446212e+00
530 9.015166e-01 2.445441e+00
531 9.189082e-01 2.444027e+00
532 9.103472e-01 2.458964e+00
533 9.133268e-01 2.426917e+00
534 8.835532e-01 2.438253e+00
535 8.690911e-01 2.436505e+00
536 8.692889e-01 2.433323e+00
537 8.696466e-01 2.438645e+00
538 8.743286e-01 2.436919e+00
539 8.500452e-01 2.450862e+00
540 8.491220e-01 2.451677e+00
541 8.527840e-01 2.445475e+00
542 8.565632e-01 2.449605e+00
543 8.505262e-01 2.438076e+00
544 8.515457e-01 2.424111e+00
545 8.493091e-01 2.422783e+00
546 8.448460e-01 2.426500e+00
547 8.450010e-01 2.425293e+00
548 8.400162e-01 2.419624e+00
549 8.367819e-01 2.419297e+00
550 8.535302e-01 2.354198e+00
551 9.191608e-01 2.362642e+00
552 9.331124e-01 2.369990e+00
553 9.295782e-01 2.369553e+00
554 9.337564e-01 2.364862e+00
555 9.369275e-01 2.375891e+00
556 9.510376e-01 2.403825e+00
557 9.778395e-01 2.431673e+00
558 9.790943e-01 2.435110e+00
559 9.845021e-01 2.441910e+00
560 9.879267e-01 2.426226e+00
561 1.015215e+00 2.429094e+00
562 1.015651e+00 2.420655e+00
563 1.012107e+00 2.421105e+00
564 1.013812e+00 2.415916e+00
565 9.783213e-01 2.443216e+00
566 9.776696e-01 2.451084e+00
567 9.810213e-01 2.476464e+00
568 9.922943e-01 2.507447e+00
569 9.967988e-01 2.492681e+00
570 1.001274e+00 2.496701e+00
571 9.815081e-01 2.545472e+00
572 9.673876e-01 2.541600e+00
573 9.717991e-01 2.547694e+00
574 9.709295e-01 2.547297e+00
575 9.542564e-01 2.529408e+00
576 9.856491e-01 2.565048e+00
577 9.206163e-01 2.585583e+00
578 8.948466e-01 2.568357e+00
579 9.170019e-01 2.572066e+00
580 9.273247e-01 2.549323e+00
581 9.324196e-01 2.524408e+00
582 9.233967e-01 2.526820e+00
583 9.237934e-01 2.524359e+00
584 9.175105e-01 2.519282e+00
585 9.265683e-01 2.513375e+00
586 9.135848e-01 2.509518e+00
587 9.173367e-01 2.518794e+00
588 9.180515e-01 2.515023e+00
589 9.224508e-01 2.527320e+00
590 9.315895e-01 2.524701e+00
591 9.323753e-01 2.567708e+00
592 9.250174e-01 2.565270e+00
593 9.311412e-01 2.571573e+00
594 9.260998e-01 2.568956e+00
595 9.436685e-01 2.592350e+00
596 9.376039e-01 2.546137e+00
597 9.338242e-01 2.574891e+00
598 9.429480e-01 2.558785e+00
599 9.569170e-01 2.568846e+00
600 9.420194e-01 2.542144e+00
601 9.476391e-01 2.549528e+00
602 9.580819e-01 2.553684e+00
603 9.552136e-01 2.545422e+00
604 9.509807e-01 2.536890e+00
605 9.767189e-01 2.553251e+00
606 9.546554e-01 2.549079e+00
607 9.515584e-01 2.531405e+00
608 9.241408e-01 2.519352e+00
609 9.497430e-01 2.487634e+00
610 9.377642e-01 2.492605e+00
611 9.316954e-01 2.516012e+00
612 9.085465e-01 2.531364e+00
613 9.024618e-01 2.534478e+00
614 9.042398e-01 2.531325e+00
615 9.174172e-01 2.506127e+00
616 8.965105e-01 2.480528e+00
617 9.225138e-01 2.515784e+00
618 9.205506e-01 2.521594e+00
619 9.025111e-01 2.521712e+00
620 9.024892e-01 2.521685e+00
621 9.027207e-01 2.527989e+00
622 8.881281e-01 2.533204e+00
623 8.531455e-01 2.575012e+00
624 7.821620e-01 2.584573e+00
625 7.810512e-01 2.590763e+00
626 7.690056e-01 2.584045e+00
627 7.646578e-01 2.577646e+00
628 7.729550e-01 2.588396e+00
629 7.730936e-01 2.597250e+00
630 7.952857e-01 2.582847e+00
631 7.581191e-01 2.600224e+00
632 7.513786e-01 2.578697e+00
633 7.486370e-01 2.575922e+00
634 7.477927e-01 2.577376e+00
635 7.623857e-01 2.562677e+00
636 7.625640e-01 2.562522e+00
637 7.582467e-01 2.554495e+00
638 7.329338e-01 2.558198e+00
639 7.230509e-01 2.556131e+00
640 7.097920e-01 2.555228e+00
641 7.184443e-01 2.575851e+00
642 7.211765e-01 2.575079e+00
643 7.572747e-01 2.547870e+00
644 7.528582e-01 2.545717e+00
645 7.534723e-01 2.545136e+00
646 7.555526e-01 2.543750e+00
647 7.448334e-01 2.522117e+00
648 7.388705e-01 2.527450e+00
649 7.032550e-01 2.540952e+00
650 7.046309e-01 2.538369e+00
651 6.968662e-01 2.541522e+00
652 6.978093e-01 2.543879e+00
653 6.554995e-01 2.547806e+00
654 6.507866e-01 2.568435e+00
655 6.528167e-01 2.574765e+00
656 6.517111e-01 2.573100e+00
657 6.244723e-01 2.575177e+00
658 6.205454e-01 2.566025e+00
659 6.503632e-01 2.564501e+00
660 6.022860e-01 2.614068e+00
661 6.218586e-01 2.616009e+00
662 6.208110e-01 2.617826e+00
663 5.986356e-01 2.645684e+00
664 6.072138e-01 2.643400e+00
665 4.852830e-01 2.609005e+00
666 4.840284e-01 2.635713e+00
667 4.744755e-01 2.698397e+00
668 4.682906e-01 2.674248e+00
669 4.474155e-01 2.697824e+00
670 4.737196e-01 2.638889e+00
671 4.758479e-01 2.638627e+00
672 4.711493e-01 2.609076e+00
673 4.712139e-01 2.609583e+00
674 4.760634e-01 2.607884e+00
675 4.764460e-01 2.598660e+00
676 4.548770e-01 2.636544e+00
677 4.471527e-01 2.634149e+00
678 4.472201e-01 2.634152e+00
679 4.527671e-01 2.618343e+00
680 4.521653e-01 2.628197e+00
681 4.525062e-01 2.631215e+00
682 4.482127e-01 2.628385e+00
683 4.584625e-01 2.626530e+00
684 4.456215e-01 2.638671e+00
685 4.388110e-01 2.638760e+00
686 4.332434e-01 2.649953e+00
687 4.339338e-01 2.660087e+00
688 4.695335e-01 2.677049e+00
689 4.721141e-01 2.721849e+00
690 4.700939e-01 2.720248e+00
691 4.092883e-01 2.706570e+00
692 4.247182e-01 2.750764e+00
693 4.256485e-01 2.750306e+00
694 4.139537e-01 2.743432e+00
695 4.135614e-01 2.742388e+00
696 4.039953e-01 2.745509e+00
697 3.998963e-01 2.762394e+00
698 4.169332e-01 2.762527e+00
699 4.173240e-01 2.762745e+00
700 3.758892e-01 2.816417e+00
701 3.594679e-01 2.817615e+00
702 3.560916e-01 2.817152e+00
703 3.537468e-01 2.801896e+00
704 3.133603e-01 2.796645e+00
705 3.279109e-01 2.779828e+00
706 3.287417e-01 2.780552e+00
707 2.970494e-01 2.772080e+00
708 3.040841e-01 2.761618e+00
709 3.042634e-01 2.744184e+00
710 3.022009e-01 2.744623e+00
711 3.007726e-01 2.743093e+00
712 3.023095e-01 2.753863e+00
713 2.838288e-01 2.761094e+00
714 2.851926e-01 2.761551e+00
715 2.744871e-01 2.763361e+00
716 2.819579e-01 2.765247e+00
717 2.810637e-01 2.723849e+00
718 2.662606e-01 2.739005e+00
719 2.702469e-01 2.794494e+00
720 2.843545e-01 2.793344e+00
721 2.823917e-01 2.801879e+00
722 2.870862e-01 2.807533e+00
723 2.850516e-01 2.809885e+00
724 2.785721e-01 2.843586e+00
725 3.191847e-01 2.864133e+00
726 2.417740e-01 2.819543e+00
727 2.459463e-01 2.820209e+00
728 2.508984e-01 2.819454e+00
729 2.488856e-01 2.814669e+00
730 2.664349e-01 2.805128e+00
731 3.038848e-01 2.836752e+00
732 3.098714e-01 2.847847e+00
733 3.153348e-01 2.839756e+00
734 3.355632e-01 2.839359e+00
735 3.382709e-01 2.834263e+00
736 3.369557e-01 2.842157e+00
737 3.503949e-01 2.839703e+00
738 3.303856e-01 2.842893e+00
739 3.380211e-01 2.850712e+00
740 3.450500e-01 2.848082e+00
741 3.883928e-01 2.829852e+00
742 3.775445e-01 2.825762e+00
743 3.773905e-01 2.820933e+00
744 3.723942e-01 2.827517e+00
745 3.840277e-01 2.824101e+00
746 3.876999e-01 2.827029e+00
747 3.876298e-01 2.826384e+00
748 3.745737e-01 2.828429e+00
749 3.714437e-01 2.832890e+00
750 3.786937e-01 2.861387e+00
751 4.725698e-01 2.880566e+00
752 4.578055e-01 2.871713e+00
753 4.479725e-01 2.849306e+00
754 4.451509e-01 2.843051e+00
755 4.497743e-01 2.833214e+00
756 4.527230e-01 2.827756e+00
757 4.489523e-01 2.824200e+00
758 4.487486e-01 2.806999e+00
759 4.575292e-01 2.810461e+00
760 4.581356e-01 2.809255e+00
761 4.503925e-01 2.802099e+00
762 4.699562e-01 2.827193e+00
763 4.862142e-01 2.820698e+00
764 4.535323e-01 2.849920e+00
765 4.459153e-01 2.843086e+00
766 4.516847e-01 2.860471e+00
767 4.501790e-01 2.858347e+00
768 4.577628e-01 2.879524e+00
769 4.521787e-01 2.874540e+00
770 4.620209e-01 2.874700e+00
771 4.581142e-01 2.897052e+00
772 4.960653e-01 2.879939e+00
773 5.057457e-01 2.889863e+00
774 4.898747e-01 2.860250e+00
775 4.669712e-01 2.884855e+00
776 4.411426e-01 2.856583e+00
777 4.411213e-01 2.856608e+00
778 4.481924e-01 2.842295e+00
779 4.581215e-01 2.874430e+00
780 4.491185e-01 2.892559e+00
781 4.752864e-01 2.908023e+00
782 4.964676e-01 2.858993e+00
783 4.949818e-01 2.858444e+00
784 5.216775e-01 2.819609e+00
785 5.374944e-01 2.832083e+00
786 5.409275e-01 2.832305e+00
787 5.283342e-01 2.856675e+00
788 5.073026e-01 2.856039e+00
789 4.918077e-01 2.871280e+00
790 4.868073e-01 2.885886e+00
791 4.891294e-01 2.896400e+00
792 4.848470e-01 2.877357e+00
793 4.864612e-01 2.875722e+00
794 4.742087e-01 2.883366e+00
795 4.738305e-01 2.886155e+00
796 4.830639e-01 2.890262e+00
797 4.809549e-01 2.890168e+00
798 4.851118e-01 2.890279e+00
799 5.117075e-01 2.894792e+00
800 5.010580e-01 2.919637e+00
801 4.907461e-01 2.922063e+00
802 4.763479e-01 2.919360e+00
803 4.524154e-01 2.904750e+00
804 4.179848e-01 2.870191e+00
805 3.968348e-01 2.847904e+00
806 3.970566e-01 2.833100e+00
807 4.043023e-01 2.837091e+00
808 4.174301e-01 2.842170e+00
809 4.353528e-01 2.833428e+00
810 4.264183e-01 2.841356e+00
811 3.795875e-01 2.841528e+00
812 3.683378e-01 2.825534e+00
813 3.681584e-01 2.825160e+00
814 3.720189e-01 2.820719e+00
815 4.003947e-01 2.852468e+00
816 3.964978e-01 2.844597e+00
817 3.683043e-01 2.870807e+00
818 3.636501e-01 2.885279e+00
819 3.319571e-01 2.896790e+00
820 3.033510e-01 2.877884e+00
821 2.739485e-01 2.845656e+00
822 2.820152e-01 2.830786e+00
823 2.572818e-01 2.835709e+00
824 2.705608e-01 2.835487e+00
825 2.660745e-01 2.888866e+00
826 2.695458e-01 2.894025e+00
827 2.372618e-01 2.878008e+00
828 2.014262e-01 2.915635e+00
829 2.020355e-01 2.916299e+00
830 2.052842e-01 2.910066e+00
831 1.967714e-01 2.898082e+00
832 1.993583e-01 2.866784e+00
833 1.635473e-01 2.877421e+00
834 1.670040e-01 2.874753e+00
835 1.532351e-01 2.850843e+00
836 1.452890e-01 2.842153e+00
837 1.518516e-01 2.841582e+00
838 1.944038e-01 2.834454e+00
839 1.946943e-01 2.832812e+00
840 2.069901e-01 2.828723e+00
841 2.090043e-01 2.825921e+00
842 2.027434e-01 2.841538e+00
843 2.085683e-01 2.850394e+00
844 2.065443e-01 2.854954e+00
845 1.997228e-01 2.875905e+00
846 1.985687e-01 2.876089e+00
847 2.274110e-01 2.877015e+00
848 2.249324e-01 2.883955e+00
849 2.173112e-01 2.912228e+00
850 2.155183e-01 2.913482e+00
851 2.223134e-01 2.932043e+00
852 2.137234e-01 2.937096e+00
853 2.182690e-01 2.986613e+00
854 2.380595e-01 2.996868e+00
855 1.735196e-01 3.018309e+00
