0 3.747085e+00 1.045443e+00
1 3.736616e+00 1.068708e+00
2 3.745584e+00 1.065723e+00
3 3.749151e+00 1.070259e+00
4 3.748470e+00 1.069347e+00
5 3.747732e+00 1.068847e+00
6 3.759488e+00 1.057565e+00
7 3.737202e+00 1.040132e+00
8 3.737074e+00 1.039942e+00
9 3.736929e+00 1.038787e+00
10 3.738916e+00 1.038854e+00
11 3.739094e+00 1.037244e+00
12 3.727586e+00 1.051745e+00
13 3.759809e+00 1.064642e+00
14 3.783202e+00 1.064283e+00
15 3.791165e+00 1.064773e+00
16 3.816022e+00 1.080927e+00
17 3.819313e+00 1.068793e+00
18 3.800320e+00 1.073288e+00
19 3.808439e+00 1.060235e+00
20 3.829503e+00 1.047189e+00
21 3.826227e+00 1.045645e+00
22 3.850956e+00 1.080033e+00
23 3.851334e+00 1.083181e+00
24 3.851251e+00 1.074733e+00
25 3.834852e+00 1.083784e+00
26 3.801923e+00 1.045167e+00
27 3.787791e+00 1.054276e+00
28 3.778807e+00 1.050307e+00
29 3.769335e+00 1.060787e+00
30 3.770892e+00 1.082632e+00
31 3.767969e+00 1.040069e+00
32 3.778047e+00 1.052097e+00
33 3.799035e+00 1.035551e+00
34 3.817958e+00 1.045159e+00
35 3.762170e+00 1.020054e+00
36 3.785762e+00 1.072310e+00
37 3.808345e+00 1.073512e+00
38 3.788201e+00 1.079032e+00
39 3.806901e+00 1.122099e+00
40 3.815830e+00 1.144618e+00
41 3.824344e+00 1.152539e+00
42 3.824835e+00 1.152572e+00
43 3.825877e+00 1.149342e+00
44 3.805785e+00 1.153195e+00
45 3.850502e+00 1.180226e+00
46 3.850939e+00 1.186743e+00
47 3.848965e+00 1.189916e+00
48 3.826057e+00 1.180028e+00
49 3.840122e+00 1.137241e+00
50 3.814713e+00 1.124328e+00
51 3.823220e+00 1.134655e+00
52 3.808394e+00 1.140388e+00
53 3.790776e+00 1.156696e+00
54 3.788868e+00 1.166354e+00
55 3.807866e+00 1.184064e+00
56 3.788049e+00 1.172455e+00
57 3.766737e+00 1.150123e+00
58 3.785905e+00 1.148731e+00
59 3.792647e+00 1.105703e+00
60 3.777194e+00 1.115989e+00
61 3.766275e+00 1.096384e+00
62 3.770523e+00 1.097414e+00
63 3.754806e+00 1.097516e+00
64 3.762507e+00 1.114798e+00
65 3.777515e+00 1.087446e+00
66 3.776401e+00 1.101774e+00
67 3.786860e+00 1.102000e+00
68 3.808769e+00 1.111795e+00
69 3.804406e+00 1.104823e+00
70 3.801991e+00 1.110521e+00
71 3.801013e+00 1.112764e+00
72 3.796050e+00 1.109281e+00
73 3.793577e+00 1.104700e+00
74 3.795086e+00 1.106731e+00
75 3.794340e+00 1.101437e+00
76 3.787049e+00 1.100104e+00
77 3.787448e+00 1.098484e+00
78 3.797208e+00 1.079464e+00
79 3.797091e+00 1.080013e+00
80 3.796538e+00 1.077100e+00
81 3.797635e+00 1.069595e+00
82 3.788288e+00 1.082829e+00
83 3.809801e+00 1.058956e+00
84 3.773555e+00 1.166243e+00
85 3.781015e+00 1.148982e+00
86 3.784613e+00 1.145104e+00
87 3.783356e+00 1.132999e+00
88 3.780860e+00 1.138160e+00
89 3.779942e+00 1.139988e+00
90 3.781499e+00 1.154098e+00
91 3.776324e+00 1.159840e+00
92 3.751558e+00 1.142105e+00
93 3.748054e+00 1.142267e+00
94 3.707382e+00 1.150161e+00
95 3.711634e+00 1.145544e+00
96 3.710452e+00 1.144980e+00
97 3.710326e+00 1.144941e+00
98 3.670094e+00 1.123218e+00
99 3.661327e+00 1.087027e+00
100 3.656297e+00 1.086927e+00
101 3.653909e+00 1.056004e+00
102 3.653068e+00 1.054982e+00
103 3.648753e+00 1.052969e+00
104 3.615518e+00 1.041648e+00
105 3.636048e+00 1.043696e+00
106 3.687887e+00 1.069221e+00
107 3.703262e+00 1.080240e+00
108 3.713740e+00 1.057961e+00
109 3.739210e+00 1.065665e+00
110 3.738075e+00 1.064394e+00
111 3.746314e+00 1.066448e+00
112 3.745588e+00 1.062802e+00
113 3.743537e+00 1.059411e+00
114 3.739028e+00 1.056644e+00
115 3.735780e+00 1.049722e+00
116 3.732871e+00 1.043668e+00
117 3.747914e+00 1.059173e+00
118 3.736781e+00 1.087810e+00
119 3.746597e+00 1.064687e+00
120 3.725643e+00 1.068401e+00
121 3.713214e+00 1.060465e+00
122 3.710110e+00 1.060713e+00
123 3.692458e+00 1.055696e+00
124 3.692732e+00 1.056579e+00
125 3.697284e+00 1.055579e+00
126 3.722087e+00 1.055226e+00
127 3.768966e+00 1.035490e+00
128 3.759645e+00 1.057998e+00
129 3.762165e+00 1.058165e+00
130 3.735191e+00 1.064624e+00
131 3.717692e+00 1.094238e+00
132 3.732333e+00 1.056130e+00
133 3.733842e+00 1.051657e+00
134 3.659343e+00 1.052679e+00
135 3.658790e+00 1.053949e+00
136 3.658804e+00 1.055037e+00
137 3.659817e+00 1.054615e+00
138 3.659536e+00 1.054227e+00
139 3.629445e+00 9.936980e-01
140 3.631116e+00 9.933111e-01
141 3.630132e+00 9.788271e-01
142 3.634287e+00 9.808055e-01
143 3.628697e+00 9.784583e-01
144 3.610655e+00 9.906657e-01
145 3.579603e+00 9.993244e-01
146 3.655783e+00 1.019658e+00
147 3.657826e+00 1.014383e+00
148 3.651413e+00 1.016437e+00
149 3.656018e+00 1.015152e+00
150 3.644591e+00 1.009411e+00
151 3.656413e+00 9.926210e-01
152 3.684171e+00 9.989726e-01
153 3.672103e+00 9.701300e-01
154 3.670162e+00 9.709870e-01
155 3.690649e+00 9.853154e-01
156 3.678970e+00 9.876497e-01
157 3.678754e+00 9.596768e-01
158 3.737518e+00 1.006634e+00
159 3.719478e+00 1.002349e+00
160 3.713346e+00 1.010475e+00
161 3.715630e+00 9.886314e-01
162 3.713014e+00 9.899115e-01
163 3.681035e+00 1.052178e+00
164 3.681193e+00 1.052355e+00
165 3.685024e+00 1.048032e+00
166 3.702901e+00 9.921879e-01
167 3.692752e+00 9.704162e-01
168 3.715614e+00 9.533270e-01
169 3.675488e+00 9.594359e-01
170 3.676049e+00 9.628604e-01
171 3.705103e+00 9.497908e-01
172 3.710708e+00 9.659214e-01
173 3.753577e+00 9.227775e-01
174 3.685210e+00 8.605322e-01
175 3.677442e+00 8.546448e-01
176 3.676772e+00 8.553409e-01
177 3.649086e+00 9.024107e-01
178 3.650796e+00 9.148755e-01
179 3.645657e+00 9.110314e-01
180 3.657102e+00 9.135775e-01
181 3.636329e+00 9.110246e-01
182 3.616792e+00 9.483950e-01
183 3.627015e+00 9.634997e-01
184 3.643542e+00 9.805930e-01
185 3.640298e+00 1.001558e+00
186 3.634419e+00 9.798057e-01
187 3.651272e+00 9.608588e-01
188 3.651246e+00 9.628780e-01
189 3.646919e+00 9.778996e-01
190 3.660345e+00 9.758842e-01
191 3.632779e+00 9.964143e-01
192 3.633181e+00 9.897080e-01
193 3.638889e+00 1.052120e+00
194 3.641808e+00 1.052434e+00
195 3.632209e+00 1.042127e+00
196 3.624582e+00 1.045314e+00
197 3.616227e+00 1.011767e+00
198 3.606058e+00 1.008715e+00
199 3.606267e+00 1.006159e+00
200 3.598037e+00 1.006820e+00
201 3.597211e+00 1.010786e+00
202 3.606680e+00 1.021294e+00
203 3.611626e+00 1.002907e+00
204 3.632383e+00 9.885915e-01
205 3.701946e+00 9.780440e-01
206 3.695486e+00 9.712008e-01
207 3.703619e+00 9.695457e-01
208 3.697207e+00 1.017164e+00
209 3.699257e+00 1.018472e+00
210 3.697223e+00 1.018256e+00
211 3.690919e+00 1.028616e+00
212 3.678683e+00 1.030054e+00
213 3.693590e+00 1.035642e+00
214 3.690321e+00 1.053584e+00
215 3.691718e+00 1.063532e+00
216 3.704317e+00 1.046894e+00
217 3.740118e+00 1.018478e+00
218 3.732132e+00 1.016305e+00
219 3.726277e+00 1.011638e+00
220 3.726176e+00 1.011469e+00
221 3.666771e+00 1.086984e+00
222 3.648829e+00 1.100186e+00
223 3.639561e+00 1.097728e+00
224 3.653767e+00 1.120457e+00
225 3.653759e+00 1.149509e+00
226 3.667035e+00 1.150158e+00
227 3.657661e+00 1.141270e+00
228 3.641083e+00 1.093439e+00
229 3.620455e+00 1.098274e+00
230 3.614585e+00 1.112045e+00
231 3.659413e+00 1.141801e+00
232 3.666087e+00 1.096716e+00
233 3.666796e+00 1.100362e+00
234 3.656725e+00 1.101828e+00
235 3.626517e+00 1.072127e+00
236 3.608159e+00 1.085325e+00
237 3.607569e+00 1.082613e+00
238 3.589897e+00 1.098481e+00
239 3.590624e+00 1.098739e+00
240 3.584576e+00 1.104419e+00
241 3.591652e+00 1.079428e+00
242 3.591132e+00 1.079577e+00
243 3.586122e+00 1.114737e+00
244 3.596858e+00 1.091232e+00
245 3.578183e+00 1.087417e+00
246 3.590048e+00 1.052457e+00
247 3.587704e+00 1.058038e+00
248 3.579024e+00 1.061848e+00
249 3.578119e+00 1.059538e+00
250 3.549206e+00 1.015560e+00
251 3.551546e+00 1.017607e+00
252 3.579276e+00 1.014622e+00
253 3.578309e+00 9.824113e-01
254 3.585499e+00 9.805163e-01
255 3.586666e+00 9.799790e-01
256 3.585070e+00 9.806609e-01
257 3.603353e+00 9.541003e-01
258 3.642962e+00 9.087954e-01
259 3.639227e+00 9.375120e-01
260 3.639011e+00 9.376947e-01
261 3.624117e+00 9.472445e-01
262 3.627273e+00 9.469738e-01
263 3.614564e+00 9.653384e-01
264 3.610946e+00 9.644848e-01
265 3.612094e+00 9.693255e-01
266 3.645481e+00 1.006063e+00
267 3.621663e+00 1.008083e+00
268 3.627401e+00 1.006834e+00
269 3.633031e+00 9.889068e-01
270 3.606620e+00 1.015206e+00
271 3.587867e+00 9.977170e-01
272 3.587602e+00 9.978801e-01
273 3.577510e+00 9.617052e-01
274 3.547476e+00 1.002475e+00
275 3.580010e+00 9.933637e-01
276 3.571513e+00 9.823153e-01
277 3.563988e+00 9.785255e-01
278 3.571600e+00 9.481146e-01
279 3.571166e+00 9.648908e-01
280 3.559276e+00 9.578346e-01
281 3.555166e+00 9.608962e-01
282 3.540115e+00 9.712692e-01
283 3.503305e+00 9.496870e-01
284 3.514531e+00 9.201420e-01
285 3.510440e+00 9.264001e-01
286 3.507726e+00 9.272532e-01
287 3.507467e+00 9.275109e-01
288 3.506733e+00 9.265045e-01
289 3.492073e+00 9.699306e-01
290 3.480116e+00 9.744099e-01
291 3.448442e+00 9.543677e-01
292 3.454595e+00 9.727213e-01
293 3.472713e+00 9.813000e-01
294 3.471828e+00 9.651615e-01
295 3.455668e+00 1.011249e+00
296 3.458665e+00 1.012961e+00
297 3.435596e+00 1.042019e+00
298 3.440374e+00 1.042676e+00
299 3.436139e+00 1.038674e+00
300 3.450123e+00 1.052269e+00
301 3.498499e+00 1.084764e+00
302 3.501496e+00 1.081492e+00
303 3.511298e+00 1.055707e+00
304 3.510536e+00 1.055264e+00
305 3.478462e+00 1.066364e+00
306 3.488684e+00 1.073562e+00
307 3.490163e+00 1.066027e+00
308 3.528647e+00 1.061506e+00
309 3.523256e+00 1.050563e+00
310 3.525148e+00 1.026409e+00
311 3.518806e+00 1.023240e+00
312 3.527864e+00 1.034101e+00
313 3.503054e+00 1.024344e+00
314 3.511482e+00 1.036540e+00
315 3.511529e+00 1.037078e+00
316 3.491647e+00 1.040995e+00
317 3.479665e+00 1.056702e+00
318 3.478113e+00 1.056122e+00
319 3.452259e+00 1.007107e+00
320 3.452279e+00 1.007897e+00
321 3.369733e+00 1.047236e+00
322 3.370633e+00 1.046916e+00
323 3.368397e+00 1.053286e+00
324 3.399721e+00 1.053110e+00
325 3.371091e+00 1.048801e+00
326 3.358106e+00 1.104424e+00
327 3.360127e+00 1.105298e+00
328 3.375757e+00 1.104380e+00
329 3.375106e+00 1.111655e+00
330 3.362557e+00 1.098788e+00
331 3.362590e+00 1.098873e+00
332 3.379084e+00 1.129913e+00
333 3.393628e+00 1.132074e+00
334 3.391229e+00 1.126055e+00
335 3.389055e+00 1.127190e+00
336 3.403061e+00 1.119976e+00
337 3.388826e+00 1.129691e+00
338 3.388046e+00 1.149409e+00
339 3.392581e+00 1.130259e+00
340 3.387480e+00 1.136842e+00
341 3.386599e+00 1.135719e+00
342 3.389079e+00 1.164153e+00
343 3.391536e+00 1.158340e+00
344 3.405786e+00 1.150972e+00
345 3.435031e+00 1.152519e+00
346 3.442697e+00 1.149580e+00
347 3.448356e+00 1.161365e+00
348 3.439130e+00 1.140443e+00
349 3.444682e+00 1.129096e+00
350 3.445383e+00 1.120420e+00
351 3.506439e+00 1.125679e+00
352 3.429177e+00 1.134188e+00
353 3.453410e+00 1.154949e+00
354 3.459850e+00 1.161371e+00
355 3.483373e+00 1.053083e+00
356 3.504872e+00 1.062237e+00
357 3.517458e+00 1.060109e+00
358 3.505974e+00 1.077078e+00
359 3.502163e+00 1.076835e+00
360 3.528108e+00 1.100421e+00
361 3.527858e+00 1.099964e+00
362 3.528272e+00 1.092199e+00
363 3.524678e+00 1.111462e+00
364 3.525270e+00 1.111368e+00
365 3.536901e+00 1.141068e+00
366 3.536224e+00 1.144491e+00
367 3.509214e+00 1.152290e+00
368 3.603315e+00 1.007622e+00
369 3.580180e+00 1.023016e+00
370 3.563771e+00 1.037715e+00
371 3.563681e+00 1.037208e+00
372 3.570118e+00 1.046358e+00
373 3.565921e+00 1.065112e+00
374 3.555408e+00 1.085619e+00
375 3.557074e+00 1.087188e+00
376 3.608440e+00 1.043142e+00
377 3.579610e+00 1.023602e+00
378 3.574489e+00 1.030002e+00
379 3.536294e+00 1.022782e+00
380 3.499650e+00 1.031202e+00
381 3.476474e+00 1.051622e+00
382 3.471973e+00 1.050534e+00
383 3.467011e+00 1.045296e+00
384 3.469375e+00 1.047531e+00
385 3.475092e+00 1.051686e+00
386 3.474710e+00 1.047295e+00
387 3.475402e+00 1.052600e+00
388 3.465742e+00 1.050098e+00
389 3.464677e+00 1.049588e+00
390 3.463112e+00 1.050905e+00
391 3.504187e+00 1.053807e+00
392 3.507330e+00 1.049268e+00
393 3.501780e+00 1.073879e+00
394 3.497420e+00 1.071812e+00
395 3.513242e+00 1.088936e+00
396 3.527069e+00 1.087422e+00
397 3.526276e+00 1.094737e+00
398 3.547868e+00 1.093894e+00
399 3.557689e+00 1.080629e+00
400 3.565053e+00 1.077482e+00
401 3.556453e+00 1.068195e+00
402 3.521393e+00 1.038615e+00
403 3.519115e+00 1.042033e+00
404 3.524786e+00 1.065033e+00
405 3.514881e+00 1.076720e+00
406 3.513538e+00 1.075651e+00
407 3.570874e+00 1.107925e+00
408 3.555469e+00 1.110546e+00
409 3.559206e+00 1.116760e+00
410 3.554831e+00 1.106396e+00
411 3.558158e+00 1.090642e+00
412 3.549855e+00 1.148327e+00
413 3.549308e+00 1.151046e+00
414 3.549592e+00 1.137619e+00
415 3.539933e+00 1.112817e+00
416 3.528319e+00 1.126239e+00
417 3.578385e+00 1.139672e+00
418 3.578924e+00 1.154672e+00
419 3.586351e+00 1.159780e+00
420 3.592392e+00 1.170344e+00
421 3.569053e+00 1.172039e+00
422 3.556083e+00 1.158712e+00
423 3.523885e+00 1.183887e+00
424 3.515359e+00 1.178530e+00
425 3.520620e+00 1.174497e+00
426 3.548430e+00 1.122386e+00
427 3.546928e+00 1.120456e+00
428 3.537747e+00 1.119186e+00
429 3.544734e+00 1.126279e+00
430 3.541251e+00 1.122179e+00
431 3.537415e+00 1.121100e+00
432 3.562540e+00 1.131155e+00
433 3.571868e+00 1.069087e+00
434 3.567499e+00 1.069772e+00
435 3.574123e+00 1.068791e+00
436 3.560270e+00 1.045062e+00
437 3.565283e+00 1.023129e+00
438 3.567295e+00 1.039199e+00
439 3.600773e+00 9.615970e-01
440 3.600896e+00 9.778856e-01
441 3.606950e+00 9.487845e-01
442 3.595301e+00 9.829178e-01
443 3.580579e+00 9.901104e-01
444 3.551577e+00 1.003282e+00
445 3.530633e+00 9.850601e-01
446 3.496588e+00 1.027537e+00
447 3.474907e+00 1.033216e+00
448 3.482190e+00 1.035348e+00
449 3.485157e+00 1.020650e+00
450 3.487017e+00 1.009194e+00
451 3.488509e+00 1.000863e+00
452 3.488609e+00 1.005675e+00
453 3.488959e+00 1.010152e+00
454 3.490993e+00 1.040925e+00
455 3.501753e+00 1.056065e+00
456 3.479650e+00 1.050838e+00
457 3.477279e+00 1.038847e+00
458 3.474610e+00 1.040239e+00
459 3.481251e+00 1.046154e+00
460 3.480109e+00 1.048399e+00
461 3.483602e+00 1.071124e+00
462 3.479600e+00 1.092164e+00
463 3.476860e+00 1.076961e+00
464 3.472047e+00 1.071199e+00
465 3.433621e+00 1.080625e+00
466 3.439825e+00 1.080371e+00
467 3.421750e+00 1.119995e+00
468 3.469132e+00 1.132191e+00
469 3.481453e+00 1.137315e+00
470 3.478844e+00 1.153094e+00
471 3.473696e+00 1.168129e+00
472 3.476607e+00 1.152446e+00
473 3.493690e+00 1.236678e+00
474 3.488379e+00 1.250585e+00
475 3.488602e+00 1.250070e+00
476 3.489005e+00 1.247990e+00
477 3.496814e+00 1.237895e+00
478 3.495474e+00 1.242276e+00
479 3.494440e+00 1.239927e+00
480 3.500972e+00 1.242937e+00
481 3.502177e+00 1.242026e+00
482 3.489669e+00 1.267296e+00
483 3.489613e+00 1.267282e+00
484 3.513559e+00 1.239095e+00
485 3.514505e+00 1.259406e+00
486 3.536323e+00 1.233556e+00
487 3.570565e+00 1.209645e+00
488 3.564915e+00 1.200694e+00
489 3.569478e+00 1.200790e+00
490 3.571789e+00 1.203701e+00
491 3.572805e+00 1.212216e+00
492 3.559644e+00 1.243873e+00
493 3.560035e+00 1.252343e+00
494 3.557238e+00 1.263107e+00
495 3.555523e+00 1.265248e+00
496 3.556713e+00 1.273275e+00
497 3.563874e+00 1.269292e+00
498 3.584365e+00 1.268910e+00
499 3.567439e+00 1.269631e+00
500 3.549031e+00 1.257251e+00
501 3.604815e+00 1.253831e+00
502 3.557831e+00 1.304536e+00
503 3.562664e+00 1.303921e+00
504 3.563597e+00 1.266481e+00
505 3.552888e+00 1.248503e+00
506 3.542853e+00 1.253419e+00
507 3.539806e+00 1.270817e+00
508 3.538754e+00 1.270245e+00
509 3.533225e+00 1.265885e+00
510 3.524945e+00 1.244441e+00
511 3.524780e+00 1.252117e+00
512 3.528047e+00 1.254308e+00
513 3.525839e+00 1.254481e+00
514 3.529158e+00 1.264751e+00
515 3.529033e+00 1.264414e+00
516 3.526934e+00 1.267351e+00
517 3.518180e+00 1.253388e+00
518 3.513687e+00 1.262795e+00
519 3.517044e+00 1.265504e+00
520 3.543547e+00 1.258989e+00
521 3.572055e+00 1.233144e+00
522 3.560826e+00 1.207578e+00
523 3.559351e+00 1.211220e+00
524 3.557187e+00 1.209010e+00
525 3.558420e+00 1.208665e+00
526 3.522619e+00 1.164093e+00
527 3.523557e+00 1.163975e+00
528 3.519157e+00 1.172917e+00
529 3.549035e+00 1.145709e+00
530 3.545875e+00 1.134037e+00
531 3.541112e+00 1.139741e+00
532 3.571650e+00 1.122630e+00
533 3.568190e+00 1.119997e+00
534 3.554085e+00 1.116751e+00
535 3.542694e+00 1.111250e+00
536 3.518961e+00 1.138895e+00
537 3.508598e+00 1.083429e+00
538 3.514290e+00 1.090979e+00
539 3.503876e+00 1.091150e+00
540 3.490966e+00 1.067447e+00
541 3.468021e+00 1.048741e+00
542 3.468015e+00 1.049029e+00
543 3.470959e+00 1.050985e+00
544 3.446983e+00 1.054430e+00
545 3.459287e+00 1.112974e+00
546 3.458664e+00 1.093404e+00
547 3.481195e+00 1.098243e+00
548 3.485883e+00 1.098640e+00
549 3.483977e+00 1.099201e+00
550 3.472980e+00 1.088596e+00
551 3.513957e+00 1.095973e+00
552 3.521451e+00 1.094781e+00
553 3.521416e+00 1.094786e+00
554 3.526747e+00 1.091866e+00
555 3.532012e+00 1.076885e+00
556 3.533668e+00 1.075853e+00
557 3.511688e+00 1.095563e+00
558 3.501196e+00 1.098386e+00
559 3.492021e+00 1.070214e+00
560 3.487485e+00 1.072109e+00
561 3.491060e+00 1.033064e+00
562 3.438648e+00 1.008963e+00
563 3.455113e+00 1.016565e+00
564 3.457318e+00 1.004594e+00
565 3.456745e+00 1.005191e+00
566 3.443105e+00 1.035160e+00
567 3.444730e+00 1.038549e+00
568 3.444859e+00 1.038481e+00
569 3.422330e+00 1.017923e+00
570 3.447776e+00 1.038398e+00
571 3.447964e+00 1.038583e+00
572 3.451481e+00 1.035458e+00
573 3.453616e+00 1.035459e+00
574 3.463492e+00 1.033250e+00
575 3.459960e+00 1.041171e+00
576 3.392564e+00 1.058913e+00
577 3.374706e+00 1.045588e+00
578 3.370898e+00 1.070852e+00
579 3.360326e+00 1.069938e+00
580 3.371882e+00 1.078779e+00
581 3.365616e+00 1.053692e+00
582 3.386575e+00 1.099801e+00
583 3.427481e+00 1.083264e+00
584 3.406838e+00 1.081008e+00
585 3.406819e+00 1.084236e+00
586 3.378290e+00 1.100062e+00
587 3.438793e+00 1.110231e+00
588 3.446792e+00 1.098652e+00
589 3.448607e+00 1.101515e+00
590 3.454364e+00 1.086576e+00
591 3.429892e+00 1.089280e+00
592 3.424880e+00 1.092887e+00
593 3.484254e+00 1.121149e+00
594 3.473303e+00 1.144067e+00
595 3.478242e+00 1.138155e+00
596 3.482547e+00 1.155012e+00
597 3.481875e+00 1.154159e+00
598 3.485423e+00 1.157908e+00
599 3.461605e+00 1.136640e+00
600 3.461672e+00 1.112413e+00
601 3.449032e+00 1.075888e+00
602 3.448923e+00 1.071536e+00
603 3.424132e+00 1.041359e+00
604 3.420834e+00 1.032133e+00
605 3.420869e+00 1.032064e+00
606 3.440570e+00 1.031743e+00
607 3.435312e+00 1.026583e+00
608 3.427672e+00 1.020840e+00
609 3.399089e+00 1.011046e+00
610 3.391055e+00 1.045644e+00
611 3.424162e+00 1.115973e+00
612 3.428506e+00 1.116774e+00
613 3.436758e+00 1.154517e+00
614 3.434344e+00 1.160040e+00
615 3.424023e+00 1.153476e+00
616 3.421479e+00 1.147023e+00
617 3.419840e+00 1.145773e+00
618 3.420046e+00 1.146567e+00
619 3.430580e+00 1.163283e+00
620 3.436827e+00 1.160259e+00
621 3.455627e+00 1.197835e+00
622 3.458846e+00 1.144408e+00
623 3.453239e+00 1.133593e+00
624 3.454323e+00 1.133093e+00
625 3.457482e+00 1.134420e+00
626 3.442716e+00 1.159237e+00
627 3.449647e+00 1.166658e+00
628 3.461639e+00 1.152538e+00
629 3.453031e+00 1.164971e+00
630 3.463234e+00 1.153964e+00
631 3.473445e+00 1.153822e+00
632 3.467437e+00 1.174871e+00
633 3.473427e+00 1.181832e+00
634 3.476025e+00 1.187904e+00
635 3.456264e+00 1.189530e+00
636 3.471652e+00 1.206047e+00
637 3.473522e+00 1.198216e+00
638 3.506274e+00 1.169660e+00
639 3.539666e+00 1.158637e+00
640 3.531073e+00 1.159577e+00
641 3.543075e+00 1.179008e+00
642 3.547869e+00 1.176322e+00
643 3.538744e+00 1.188768e+00
644 3.551509e+00 1.164805e+00
645 3.551228e+00 1.166833e+00
646 3.555644e+00 1.165999e+00
647 3.564450e+00 1.161178e+00
648 3.583612e+00 1.181531e+00
649 3.583425e+00 1.179560e+00
650 3.591618e+00 1.152287e+00
651 3.586389e+00 1.152503e+00
652 3.574716e+00 1.152216e+00
653 3.558503e+00 1.156366e+00
654 3.556150e+00 1.152029e+00
655 3.562153e+00 1.113292e+00
656 3.556161e+00 1.115438e+00
657 3.548388e+00 1.099783e+00
658 3.550051e+00 1.103999e+00
659 3.549595e+00 1.100702e+00
660 3.538376e+00 1.093244e+00
661 3.541636e+00 1.091652e+00
662 3.542399e+00 1.087637e+00
663 3.535212e+00 1.083918e+00
664 3.527834e+00 1.083701e+00
665 3.543468e+00 1.076460e+00
666 3.476826e+00 1.139233e+00
667 3.470077e+00 1.142789e+00
668 3.477285e+00 1.139214e+00
669 3.475685e+00 1.150249e+00
670 3.482191e+00 1.148205e+00
671 3.473178e+00 1.158401e+00
672 3.451561e+00 1.137137e+00
673 3.450712e+00 1.092750e+00
674 3.441500e+00 1.080344e+00
675 3.450079e+00 1.082959e+00
676 3.463284e+00 1.072067e+00
677 3.464421e+00 1.064166e+00
678 3.464059e+00 1.062656e+00
679 3.468772e+00 1.063148e+00
680 3.466438e+00 1.063026e+00
681 3.464877e+00 1.037503e+00
682 3.460800e+00 1.039479e+00
683 3.466603e+00 1.035922e+00
684 3.493234e+00 1.044864e+00
685 3.487048e+00 1.060021e+00
686 3.487002e+00 1.058905e+00
687 3.457417e+00 1.065799e+00
688 3.469951e+00 1.077896e+00
689 3.468916e+00 1.075605e+00
690 3.435776e+00 1.075568e+00
691 3.424276e+00 1.074397e+00
692 3.414431e+00 1.096404e+00
693 3.402489e+00 1.092042e+00
694 3.389467e+00 1.086864e+00
695 3.401343e+00 1.064097e+00
696 3.375094e+00 1.070327e+00
697 3.375937e+00 1.071071e+00
698 3.372832e+00 1.071034e+00
699 3.373234e+00 1.071576e+00
700 3.389059e+00 1.064937e+00
701 3.384496e+00 1.061866e+00
702 3.388186e+00 1.061273e+00
703 3.393280e+00 1.096902e+00
704 3.390993e+00 1.091285e+00
705 3.448580e+00 1.158952e+00
706 3.448797e+00 1.172782e+00
707 3.444798e+00 1.165053e+00
708 3.452859e+00 1.160987e+00
709 3.439519e+00 1.159104e+00
710 3.448616e+00 1.156907e+00
711 3.419331e+00 1.212122e+00
712 3.416798e+00 1.223477e+00
713 3.432148e+00 1.220077e+00
714 3.429925e+00 1.218146e+00
715 3.424061e+00 1.210293e+00
716 3.422140e+00 1.202058e+00
717 3.418382e+00 1.193223e+00
718 3.429103e+00 1.169445e+00
719 3.443530e+00 1.154792e+00
720 3.444637e+00 1.160162e+00
721 3.464540e+00 1.175476e+00
722 3.470776e+00 1.175325e+00
723 3.477465e+00 1.188360e+00
724 3.511860e+00 1.211492e+00
725 3.456895e+00 1.188203e+00
726 3.454756e+00 1.175563e+00
727 3.460076e+00 1.152602e+00
728 3.459449e+00 1.168194e+00
729 3.460159e+00 1.192643e+00
730 3.419333e+00 1.167501e+00
731 3.427321e+00 1.182474e+00
732 3.430377e+00 1.169886e+00
733 3.426252e+00 1.169722e+00
734 3.428320e+00 1.171598e+00
735 3.423586e+00 1.169145e+00
736 3.424405e+00 1.168670e+00
737 3.425926e+00 1.176147e+00
738 3.451307e+00 1.174186e+00
739 3.457959e+00 1.172050e+00
740 3.458599e+00 1.173493e+00
741 3.459599e+00 1.170829e+00
742 3.378359e+00 1.181746e+00
743 3.402271e+00 1.205754e+00
744 3.384634e+00 1.142388e+00
745 3.373799e+00 1.133622e+00
746 3.391095e+00 1.119139e+00
747 3.390863e+00 1.121470e+00
748 3.428988e+00 1.141934e+00
749 3.473139e+00 1.058442e+00
750 3.457156e+00 1.067227e+00
751 3.475374e+00 1.083373e+00
752 3.467664e+00 1.075450e+00
753 3.477329e+00 1.066769e+00
754 3.479803e+00 1.063535e+00
755 3.478810e+00 1.087366e+00
756 3.472802e+00 1.088124e+00
757 3.473132e+00 1.088560e+00
758 3.475539e+00 1.097468e+00
759 3.470465e+00 1.091345e+00
760 3.475929e+00 1.095568e+00
761 3.486855e+00 1.106529e+00
762 3.399966e+00 1.149251e+00
763 3.423417e+00 1.137921e+00
764 3.427334e+00 1.121957e+00
765 3.455220e+00 1.115494e+00
766 3.483824e+00 1.135249e+00
767 3.487736e+00 1.117909e+00
768 3.498608e+00 1.091611e+00
769 3.496011e+00 1.080005e+00
770 3.496095e+00 1.080061e+00
771 3.528447e+00 1.100806e+00
772 3.556071e+00 1.086271e+00
773 3.561282e+00 1.111269e+00
774 3.564161e+00 1.113240e+00
775 3.566740e+00 1.125333e+00
776 3.617919e+00 1.145582e+00
777 3.616973e+00 1.145119e+00
778 3.636299e+00 1.111399e+00
779 3.658532e+00 1.097564e+00
780 3.662717e+00 1.115398e+00
781 3.679147e+00 1.139021e+00
782 3.684533e+00 1.141285e+00
783 3.686564e+00 1.141959e+00
784 3.684113e+00 1.134518e+00
785 3.687763e+00 1.121400e+00
786 3.682292e+00 1.158363e+00
787 3.658945e+00 1.159123e+00
788 3.693850e+00 1.190797e+00
789 3.684800e+00 1.214633e+00
790 3.684962e+00 1.216992e+00
791 3.675201e+00 1.213336e+00
792 3.671819e+00 1.176031e+00
793 3.672664e+00 1.172062e+00
794 3.667723e+00 1.154979e+00
795 3.673146e+00 1.162125e+00
796 3.676681e+00 1.164200e+00
797 3.708386e+00 1.197939e+00
798 3.697293e+00 1.189244e+00
799 3.672597e+00 1.195237e+00
800 3.706592e+00 1.215274e+00
801 3.707246e+00 1.224885e+00
802 3.694020e+00 1.229366e+00
803 3.694817e+00 1.237384e+00
804 3.698687e+00 1.241599e+00
805 3.694059e+00 1.219147e+00
806 3.692415e+00 1.213329e+00
807 3.694918e+00 1.211634e+00
808 3.698580e+00 1.218330e+00
809 3.697421e+00 1.217796e+00
810 3.665210e+00 1.272943e+00
811 3.671952e+00 1.253223e+00
812 3.672165e+00 1.253147e+00
813 3.668291e+00 1.256450e+00
814 3.671280e+00 1.245456e+00
815 3.662880e+00 1.263444e+00
816 3.640043e+00 1.334329e+00
817 3.631504e+00 1.327792e+00
818 3.622181e+00 1.352451e+00
819 3.604577e+00 1.374806e+00
820 3.589637e+00 1.366378e+00
821 3.590922e+00 1.366830e+00
822 3.582544e+00 1.370291e+00
823 3.589704e+00 1.331370e+00
824 3.598653e+00 1.331987e+00
825 3.597601e+00 1.328671e+00
826 3.596236e+00 1.329748e+00
827 3.591548e+00 1.330679e+00
828 3.611214e+00 1.339731e+00
829 3.609846e+00 1.338167e+00
830 3.617517e+00 1.337727e+00
831 3.605163e+00 1.329209e+00
832 3.625287e+00 1.294788e+00
833 3.612706e+00 1.288375e+00
834 3.595553e+00 1.283515e+00
835 3.598162e+00 1.286188e+00
836 3.594460e+00 1.286251e+00
837 3.598951e+00 1.285375e+00
838 3.593900e+00 1.285395e+00
839 3.598172e+00 1.299878e+00
840 3.600102e+00 1.302710e+00
841 3.588111e+00 1.305148e+00
842 3.601635e+00 1.316126e+00
843 3.618875e+00 1.313056e+00
844 3.609770e+00 1.319898e+00
845 3.624681e+00 1.314552e+00
846 3.648536e+00 1.311878e+00
847 3.643602e+00 1.307742e+00
848 3.671311e+00 1.334905e+00
849 3.639858e+00 1.335124e+00
850 3.667973e+00 1.324341e+00
851 3.678296e+00 1.309768e+00
852 3.666420e+00 1.311514e+00
853 3.670226e+00 1.305755e+00
854 3.674428e+00 1.314887e+00
855 3.674647e+00 1.314825e+00
856 3.675133e+00 1.313413e+00
857 3.663993e+00 1.356985e+00
858 3.653302e+00 1.365451e+00
859 3.648116e+00 1.376963e+00
860 3.650595e+00 1.377529e+00
861 3.655757e+00 1.380708e+00
862 3.659777e+00 1.387973e+00
863 3.705879e+00 1.375744e+00
864 3.712814e+00 1.375395e+00
865 3.714136e+00 1.382425e+00
866 3.708961e+00 1.369142e+00
867 3.713278e+00 1.370594e+00
868 3.708268e+00 1.365572e+00
869 3.733509e+00 1.347457e+00
870 3.703807e+00 1.358269e+00
871 3.701455e+00 1.365922e+00
872 3.676562e+00 1.379225e+00
873 3.692180e+00 1.368525e+00
874 3.680014e+00 1.371266e+00
875 3.678931e+00 1.385879e+00
876 3.679350e+00 1.380893e+00
877 3.651657e+00 1.368924e+00
878 3.623913e+00 1.392725e+00
879 3.628998e+00 1.405780e+00
880 3.628687e+00 1.410721e+00
881 3.628450e+00 1.407503e+00
882 3.619977e+00 1.411979e+00
883 3.575288e+00 1.389558e+00
884 3.578086e+00 1.373778e+00
885 3.573020e+00 1.400665e+00
886 3.577950e+00 1.422654e+00
887 3.576308e+00 1.407884e+00
888 3.601213e+00 1.430962e+00
889 3.591250e+00 1.421750e+00
890 3.571172e+00 1.431936e+00
891 3.572751e+00 1.432076e+00
892 3.575152e+00 1.433613e+00
893 3.578892e+00 1.426658e+00
894 3.582055e+00 1.418040e+00
895 3.582246e+00 1.407693e+00
896 3.592568e+00 1.408248e+00
897 3.606553e+00 1.436544e+00
898 3.578979e+00 1.442203e+00
899 3.600545e+00 1.443404e+00
900 3.595468e+00 1.443098e+00
901 3.579950e+00 1.440165e+00
902 3.594025e+00 1.442530e+00
903 3.593899e+00 1.461344e+00
904 3.608493e+00 1.453691e+00
905 3.617926e+00 1.463320e+00
906 3.617383e+00 1.464450e+00
907 3.608418e+00 1.460538e+00
908 3.592141e+00 1.483826e+00
909 3.604573e+00 1.517642e+00
910 3.603651e+00 1.518026e+00
911 3.600502e+00 1.511916e+00
912 3.604591e+00 1.512061e+00
913 3.574159e+00 1.496560e+00
914 3.576017e+00 1.493531e+00
915 3.621245e+00 1.504853e+00
916 3.576000e+00 1.526881e+00
917 3.591447e+00 1.533194e+00
918 3.585979e+00 1.532840e+00
919 3.583308e+00 1.531209e+00
920 3.575770e+00 1.532172e+00
921 3.571199e+00 1.535840e+00
922 3.574067e+00 1.541221e+00
923 3.594074e+00 1.567986e+00
924 3.593457e+00 1.569680e+00
925 3.611641e+00 1.562924e+00
926 3.610318e+00 1.550294e+00
927 3.591026e+00 1.548802e+00
928 3.596360e+00 1.529040e+00
929 3.625576e+00 1.527181e+00
930 3.621427e+00 1.529217e+00
931 3.651426e+00 1.569031e+00
932 3.650479e+00 1.622272e+00
933 3.656117e+00 1.623462e+00
934 3.657373e+00 1.634506e+00
935 3.704065e+00 1.627498e+00
936 3.684504e+00 1.599182e+00
937 3.697126e+00 1.608542e+00
938 3.657857e+00 1.615286e+00
939 3.651677e+00 1.628063e+00
940 3.654234e+00 1.624124e+00
941 3.658097e+00 1.627810e+00
942 3.666492e+00 1.592247e+00
943 3.711918e+00 1.607176e+00
944 3.727437e+00 1.599541e+00
945 3.714462e+00 1.606754e+00
946 3.726821e+00 1.602149e+00
947 3.728500e+00 1.608012e+00
948 3.735310e+00 1.622723e+00
949 3.736351e+00 1.624816e+00
950 3.714400e+00 1.646177e+00
951 3.717495e+00 1.644413e+00
952 3.713281e+00 1.643235e+00
953 3.738310e+00 1.694616e+00
954 3.733819e+00 1.686458e+00
955 3.734504e+00 1.688279e+00
956 3.739395e+00 1.693321e+00
957 3.664804e+00 1.683552e+00
958 3.660408e+00 1.679058e+00
959 3.660374e+00 1.688580e+00
960 3.691251e+00 1.665043e+00
961 3.715961e+00 1.671108e+00
962 3.716253e+00 1.671203e+00
963 3.716212e+00 1.671217e+00
964 3.718336e+00 1.671692e+00
965 3.720981e+00 1.672931e+00
966 3.724819e+00 1.655202e+00
967 3.723513e+00 1.655711e+00
968 3.654134e+00 1.703579e+00
969 3.659977e+00 1.697056e+00
970 3.670035e+00 1.705131e+00
971 3.668648e+00 1.736057e+00
972 3.668788e+00 1.735891e+00
973 3.657392e+00 1.749373e+00
974 3.676086e+00 1.765331e+00
975 3.687903e+00 1.762118e+00
976 3.694507e+00 1.775242e+00
977 3.693902e+00 1.799802e+00
978 3.694625e+00 1.823590e+00
979 3.693643e+00 1.826666e+00
980 3.692975e+00 1.824690e+00
981 3.691409e+00 1.826938e+00
982 3.698026e+00 1.813599e+00
983 3.683503e+00 1.827797e+00
984 3.712575e+00 1.824470e+00
985 3.736786e+00 1.802524e+00
986 3.737741e+00 1.802214e+00
987 3.726549e+00 1.813222e+00
988 3.768180e+00 1.822381e+00
989 3.777733e+00 1.837482e+00
990 3.862541e+00 1.794797e+00
991 3.875377e+00 1.779501e+00
992 3.881551e+00 1.777932e+00
993 3.896102e+00 1.785348e+00
994 3.901365e+00 1.783612e+00
995 3.877024e+00 1.755116e+00
996 3.874874e+00 1.758810e+00
997 3.867835e+00 1.768389e+00
998 3.862846e+00 1.763254e+00
999 3.889169e+00 1.791621e+00
1000 3.891410e+00 1.752872e+00
1001 3.891762e+00 1.753251e+00
1002 3.881590e+00 1.748238e+00
1003 3.866307e+00 1.762612e+00
1004 3.865934e+00 1.760121e+00
1005 3.857280e+00 1.794308e+00
1006 3.865892e+00 1.807911e+00
1007 3.866790e+00 1.811147e+00
1008 3.894083e+00 1.819994e+00
1009 3.888308e+00 1.838030e+00
1010 3.886655e+00 1.841193e+00
1011 3.906183e+00 1.818719e+00
1012 3.910878e+00 1.814895e+00
1013 3.907652e+00 1.791987e+00
1014 3.924276e+00 1.819995e+00
1015 3.915403e+00 1.822163e+00
1016 3.902855e+00 1.812120e+00
1017 3.894649e+00 1.813017e+00
1018 3.905978e+00 1.807702e+00
1019 3.908214e+00 1.800508e+00
1020 3.899162e+00 1.803825e+00
1021 3.896831e+00 1.783643e+00
1022 3.902606e+00 1.783924e+00
1023 3.902859e+00 1.781462e+00
1024 3.899419e+00 1.784099e+00
1025 3.900807e+00 1.784245e+00
1026 3.898372e+00 1.789184e+00
1027 3.892761e+00 1.793047e+00
1028 3.888910e+00 1.796057e+00
1029 3.862508e+00 1.802527e+00
1030 3.862210e+00 1.802027e+00
1031 3.862768e+00 1.795314e+00
1032 3.854664e+00 1.806144e+00
1033 3.860094e+00 1.811937e+00
1034 3.836474e+00 1.830941e+00
1035 3.841027e+00 1.856973e+00
1036 3.841013e+00 1.856974e+00
1037 3.836246e+00 1.856307e+00
1038 3.872024e+00 1.866456e+00
1039 3.863599e+00 1.863326e+00
1040 3.874498e+00 1.835314e+00
1041 3.876682e+00 1.834259e+00
1042 3.876395e+00 1.834399e+00
1043 3.904863e+00 1.847379e+00
1044 3.904714e+00 1.847362e+00
1045 3.926787e+00 1.817941e+00
1046 3.935517e+00 1.810377e+00
1047 3.924510e+00 1.825601e+00
1048 3.924323e+00 1.809436e+00
1049 3.957522e+00 1.809085e+00
1050 3.919552e+00 1.795009e+00
1051 3.920424e+00 1.792125e+00
1052 3.922370e+00 1.790049e+00
1053 3.907408e+00 1.803431e+00
1054 3.893335e+00 1.791757e+00
1055 3.905264e+00 1.765066e+00
1056 3.899321e+00 1.776529e+00
1057 3.901654e+00 1.776289e+00
1058 3.884701e+00 1.749540e+00
1059 3.893925e+00 1.715705e+00
1060 3.901291e+00 1.713247e+00
1061 3.951938e+00 1.690483e+00
1062 3.951658e+00 1.685912e+00
1063 3.952220e+00 1.712010e+00
1064 3.927162e+00 1.741074e+00
1065 3.924688e+00 1.723325e+00
1066 3.914904e+00 1.721333e+00
1067 3.910853e+00 1.728182e+00
1068 3.912188e+00 1.737817e+00
1069 3.913119e+00 1.738148e+00
1070 3.917260e+00 1.723346e+00
1071 3.916499e+00 1.713949e+00
1072 3.915040e+00 1.695559e+00
1073 3.918582e+00 1.689281e+00
1074 3.915207e+00 1.710671e+00
1075 3.914505e+00 1.721477e+00
1076 3.927776e+00 1.723836e+00
1077 3.928463e+00 1.722563e+00
1078 3.928925e+00 1.686980e+00
1079 3.945154e+00 1.685347e+00
1080 3.950046e+00 1.680400e+00
1081 3.947583e+00 1.665709e+00
1082 3.949800e+00 1.671848e+00
1083 3.946573e+00 1.670336e+00
1084 3.942081e+00 1.678670e+00
1085 3.947254e+00 1.663777e+00
1086 3.913845e+00 1.662923e+00
1087 3.874707e+00 1.678005e+00
1088 3.878685e+00 1.652176e+00
1089 3.863845e+00 1.642677e+00
1090 3.863825e+00 1.642622e+00
1091 3.865946e+00 1.641129e+00
1092 3.866666e+00 1.642812e+00
1093 3.864523e+00 1.641951e+00
1094 3.880481e+00 1.626540e+00
1095 3.902593e+00 1.609215e+00
1096 3.901967e+00 1.613914e+00
1097 3.902939e+00 1.605277e+00
1098 3.903823e+00 1.604777e+00
1099 3.920351e+00 1.607779e+00
1100 3.894600e+00 1.596946e+00
1101 3.892146e+00 1.593919e+00
1102 3.907670e+00 1.615677e+00
1103 3.897783e+00 1.552803e+00
1104 3.887250e+00 1.555719e+00
1105 3.856920e+00 1.569393e+00
1106 3.857451e+00 1.570219e+00
1107 3.858648e+00 1.562560e+00
1108 3.843745e+00 1.540865e+00
1109 3.846303e+00 1.529616e+00
1110 3.863716e+00 1.559151e+00
1111 3.849720e+00 1.567667e+00
1112 3.832678e+00 1.570552e+00
1113 3.821715e+00 1.534746e+00
1114 3.813804e+00 1.590171e+00
1115 3.827021e+00 1.593574e+00
1116 3.830127e+00 1.593536e+00
1117 3.826476e+00 1.572479e+00
1118 3.779565e+00 1.599723e+00
1119 3.906391e+00 1.637287e+00
1120 3.911994e+00 1.641480e+00
1121 3.909190e+00 1.641732e+00
1122 3.870540e+00 1.611152e+00
1123 3.872864e+00 1.605906e+00
1124 3.890204e+00 1.602642e+00
1125 3.891106e+00 1.602531e+00
1126 3.895163e+00 1.554056e+00
1127 3.914851e+00 1.536808e+00
1128 3.919078e+00 1.531309e+00
1129 3.907036e+00 1.507087e+00
1130 3.908787e+00 1.512732e+00
1131 3.902536e+00 1.519547e+00
1132 3.885774e+00 1.524545e+00
1133 3.881144e+00 1.526584e+00
1134 3.879214e+00 1.524725e+00
1135 3.877005e+00 1.544099e+00
1136 3.829761e+00 1.546654e+00
1137 3.786765e+00 1.532117e+00
1138 3.784514e+00 1.554396e+00
1139 3.789948e+00 1.553936e+00
1140 3.790029e+00 1.552777e+00
1141 3.776325e+00 1.546470e+00
1142 3.777539e+00 1.539871e+00
1143 3.776243e+00 1.541163e+00
1144 3.776529e+00 1.541748e+00
1145 3.714173e+00 1.558552e+00
1146 3.721099e+00 1.571151e+00
1147 3.736010e+00 1.568824e+00
1148 3.764427e+00 1.596687e+00
1149 3.762782e+00 1.593159e+00
1150 3.763198e+00 1.594517e+00
1151 3.753310e+00 1.578385e+00
1152 3.734031e+00 1.520772e+00
1153 3.745093e+00 1.534371e+00
1154 3.695588e+00 1.540158e+00
1155 3.700064e+00 1.516166e+00
1156 3.698400e+00 1.520039e+00
1157 3.682886e+00 1.521450e+00
1158 3.682016e+00 1.521550e+00
1159 3.685594e+00 1.521047e+00
1160 3.681725e+00 1.522520e+00
1161 3.673635e+00 1.540761e+00
1162 3.679745e+00 1.507196e+00
1163 3.677441e+00 1.508545e+00
1164 3.678936e+00 1.517024e+00
1165 3.689867e+00 1.503839e+00
1166 3.690158e+00 1.501378e+00
1167 3.678189e+00 1.482963e+00
1168 3.684660e+00 1.486471e+00
1169 3.681789e+00 1.492254e+00
1170 3.681558e+00 1.500782e+00
1171 3.674997e+00 1.494745e+00
1172 3.669096e+00 1.497194e+00
1173 3.668134e+00 1.494878e+00
1174 3.659454e+00 1.505840e+00
1175 3.667555e+00 1.515315e+00
1176 3.673490e+00 1.522365e+00
1177 3.683462e+00 1.520310e+00
1178 3.683068e+00 1.520773e+00
1179 3.682883e+00 1.521010e+00
1180 3.695033e+00 1.544936e+00
1181 3.713351e+00 1.548344e+00
1182 3.706614e+00 1.599175e+00
1183 3.715454e+00 1.586998e+00
1184 3.723793e+00 1.582243e+00
1185 3.726953e+00 1.579752e+00
1186 3.767512e+00 1.582219e+00
1187 3.765218e+00 1.579777e+00
1188 3.767492e+00 1.581334e+00
1189 3.777346e+00 1.588500e+00
1190 3.762288e+00 1.588253e+00
1191 3.729581e+00 1.594805e+00
1192 3.647223e+00 1.643313e+00
1193 3.660048e+00 1.651210e+00
1194 3.663516e+00 1.652364e+00
1195 3.663029e+00 1.649440e+00
1196 3.666291e+00 1.644190e+00
1197 3.666471e+00 1.641595e+00
1198 3.668696e+00 1.611341e+00
1199 3.671751e+00 1.548793e+00
1200 3.672321e+00 1.555696e+00
1201 3.657118e+00 1.574442e+00
1202 3.677791e+00 1.586702e+00
1203 3.674406e+00 1.598284e+00
1204 3.664158e+00 1.614062e+00
1205 3.646220e+00 1.612846e+00
1206 3.650481e+00 1.608940e+00
1207 3.643485e+00 1.605060e+00
1208 3.637250e+00 1.595996e+00
1209 3.642936e+00 1.591434e+00
1210 3.649500e+00 1.574950e+00
1211 3.689042e+00 1.572739e+00
1212 3.687485e+00 1.612879e+00
1213 3.700361e+00 1.647953e+00
1214 3.700316e+00 1.649998e+00
1215 3.700929e+00 1.649062e+00
1216 3.699905e+00 1.658602e+00
1217 3.701450e+00 1.673416e+00
1218 3.620222e+00 1.704108e+00
1219 3.564949e+00 1.710673e+00
1220 3.596378e+00 1.715972e+00
1221 3.607790e+00 1.707648e+00
1222 3.626909e+00 1.696193e+00
1223 3.615162e+00 1.703967e+00
1224 3.619912e+00 1.702658e+00
1225 3.618927e+00 1.707522e+00
1226 3.629546e+00 1.703990e+00
1227 3.659665e+00 1.720072e+00
1228 3.630899e+00 1.728940e+00
1229 3.634849e+00 1.702105e+00
1230 3.641219e+00 1.714810e+00
1231 3.639473e+00 1.727093e+00
1232 3.653056e+00 1.733869e+00
1233 3.656708e+00 1.739746e+00
1234 3.666110e+00 1.746698e+00
1235 3.650000e+00 1.768715e+00
1236 3.652876e+00 1.759191e+00
1237 3.652222e+00 1.756344e+00
1238 3.671169e+00 1.745850e+00
1239 3.631846e+00 1.736367e+00
1240 3.680792e+00 1.750046e+00
1241 3.692226e+00 1.754079e+00
1242 3.666650e+00 1.734619e+00
1243 3.647200e+00 1.750385e+00
1244 3.647318e+00 1.748195e+00
1245 3.647841e+00 1.749339e+00
1246 3.650312e+00 1.748178e+00
1247 3.693030e+00 1.733794e+00
1248 3.713453e+00 1.704737e+00
1249 3.709821e+00 1.710088e+00
1250 3.713595e+00 1.697457e+00
1251 3.709015e+00 1.691091e+00
1252 3.732781e+00 1.667650e+00
1253 3.703243e+00 1.650651e+00
1254 3.733729e+00 1.631195e+00
1255 3.761214e+00 1.641320e+00
1256 3.814969e+00 1.660586e+00
1257 3.813538e+00 1.657415e+00
1258 3.811547e+00 1.652021e+00
1259 3.792081e+00 1.653104e+00
1260 3.807160e+00 1.682973e+00
1261 3.822368e+00 1.679442e+00
1262 3.833271e+00 1.682205e+00
1263 3.830672e+00 1.697585e+00
1264 3.830171e+00 1.698243e+00
1265 3.835556e+00 1.679588e+00
1266 3.829583e+00 1.687188e+00
1267 3.841156e+00 1.676538e+00
1268 3.849856e+00 1.686297e+00
1269 3.870189e+00 1.683034e+00
1270 3.875612e+00 1.717605e+00
1271 3.853955e+00 1.737954e+00
1272 3.853990e+00 1.737718e+00
1273 3.854207e+00 1.738070e+00
1274 3.907237e+00 1.665378e+00
1275 3.911732e+00 1.661329e+00
1276 3.908544e+00 1.684848e+00
1277 3.904820e+00 1.690738e+00
1278 3.899523e+00 1.694544e+00
1279 3.909759e+00 1.726974e+00
1280 3.919766e+00 1.729560e+00
1281 3.935216e+00 1.717836e+00
1282 3.915006e+00 1.772979e+00
1283 3.922826e+00 1.760993e+00
1284 3.954596e+00 1.747895e+00
1285 3.953223e+00 1.752836e+00
1286 3.942112e+00 1.751250e+00
1287 3.939502e+00 1.749226e+00
1288 3.939427e+00 1.724858e+00
1289 3.922456e+00 1.734194e+00
1290 3.926208e+00 1.725711e+00
1291 3.900770e+00 1.734812e+00
1292 3.922919e+00 1.754042e+00
1293 3.914380e+00 1.718427e+00
1294 3.926214e+00 1.731092e+00
1295 3.998297e+00 1.725334e+00
1296 3.996033e+00 1.731110e+00
1297 4.000174e+00 1.716214e+00
1298 4.001590e+00 1.719942e+00
1299 4.020131e+00 1.726678e+00
1300 4.017209e+00 1.738215e+00
1301 4.026141e+00 1.733207e+00
1302 4.023565e+00 1.731170e+00
1303 4.070243e+00 1.670405e+00
1304 4.078240e+00 1.657072e+00
1305 4.078772e+00 1.655142e+00
1306 4.080086e+00 1.652360e+00
1307 4.087289e+00 1.651346e+00
1308 4.085749e+00 1.631313e+00
1309 4.062664e+00 1.657596e+00
1310 4.060921e+00 1.657495e+00
1311 4.060859e+00 1.658697e+00
1312 4.060248e+00 1.658913e+00
1313 4.071350e+00 1.665167e+00
1314 4.080477e+00 1.674856e+00
1315 4.071965e+00 1.670547e+00
1316 4.071965e+00 1.669322e+00
1317 4.068983e+00 1.662042e+00
1318 4.053704e+00 1.649095e+00
1319 4.059270e+00 1.655014e+00
1320 4.057007e+00 1.652334e+00
1321 4.072681e+00 1.659972e+00
1322 4.019962e+00 1.687711e+00
1323 4.008255e+00 1.697933e+00
1324 4.004544e+00 1.692887e+00
1325 4.031783e+00 1.654127e+00
1326 3.998565e+00 1.648789e+00
1327 4.005080e+00 1.622528e+00
1328 3.990834e+00 1.571285e+00
1329 3.977237e+00 1.596079e+00
1330 4.012572e+00 1.613194e+00
1331 4.008057e+00 1.605620e+00
1332 3.999167e+00 1.593908e+00
1333 3.993314e+00 1.606976e+00
1334 4.005457e+00 1.609490e+00
1335 4.006678e+00 1.611700e+00
1336 4.005591e+00 1.612842e+00
1337 3.957955e+00 1.571124e+00
1338 3.948404e+00 1.587131e+00
1339 3.965486e+00 1.586017e+00
1340 3.985622e+00 1.562237e+00
1341 3.979315e+00 1.559680e+00
1342 3.958991e+00 1.557825e+00
1343 3.946387e+00 1.553795e+00
1344 3.948679e+00 1.554921e+00
1345 3.957854e+00 1.548836e+00
1346 3.951748e+00 1.566510e+00
1347 4.027133e+00 1.480924e+00
1348 4.046824e+00 1.489597e+00
1349 4.046305e+00 1.495823e+00
1350 4.080787e+00 1.519995e+00
1351 4.104280e+00 1.457072e+00
1352 4.094829e+00 1.447631e+00
1353 4.104210e+00 1.448704e+00
1354 4.099519e+00 1.429350e+00
1355 4.072194e+00 1.435667e+00
1356 4.092629e+00 1.432046e+00
1357 4.104431e+00 1.434097e+00
1358 4.094003e+00 1.441949e+00
1359 4.077080e+00 1.441246e+00
1360 4.087506e+00 1.456956e+00
1361 4.084770e+00 1.454013e+00
1362 4.083958e+00 1.452829e+00
1363 4.099156e+00 1.445891e+00
1364 4.103015e+00 1.450149e+00
1365 4.101668e+00 1.449876e+00
1366 4.140399e+00 1.448612e+00
1367 4.125946e+00 1.473204e+00
1368 4.103656e+00 1.466679e+00
1369 4.104952e+00 1.465244e+00
1370 4.091943e+00 1.473179e+00
1371 4.097711e+00 1.469273e+00
1372 4.100725e+00 1.439714e+00
1373 4.091862e+00 1.451753e+00
1374 4.112564e+00 1.453723e+00
1375 4.106445e+00 1.441361e+00
1376 4.108713e+00 1.427356e+00
1377 4.107418e+00 1.414996e+00
1378 4.143577e+00 1.401196e+00
1379 4.165999e+00 1.435137e+00
1380 4.187792e+00 1.445909e+00
1381 4.194519e+00 1.442303e+00
1382 4.192938e+00 1.442875e+00
1383 4.188570e+00 1.447333e+00
1384 4.201713e+00 1.440107e+00
1385 4.203366e+00 1.440532e+00
1386 4.202854e+00 1.431147e+00
1387 4.192070e+00 1.429077e+00
1388 4.194909e+00 1.425826e+00
1389 4.167229e+00 1.453151e+00
1390 4.199679e+00 1.466739e+00
1391 4.204001e+00 1.464799e+00
1392 4.203218e+00 1.463145e+00
1393 4.139317e+00 1.385878e+00
1394 4.140722e+00 1.387316e+00
1395 4.136967e+00 1.385617e+00
1396 4.080680e+00 1.362117e+00
1397 4.081030e+00 1.363587e+00
1398 4.086489e+00 1.368558e+00
1399 4.086116e+00 1.359424e+00
1400 4.080514e+00 1.348077e+00
1401 4.133628e+00 1.380940e+00
1402 4.134606e+00 1.382365e+00
1403 4.121029e+00 1.382330e+00
1404 4.134328e+00 1.372558e+00
1405 4.138978e+00 1.373472e+00
1406 4.142217e+00 1.376555e+00
1407 4.164450e+00 1.386285e+00
1408 4.168336e+00 1.384853e+00
1409 4.178297e+00 1.389311e+00
1410 4.176899e+00 1.385132e+00
1411 4.118833e+00 1.383928e+00
1412 4.119332e+00 1.383344e+00
1413 4.120208e+00 1.380404e+00
1414 4.104641e+00 1.391476e+00
1415 4.109800e+00 1.383382e+00
1416 4.103416e+00 1.406393e+00
1417 4.113216e+00 1.425974e+00
1418 4.112676e+00 1.426175e+00
1419 4.100067e+00 1.438335e+00
1420 4.099622e+00 1.434800e+00
1421 4.097088e+00 1.437637e+00
1422 4.096278e+00 1.441643e+00
1423 4.086068e+00 1.434259e+00
1424 4.074948e+00 1.432960e+00
1425 4.086767e+00 1.427815e+00
1426 4.090617e+00 1.408791e+00
1427 4.107974e+00 1.417488e+00
1428 4.112231e+00 1.461750e+00
1429 4.112343e+00 1.464455e+00
1430 4.112908e+00 1.464519e+00
1431 4.113441e+00 1.464566e+00
1432 4.087344e+00 1.442433e+00
1433 4.098928e+00 1.449998e+00
1434 4.105993e+00 1.444119e+00
1435 4.105588e+00 1.442595e+00
1436 4.119794e+00 1.479757e+00
1437 4.120703e+00 1.475367e+00
1438 4.126553e+00 1.469668e+00
1439 4.131265e+00 1.464091e+00
1440 4.104619e+00 1.474601e+00
1441 4.101386e+00 1.472331e+00
1442 4.098003e+00 1.473110e+00
1443 4.107169e+00 1.472805e+00
1444 4.127737e+00 1.500949e+00
1445 4.110303e+00 1.538129e+00
1446 4.111286e+00 1.538019e+00
1447 4.099593e+00 1.541514e+00
1448 4.081641e+00 1.532656e+00
1449 4.100176e+00 1.495036e+00
1450 4.116383e+00 1.482016e+00
1451 4.118631e+00 1.506843e+00
1452 4.128749e+00 1.497245e+00
1453 4.164677e+00 1.486178e+00
1454 4.177547e+00 1.448092e+00
1455 4.208261e+00 1.361196e+00
1456 4.218561e+00 1.394959e+00
1457 4.232566e+00 1.383351e+00
1458 4.235656e+00 1.378950e+00
1459 4.222374e+00 1.418937e+00
1460 4.223052e+00 1.414322e+00
1461 4.256691e+00 1.400249e+00
1462 4.242577e+00 1.408479e+00
1463 4.287309e+00 1.430943e+00
1464 4.279977e+00 1.441079e+00
1465 4.283759e+00 1.451781e+00
1466 4.280668e+00 1.450382e+00
1467 4.281975e+00 1.470607e+00
1468 4.276597e+00 1.471784e+00
1469 4.295888e+00 1.462777e+00
1470 4.302840e+00 1.459782e+00
1471 4.308596e+00 1.463024e+00
1472 4.313890e+00 1.441935e+00
1473 4.294096e+00 1.443297e+00
1474 4.283149e+00 1.465518e+00
1475 4.211898e+00 1.492702e+00
1476 4.213649e+00 1.531228e+00
1477 4.171120e+00 1.518026e+00
1478 4.165570e+00 1.499720e+00
1479 4.177391e+00 1.491920e+00
1480 4.162866e+00 1.502634e+00
1481 4.201029e+00 1.526077e+00
1482 4.208363e+00 1.511022e+00
1483 4.159607e+00 1.507683e+00
1484 4.167785e+00 1.510852e+00
1485 4.172452e+00 1.509553e+00
1486 4.192427e+00 1.540921e+00
1487 4.216578e+00 1.518930e+00
1488 4.219437e+00 1.515551e+00
1489 4.226518e+00 1.520295e+00
1490 4.204614e+00 1.510633e+00
1491 4.204409e+00 1.522426e+00
1492 4.207241e+00 1.540707e+00
1493 4.207077e+00 1.540724e+00
1494 4.186937e+00 1.541219e+00
1495 4.171554e+00 1.541424e+00
1496 4.176307e+00 1.538786e+00
1497 4.174482e+00 1.533399e+00
1498 4.168484e+00 1.537872e+00
1499 4.168004e+00 1.538038e+00
1500 4.235011e+00 1.580123e+00
1501 4.191925e+00 1.593666e+00
1502 4.169612e+00 1.596767e+00
1503 4.176112e+00 1.597281e+00
1504 4.174269e+00 1.595652e+00
1505 4.182504e+00 1.591157e+00
1506 4.184673e+00 1.545182e+00
1507 4.178897e+00 1.560902e+00
1508 4.177291e+00 1.579127e+00
1509 4.175954e+00 1.569072e+00
1510 4.186938e+00 1.574116e+00
1511 4.186956e+00 1.574065e+00
1512 4.190405e+00 1.593010e+00
1513 4.171143e+00 1.608634e+00
1514 4.166988e+00 1.612018e+00
1515 4.175033e+00 1.573841e+00
1516 4.175682e+00 1.581129e+00
1517 4.167527e+00 1.555677e+00
1518 4.167007e+00 1.552074e+00
1519 4.165263e+00 1.533925e+00
1520 4.168526e+00 1.520310e+00
1521 4.201543e+00 1.523113e+00
1522 4.144195e+00 1.514540e+00
1523 4.175679e+00 1.553699e+00
1524 4.151039e+00 1.570305e+00
1525 4.141256e+00 1.557705e+00
1526 4.110321e+00 1.554545e+00
1527 4.128391e+00 1.566651e+00
1528 4.109972e+00 1.565990e+00
1529 4.047456e+00 1.517464e+00
1530 4.047454e+00 1.517422e+00
1531 4.027145e+00 1.524464e+00
1532 4.046035e+00 1.507953e+00
1533 4.045995e+00 1.507583e+00
1534 4.045728e+00 1.507801e+00
1535 4.049940e+00 1.502775e+00
1536 4.031348e+00 1.535737e+00
1537 4.034304e+00 1.532775e+00
1538 4.038782e+00 1.536114e+00
1539 4.069542e+00 1.506723e+00
1540 4.069192e+00 1.506403e+00
1541 4.085691e+00 1.523096e+00
1542 4.079829e+00 1.539259e+00
1543 4.076626e+00 1.542912e+00
1544 4.066496e+00 1.539380e+00
1545 4.063544e+00 1.545512e+00
1546 4.072752e+00 1.573769e+00
1547 4.085198e+00 1.577526e+00
1548 4.078703e+00 1.570691e+00
1549 4.144962e+00 1.515531e+00
1550 4.147528e+00 1.515682e+00
1551 4.124860e+00 1.499421e+00
1552 4.125142e+00 1.537710e+00
1553 4.230956e+00 1.468806e+00
1554 4.236202e+00 1.506926e+00
1555 4.233093e+00 1.497847e+00
1556 4.215278e+00 1.499086e+00
1557 4.214231e+00 1.495629e+00
1558 4.202419e+00 1.474547e+00
1559 4.202321e+00 1.472741e+00
1560 4.226401e+00 1.425590e+00
1561 4.205754e+00 1.408535e+00
1562 4.204952e+00 1.428874e+00
1563 4.187101e+00 1.430527e+00
1564 4.179411e+00 1.460504e+00
1565 4.174224e+00 1.457559e+00
1566 4.168042e+00 1.443084e+00
1567 4.167906e+00 1.442890e+00
1568 4.182425e+00 1.450766e+00
1569 4.184571e+00 1.455303e+00
1570 4.185525e+00 1.494367e+00
1571 4.183393e+00 1.485350e+00
1572 4.182684e+00 1.482428e+00
1573 4.187146e+00 1.485168e+00
1574 4.176206e+00 1.500408e+00
1575 4.170009e+00 1.504993e+00
1576 4.169526e+00 1.505082e+00
1577 4.168263e+00 1.493421e+00
1578 4.161329e+00 1.490836e+00
1579 4.164254e+00 1.500781e+00
1580 4.193065e+00 1.499225e+00
1581 4.192856e+00 1.489478e+00
1582 4.194033e+00 1.492589e+00
1583 4.196458e+00 1.493841e+00
1584 4.188701e+00 1.491050e+00
1585 4.200223e+00 1.490754e+00
1586 4.226193e+00 1.480453e+00
1587 4.223119e+00 1.465713e+00
1588 4.223564e+00 1.465157e+00
1589 4.206929e+00 1.440795e+00
1590 4.209606e+00 1.447658e+00
1591 4.208032e+00 1.447887e+00
1592 4.208181e+00 1.432976e+00
1593 4.181526e+00 1.490689e+00
1594 4.178192e+00 1.507693e+00
1595 4.170690e+00 1.504863e+00
1596 4.171054e+00 1.495395e+00
1597 4.169026e+00 1.495598e+00
1598 4.173222e+00 1.503560e+00
1599 4.171609e+00 1.505047e+00
1600 4.174118e+00 1.503529e+00
1601 4.192287e+00 1.444047e+00
1602 4.185070e+00 1.439486e+00
1603 4.176975e+00 1.462051e+00
1604 4.183805e+00 1.458639e+00
1605 4.176031e+00 1.466917e+00
1606 4.181352e+00 1.469784e+00
1607 4.175982e+00 1.469570e+00
1608 4.172795e+00 1.473159e+00
1609 4.183691e+00 1.481328e+00
1610 4.184581e+00 1.481304e+00
1611 4.185863e+00 1.478107e+00
1612 4.191174e+00 1.484715e+00
1613 4.172296e+00 1.499064e+00
1614 4.186624e+00 1.493587e+00
1615 4.171673e+00 1.504070e+00
1616 4.158477e+00 1.518383e+00
1617 4.167686e+00 1.508336e+00
1618 4.167581e+00 1.485557e+00
1619 4.179036e+00 1.474326e+00
1620 4.193739e+00 1.513963e+00
1621 4.181480e+00 1.495322e+00
1622 4.178104e+00 1.474365e+00
1623 4.187238e+00 1.458263e+00
1624 4.190950e+00 1.468084e+00
1625 4.189479e+00 1.456735e+00
1626 4.172380e+00 1.458449e+00
1627 4.170811e+00 1.468383e+00
1628 4.162911e+00 1.473098e+00
1629 4.165051e+00 1.474902e+00
1630 4.154286e+00 1.484477e+00
1631 4.059138e+00 1.545316e+00
1632 4.059748e+00 1.563685e+00
1633 4.028320e+00 1.599787e+00
1634 4.028571e+00 1.611306e+00
1635 4.115389e+00 1.623564e+00
1636 4.119496e+00 1.616338e+00
1637 4.118159e+00 1.611467e+00
1638 4.123468e+00 1.595805e+00
1639 4.118525e+00 1.594339e+00
1640 4.137136e+00 1.587249e+00
1641 4.151491e+00 1.602604e+00
1642 4.153046e+00 1.603026e+00
1643 4.154790e+00 1.603770e+00
1644 4.154631e+00 1.553834e+00
1645 4.148982e+00 1.553855e+00
1646 4.120077e+00 1.563268e+00
1647 4.128229e+00 1.562147e+00
1648 4.127438e+00 1.568649e+00
1649 4.134290e+00 1.578629e+00
1650 4.142707e+00 1.573047e+00
1651 4.148431e+00 1.545223e+00
1652 4.149602e+00 1.542955e+00
1653 4.147714e+00 1.529773e+00
1654 4.160080e+00 1.523737e+00
1655 4.153527e+00 1.527360e+00
1656 4.161350e+00 1.562187e+00
1657 4.163076e+00 1.561720e+00
1658 4.164396e+00 1.489480e+00
1659 4.184742e+00 1.487498e+00
1660 4.253766e+00 1.478073e+00
1661 4.273453e+00 1.489310e+00
1662 4.272894e+00 1.459637e+00
1663 4.286612e+00 1.471862e+00
1664 4.249663e+00 1.465815e+00
1665 4.251651e+00 1.465582e+00
1666 4.242572e+00 1.465666e+00
1667 4.234378e+00 1.499826e+00
1668 4.231913e+00 1.495723e+00
1669 4.226550e+00 1.489740e+00
1670 4.263166e+00 1.487790e+00
1671 4.259977e+00 1.492546e+00
1672 4.235876e+00 1.496680e+00
1673 4.232915e+00 1.494718e+00
1674 4.243449e+00 1.576764e+00
1675 4.244888e+00 1.577247e+00
1676 4.242126e+00 1.580505e+00
1677 4.278660e+00 1.621548e+00
1678 4.275177e+00 1.588197e+00
1679 4.299619e+00 1.616673e+00
1680 4.260729e+00 1.599114e+00
1681 4.252518e+00 1.602522e+00
1682 4.249938e+00 1.604349e+00
1683 4.238575e+00 1.666029e+00
1684 4.237021e+00 1.669149e+00
1685 4.223347e+00 1.637853e+00
1686 4.212389e+00 1.656768e+00
1687 4.213105e+00 1.651293e+00
1688 4.198473e+00 1.659203e+00
1689 4.201079e+00 1.671406e+00
1690 4.190399e+00 1.689656e+00
1691 4.195385e+00 1.695383e+00
1692 4.196780e+00 1.694405e+00
1693 4.199857e+00 1.693829e+00
1694 4.204097e+00 1.693964e+00
1695 4.211214e+00 1.670326e+00
1696 4.211877e+00 1.672014e+00
1697 4.211700e+00 1.677204e+00
1698 4.211537e+00 1.677205e+00
1699 4.212051e+00 1.677225e+00
1700 4.236862e+00 1.683014e+00
1701 4.228929e+00 1.680214e+00
1702 4.227507e+00 1.691948e+00
1703 4.227033e+00 1.691221e+00
1704 4.224924e+00 1.698068e+00
1705 4.220448e+00 1.699649e+00
1706 4.218557e+00 1.701753e+00
1707 4.222072e+00 1.757747e+00
1708 4.216444e+00 1.743156e+00
1709 4.274259e+00 1.717230e+00
1710 4.291778e+00 1.755769e+00
1711 4.304417e+00 1.780155e+00
1712 4.279756e+00 1.807237e+00
1713 4.264458e+00 1.815783e+00
1714 4.265406e+00 1.812277e+00
1715 4.282726e+00 1.812769e+00
1716 4.268123e+00 1.835612e+00
1717 4.254529e+00 1.854576e+00
1718 4.251255e+00 1.855381e+00
1719 4.245057e+00 1.858690e+00
1720 4.201407e+00 1.836346e+00
1721 4.202139e+00 1.836540e+00
1722 4.205976e+00 1.862990e+00
1723 4.241127e+00 1.837553e+00
1724 4.243823e+00 1.826887e+00
1725 4.241135e+00 1.825781e+00
1726 4.248670e+00 1.819779e+00
1727 4.249944e+00 1.816759e+00
1728 4.250809e+00 1.815433e+00
1729 4.231381e+00 1.803686e+00
1730 4.234962e+00 1.833511e+00
1731 4.234963e+00 1.835850e+00
1732 4.257871e+00 1.822614e+00
1733 4.270745e+00 1.828235e+00
1734 4.267306e+00 1.823966e+00
1735 4.205209e+00 1.876462e+00
1736 4.203038e+00 1.875382e+00
1737 4.210304e+00 1.889672e+00
1738 4.237183e+00 1.898891e+00
1739 4.241187e+00 1.920981e+00
1740 4.249614e+00 1.931851e+00
1741 4.242878e+00 1.933402e+00
1742 4.239765e+00 1.937370e+00
1743 4.234363e+00 1.932434e+00
1744 4.304373e+00 1.867793e+00
1745 4.302515e+00 1.870994e+00
1746 4.290877e+00 1.928747e+00
1747 4.296450e+00 1.944418e+00
1748 4.291595e+00 1.925071e+00
1749 4.315746e+00 1.923243e+00
1750 4.361291e+00 2.016691e+00
1751 4.361119e+00 2.029431e+00
1752 4.347226e+00 2.031295e+00
1753 4.347772e+00 2.026915e+00
1754 4.348093e+00 2.026271e+00
1755 4.365482e+00 2.030493e+00
1756 4.375136e+00 2.033376e+00
1757 4.370099e+00 2.039005e+00
1758 4.385841e+00 2.045030e+00
1759 4.410364e+00 2.044162e+00
1760 4.409839e+00 2.042794e+00
1761 4.408875e+00 2.039021e+00
1762 4.407209e+00 2.033568e+00
1763 4.414222e+00 2.049707e+00
1764 4.417641e+00 2.044460e+00
1765 4.411599e+00 2.043345e+00
1766 4.445251e+00 2.040721e+00
1767 4.467111e+00 2.046149e+00
1768 4.461096e+00 2.080809e+00
1769 4.422556e+00 2.108486e+00
1770 4.392876e+00 2.119025e+00
1771 4.390407e+00 2.110604e+00
1772 4.322775e+00 2.056449e+00
1773 4.360897e+00 2.014012e+00
1774 4.374269e+00 2.016833e+00
1775 4.375438e+00 1.990707e+00
1776 4.431581e+00 1.987778e+00
1777 4.396734e+00 1.957073e+00
1778 4.402103e+00 1.958879e+00
1779 4.398953e+00 1.879509e+00
1780 4.399205e+00 1.878602e+00
1781 4.475272e+00 1.884042e+00
1782 4.462842e+00 1.918584e+00
1783 4.493936e+00 1.933029e+00
1784 4.520517e+00 1.951430e+00
1785 4.520434e+00 1.952171e+00
1786 4.522185e+00 1.946960e+00
1787 4.551198e+00 1.950040e+00
1788 4.557714e+00 1.926395e+00
1789 4.557415e+00 1.926703e+00
1790 4.558343e+00 1.936081e+00
1791 4.552688e+00 1.964278e+00
1792 4.552954e+00 1.979937e+00
1793 4.546586e+00 1.980482e+00
1794 4.533150e+00 1.988915e+00
1795 4.532001e+00 2.042040e+00
1796 4.526615e+00 2.046453e+00
1797 4.539973e+00 2.035440e+00
1798 4.543163e+00 2.022692e+00
1799 4.536606e+00 2.025767e+00
1800 4.536381e+00 2.025831e+00
1801 4.536076e+00 2.023452e+00
1802 4.534089e+00 2.034511e+00
1803 4.536101e+00 1.997809e+00
1804 4.527979e+00 1.999199e+00
1805 4.522728e+00 1.948345e+00
1806 4.470954e+00 1.945677e+00
1807 4.467386e+00 1.947838e+00
1808 4.470208e+00 1.949080e+00
1809 4.471374e+00 1.946118e+00
1810 4.491017e+00 1.914332e+00
1811 4.480532e+00 1.914309e+00
1812 4.514462e+00 1.929150e+00
1813 4.544535e+00 1.912198e+00
1814 4.536369e+00 1.913072e+00
1815 4.532661e+00 1.914352e+00
1816 4.541739e+00 1.910241e+00
1817 4.574426e+00 1.888996e+00
1818 4.570484e+00 1.930996e+00
1819 4.535457e+00 1.963542e+00
1820 4.562050e+00 1.966683e+00
1821 4.580443e+00 1.974184e+00
1822 4.575743e+00 1.966387e+00
1823 4.558420e+00 1.947533e+00
1824 4.558204e+00 1.968299e+00
1825 4.572764e+00 1.962547e+00
1826 4.585842e+00 1.965818e+00
1827 4.578946e+00 1.960432e+00
1828 4.584468e+00 1.956524e+00
1829 4.584836e+00 1.891782e+00
1830 4.657838e+00 1.960844e+00
1831 4.644293e+00 1.939000e+00
1832 4.640187e+00 1.909519e+00
1833 4.640327e+00 1.909343e+00
1834 4.648885e+00 1.917801e+00
1835 4.647207e+00 1.922317e+00
1836 4.647526e+00 1.922162e+00
1837 4.649742e+00 2.027399e+00
1838 4.653189e+00 2.031547e+00
1839 4.671450e+00 2.027570e+00
1840 4.699121e+00 2.030971e+00
1841 4.698647e+00 2.019825e+00
1842 4.698741e+00 2.018529e+00
1843 4.699381e+00 2.017420e+00
1844 4.711076e+00 2.015200e+00
1845 4.707772e+00 2.015335e+00
1846 4.706869e+00 2.020156e+00
1847 4.714615e+00 2.001567e+00
1848 4.714524e+00 2.001432e+00
1849 4.718024e+00 1.990022e+00
1850 4.718130e+00 1.990144e+00
1851 4.709255e+00 1.999884e+00
1852 4.731191e+00 1.998531e+00
1853 4.719747e+00 1.980118e+00
1854 4.720794e+00 1.971942e+00
1855 4.722612e+00 1.975045e+00
1856 4.730275e+00 1.966976e+00
1857 4.715559e+00 1.962089e+00
1858 4.704855e+00 1.968489e+00
1859 4.706115e+00 1.961417e+00
1860 4.691391e+00 1.966756e+00
1861 4.689013e+00 1.960729e+00
1862 4.689441e+00 1.960342e+00
1863 4.686167e+00 1.967048e+00
1864 4.689667e+00 1.967783e+00
1865 4.691347e+00 1.966856e+00
1866 4.697582e+00 1.963142e+00
1867 4.745181e+00 1.911073e+00
1868 4.742392e+00 1.911369e+00
1869 4.739202e+00 1.910138e+00
1870 4.743703e+00 1.916152e+00
1871 4.740609e+00 1.913006e+00
1872 4.737518e+00 1.909761e+00
1873 4.763384e+00 1.898510e+00
1874 4.763149e+00 1.898667e+00
1875 4.742696e+00 1.908071e+00
1876 4.758263e+00 1.908824e+00
1877 4.757772e+00 1.931229e+00
1878 4.754411e+00 1.930146e+00
1879 4.760209e+00 1.902748e+00
1880 4.767325e+00 1.901809e+00
1881 4.767284e+00 1.903966e+00
1882 4.773661e+00 1.882984e+00
1883 4.775983e+00 1.869392e+00
1884 4.782829e+00 1.864901e+00
1885 4.771384e+00 1.847291e+00
1886 4.779307e+00 1.851824e+00
1887 4.753641e+00 1.840335e+00
1888 4.774580e+00 1.863531e+00
1889 4.778393e+00 1.850020e+00
1890 4.778061e+00 1.848720e+00
1891 4.761136e+00 1.831522e+00
1892 4.766277e+00 1.832762e+00
1893 4.769952e+00 1.826634e+00
1894 4.767324e+00 1.837142e+00
1895 4.783120e+00 1.832370e+00
1896 4.778002e+00 1.826619e+00
1897 4.813461e+00 1.851866e+00
1898 4.799779e+00 1.804227e+00
1899 4.738754e+00 1.783561e+00
1900 4.739466e+00 1.761798e+00
1901 4.701370e+00 1.780268e+00
1902 4.691323e+00 1.763872e+00
1903 4.717763e+00 1.757604e+00
1904 4.730722e+00 1.766503e+00
1905 4.728869e+00 1.791587e+00
1906 4.740474e+00 1.807255e+00
1907 4.738759e+00 1.809290e+00
1908 4.750272e+00 1.815879e+00
1909 4.770528e+00 1.841280e+00
1910 4.780253e+00 1.844246e+00
1911 4.780432e+00 1.828490e+00
1912 4.782140e+00 1.819286e+00
1913 4.772861e+00 1.817402e+00
1914 4.774246e+00 1.817242e+00
1915 4.803228e+00 1.835318e+00
1916 4.819048e+00 1.797142e+00
1917 4.792949e+00 1.787887e+00
1918 4.777926e+00 1.797839e+00
1919 4.772714e+00 1.751720e+00
1920 4.769139e+00 1.748494e+00
1921 4.800081e+00 1.733424e+00
1922 4.810848e+00 1.725737e+00
1923 4.741310e+00 1.723885e+00
1924 4.744713e+00 1.727068e+00
1925 4.744633e+00 1.726878e+00
1926 4.742414e+00 1.725307e+00
1927 4.743125e+00 1.714009e+00
1928 4.736748e+00 1.720854e+00
1929 4.734341e+00 1.721305e+00
1930 4.732122e+00 1.715261e+00
1931 4.731617e+00 1.716768e+00
1932 4.718624e+00 1.716783e+00
1933 4.720168e+00 1.717955e+00
1934 4.728937e+00 1.719146e+00
1935 4.719916e+00 1.701432e+00
1936 4.730049e+00 1.689212e+00
1937 4.734950e+00 1.684355e+00
1938 4.734181e+00 1.674787e+00
1939 4.711287e+00 1.698385e+00
1940 4.722961e+00 1.706640e+00
1941 4.714633e+00 1.707658e+00
1942 4.714369e+00 1.708872e+00
1943 4.713742e+00 1.704735e+00
1944 4.712715e+00 1.704877e+00
1945 4.719628e+00 1.686564e+00
1946 4.733613e+00 1.678534e+00
1947 4.736156e+00 1.674010e+00
1948 4.736117e+00 1.672720e+00
1949 4.737620e+00 1.671246e+00
1950 4.737814e+00 1.700806e+00
1951 4.736031e+00 1.697598e+00
1952 4.732402e+00 1.700624e+00
1953 4.737269e+00 1.701802e+00
1954 4.717131e+00 1.705990e+00
1955 4.707373e+00 1.678605e+00
1956 4.705434e+00 1.695032e+00
1957 4.714118e+00 1.713521e+00
1958 4.778632e+00 1.761997e+00
1959 4.768221e+00 1.756814e+00
1960 4.769477e+00 1.758556e+00
1961 4.782558e+00 1.769671e+00
1962 4.754891e+00 1.772358e+00
1963 4.736916e+00 1.788171e+00
1964 4.737863e+00 1.787422e+00
1965 4.688627e+00 1.801641e+00
1966 4.684382e+00 1.811016e+00
1967 4.669434e+00 1.797448e+00
1968 4.661764e+00 1.784673e+00
1969 4.653707e+00 1.793613e+00
1970 4.682224e+00 1.820906e+00
1971 4.654188e+00 1.829457e+00
1972 4.660574e+00 1.809411e+00
1973 4.686898e+00 1.848954e+00
1974 4.682617e+00 1.843672e+00
1975 4.670620e+00 1.850883e+00
1976 4.646774e+00 1.809502e+00
1977 4.642157e+00 1.812991e+00
1978 4.640638e+00 1.806316e+00
1979 4.642393e+00 1.811740e+00
1980 4.649619e+00 1.821845e+00
1981 4.598367e+00 1.843439e+00
1982 4.582242e+00 1.844640e+00
1983 4.575590e+00 1.835681e+00
1984 4.580840e+00 1.850397e+00
1985 4.568838e+00 1.874705e+00
1986 4.567911e+00 1.876031e+00
1987 4.579307e+00 1.883659e+00
1988 4.605527e+00 1.932644e+00
1989 4.618424e+00 1.934224e+00
1990 4.616271e+00 1.936745e+00
1991 4.629563e+00 1.942286e+00
1992 4.627906e+00 1.934589e+00
1993 4.598074e+00 1.944054e+00
1994 4.595204e+00 1.941797e+00
1995 4.621798e+00 1.974466e+00
1996 4.621929e+00 1.974523e+00
1997 4.619308e+00 1.977604e+00
1998 4.638838e+00 2.034377e+00
1999 4.649856e+00 2.039939e+00
2000 4.684546e+00 2.000189e+00
2001 4.690187e+00 2.011920e+00
2002 4.618396e+00 1.997929e+00
2003 4.606697e+00 1.984741e+00
2004 4.614118e+00 1.976791e+00
2005 4.615912e+00 1.977736e+00
2006 4.615686e+00 1.975939e+00
2007 4.612235e+00 1.974553e+00
2008 4.613266e+00 1.974431e+00
2009 4.615055e+00 2.001501e+00
2010 4.640054e+00 2.003312e+00
2011 4.661412e+00 1.992338e+00
2012 4.655079e+00 1.990727e+00
2013 4.661533e+00 1.980217e+00
2014 4.656773e+00 1.994959e+00
2015 4.632375e+00 1.977267e+00
2016 4.635619e+00 1.974769e+00
2017 4.628342e+00 1.966193e+00
2018 4.639163e+00 1.979680e+00
2019 4.650127e+00 1.991944e+00
2020 4.659862e+00 1.977594e+00
2021 4.660559e+00 1.988370e+00
2022 4.657113e+00 1.979489e+00
2023 4.662781e+00 1.995806e+00
2024 4.661912e+00 1.994859e+00
2025 4.668839e+00 1.987432e+00
2026 4.665403e+00 2.006740e+00
2027 4.672044e+00 2.005495e+00
2028 4.677014e+00 2.000906e+00
2029 4.666714e+00 2.016482e+00
2030 4.715641e+00 1.984395e+00
2031 4.715584e+00 1.984646e+00
2032 4.738752e+00 1.984200e+00
2033 4.738606e+00 1.985153e+00
2034 4.765319e+00 1.907744e+00
2035 4.847634e+00 1.934253e+00
2036 4.846741e+00 1.939859e+00
2037 4.853862e+00 1.931522e+00
2038 4.906216e+00 1.931369e+00
2039 4.882647e+00 1.925820e+00
2040 4.885280e+00 1.945805e+00
2041 4.877316e+00 1.938038e+00
2042 4.894812e+00 1.917955e+00
2043 4.894500e+00 1.918223e+00
2044 4.833215e+00 1.969304e+00
2045 4.834285e+00 1.980665e+00
2046 4.833714e+00 1.981743e+00
2047 4.834120e+00 1.977348e+00
2048 4.834613e+00 1.978069e+00
2049 4.828122e+00 2.009514e+00
2050 4.812880e+00 2.002022e+00
2051 4.821721e+00 2.000431e+00
2052 4.824286e+00 2.002356e+00
2053 4.830080e+00 2.003533e+00
2054 4.877033e+00 1.964819e+00
2055 4.924658e+00 1.951212e+00
2056 4.913843e+00 1.948382e+00
2057 4.907225e+00 1.945963e+00
2058 4.905768e+00 1.946677e+00
2059 4.865655e+00 1.924833e+00
2060 4.870520e+00 1.923998e+00
2061 4.836668e+00 1.937123e+00
2062 4.831953e+00 1.933918e+00
2063 4.834331e+00 1.945356e+00
2064 4.828506e+00 1.941638e+00
2065 4.829696e+00 1.942023e+00
2066 4.835646e+00 1.940681e+00
2067 4.836122e+00 1.946012e+00
2068 4.849844e+00 1.929206e+00
2069 4.870420e+00 1.853106e+00
2070 4.868658e+00 1.851826e+00
2071 4.870382e+00 1.855119e+00
2072 4.870682e+00 1.851911e+00
2073 4.929077e+00 1.946907e+00
2074 4.946487e+00 1.931974e+00
2075 4.954592e+00 1.931531e+00
2076 4.946657e+00 1.952746e+00
2077 4.937416e+00 1.966527e+00
2078 4.957645e+00 1.982669e+00
2079 4.906109e+00 1.948495e+00
2080 4.898432e+00 1.955716e+00
2081 4.899137e+00 1.955901e+00
2082 4.901717e+00 1.961281e+00
2083 4.902699e+00 1.960703e+00
2084 4.901610e+00 1.966991e+00
2085 4.912195e+00 1.941714e+00
2086 4.913250e+00 1.953435e+00
2087 4.911672e+00 1.959048e+00
2088 4.908214e+00 1.953182e+00
2089 4.896111e+00 1.943451e+00
2090 4.916477e+00 1.937642e+00
2091 4.905254e+00 1.939546e+00
2092 4.910311e+00 1.940272e+00
2093 4.908063e+00 1.943047e+00
2094 4.917472e+00 1.930526e+00
2095 4.873915e+00 1.902265e+00
2096 4.876690e+00 1.922810e+00
2097 4.871499e+00 1.922786e+00
2098 4.902358e+00 1.934947e+00
2099 4.900275e+00 1.929466e+00
2100 4.902255e+00 1.934118e+00
2101 4.944565e+00 1.934392e+00
2102 4.908559e+00 1.936289e+00
2103 4.921500e+00 1.918392e+00
2104 4.930022e+00 1.926020e+00
2105 4.959488e+00 1.930922e+00
2106 4.880220e+00 1.825982e+00
2107 4.881352e+00 1.820130e+00
2108 4.876564e+00 1.822262e+00
2109 4.870833e+00 1.805075e+00
2110 4.869044e+00 1.779677e+00
2111 4.891976e+00 1.761908e+00
2112 4.895447e+00 1.759720e+00
2113 4.834264e+00 1.770106e+00
2114 4.831954e+00 1.783565e+00
2115 4.832814e+00 1.784243e+00
2116 4.847437e+00 1.821285e+00
2117 4.837893e+00 1.818291e+00
2118 4.836919e+00 1.814234e+00
2119 4.825857e+00 1.829464e+00
2120 4.805710e+00 1.821836e+00
2121 4.748687e+00 1.872121e+00
2122 4.747978e+00 1.897972e+00
2123 4.742967e+00 1.882685e+00
2124 4.740763e+00 1.890308e+00
2125 4.740860e+00 1.890153e+00
2126 4.740540e+00 1.890116e+00
2127 4.742995e+00 1.893786e+00
2128 4.756400e+00 1.878554e+00
2129 4.749751e+00 1.870867e+00
2130 4.751673e+00 1.884730e+00
2131 4.746007e+00 1.871730e+00
2132 4.743052e+00 1.868264e+00
2133 4.752547e+00 1.863573e+00
2134 4.753454e+00 1.861085e+00
2135 4.761085e+00 1.847389e+00
2136 4.769229e+00 1.837568e+00
2137 4.746055e+00 1.851162e+00
2138 4.738347e+00 1.873644e+00
2139 4.734011e+00 1.885787e+00
2140 4.736230e+00 1.887431e+00
2141 4.738433e+00 1.890968e+00
2142 4.751632e+00 1.857506e+00
2143 4.753425e+00 1.881993e+00
2144 4.718351e+00 1.892217e+00
2145 4.694781e+00 1.899137e+00
2146 4.700717e+00 1.908948e+00
2147 4.694561e+00 1.911002e+00
2148 4.692122e+00 1.913614e+00
2149 4.692045e+00 1.913773e+00
2150 4.678014e+00 1.913759e+00
2151 4.716835e+00 1.889695e+00
2152 4.748387e+00 1.912921e+00
2153 4.764525e+00 1.926469e+00
2154 4.791126e+00 1.921790e+00
2155 4.807993e+00 1.895586e+00
2156 4.799462e+00 1.900440e+00
2157 4.798284e+00 1.903930e+00
2158 4.793154e+00 1.875367e+00
2159 4.802024e+00 1.911060e+00
2160 4.791846e+00 1.920026e+00
2161 4.804228e+00 1.936052e+00
2162 4.806676e+00 1.936601e+00
2163 4.800428e+00 1.955275e+00
2164 4.800447e+00 1.954843e+00
2165 4.877054e+00 1.957585e+00
2166 4.868612e+00 1.960096e+00
2167 4.874013e+00 1.953036e+00
2168 4.873710e+00 1.908450e+00
2169 4.872061e+00 1.914834e+00
2170 4.856241e+00 1.915138e+00
2171 4.856178e+00 1.914174e+00
2172 4.856084e+00 1.911878e+00
2173 4.849879e+00 1.898632e+00
2174 4.844256e+00 1.896082e+00
2175 4.810750e+00 1.872059e+00
2176 4.811234e+00 1.869505e+00
2177 4.816413e+00 1.868349e+00
2178 4.771096e+00 1.847850e+00
2179 4.771999e+00 1.844476e+00
2180 4.755649e+00 1.842252e+00
2181 4.755713e+00 1.842348e+00
2182 4.749773e+00 1.820171e+00
2183 4.754152e+00 1.824546e+00
2184 4.754843e+00 1.814052e+00
2185 4.746829e+00 1.759407e+00
2186 4.777308e+00 1.765694e+00
2187 4.776999e+00 1.771379e+00
2188 4.775040e+00 1.772516e+00
2189 4.770540e+00 1.741290e+00
2190 4.799176e+00 1.806611e+00
2191 4.793584e+00 1.811642e+00
2192 4.759513e+00 1.829991e+00
2193 4.759060e+00 1.831149e+00
2194 4.760678e+00 1.831685e+00
2195 4.762476e+00 1.801009e+00
2196 4.768544e+00 1.791806e+00
2197 4.746925e+00 1.772064e+00
2198 4.768356e+00 1.770739e+00
2199 4.787302e+00 1.766467e+00
2200 4.792679e+00 1.769675e+00
2201 4.777592e+00 1.791283e+00
2202 4.776794e+00 1.791286e+00
2203 4.776379e+00 1.804320e+00
2204 4.790456e+00 1.808654e+00
2205 4.784045e+00 1.828612e+00
2206 4.782173e+00 1.831429e+00
2207 4.780203e+00 1.861963e+00
2208 4.771168e+00 1.849744e+00
2209 4.779855e+00 1.859029e+00
2210 4.768834e+00 1.872828e+00
2211 4.762366e+00 1.880808e+00
2212 4.762383e+00 1.883993e+00
2213 4.772483e+00 1.890504e+00
2214 4.756352e+00 1.909522e+00
2215 4.752134e+00 1.910686e+00
2216 4.772149e+00 1.922339e+00
2217 4.783667e+00 1.921753e+00
2218 4.825652e+00 1.890376e+00
2219 4.824975e+00 1.889976e+00
2220 4.854233e+00 1.888908e+00
2221 4.854909e+00 1.886126e+00
2222 4.857950e+00 1.852846e+00
2223 4.842229e+00 1.831210e+00
2224 4.824998e+00 1.841309e+00
2225 4.830194e+00 1.850765e+00
2226 4.791834e+00 1.770231e+00
2227 4.826257e+00 1.761149e+00
2228 4.829289e+00 1.750718e+00
2229 4.828432e+00 1.754576e+00
2230 4.828428e+00 1.754557e+00
2231 4.823865e+00 1.751015e+00
2232 4.822174e+00 1.753324e+00
2233 4.822543e+00 1.773251e+00
2234 4.821364e+00 1.772439e+00
2235 4.811035e+00 1.761107e+00
2236 4.802954e+00 1.770195e+00
2237 4.785382e+00 1.780299e+00
2238 4.792633e+00 1.822854e+00
2239 4.807979e+00 1.819132e+00
2240 4.823008e+00 1.820087e+00
2241 4.815596e+00 1.819570e+00
2242 4.783685e+00 1.821197e+00
2243 4.772320e+00 1.826706e+00
2244 4.772682e+00 1.826758e+00
2245 4.732330e+00 1.828786e+00
2246 4.713636e+00 1.807161e+00
2247 4.720930e+00 1.802462e+00
2248 4.713476e+00 1.804725e+00
2249 4.723974e+00 1.787754e+00
2250 4.728928e+00 1.790855e+00
2251 4.716426e+00 1.793456e+00
2252 4.740656e+00 1.804108e+00
2253 4.740694e+00 1.804494e+00
2254 4.740566e+00 1.807251e+00
2255 4.732015e+00 1.799852e+00
2256 4.747599e+00 1.792849e+00
2257 4.757700e+00 1.789042e+00
2258 4.761026e+00 1.827936e+00
2259 4.760121e+00 1.831425e+00
2260 4.776505e+00 1.893510e+00
2261 4.848756e+00 1.957661e+00
2262 4.849794e+00 1.958064e+00
2263 4.880642e+00 1.947993e+00
2264 4.905662e+00 1.961203e+00
2265 4.928026e+00 1.976071e+00
2266 4.926959e+00 1.966190e+00
2267 4.948983e+00 1.990542e+00
2268 4.936153e+00 2.004114e+00
2269 4.933415e+00 2.013842e+00
2270 4.935754e+00 2.013432e+00
2271 4.926740e+00 2.040724e+00
2272 4.914138e+00 2.046057e+00
2273 4.909674e+00 2.040406e+00
2274 4.910462e+00 2.045847e+00
2275 4.906668e+00 2.083312e+00
2276 4.900016e+00 2.088243e+00
2277 4.879880e+00 2.066009e+00
2278 4.874195e+00 2.074519e+00
2279 4.870441e+00 2.075093e+00
2280 4.878124e+00 2.079607e+00
2281 4.883971e+00 2.078559e+00
2282 4.908806e+00 2.070450e+00
2283 4.804663e+00 2.028462e+00
2284 4.782147e+00 2.022815e+00
2285 4.780013e+00 2.022442e+00
2286 4.744894e+00 2.035875e+00
2287 4.749218e+00 2.036592e+00
2288 4.752359e+00 2.055968e+00
2289 4.738355e+00 2.025361e+00
2290 4.737744e+00 2.028482e+00
2291 4.734377e+00 2.020111e+00
2292 4.732627e+00 2.010900e+00
2293 4.725554e+00 2.010788e+00
2294 4.744205e+00 2.035945e+00
2295 4.732670e+00 2.036428e+00
2296 4.754938e+00 2.033351e+00
2297 4.773110e+00 2.061396e+00
2298 4.744740e+00 2.080351e+00
2299 4.744409e+00 2.080053e+00
2300 4.788698e+00 2.069499e+00
2301 4.791566e+00 2.062547e+00
2302 4.795962e+00 2.078811e+00
2303 4.792941e+00 2.081724e+00
2304 4.797496e+00 2.070539e+00
2305 4.798629e+00 2.068459e+00
2306 4.791405e+00 2.065132e+00
2307 4.791046e+00 2.066148e+00
2308 4.787840e+00 2.066350e+00
2309 4.787701e+00 2.066340e+00
2310 4.778676e+00 2.050753e+00
2311 4.781917e+00 2.046867e+00
2312 4.781313e+00 2.049967e+00
2313 4.779430e+00 2.037599e+00
2314 4.765072e+00 2.013566e+00
2315 4.771183e+00 1.969823e+00
2316 4.759826e+00 1.986142e+00
2317 4.753782e+00 1.949626e+00
2318 4.751586e+00 1.951729e+00
2319 4.743725e+00 1.948387e+00
2320 4.743763e+00 1.948397e+00
2321 4.745561e+00 1.953475e+00
2322 4.750681e+00 1.966780e+00
2323 4.766014e+00 1.960860e+00
2324 4.753020e+00 1.951530e+00
2325 4.756460e+00 1.953094e+00
2326 4.747394e+00 1.917209e+00
2327 4.763282e+00 1.903548e+00
2328 4.734821e+00 1.963440e+00
2329 4.736434e+00 1.961535e+00
2330 4.737659e+00 1.958115e+00
2331 4.739783e+00 1.956754e+00
2332 4.706123e+00 1.973038e+00
2333 4.687621e+00 1.974680e+00
2334 4.695596e+00 1.958080e+00
2335 4.694617e+00 1.955057e+00
2336 4.692672e+00 1.969872e+00
2337 4.704304e+00 1.992873e+00
2338 4.712335e+00 1.991684e+00
2339 4.703991e+00 1.987645e+00
2340 4.684636e+00 1.941895e+00
2341 4.708468e+00 1.929772e+00
2342 4.715117e+00 1.938282e+00
2343 4.708873e+00 1.940999e+00
2344 4.796108e+00 1.900207e+00
2345 4.808855e+00 1.921235e+00
2346 4.795728e+00 1.919274e+00
2347 4.795891e+00 1.895119e+00
2348 4.793339e+00 1.875448e+00
2349 4.788985e+00 1.871932e+00
2350 4.797278e+00 1.869660e+00
2351 4.805517e+00 1.858553e+00
2352 4.805285e+00 1.857815e+00
2353 4.811996e+00 1.886097e+00
2354 4.819382e+00 1.886005e+00
2355 4.820466e+00 1.903117e+00
2356 4.787102e+00 1.880078e+00
2357 4.788431e+00 1.878476e+00
2358 4.798231e+00 1.894141e+00
2359 4.823754e+00 1.898256e+00
2360 4.817896e+00 1.896223e+00
2361 4.842164e+00 1.895824e+00
2362 4.860941e+00 1.954737e+00
2363 4.859976e+00 1.955254e+00
2364 4.873139e+00 1.936002e+00
2365 4.870800e+00 1.924871e+00
2366 4.863608e+00 1.914853e+00
2367 4.852858e+00 1.934817e+00
2368 4.850304e+00 1.936986e+00
2369 4.858031e+00 1.930112e+00
2370 4.855323e+00 1.935934e+00
2371 4.848681e+00 1.942441e+00
2372 4.821130e+00 1.915767e+00
2373 4.822684e+00 1.908797e+00
2374 4.835937e+00 1.900320e+00
2375 4.831204e+00 1.901847e+00
2376 4.830070e+00 1.918617e+00
2377 4.821384e+00 1.922810e+00
2378 4.774881e+00 1.940494e+00
2379 4.767309e+00 1.931823e+00
2380 4.768125e+00 1.924501e+00
2381 4.775540e+00 1.928429e+00
2382 4.768713e+00 1.908863e+00
2383 4.768533e+00 1.906765e+00
2384 4.745356e+00 1.924908e+00
2385 4.747144e+00 1.918749e+00
2386 4.706821e+00 1.929452e+00
2387 4.738030e+00 1.927470e+00
2388 4.779548e+00 1.937036e+00
2389 4.780529e+00 1.934042e+00
2390 4.782206e+00 1.933710e+00
2391 4.723975e+00 1.985679e+00
2392 4.731054e+00 2.001042e+00
2393 4.733647e+00 2.011452e+00
2394 4.701385e+00 1.990192e+00
2395 4.710586e+00 1.991174e+00
2396 4.710309e+00 1.985470e+00
2397 4.700173e+00 2.013001e+00
2398 4.693201e+00 2.017698e+00
2399 4.691043e+00 2.029764e+00
2400 4.690161e+00 2.028990e+00
2401 4.692903e+00 2.019275e+00
2402 4.706989e+00 2.026733e+00
2403 4.707306e+00 2.030124e+00
2404 4.653746e+00 2.069592e+00
2405 4.644735e+00 2.044976e+00
2406 4.650888e+00 2.056275e+00
2407 4.635600e+00 2.056024e+00
2408 4.636249e+00 2.054962e+00
2409 4.633195e+00 2.059128e+00
2410 4.629368e+00 2.035461e+00
2411 4.643020e+00 2.039376e+00
2412 4.644045e+00 2.041079e+00
2413 4.645925e+00 2.029476e+00
2414 4.648825e+00 2.017847e+00
2415 4.658539e+00 1.994604e+00
2416 4.658692e+00 1.988030e+00
2417 4.672463e+00 1.988323e+00
2418 4.661061e+00 1.997717e+00
2419 4.680806e+00 1.975103e+00
2420 4.695292e+00 1.998753e+00
2421 4.663625e+00 2.029317e+00
2422 4.662073e+00 2.043562e+00
2423 4.642086e+00 2.027962e+00
2424 4.662820e+00 2.011538e+00
2425 4.659882e+00 1.989657e+00
2426 4.623626e+00 1.964878e+00
2427 4.633607e+00 1.975420e+00
2428 4.649855e+00 1.975797e+00
2429 4.649859e+00 1.975813e+00
2430 4.652042e+00 1.972241e+00
2431 4.658066e+00 1.982703e+00
2432 4.716037e+00 1.970934e+00
2433 4.720908e+00 1.979463e+00
2434 4.723253e+00 1.972037e+00
2435 4.731751e+00 1.974991e+00
2436 4.769114e+00 1.987561e+00
2437 4.769248e+00 1.986237e+00
2438 4.782827e+00 1.981826e+00
2439 4.784407e+00 2.010168e+00
2440 4.784953e+00 2.008908e+00
2441 4.781378e+00 2.020822e+00
2442 4.802891e+00 2.032958e+00
2443 4.798396e+00 2.042635e+00
2444 4.797654e+00 2.047411e+00
2445 4.800004e+00 2.047049e+00
2446 4.784899e+00 2.057926e+00
2447 4.785342e+00 2.059229e+00
2448 4.770185e+00 2.033052e+00
2449 4.786252e+00 1.995118e+00
2450 4.786390e+00 2.002255e+00
2451 4.803790e+00 2.016541e+00
2452 4.802638e+00 2.005522e+00
2453 4.801111e+00 2.004451e+00
2454 4.795627e+00 1.981047e+00
2455 4.761378e+00 2.037465e+00
2456 4.787578e+00 2.026480e+00
2457 4.754790e+00 2.083584e+00
2458 4.746652e+00 2.078924e+00
2459 4.778323e+00 2.113533e+00
2460 4.783211e+00 2.114428e+00
2461 4.776510e+00 2.112087e+00
2462 4.779041e+00 2.116280e+00
2463 4.785027e+00 2.121583e+00
2464 4.916191e+00 2.097099e+00
2465 4.913753e+00 2.072451e+00
2466 4.920556e+00 2.051902e+00
2467 4.874448e+00 2.034693e+00
2468 4.873428e+00 2.042214e+00
2469 4.870109e+00 2.032867e+00
2470 4.882380e+00 2.038422e+00
2471 4.875026e+00 2.051385e+00
2472 4.869638e+00 2.053505e+00
2473 4.866503e+00 2.076465e+00
2474 4.874229e+00 2.070727e+00
2475 4.878276e+00 2.071211e+00
2476 4.869250e+00 2.078376e+00
2477 4.859156e+00 2.032934e+00
2478 4.860441e+00 2.039474e+00
2479 4.829543e+00 2.028725e+00
2480 4.823296e+00 2.039012e+00
2481 4.822825e+00 2.041389e+00
2482 4.836476e+00 2.036869e+00
2483 4.842750e+00 2.041496e+00
2484 4.854214e+00 2.028504e+00
2485 4.855306e+00 2.030636e+00
2486 4.852975e+00 2.028964e+00
2487 4.832307e+00 2.075596e+00
2488 4.830971e+00 2.041142e+00
2489 4.828176e+00 2.039339e+00
2490 4.845518e+00 2.048722e+00
2491 4.870797e+00 2.041456e+00
2492 4.880986e+00 2.053468e+00
2493 4.900215e+00 2.035909e+00
2494 4.899921e+00 2.030900e+00
2495 4.915062e+00 2.019388e+00
2496 4.915614e+00 2.018481e+00
2497 4.922554e+00 2.017565e+00
2498 4.930167e+00 2.025366e+00
2499 4.945085e+00 2.022797e+00
2500 4.933162e+00 2.034891e+00
2501 4.951515e+00 2.045196e+00
2502 4.947090e+00 2.049502e+00
2503 4.941784e+00 2.039819e+00
2504 4.950363e+00 2.013685e+00
2505 4.948152e+00 2.027937e+00
2506 4.947874e+00 1.998005e+00
2507 4.938942e+00 1.983432e+00
2508 4.935572e+00 2.000128e+00
2509 4.952165e+00 2.034813e+00
2510 4.952104e+00 2.056280e+00
2511 4.951339e+00 2.057179e+00
2512 4.950665e+00 2.056688e+00
2513 4.965949e+00 2.052235e+00
2514 5.038113e+00 2.035144e+00
