0 3.573679e+00 1.357455e+00
1 3.580526e+00 1.403616e+00
2 3.517347e+00 1.402573e+00
3 3.527864e+00 1.395383e+00
4 3.530161e+00 1.360940e+00
5 3.537462e+00 1.365160e+00
6 3.537510e+00 1.363122e+00
7 3.537059e+00 1.364163e+00
8 3.552135e+00 1.350669e+00
9 3.553868e+00 1.354894e+00
10 3.591730e+00 1.393781e+00
11 3.579299e+00 1.394841e+00
12 3.554945e+00 1.407999e+00
13 3.555153e+00 1.407910e+00
14 3.554474e+00 1.407761e+00
15 3.563088e+00 1.357375e+00
16 3.533324e+00 1.341916e+00
17 3.531622e+00 1.349038e+00
18 3.515187e+00 1.370485e+00
19 3.440113e+00 1.335503e+00
20 3.438037e+00 1.336517e+00
21 3.438633e+00 1.336095e+00
22 3.432680e+00 1.337100e+00
23 3.422741e+00 1.360576e+00
24 3.425940e+00 1.359943e+00
25 3.422161e+00 1.376466e+00
26 3.454708e+00 1.389061e+00
27 3.461171e+00 1.377426e+00
28 3.474029e+00 1.382290e+00
29 3.491649e+00 1.390445e+00
30 3.446079e+00 1.393878e+00
31 3.423007e+00 1.369149e+00
32 3.432299e+00 1.363569e+00
33 3.433891e+00 1.367963e+00
34 3.348112e+00 1.376054e+00
35 3.282486e+00 1.336501e+00
36 3.297396e+00 1.329888e+00
37 3.275741e+00 1.324036e+00
38 3.247952e+00 1.346876e+00
39 3.247519e+00 1.347112e+00
40 3.238117e+00 1.347976e+00
41 3.237625e+00 1.354148e+00
42 3.230343e+00 1.339787e+00
43 3.257465e+00 1.362296e+00
44 3.295539e+00 1.376545e+00
45 3.302051e+00 1.371747e+00
46 3.301259e+00 1.391777e+00
47 3.281540e+00 1.391312e+00
48 3.248247e+00 1.374034e+00
49 3.253593e+00 1.384405e+00
50 3.278215e+00 1.368921e+00
51 3.307401e+00 1.405021e+00
52 3.397477e+00 1.400333e+00
53 3.411778e+00 1.442598e+00
54 3.470444e+00 1.485731e+00
55 3.467380e+00 1.485086e+00
56 3.473457e+00 1.523894e+00
57 3.473167e+00 1.522688e+00
58 3.483572e+00 1.500809e+00
59 3.484927e+00 1.499792e+00
60 3.481633e+00 1.501534e+00
61 3.517204e+00 1.482334e+00
62 3.512662e+00 1.476039e+00
63 3.510605e+00 1.469268e+00
64 3.538388e+00 1.473690e+00
65 3.532206e+00 1.478817e+00
66 3.560827e+00 1.493073e+00
67 3.596002e+00 1.544039e+00
68 3.595868e+00 1.543985e+00
69 3.574538e+00 1.546528e+00
70 3.574872e+00 1.552861e+00
71 3.578856e+00 1.559158e+00
72 3.590558e+00 1.599700e+00
73 3.599133e+00 1.574184e+00
74 3.610901e+00 1.542492e+00
75 3.611917e+00 1.547353e+00
76 3.612377e+00 1.547766e+00
77 3.613024e+00 1.548970e+00
78 3.632624e+00 1.571095e+00
79 3.645322e+00 1.575222e+00
80 3.645674e+00 1.581257e+00
81 3.644587e+00 1.577488e+00
82 3.653529e+00 1.609678e+00
83 3.654652e+00 1.608078e+00
84 3.654668e+00 1.608044e+00
85 3.647364e+00 1.589787e+00
86 3.647996e+00 1.586091e+00
87 3.628082e+00 1.601407e+00
88 3.637287e+00 1.606643e+00
89 3.640449e+00 1.608384e+00
90 3.649925e+00 1.601752e+00
91 3.621815e+00 1.610561e+00
92 3.617996e+00 1.599941e+00
93 3.607323e+00 1.591376e+00
94 3.617105e+00 1.561538e+00
95 3.617175e+00 1.569598e+00
96 3.615601e+00 1.571576e+00
97 3.612565e+00 1.566052e+00
98 3.631358e+00 1.575823e+00
99 3.651136e+00 1.593169e+00
100 3.636742e+00 1.584351e+00
101 3.628281e+00 1.588506e+00
102 3.631396e+00 1.575805e+00
103 3.635915e+00 1.562663e+00
104 3.665627e+00 1.596418e+00
105 3.667359e+00 1.578615e+00
106 3.647135e+00 1.584367e+00
107 3.644956e+00 1.595273e+00
108 3.614970e+00 1.561147e+00
109 3.635125e+00 1.573796e+00
110 3.641520e+00 1.578258e+00
111 3.640904e+00 1.578635e+00
112 3.649637e+00 1.586233e+00
113 3.656311e+00 1.629907e+00
114 3.641118e+00 1.618731e+00
115 3.652219e+00 1.636285e+00
116 3.636634e+00 1.600907e+00
117 3.637398e+00 1.601276e+00
118 3.635875e+00 1.614879e+00
119 3.633914e+00 1.607313e+00
120 3.631406e+00 1.613381e+00
121 3.659057e+00 1.613167e+00
122 3.669938e+00 1.625837e+00
123 3.679991e+00 1.641789e+00
124 3.685277e+00 1.634747e+00
125 3.669451e+00 1.639271e+00
126 3.689677e+00 1.591371e+00
127 3.689033e+00 1.621554e+00
128 3.680641e+00 1.612921e+00
129 3.656649e+00 1.584754e+00
130 3.664467e+00 1.574413e+00
131 3.680053e+00 1.567403e+00
132 3.679036e+00 1.560181e+00
133 3.649346e+00 1.542542e+00
134 3.644820e+00 1.545183e+00
135 3.570910e+00 1.589157e+00
136 3.595031e+00 1.554716e+00
137 3.591239e+00 1.552810e+00
138 3.594604e+00 1.545540e+00
139 3.600914e+00 1.533651e+00
140 3.604086e+00 1.531634e+00
141 3.606756e+00 1.540120e+00
142 3.607845e+00 1.537696e+00
143 3.596972e+00 1.543081e+00
144 3.629754e+00 1.537385e+00
145 3.689827e+00 1.616129e+00
146 3.723766e+00 1.601874e+00
147 3.723962e+00 1.601563e+00
148 3.730232e+00 1.595734e+00
149 3.748545e+00 1.634411e+00
150 3.753842e+00 1.632446e+00
151 3.760446e+00 1.612473e+00
152 3.773204e+00 1.607263e+00
153 3.766764e+00 1.599487e+00
154 3.765259e+00 1.598643e+00
155 3.731886e+00 1.643431e+00
156 3.700442e+00 1.661014e+00
157 3.700716e+00 1.704654e+00
158 3.702838e+00 1.705243e+00
159 3.677745e+00 1.698468e+00
160 3.725505e+00 1.727922e+00
161 3.729695e+00 1.721638e+00
162 3.729758e+00 1.723950e+00
163 3.729928e+00 1.750990e+00
164 3.742882e+00 1.753616e+00
165 3.741560e+00 1.756292e+00
166 3.754318e+00 1.743732e+00
167 3.755958e+00 1.741806e+00
168 3.765538e+00 1.741619e+00
169 3.767613e+00 1.739504e+00
170 3.761652e+00 1.748204e+00
171 3.775155e+00 1.806615e+00
172 3.799539e+00 1.833051e+00
173 3.796958e+00 1.838606e+00
174 3.797345e+00 1.844765e+00
175 3.773826e+00 1.888367e+00
176 3.721337e+00 1.891273e+00
177 3.713328e+00 1.951116e+00
178 3.690447e+00 1.934623e+00
179 3.688452e+00 1.947151e+00
180 3.694640e+00 1.943829e+00
181 3.685391e+00 1.937263e+00
182 3.679749e+00 1.943654e+00
183 3.664567e+00 1.925539e+00
184 3.675226e+00 1.922868e+00
185 3.662111e+00 1.909243e+00
186 3.642928e+00 1.886626e+00
187 3.743422e+00 1.832780e+00
188 3.744102e+00 1.836818e+00
189 3.712509e+00 1.859745e+00
190 3.715305e+00 1.859189e+00
191 3.710861e+00 1.860154e+00
192 3.705954e+00 1.871517e+00
193 3.707730e+00 1.902572e+00
194 3.708148e+00 1.895213e+00
195 3.704116e+00 1.900741e+00
196 3.693271e+00 1.859071e+00
197 3.708223e+00 1.849194e+00
198 3.714638e+00 1.849147e+00
199 3.716765e+00 1.850034e+00
200 3.718741e+00 1.853907e+00
201 3.685329e+00 1.842550e+00
202 3.696134e+00 1.841363e+00
203 3.676973e+00 1.809888e+00
204 3.676628e+00 1.812678e+00
205 3.691374e+00 1.776988e+00
206 3.689805e+00 1.779009e+00
207 3.669885e+00 1.769659e+00
208 3.673842e+00 1.775633e+00
209 3.673244e+00 1.776205e+00
210 3.680301e+00 1.761494e+00
211 3.685217e+00 1.764234e+00
212 3.680646e+00 1.764761e+00
213 3.639638e+00 1.758942e+00
214 3.640705e+00 1.759963e+00
215 3.640886e+00 1.760743e+00
216 3.637831e+00 1.765788e+00
217 3.649859e+00 1.792334e+00
218 3.644260e+00 1.795332e+00
219 3.637198e+00 1.795744e+00
220 3.625040e+00 1.803498e+00
221 3.580403e+00 1.849114e+00
222 3.597684e+00 1.861055e+00
223 3.608788e+00 1.844123e+00
224 3.609219e+00 1.876533e+00
225 3.615643e+00 1.871185e+00
226 3.629648e+00 1.870443e+00
227 3.645128e+00 1.857546e+00
228 3.656515e+00 1.893168e+00
229 3.649321e+00 1.893696e+00
230 3.634326e+00 1.872119e+00
231 3.611742e+00 1.874245e+00
232 3.617458e+00 1.874612e+00
233 3.648258e+00 1.876106e+00
234 3.644674e+00 1.869859e+00
235 3.633633e+00 1.866615e+00
236 3.635639e+00 1.873715e+00
237 3.650045e+00 1.895736e+00
238 3.650544e+00 1.898502e+00
239 3.680599e+00 1.870257e+00
240 3.610659e+00 1.900653e+00
241 3.647937e+00 1.912373e+00
242 3.649176e+00 1.927378e+00
243 3.662367e+00 1.922242e+00
244 3.642625e+00 1.908592e+00
245 3.649215e+00 1.901358e+00
246 3.661575e+00 1.894158e+00
247 3.685582e+00 1.932259e+00
248 3.687644e+00 1.939371e+00
249 3.655269e+00 1.937729e+00
250 3.624679e+00 1.967206e+00
251 3.635192e+00 1.941635e+00
252 3.622935e+00 1.908424e+00
253 3.622035e+00 1.909548e+00
254 3.627329e+00 1.913758e+00
255 3.628287e+00 1.914948e+00
256 3.609831e+00 1.917176e+00
257 3.649878e+00 1.891757e+00
258 3.646996e+00 1.898307e+00
259 3.670829e+00 1.867583e+00
260 3.669405e+00 1.867606e+00
261 3.655918e+00 1.889791e+00
262 3.655925e+00 1.889789e+00
263 3.665952e+00 1.882513e+00
264 3.660350e+00 1.881723e+00
265 3.646905e+00 1.859411e+00
266 3.663857e+00 1.867354e+00
267 3.687091e+00 1.852925e+00
268 3.688682e+00 1.854403e+00
269 3.688078e+00 1.846874e+00
270 3.688459e+00 1.855316e+00
271 3.684509e+00 1.853122e+00
272 3.701549e+00 1.890899e+00
273 3.700780e+00 1.873369e+00
274 3.683040e+00 1.828824e+00
275 3.682934e+00 1.828475e+00
276 3.701279e+00 1.842971e+00
277 3.701161e+00 1.842845e+00
278 3.727680e+00 1.824564e+00
279 3.701957e+00 1.794757e+00
280 3.701558e+00 1.795202e+00
281 3.680969e+00 1.803567e+00
282 3.682595e+00 1.805828e+00
283 3.669391e+00 1.812198e+00
284 3.702516e+00 1.778494e+00
285 3.707757e+00 1.791558e+00
286 3.707004e+00 1.808686e+00
287 3.709744e+00 1.807366e+00
288 3.710272e+00 1.805803e+00
289 3.691713e+00 1.760863e+00
290 3.701320e+00 1.736501e+00
291 3.708540e+00 1.708998e+00
292 3.707753e+00 1.705576e+00
293 3.687569e+00 1.743509e+00
294 3.687942e+00 1.736270e+00
295 3.685405e+00 1.738570e+00
296 3.685190e+00 1.737269e+00
297 3.684307e+00 1.727297e+00
298 3.674749e+00 1.721415e+00
299 3.670713e+00 1.748969e+00
300 3.726944e+00 1.799220e+00
301 3.731508e+00 1.795205e+00
302 3.722827e+00 1.773161e+00
303 3.725014e+00 1.776137e+00
304 3.709442e+00 1.811492e+00
305 3.771545e+00 1.881514e+00
306 3.768169e+00 1.895901e+00
307 3.765494e+00 1.879096e+00
308 3.760996e+00 1.884846e+00
309 3.755636e+00 1.884943e+00
310 3.755313e+00 1.886713e+00
311 3.743753e+00 1.890685e+00
312 3.772203e+00 1.892269e+00
313 3.765029e+00 1.906026e+00
314 3.764399e+00 1.904034e+00
315 3.745338e+00 1.893668e+00
316 3.707456e+00 1.870383e+00
317 3.674669e+00 1.865111e+00
318 3.693201e+00 1.868274e+00
319 3.665751e+00 1.860159e+00
320 3.677788e+00 1.858870e+00
321 3.667623e+00 1.878265e+00
322 3.662241e+00 1.880549e+00
323 3.659988e+00 1.902816e+00
324 3.707533e+00 1.872444e+00
325 3.703891e+00 1.865173e+00
326 3.700493e+00 1.874613e+00
327 3.690154e+00 1.870326e+00
328 3.646129e+00 1.877722e+00
329 3.646138e+00 1.880164e+00
330 3.644408e+00 1.879092e+00
331 3.637336e+00 1.870925e+00
332 3.639010e+00 1.872464e+00
333 3.646919e+00 1.891200e+00
334 3.646219e+00 1.891296e+00
335 3.651045e+00 1.892253e+00
336 3.648297e+00 1.875738e+00
337 3.646481e+00 1.871534e+00
338 3.645527e+00 1.868273e+00
339 3.641589e+00 1.869105e+00
340 3.652592e+00 1.881745e+00
341 3.650122e+00 1.872610e+00
342 3.654570e+00 1.876266e+00
343 3.645458e+00 1.881179e+00
344 3.643108e+00 1.875590e+00
345 3.653620e+00 1.900120e+00
346 3.647758e+00 1.888483e+00
347 3.639499e+00 1.898737e+00
348 3.629448e+00 1.918882e+00
349 3.628750e+00 1.925893e+00
350 3.640645e+00 1.927463e+00
351 3.658432e+00 1.934152e+00
352 3.660213e+00 1.930404e+00
353 3.651980e+00 1.941055e+00
354 3.637650e+00 1.943384e+00
355 3.637281e+00 1.943135e+00
356 3.644489e+00 1.954222e+00
357 3.687835e+00 1.931186e+00
358 3.687779e+00 1.952233e+00
359 3.699302e+00 1.963646e+00
360 3.696781e+00 1.962307e+00
361 3.695768e+00 1.965154e+00
362 3.711318e+00 1.954038e+00
363 3.713639e+00 1.943281e+00
364 3.716244e+00 1.943192e+00
365 3.751182e+00 1.948579e+00
366 3.771002e+00 1.997047e+00
367 3.766314e+00 1.980920e+00
368 3.765988e+00 1.981068e+00
369 3.761152e+00 1.981810e+00
370 3.760535e+00 1.958466e+00
371 3.760486e+00 1.958546e+00
372 3.785203e+00 1.936609e+00
373 3.796463e+00 1.955239e+00
374 3.787850e+00 1.959452e+00
375 3.807872e+00 1.964228e+00
376 3.728210e+00 1.939900e+00
377 3.738592e+00 1.945789e+00
378 3.748263e+00 1.947242e+00
379 3.764056e+00 1.961885e+00
380 3.714011e+00 1.860367e+00
381 3.715237e+00 1.868639e+00
382 3.720401e+00 1.873266e+00
383 3.712495e+00 1.876726e+00
384 3.667482e+00 1.899593e+00
385 3.659020e+00 1.882784e+00
386 3.670536e+00 1.918774e+00
387 3.677052e+00 1.900493e+00
388 3.713139e+00 1.862728e+00
389 3.715473e+00 1.866832e+00
390 3.744139e+00 1.823360e+00
391 3.710432e+00 1.810205e+00
392 3.710898e+00 1.810797e+00
393 3.690419e+00 1.797127e+00
394 3.654432e+00 1.782166e+00
395 3.662005e+00 1.761696e+00
396 3.678647e+00 1.755659e+00
397 3.675235e+00 1.758926e+00
398 3.673149e+00 1.762070e+00
399 3.705029e+00 1.760988e+00
400 3.752240e+00 1.767299e+00
401 3.751556e+00 1.770339e+00
402 3.794133e+00 1.823853e+00
403 3.794288e+00 1.823285e+00
404 3.820683e+00 1.851125e+00
405 3.821147e+00 1.849156e+00
406 3.725400e+00 1.808674e+00
407 3.724651e+00 1.811000e+00
408 3.725267e+00 1.809400e+00
409 3.725903e+00 1.805653e+00
410 3.762241e+00 1.765079e+00
411 3.763860e+00 1.766928e+00
412 3.768560e+00 1.761289e+00
413 3.778740e+00 1.765523e+00
414 3.784664e+00 1.758628e+00
415 3.801118e+00 1.758071e+00
416 3.801409e+00 1.754061e+00
417 3.806342e+00 1.723599e+00
418 3.812537e+00 1.710215e+00
419 3.829587e+00 1.689327e+00
420 3.829409e+00 1.689521e+00
421 3.800270e+00 1.677986e+00
422 3.797874e+00 1.679922e+00
423 3.811312e+00 1.703092e+00
424 3.812194e+00 1.705062e+00
425 3.832125e+00 1.740629e+00
426 3.837106e+00 1.727604e+00
427 3.847419e+00 1.718623e+00
428 3.851180e+00 1.722801e+00
429 3.862691e+00 1.710895e+00
430 3.864490e+00 1.710082e+00
431 3.861798e+00 1.707092e+00
432 3.855945e+00 1.731218e+00
433 3.860722e+00 1.728573e+00
434 3.852208e+00 1.720959e+00
435 3.845263e+00 1.708609e+00
436 3.867385e+00 1.760574e+00
437 3.868151e+00 1.761429e+00
438 3.868136e+00 1.761284e+00
439 3.872629e+00 1.756141e+00
440 3.868615e+00 1.756464e+00
441 3.832920e+00 1.724603e+00
442 3.821161e+00 1.714386e+00
443 3.800894e+00 1.713597e+00
444 3.791413e+00 1.715894e+00
445 3.744696e+00 1.734080e+00
446 3.756857e+00 1.747500e+00
447 3.767992e+00 1.754609e+00
448 3.732842e+00 1.768850e+00
449 3.743881e+00 1.790503e+00
450 3.726549e+00 1.769226e+00
451 3.760704e+00 1.803207e+00
452 3.757422e+00 1.793678e+00
453 3.761497e+00 1.794407e+00
454 3.781837e+00 1.791917e+00
455 3.771369e+00 1.822228e+00
456 3.766638e+00 1.823394e+00
457 3.765380e+00 1.823749e+00
458 3.755063e+00 1.847442e+00
459 3.742958e+00 1.870343e+00
460 3.742952e+00 1.870340e+00
461 3.747949e+00 1.872749e+00
462 3.754753e+00 1.888522e+00
463 3.782308e+00 1.903038e+00
464 3.789653e+00 1.915127e+00
465 3.794944e+00 1.894792e+00
466 3.801269e+00 1.907612e+00
467 3.802016e+00 1.904726e+00
468 3.810115e+00 1.910929e+00
469 3.809736e+00 1.932143e+00
470 3.818637e+00 1.923791e+00
471 3.808770e+00 1.929615e+00
472 3.775344e+00 1.962745e+00
473 3.774255e+00 1.960651e+00
474 3.774252e+00 1.960654e+00
475 3.772110e+00 1.965820e+00
476 3.749074e+00 1.972604e+00
477 3.729256e+00 1.977368e+00
478 3.729629e+00 1.977413e+00
479 3.741781e+00 1.981139e+00
480 3.741790e+00 1.972498e+00
481 3.743241e+00 1.974130e+00
482 3.732072e+00 1.972843e+00
483 3.743005e+00 1.979970e+00
484 3.736941e+00 1.957623e+00
485 3.734742e+00 1.976722e+00
486 3.728981e+00 1.979540e+00
487 3.733902e+00 1.975236e+00
488 3.721305e+00 1.965521e+00
489 3.710004e+00 1.963700e+00
490 3.703399e+00 1.944274e+00
491 3.708326e+00 1.936590e+00
492 3.706461e+00 1.958004e+00
493 3.708368e+00 1.958384e+00
494 3.677709e+00 1.937281e+00
495 3.670935e+00 1.934176e+00
496 3.682603e+00 1.922581e+00
497 3.681027e+00 1.867896e+00
498 3.671171e+00 1.844803e+00
499 3.716289e+00 1.727044e+00
500 3.717275e+00 1.725896e+00
501 3.727773e+00 1.690888e+00
502 3.727871e+00 1.617779e+00
503 3.722626e+00 1.638426e+00
504 3.722279e+00 1.641206e+00
505 3.728425e+00 1.648906e+00
506 3.723529e+00 1.653873e+00
507 3.730819e+00 1.655090e+00
508 3.717058e+00 1.659275e+00
509 3.715636e+00 1.661641e+00
510 3.769855e+00 1.656790e+00
511 3.767141e+00 1.660394e+00
512 3.785998e+00 1.656007e+00
513 3.768553e+00 1.642030e+00
514 3.746144e+00 1.639113e+00
515 3.717363e+00 1.681458e+00
516 3.713359e+00 1.685656e+00
517 3.726078e+00 1.683916e+00
518 3.720154e+00 1.683974e+00
519 3.730538e+00 1.696785e+00
520 3.726410e+00 1.698182e+00
521 3.686684e+00 1.667987e+00
522 3.686871e+00 1.681573e+00
523 3.689177e+00 1.682723e+00
524 3.679372e+00 1.678542e+00
525 3.681423e+00 1.679930e+00
526 3.681426e+00 1.679939e+00
527 3.661157e+00 1.686665e+00
528 3.646929e+00 1.702411e+00
529 3.651604e+00 1.708496e+00
530 3.642716e+00 1.695250e+00
531 3.641310e+00 1.700127e+00
532 3.646978e+00 1.687784e+00
533 3.642758e+00 1.691752e+00
534 3.642763e+00 1.691851e+00
535 3.629859e+00 1.708563e+00
536 3.629481e+00 1.708696e+00
537 3.688682e+00 1.700071e+00
538 3.689361e+00 1.703513e+00
539 3.694989e+00 1.713237e+00
540 3.699294e+00 1.741164e+00
541 3.691642e+00 1.764218e+00
542 3.687976e+00 1.798059e+00
543 3.705426e+00 1.809759e+00
544 3.726590e+00 1.784584e+00
545 3.705198e+00 1.792146e+00
546 3.705789e+00 1.791508e+00
547 3.714652e+00 1.746582e+00
548 3.697054e+00 1.770192e+00
549 3.688250e+00 1.783272e+00
550 3.669123e+00 1.804207e+00
551 3.663489e+00 1.799588e+00
552 3.652737e+00 1.786337e+00
553 3.653239e+00 1.785579e+00
554 3.669389e+00 1.777910e+00
555 3.653620e+00 1.790420e+00
556 3.654518e+00 1.788964e+00
557 3.695551e+00 1.772722e+00
558 3.701766e+00 1.776631e+00
559 3.700664e+00 1.769916e+00
560 3.704184e+00 1.768951e+00
561 3.712249e+00 1.791997e+00
562 3.711266e+00 1.794461e+00
563 3.721328e+00 1.800758e+00
564 3.694904e+00 1.820155e+00
565 3.707133e+00 1.852919e+00
566 3.737429e+00 1.850132e+00
567 3.741525e+00 1.854661e+00
568 3.718135e+00 1.873971e+00
569 3.724603e+00 1.842332e+00
570 3.717033e+00 1.835124e+00
571 3.717296e+00 1.836066e+00
572 3.698139e+00 1.842183e+00
573 3.699821e+00 1.836934e+00
574 3.623783e+00 1.828741e+00
575 3.604882e+00 1.803603e+00
576 3.579173e+00 1.798745e+00
577 3.584391e+00 1.791820e+00
578 3.595925e+00 1.801941e+00
579 3.596951e+00 1.802506e+00
580 3.604069e+00 1.789352e+00
581 3.604074e+00 1.789314e+00
582 3.601216e+00 1.794396e+00
583 3.594721e+00 1.799799e+00
584 3.578171e+00 1.799760e+00
585 3.570134e+00 1.812649e+00
586 3.570059e+00 1.812576e+00
587 3.581727e+00 1.806053e+00
588 3.580740e+00 1.807802e+00
589 3.599751e+00 1.789747e+00
590 3.601170e+00 1.794583e+00
591 3.606534e+00 1.789255e+00
592 3.603462e+00 1.836934e+00
593 3.592074e+00 1.835138e+00
594 3.603689e+00 1.825150e+00
595 3.661810e+00 1.778348e+00
596 3.673007e+00 1.782176e+00
597 3.675056e+00 1.779705e+00
598 3.675430e+00 1.780533e+00
599 3.686860e+00 1.804381e+00
600 3.687461e+00 1.800274e+00
601 3.710518e+00 1.794025e+00
602 3.782763e+00 1.776098e+00
603 3.778941e+00 1.742218e+00
604 3.766217e+00 1.656742e+00
605 3.787162e+00 1.641390e+00
606 3.769331e+00 1.574703e+00
607 3.768160e+00 1.573655e+00
608 3.766754e+00 1.574675e+00
609 3.767215e+00 1.574956e+00
610 3.758819e+00 1.570944e+00
611 3.742675e+00 1.579170e+00
612 3.731375e+00 1.574106e+00
613 3.733329e+00 1.572421e+00
614 3.735534e+00 1.553386e+00
615 3.730483e+00 1.546741e+00
616 3.738389e+00 1.553172e+00
617 3.724090e+00 1.564498e+00
618 3.724005e+00 1.564425e+00
619 3.742729e+00 1.511169e+00
620 3.740773e+00 1.516125e+00
621 3.725051e+00 1.526825e+00
622 3.722835e+00 1.530234e+00
623 3.729847e+00 1.526675e+00
624 3.716180e+00 1.546297e+00
625 3.749577e+00 1.548449e+00
626 3.783605e+00 1.641403e+00
627 3.803426e+00 1.658037e+00
628 3.787966e+00 1.664073e+00
629 3.772413e+00 1.659051e+00
630 3.767276e+00 1.645566e+00
631 3.759556e+00 1.619554e+00
632 3.743368e+00 1.585202e+00
633 3.774140e+00 1.604599e+00
634 3.793648e+00 1.583645e+00
635 3.808723e+00 1.562147e+00
636 3.813671e+00 1.553018e+00
637 3.829089e+00 1.549891e+00
638 3.823572e+00 1.576515e+00
639 3.843281e+00 1.578925e+00
640 3.833553e+00 1.576552e+00
641 3.833140e+00 1.576787e+00
642 3.846075e+00 1.576223e+00
643 3.829459e+00 1.579284e+00
644 3.834890e+00 1.652624e+00
645 3.833217e+00 1.623399e+00
646 3.791398e+00 1.679580e+00
647 3.788796e+00 1.682777e+00
648 3.785142e+00 1.675969e+00
649 3.785873e+00 1.676132e+00
650 3.782720e+00 1.680992e+00
651 3.783973e+00 1.669822e+00
652 3.781740e+00 1.670741e+00
653 3.818323e+00 1.668290e+00
654 3.815520e+00 1.669492e+00
655 3.814900e+00 1.590570e+00
656 3.827366e+00 1.610768e+00
657 3.832626e+00 1.604589e+00
658 3.811749e+00 1.616638e+00
659 3.856837e+00 1.603299e+00
660 3.860144e+00 1.600504e+00
661 3.860089e+00 1.600594e+00
662 3.858484e+00 1.602353e+00
663 3.854670e+00 1.603486e+00
664 3.859196e+00 1.606223e+00
665 3.852754e+00 1.602176e+00
666 3.855941e+00 1.604246e+00
667 3.894898e+00 1.536347e+00
668 3.895233e+00 1.538234e+00
669 3.883197e+00 1.530101e+00
670 3.867113e+00 1.525032e+00
671 3.866451e+00 1.519813e+00
672 3.876913e+00 1.543502e+00
673 3.873762e+00 1.549453e+00
674 3.847108e+00 1.547916e+00
675 3.792359e+00 1.524071e+00
676 3.805122e+00 1.523495e+00
677 3.795938e+00 1.541021e+00
678 3.789427e+00 1.540514e+00
679 3.788038e+00 1.543472e+00
680 3.834825e+00 1.586242e+00
681 3.834993e+00 1.585440e+00
682 3.814532e+00 1.602121e+00
683 3.838820e+00 1.579065e+00
684 3.829190e+00 1.584618e+00
685 3.837370e+00 1.593480e+00
686 3.869589e+00 1.611746e+00
687 3.863985e+00 1.605083e+00
688 3.868925e+00 1.617305e+00
689 3.893803e+00 1.609309e+00
690 3.900020e+00 1.620836e+00
691 3.901881e+00 1.609212e+00
692 3.905596e+00 1.611163e+00
693 3.913009e+00 1.591409e+00
694 3.879536e+00 1.548400e+00
695 3.890785e+00 1.528971e+00
696 3.881526e+00 1.523280e+00
697 3.875007e+00 1.519255e+00
698 3.865674e+00 1.511554e+00
699 3.882255e+00 1.517280e+00
700 3.887323e+00 1.505535e+00
701 3.889125e+00 1.481732e+00
702 3.877590e+00 1.501774e+00
703 3.877790e+00 1.502105e+00
704 3.874918e+00 1.501326e+00
705 3.903355e+00 1.495479e+00
706 3.903390e+00 1.495372e+00
707 3.905645e+00 1.506170e+00
708 3.901415e+00 1.527736e+00
709 3.900223e+00 1.531527e+00
710 3.914426e+00 1.550823e+00
711 3.890558e+00 1.570577e+00
712 3.903093e+00 1.566715e+00
713 3.887939e+00 1.541184e+00
714 3.886629e+00 1.528917e+00
715 3.878974e+00 1.524256e+00
716 3.913527e+00 1.485894e+00
717 3.907689e+00 1.477356e+00
718 3.892028e+00 1.514780e+00
719 3.892214e+00 1.514952e+00
720 3.862376e+00 1.549246e+00
721 3.843953e+00 1.565782e+00
722 3.845230e+00 1.562685e+00
723 3.843227e+00 1.559116e+00
724 3.886578e+00 1.557117e+00
725 3.891266e+00 1.554885e+00
726 3.840853e+00 1.604397e+00
727 3.832578e+00 1.643735e+00
728 3.818310e+00 1.658142e+00
729 3.819569e+00 1.658804e+00
730 3.846711e+00 1.660209e+00
731 3.868197e+00 1.678487e+00
732 3.884412e+00 1.675566e+00
733 3.877844e+00 1.724381e+00
734 3.895709e+00 1.707450e+00
735 3.908677e+00 1.768566e+00
736 3.928003e+00 1.729098e+00
737 3.938588e+00 1.716557e+00
738 3.900959e+00 1.708353e+00
739 3.928177e+00 1.647895e+00
740 3.945717e+00 1.638713e+00
741 3.956661e+00 1.635868e+00
742 3.937979e+00 1.623772e+00
743 3.955439e+00 1.623358e+00
744 3.946923e+00 1.633787e+00
745 3.923185e+00 1.636280e+00
746 3.932152e+00 1.682697e+00
747 3.946384e+00 1.683028e+00
748 3.943027e+00 1.683878e+00
749 3.942617e+00 1.696608e+00
750 3.934866e+00 1.689287e+00
751 3.975381e+00 1.690532e+00
752 3.976304e+00 1.709231e+00
753 3.969440e+00 1.720346e+00
754 3.991461e+00 1.718570e+00
755 3.978780e+00 1.748518e+00
756 3.989838e+00 1.759141e+00
757 3.991550e+00 1.761601e+00
758 4.006761e+00 1.753448e+00
759 4.016194e+00 1.746975e+00
760 4.001893e+00 1.750577e+00
761 3.997277e+00 1.765018e+00
762 4.034524e+00 1.789564e+00
763 4.034484e+00 1.790043e+00
764 4.034664e+00 1.788617e+00
765 4.033522e+00 1.789308e+00
766 4.065142e+00 1.788577e+00
767 4.064287e+00 1.788820e+00
768 4.054482e+00 1.787016e+00
769 4.074444e+00 1.762471e+00
770 4.075955e+00 1.762855e+00
771 4.073861e+00 1.761175e+00
772 4.057871e+00 1.768292e+00
773 4.047780e+00 1.768377e+00
774 4.059071e+00 1.740815e+00
775 4.065626e+00 1.734971e+00
776 4.045206e+00 1.727993e+00
777 4.035092e+00 1.745722e+00
778 4.033092e+00 1.749519e+00
779 4.025250e+00 1.752816e+00
780 4.000769e+00 1.817068e+00
781 3.984777e+00 1.866582e+00
782 3.988959e+00 1.900956e+00
783 3.984222e+00 1.873185e+00
784 3.974031e+00 1.879490e+00
785 4.046563e+00 1.964493e+00
786 3.977669e+00 1.990462e+00
787 3.990201e+00 1.996369e+00
788 4.000560e+00 1.988579e+00
789 4.001805e+00 1.981156e+00
790 3.977795e+00 1.983949e+00
791 3.955777e+00 2.020310e+00
792 3.957296e+00 2.022810e+00
793 3.927160e+00 2.047354e+00
794 3.927195e+00 2.046695e+00
795 3.929133e+00 2.047526e+00
796 3.922866e+00 2.047128e+00
797 3.925375e+00 2.045123e+00
798 3.909934e+00 2.049184e+00
799 3.903601e+00 2.046903e+00
800 3.955668e+00 2.047057e+00
801 3.952442e+00 2.052206e+00
802 3.954608e+00 2.106664e+00
803 3.956526e+00 2.105291e+00
804 3.945925e+00 2.098752e+00
805 3.938248e+00 2.099970e+00
806 3.943967e+00 2.095049e+00
807 3.951796e+00 2.102245e+00
808 3.949665e+00 2.104211e+00
809 3.936840e+00 2.118899e+00
810 3.937294e+00 2.119517e+00
811 3.956286e+00 2.154532e+00
812 3.935174e+00 2.141348e+00
813 3.976950e+00 2.098669e+00
814 3.948076e+00 2.068177e+00
815 3.968373e+00 2.046220e+00
816 3.975982e+00 2.058178e+00
817 3.905058e+00 2.017954e+00
818 3.923756e+00 2.028189e+00
819 3.918872e+00 2.038286e+00
820 3.917870e+00 2.039059e+00
821 3.886109e+00 2.027963e+00
822 3.871525e+00 1.993526e+00
823 3.872143e+00 1.992966e+00
824 3.884520e+00 1.969020e+00
825 3.881856e+00 1.986161e+00
826 3.915689e+00 2.013574e+00
827 3.912595e+00 2.027186e+00
828 3.894160e+00 2.030377e+00
829 3.895577e+00 2.030370e+00
830 3.882770e+00 2.010942e+00
831 3.893060e+00 2.009965e+00
832 3.893597e+00 2.011638e+00
833 3.877291e+00 1.983112e+00
834 3.879545e+00 1.979953e+00
835 3.863360e+00 1.974514e+00
836 3.863397e+00 1.979179e+00
837 3.842282e+00 1.971835e+00
838 3.836638e+00 1.950102e+00
839 3.830713e+00 1.960336e+00
840 3.840024e+00 1.980476e+00
841 3.843870e+00 1.969812e+00
842 3.836533e+00 1.960945e+00
843 3.777602e+00 1.960497e+00
844 3.771968e+00 1.962830e+00
845 3.800509e+00 1.977819e+00
846 3.782729e+00 2.007825e+00
847 3.792356e+00 2.009168e+00
848 3.750257e+00 2.045580e+00
849 3.727247e+00 2.041652e+00
850 3.726799e+00 2.048873e+00
851 3.765487e+00 2.067666e+00
852 3.763961e+00 2.075439e+00
853 3.760044e+00 2.074003e+00
854 3.730913e+00 2.087273e+00
855 3.737968e+00 2.081053e+00
856 3.740265e+00 2.074036e+00
857 3.745210e+00 2.057940e+00
858 3.760871e+00 2.025111e+00
859 3.807854e+00 2.045996e+00
860 3.809074e+00 2.045411e+00
861 3.812694e+00 2.046148e+00
862 3.801206e+00 2.046515e+00
863 3.807950e+00 2.044382e+00
864 3.812113e+00 1.958800e+00
865 3.821915e+00 1.951366e+00
866 3.824497e+00 1.921703e+00
867 3.822682e+00 1.918234e+00
868 3.792225e+00 1.931768e+00
869 3.753354e+00 1.934322e+00
870 3.763509e+00 1.931096e+00
871 3.763883e+00 1.935263e+00
872 3.774485e+00 1.924697e+00
873 3.784255e+00 1.981526e+00
874 3.786151e+00 1.983032e+00
875 3.788849e+00 1.983275e+00
876 3.812775e+00 1.995698e+00
877 3.789417e+00 1.983648e+00
878 3.792667e+00 1.981987e+00
879 3.794652e+00 1.977082e+00
880 3.796797e+00 1.960798e+00
881 3.794371e+00 1.950920e+00
882 3.780977e+00 1.967033e+00
883 3.782191e+00 1.962094e+00
884 3.793236e+00 1.962416e+00
885 3.789733e+00 1.979159e+00
886 3.791766e+00 1.978744e+00
887 3.739587e+00 2.049997e+00
888 3.724309e+00 2.021688e+00
889 3.742342e+00 2.040053e+00
890 3.745467e+00 2.013067e+00
891 3.741579e+00 2.020799e+00
892 3.736477e+00 2.024599e+00
893 3.751209e+00 2.021944e+00
894 3.727622e+00 2.015899e+00
895 3.722312e+00 2.012846e+00
896 3.722142e+00 2.018118e+00
897 3.720822e+00 2.010370e+00
898 3.723387e+00 1.999240e+00
899 3.687563e+00 1.969368e+00
900 3.685860e+00 1.967378e+00
901 3.669462e+00 1.985700e+00
902 3.669138e+00 1.987954e+00
903 3.649047e+00 2.014506e+00
904 3.647880e+00 2.016650e+00
905 3.652018e+00 2.017804e+00
906 3.675210e+00 2.010952e+00
907 3.676197e+00 2.011892e+00
908 3.720935e+00 2.146737e+00
909 3.703949e+00 2.159613e+00
910 3.702467e+00 2.163562e+00
911 3.706675e+00 2.190975e+00
912 3.708254e+00 2.194649e+00
913 3.720936e+00 2.174555e+00
914 3.710823e+00 2.168975e+00
915 3.694112e+00 2.169263e+00
916 3.694262e+00 2.200559e+00
917 3.710409e+00 2.202725e+00
918 3.711044e+00 2.208766e+00
919 3.715962e+00 2.199616e+00
920 3.715602e+00 2.195816e+00
921 3.707209e+00 2.202942e+00
922 3.717604e+00 2.193827e+00
923 3.670635e+00 2.224038e+00
924 3.675686e+00 2.231722e+00
925 3.581314e+00 2.297264e+00
926 3.512749e+00 2.333132e+00
927 3.470078e+00 2.377831e+00
928 3.472531e+00 2.359320e+00
929 3.470719e+00 2.354794e+00
930 3.433322e+00 2.347578e+00
931 3.434539e+00 2.349443e+00
932 3.426150e+00 2.355199e+00
933 3.447991e+00 2.366737e+00
934 3.462601e+00 2.307194e+00
935 3.464117e+00 2.307549e+00
936 3.473470e+00 2.304675e+00
937 3.471646e+00 2.308797e+00
938 3.461252e+00 2.287923e+00
939 3.478965e+00 2.259614e+00
940 3.447132e+00 2.234741e+00
941 3.463593e+00 2.232293e+00
942 3.463677e+00 2.238147e+00
943 3.469408e+00 2.250377e+00
944 3.454743e+00 2.267797e+00
945 3.465277e+00 2.260792e+00
946 3.466550e+00 2.260758e+00
947 3.469784e+00 2.264133e+00
948 3.468681e+00 2.263026e+00
949 3.440527e+00 2.270949e+00
950 3.414486e+00 2.280515e+00
951 3.412408e+00 2.280052e+00
952 3.411898e+00 2.276567e+00
953 3.387918e+00 2.267098e+00
954 3.385881e+00 2.275738e+00
955 3.405402e+00 2.277362e+00
956 3.424546e+00 2.277378e+00
957 3.361113e+00 2.117641e+00
958 3.241859e+00 2.126194e+00
959 3.243107e+00 2.124633e+00
960 3.235479e+00 2.111118e+00
961 3.234937e+00 2.110470e+00
962 3.216242e+00 2.094906e+00
963 3.223927e+00 2.096335e+00
964 3.234857e+00 2.111034e+00
965 3.307886e+00 2.142311e+00
966 3.308249e+00 2.140025e+00
967 3.306962e+00 2.134795e+00
968 3.230945e+00 2.109754e+00
969 3.229252e+00 2.093914e+00
970 3.231077e+00 2.095253e+00
971 3.244932e+00 2.067582e+00
972 3.247376e+00 2.069025e+00
973 3.224335e+00 2.075060e+00
974 3.245782e+00 2.102034e+00
975 3.243477e+00 2.106385e+00
976 3.255413e+00 2.072303e+00
977 3.259699e+00 2.050026e+00
978 3.294935e+00 2.010442e+00
979 3.321166e+00 2.032125e+00
980 3.296428e+00 2.009525e+00
981 3.290914e+00 2.008402e+00
982 3.312282e+00 1.998263e+00
983 3.308415e+00 1.968759e+00
984 3.317623e+00 1.939630e+00
985 3.311992e+00 1.934787e+00
986 3.244886e+00 1.857903e+00
987 3.238372e+00 1.870258e+00
988 3.239374e+00 1.898957e+00
989 3.238281e+00 1.899818e+00
990 3.237133e+00 1.896838e+00
991 3.184380e+00 1.871378e+00
992 3.179520e+00 1.865873e+00
993 3.130571e+00 1.892251e+00
994 3.140307e+00 1.896822e+00
995 3.108387e+00 1.879810e+00
996 3.110255e+00 1.891333e+00
997 3.110225e+00 1.891424e+00
998 3.089527e+00 1.867459e+00
999 3.072471e+00 1.883831e+00
1000 3.070215e+00 1.884920e+00
1001 3.088784e+00 1.869990e+00
1002 3.142585e+00 1.819914e+00
1003 3.133732e+00 1.807291e+00
1004 3.127504e+00 1.805299e+00
1005 3.127912e+00 1.817173e+00
1006 3.133342e+00 1.818760e+00
1007 3.152921e+00 1.837705e+00
1008 3.199598e+00 1.824391e+00
1009 3.238623e+00 1.831583e+00
1010 3.245600e+00 1.848655e+00
1011 3.247668e+00 1.857377e+00
1012 3.255374e+00 1.820195e+00
1013 3.241229e+00 1.814505e+00
1014 3.242907e+00 1.823338e+00
1015 3.237864e+00 1.831240e+00
1016 3.237439e+00 1.812107e+00
1017 3.240854e+00 1.809729e+00
1018 3.241421e+00 1.802196e+00
1019 3.187312e+00 1.820803e+00
1020 3.190583e+00 1.820649e+00
1021 3.193284e+00 1.819791e+00
1022 3.193149e+00 1.799865e+00
1023 3.195768e+00 1.814279e+00
1024 3.288746e+00 1.798946e+00
1025 3.290687e+00 1.796039e+00
1026 3.310412e+00 1.804133e+00
1027 3.317637e+00 1.734601e+00
1028 3.317621e+00 1.738979e+00
1029 3.315476e+00 1.738579e+00
1030 3.317682e+00 1.740502e+00
1031 3.311223e+00 1.748026e+00
1032 3.310960e+00 1.742630e+00
1033 3.311452e+00 1.741525e+00
1034 3.312343e+00 1.754710e+00
1035 3.309223e+00 1.758718e+00
1036 3.243944e+00 1.795781e+00
1037 3.244162e+00 1.794815e+00
1038 3.250862e+00 1.791968e+00
1039 3.260527e+00 1.802904e+00
1040 3.198086e+00 1.747702e+00
1041 3.208296e+00 1.747782e+00
1042 3.186210e+00 1.747071e+00
1043 3.167307e+00 1.722295e+00
1044 3.172534e+00 1.736025e+00
1045 3.159116e+00 1.728085e+00
1046 3.151806e+00 1.734640e+00
1047 3.174864e+00 1.699469e+00
1048 3.141277e+00 1.702106e+00
1049 3.142401e+00 1.699378e+00
1050 3.141782e+00 1.699261e+00
1051 3.153868e+00 1.701775e+00
1052 3.142516e+00 1.688234e+00
1053 3.128414e+00 1.678844e+00
1054 3.119448e+00 1.676613e+00
1055 3.129981e+00 1.687870e+00
1056 3.132486e+00 1.691038e+00
1057 3.150467e+00 1.673583e+00
1058 3.153919e+00 1.656183e+00
1059 3.151355e+00 1.658410e+00
1060 3.148980e+00 1.653494e+00
1061 3.148138e+00 1.631236e+00
1062 3.147896e+00 1.602364e+00
1063 3.118584e+00 1.665833e+00
1064 3.126675e+00 1.671912e+00
1065 3.120123e+00 1.637066e+00
1066 3.175275e+00 1.623629e+00
1067 3.188703e+00 1.662466e+00
1068 3.188680e+00 1.670077e+00
1069 3.141963e+00 1.616764e+00
1070 3.141821e+00 1.629916e+00
1071 3.090288e+00 1.585239e+00
1072 3.089867e+00 1.584940e+00
1073 3.098160e+00 1.597044e+00
1074 3.107145e+00 1.594631e+00
1075 3.096877e+00 1.601981e+00
1076 3.108128e+00 1.614344e+00
1077 3.111251e+00 1.614071e+00
1078 3.090955e+00 1.596777e+00
1079 3.066245e+00 1.619862e+00
1080 3.076305e+00 1.579100e+00
1081 3.045736e+00 1.542247e+00
1082 3.113784e+00 1.523333e+00
1083 3.115696e+00 1.531336e+00
1084 3.076097e+00 1.489182e+00
1085 2.956242e+00 1.472724e+00
1086 2.956133e+00 1.450593e+00
1087 2.959085e+00 1.449110e+00
1088 2.947932e+00 1.445749e+00
1089 2.968790e+00 1.463207e+00
1090 2.942526e+00 1.430082e+00
1091 2.915906e+00 1.425527e+00
1092 2.909452e+00 1.419861e+00
1093 2.912495e+00 1.418392e+00
1094 2.909606e+00 1.416484e+00
1095 2.887742e+00 1.419616e+00
1096 2.878059e+00 1.424439e+00
1097 2.894073e+00 1.426916e+00
1098 2.886170e+00 1.417355e+00
1099 2.883978e+00 1.408657e+00
1100 2.862254e+00 1.385013e+00
1101 2.862227e+00 1.382832e+00
1102 2.862194e+00 1.382782e+00
1103 2.856770e+00 1.399420e+00
1104 2.841893e+00 1.377677e+00
1105 2.841016e+00 1.376694e+00
1106 2.767100e+00 1.326371e+00
1107 2.772180e+00 1.318992e+00
1108 2.804649e+00 1.329357e+00
1109 2.795800e+00 1.342247e+00
1110 2.806193e+00 1.346340e+00
1111 2.815759e+00 1.359004e+00
1112 2.815927e+00 1.362657e+00
1113 2.815816e+00 1.358879e+00
1114 2.813107e+00 1.357360e+00
1115 2.809745e+00 1.264733e+00
1116 2.794703e+00 1.267426e+00
1117 2.779495e+00 1.295956e+00
1118 2.782900e+00 1.276741e+00
1119 2.772556e+00 1.278127e+00
1120 2.760128e+00 1.272145e+00
1121 2.739212e+00 1.278330e+00
1122 2.736719e+00 1.266699e+00
1123 2.732210e+00 1.281536e+00
1124 2.754615e+00 1.263617e+00
1125 2.784028e+00 1.271168e+00
1126 2.796888e+00 1.295658e+00
1127 2.841236e+00 1.355592e+00
1128 2.869825e+00 1.362979e+00
1129 2.861238e+00 1.354500e+00
1130 2.866610e+00 1.363416e+00
1131 2.870458e+00 1.362904e+00
1132 2.869961e+00 1.364302e+00
1133 2.891424e+00 1.367383e+00
1134 2.908950e+00 1.375658e+00
1135 2.880193e+00 1.377262e+00
1136 2.878651e+00 1.375551e+00
1137 2.963518e+00 1.439673e+00
1138 3.019234e+00 1.411053e+00
1139 2.959780e+00 1.382584e+00
1140 2.959002e+00 1.363522e+00
1141 2.950687e+00 1.360473e+00
1142 2.950866e+00 1.360386e+00
1143 2.957734e+00 1.360729e+00
1144 2.953823e+00 1.360793e+00
1145 2.958300e+00 1.358989e+00
1146 2.972561e+00 1.366949e+00
1147 2.970856e+00 1.367904e+00
1148 2.975606e+00 1.367597e+00
1149 2.969898e+00 1.357383e+00
1150 2.974633e+00 1.353033e+00
1151 2.984644e+00 1.359441e+00
1152 2.988170e+00 1.356184e+00
1153 2.989061e+00 1.356772e+00
1154 2.931390e+00 1.397966e+00
1155 2.932220e+00 1.394916e+00
1156 2.879445e+00 1.436766e+00
1157 2.879465e+00 1.437464e+00
1158 2.870884e+00 1.410542e+00
1159 2.870264e+00 1.410649e+00
1160 2.875351e+00 1.411683e+00
1161 2.864205e+00 1.419259e+00
1162 2.847769e+00 1.422926e+00
1163 2.870662e+00 1.462399e+00
1164 2.860567e+00 1.458885e+00
1165 2.891881e+00 1.482821e+00
1166 2.894812e+00 1.481587e+00
1167 2.888730e+00 1.489660e+00
1168 2.914260e+00 1.470420e+00
1169 2.923511e+00 1.450889e+00
1170 2.918614e+00 1.423415e+00
1171 2.838811e+00 1.431753e+00
1172 2.872335e+00 1.359247e+00
1173 2.878234e+00 1.371639e+00
1174 2.888150e+00 1.343228e+00
1175 2.855740e+00 1.374444e+00
1176 2.853919e+00 1.358413e+00
1177 2.860897e+00 1.365309e+00
1178 2.880335e+00 1.389080e+00
1179 2.878089e+00 1.377506e+00
1180 2.880958e+00 1.372772e+00
1181 2.886084e+00 1.385400e+00
1182 2.872782e+00 1.378516e+00
1183 2.885195e+00 1.372941e+00
1184 2.891551e+00 1.371087e+00
1185 2.889226e+00 1.365013e+00
1186 2.887380e+00 1.367179e+00
1187 2.848806e+00 1.453406e+00
1188 2.844471e+00 1.449504e+00
1189 2.807599e+00 1.474198e+00
1190 2.776834e+00 1.467206e+00
1191 2.750622e+00 1.481416e+00
1192 2.754117e+00 1.476838e+00
1193 2.758681e+00 1.477140e+00
1194 2.755983e+00 1.476943e+00
1195 2.752170e+00 1.488247e+00
1196 2.793064e+00 1.423254e+00
1197 2.785908e+00 1.426705e+00
1198 2.786518e+00 1.399837e+00
1199 2.781925e+00 1.400304e+00
1200 2.785420e+00 1.400043e+00
1201 2.817155e+00 1.394180e+00
1202 2.829764e+00 1.401710e+00
1203 2.846942e+00 1.425770e+00
1204 2.835372e+00 1.437008e+00
1205 2.861144e+00 1.447126e+00
1206 2.861828e+00 1.474671e+00
1207 2.856583e+00 1.482169e+00
1208 2.827217e+00 1.508102e+00
1209 2.830029e+00 1.514913e+00
1210 2.824280e+00 1.512137e+00
1211 2.821911e+00 1.494303e+00
1212 2.821192e+00 1.542435e+00
1213 2.817135e+00 1.531920e+00
1214 2.810335e+00 1.563338e+00
1215 2.808865e+00 1.547760e+00
1216 2.825482e+00 1.531306e+00
1217 2.851660e+00 1.495316e+00
1218 2.846466e+00 1.476107e+00
1219 2.848384e+00 1.473543e+00
1220 2.847973e+00 1.473535e+00
1221 2.860250e+00 1.444173e+00
1222 2.863979e+00 1.441301e+00
1223 2.900641e+00 1.452198e+00
1224 2.901932e+00 1.454725e+00
1225 2.905995e+00 1.449656e+00
1226 2.898654e+00 1.447316e+00
1227 2.897940e+00 1.449103e+00
1228 2.885763e+00 1.421861e+00
1229 2.879477e+00 1.420912e+00
1230 2.909819e+00 1.376389e+00
1231 2.905214e+00 1.340723e+00
1232 2.902978e+00 1.340122e+00
1233 2.903273e+00 1.347565e+00
1234 2.902688e+00 1.335659e+00
1235 2.891001e+00 1.344250e+00
1236 2.896637e+00 1.343000e+00
1237 2.897963e+00 1.345901e+00
1238 2.891211e+00 1.339254e+00
1239 2.894314e+00 1.340405e+00
1240 2.895667e+00 1.341870e+00
1241 2.915943e+00 1.367382e+00
1242 2.911175e+00 1.357664e+00
1243 2.910181e+00 1.361995e+00
1244 2.949134e+00 1.380814e+00
1245 2.945610e+00 1.379302e+00
1246 2.946623e+00 1.390826e+00
1247 2.940531e+00 1.354473e+00
1248 2.905417e+00 1.390399e+00
1249 2.915034e+00 1.363343e+00
1250 2.869062e+00 1.388026e+00
1251 2.876490e+00 1.344211e+00
1252 2.842472e+00 1.343286e+00
1253 2.847115e+00 1.352108e+00
1254 2.848908e+00 1.348329e+00
1255 2.854979e+00 1.347707e+00
1256 2.900512e+00 1.342971e+00
1257 2.868448e+00 1.365228e+00
1258 2.830581e+00 1.339508e+00
1259 2.829512e+00 1.343058e+00
1260 2.832671e+00 1.333007e+00
1261 2.823032e+00 1.329505e+00
1262 2.814688e+00 1.336774e+00
1263 2.815485e+00 1.359833e+00
1264 2.793294e+00 1.366570e+00
1265 2.778605e+00 1.342912e+00
1266 2.741577e+00 1.315365e+00
1267 2.743555e+00 1.318160e+00
1268 2.746645e+00 1.294095e+00
1269 2.746923e+00 1.292769e+00
1270 2.747156e+00 1.293499e+00
1271 2.745623e+00 1.296535e+00
1272 2.798811e+00 1.341130e+00
1273 2.779973e+00 1.338620e+00
1274 2.786539e+00 1.332017e+00
1275 2.783773e+00 1.334231e+00
1276 2.791789e+00 1.333398e+00
1277 2.782542e+00 1.336330e+00
1278 2.751688e+00 1.307484e+00
1279 2.752442e+00 1.305576e+00
1280 2.788623e+00 1.336040e+00
1281 2.741843e+00 1.378172e+00
1282 2.768738e+00 1.385427e+00
1283 2.768797e+00 1.385329e+00
1284 2.771448e+00 1.383536e+00
1285 2.771457e+00 1.383522e+00
1286 2.758035e+00 1.395610e+00
1287 2.766266e+00 1.423178e+00
1288 2.820229e+00 1.401866e+00
1289 2.809681e+00 1.384629e+00
1290 2.812810e+00 1.391412e+00
1291 2.829310e+00 1.399787e+00
1292 2.812584e+00 1.402249e+00
1293 2.825076e+00 1.414723e+00
1294 2.816547e+00 1.397825e+00
1295 2.821486e+00 1.384513e+00
1296 2.818919e+00 1.394302e+00
1297 2.808861e+00 1.378433e+00
1298 2.802634e+00 1.375765e+00
1299 2.800901e+00 1.375427e+00
1300 2.810953e+00 1.379957e+00
1301 2.810567e+00 1.378385e+00
1302 2.805284e+00 1.379257e+00
1303 2.790638e+00 1.377216e+00
1304 2.750112e+00 1.404544e+00
1305 2.785829e+00 1.407096e+00
1306 2.768064e+00 1.400162e+00
1307 2.777363e+00 1.390501e+00
1308 2.806016e+00 1.397854e+00
1309 2.812438e+00 1.410113e+00
1310 2.828136e+00 1.407942e+00
1311 2.839588e+00 1.410067e+00
1312 2.843009e+00 1.437234e+00
1313 2.845317e+00 1.446638e+00
1314 2.837965e+00 1.441710e+00
1315 2.814246e+00 1.469703e+00
1316 2.813966e+00 1.469919e+00
1317 2.798659e+00 1.504584e+00
1318 2.808395e+00 1.518321e+00
1319 2.808698e+00 1.518341e+00
1320 2.819928e+00 1.516880e+00
1321 2.841478e+00 1.513205e+00
1322 2.829489e+00 1.530193e+00
1323 2.832366e+00 1.529322e+00
1324 2.833521e+00 1.535436e+00
1325 2.830791e+00 1.541468e+00
1326 2.809752e+00 1.506604e+00
1327 2.789801e+00 1.525300e+00
1328 2.796463e+00 1.523722e+00
1329 2.790103e+00 1.527393e+00
1330 2.768616e+00 1.516404e+00
1331 2.774095e+00 1.531950e+00
1332 2.797098e+00 1.518319e+00
1333 2.813087e+00 1.522384e+00
1334 2.814213e+00 1.504955e+00
1335 2.813132e+00 1.501650e+00
1336 2.816959e+00 1.463465e+00
1337 2.815444e+00 1.465432e+00
1338 2.816368e+00 1.471492e+00
1339 2.808753e+00 1.519116e+00
1340 2.788100e+00 1.531383e+00
1341 2.800565e+00 1.522826e+00
1342 2.810133e+00 1.511327e+00
1343 2.810548e+00 1.514392e+00
1344 2.812670e+00 1.516779e+00
1345 2.814611e+00 1.520033e+00
1346 2.816404e+00 1.505468e+00
1347 2.816294e+00 1.502923e+00
1348 2.820398e+00 1.499444e+00
1349 2.821472e+00 1.499150e+00
1350 2.855569e+00 1.474714e+00
1351 2.851824e+00 1.487747e+00
1352 2.857674e+00 1.497356e+00
1353 2.912189e+00 1.501927e+00
1354 2.917988e+00 1.496863e+00
1355 2.918785e+00 1.488586e+00
1356 2.895000e+00 1.464408e+00
1357 2.918458e+00 1.464549e+00
1358 2.915485e+00 1.447007e+00
1359 2.932565e+00 1.438961e+00
1360 2.911611e+00 1.416136e+00
1361 2.849881e+00 1.445292e+00
1362 2.856059e+00 1.442397e+00
1363 2.901605e+00 1.425731e+00
1364 2.911260e+00 1.432846e+00
1365 2.912215e+00 1.432328e+00
1366 2.926657e+00 1.435372e+00
1367 2.926984e+00 1.435295e+00
1368 2.905102e+00 1.421411e+00
1369 2.885712e+00 1.423482e+00
1370 2.887316e+00 1.420787e+00
1371 2.893091e+00 1.422217e+00
1372 2.845890e+00 1.451410e+00
1373 2.830481e+00 1.441322e+00
1374 2.818293e+00 1.376177e+00
1375 2.819846e+00 1.376234e+00
1376 2.799733e+00 1.371784e+00
1377 2.830004e+00 1.386171e+00
1378 2.825698e+00 1.391533e+00
1379 2.834226e+00 1.402425e+00
1380 2.823898e+00 1.395364e+00
1381 2.832372e+00 1.394726e+00
1382 2.832280e+00 1.394680e+00
1383 2.834951e+00 1.395231e+00
1384 2.841598e+00 1.362608e+00
1385 2.863360e+00 1.372569e+00
1386 2.870405e+00 1.359802e+00
1387 2.875061e+00 1.366378e+00
1388 2.857872e+00 1.364138e+00
1389 2.842023e+00 1.380640e+00
1390 2.812866e+00 1.322032e+00
1391 2.757863e+00 1.327585e+00
1392 2.762382e+00 1.323264e+00
1393 2.733575e+00 1.364104e+00
1394 2.738364e+00 1.355656e+00
1395 2.727011e+00 1.351918e+00
1396 2.723455e+00 1.357487e+00
1397 2.720946e+00 1.349278e+00
1398 2.752615e+00 1.351152e+00
1399 2.754525e+00 1.352502e+00
1400 2.770780e+00 1.374972e+00
1401 2.792179e+00 1.362131e+00
1402 2.775257e+00 1.369691e+00
1403 2.788550e+00 1.358826e+00
1404 2.784093e+00 1.330834e+00
1405 2.780333e+00 1.326702e+00
1406 2.785043e+00 1.328803e+00
1407 2.826319e+00 1.297983e+00
1408 2.825053e+00 1.282505e+00
1409 2.824659e+00 1.281811e+00
1410 2.837164e+00 1.275536e+00
1411 2.796152e+00 1.281849e+00
1412 2.795926e+00 1.282175e+00
1413 2.793037e+00 1.266325e+00
1414 2.792916e+00 1.266327e+00
1415 2.817255e+00 1.272417e+00
1416 2.806105e+00 1.229356e+00
1417 2.791352e+00 1.224893e+00
1418 2.794157e+00 1.234294e+00
1419 2.800045e+00 1.238243e+00
1420 2.793533e+00 1.248294e+00
1421 2.793876e+00 1.236107e+00
1422 2.806967e+00 1.242068e+00
1423 2.780062e+00 1.251279e+00
1424 2.787491e+00 1.258161e+00
1425 2.847998e+00 1.277107e+00
1426 2.851237e+00 1.286199e+00
1427 2.853646e+00 1.283485e+00
1428 2.853537e+00 1.282916e+00
1429 2.851493e+00 1.291760e+00
1430 2.829612e+00 1.293569e+00
1431 2.822829e+00 1.295864e+00
1432 2.833314e+00 1.300917e+00
1433 2.825468e+00 1.307463e+00
1434 2.826993e+00 1.307627e+00
1435 2.826980e+00 1.307626e+00
1436 2.852059e+00 1.298650e+00
1437 2.854918e+00 1.287632e+00
1438 2.876919e+00 1.261468e+00
1439 2.878371e+00 1.258338e+00
1440 2.886513e+00 1.276484e+00
1441 2.890841e+00 1.264686e+00
1442 2.890842e+00 1.264250e+00
1443 2.882147e+00 1.256742e+00
1444 2.887942e+00 1.265833e+00
1445 2.921572e+00 1.276320e+00
1446 2.922622e+00 1.274565e+00
1447 2.923873e+00 1.274308e+00
1448 2.959405e+00 1.275152e+00
1449 2.959331e+00 1.270817e+00
1450 3.034792e+00 1.275395e+00
1451 3.025858e+00 1.250876e+00
1452 3.026143e+00 1.248958e+00
1453 2.985507e+00 1.193963e+00
1454 2.981920e+00 1.184961e+00
1455 2.992611e+00 1.203357e+00
1456 2.992099e+00 1.207949e+00
1457 3.001017e+00 1.206086e+00
1458 2.998354e+00 1.197263e+00
1459 3.000205e+00 1.200105e+00
1460 2.989209e+00 1.208637e+00
1461 2.986808e+00 1.182074e+00
1462 3.027231e+00 1.163187e+00
1463 3.060321e+00 1.171623e+00
1464 3.069375e+00 1.175047e+00
1465 3.071203e+00 1.159311e+00
1466 3.065728e+00 1.151119e+00
1467 3.057247e+00 1.154930e+00
1468 3.053243e+00 1.163232e+00
1469 3.046277e+00 1.170252e+00
1470 3.046582e+00 1.170802e+00
1471 3.046562e+00 1.143855e+00
1472 3.047959e+00 1.164470e+00
1473 3.109149e+00 1.120955e+00
1474 3.136626e+00 1.120433e+00
1475 3.145574e+00 1.110719e+00
1476 3.166263e+00 1.119574e+00
1477 3.175593e+00 1.137078e+00
1478 3.175541e+00 1.137202e+00
1479 3.134574e+00 1.120384e+00
1480 3.136261e+00 1.091188e+00
1481 3.138428e+00 1.089026e+00
1482 3.087353e+00 1.097298e+00
1483 3.089962e+00 1.107493e+00
1484 3.054640e+00 1.069440e+00
1485 3.056341e+00 1.069736e+00
1486 3.050675e+00 1.077037e+00
1487 3.048360e+00 1.040961e+00
1488 3.018772e+00 9.980023e-01
1489 3.009306e+00 9.785981e-01
1490 3.019827e+00 9.874999e-01
1491 3.011982e+00 9.556554e-01
1492 3.007831e+00 9.546892e-01
1493 3.010294e+00 9.576738e-01
1494 3.005979e+00 9.686880e-01
1495 3.020978e+00 9.646475e-01
1496 3.039805e+00 9.445455e-01
1497 3.056202e+00 9.740104e-01
1498 3.080304e+00 9.443107e-01
1499 3.085292e+00 9.623694e-01
1500 3.086553e+00 9.510036e-01
1501 3.085272e+00 9.490186e-01
1502 3.093476e+00 9.522057e-01
1503 3.085434e+00 9.363999e-01
1504 3.086304e+00 9.486266e-01
1505 3.062226e+00 9.187703e-01
1506 3.067578e+00 9.262482e-01
1507 3.048609e+00 8.572595e-01
1508 3.052933e+00 8.653192e-01
1509 3.043097e+00 8.586435e-01
1510 3.043822e+00 8.598909e-01
1511 3.051352e+00 8.710205e-01
1512 3.057633e+00 8.957681e-01
1513 3.040735e+00 9.392664e-01
1514 2.996151e+00 9.272486e-01
1515 2.994258e+00 9.304567e-01
1516 3.034083e+00 9.285139e-01
1517 3.044615e+00 9.191616e-01
1518 3.066095e+00 9.080313e-01
1519 3.136477e+00 9.499435e-01
1520 3.143001e+00 9.654052e-01
1521 3.142554e+00 9.630904e-01
1522 3.143435e+00 9.607039e-01
1523 3.130690e+00 9.383316e-01
1524 3.106903e+00 9.344010e-01
1525 3.104029e+00 9.175055e-01
1526 3.139274e+00 9.981117e-01
1527 3.139561e+00 9.980631e-01
1528 3.124173e+00 9.926123e-01
1529 3.118489e+00 9.994889e-01
1530 3.118865e+00 1.000422e+00
1531 3.130564e+00 9.675126e-01
1532 3.132191e+00 9.690798e-01
1533 3.111359e+00 9.613518e-01
1534 3.111381e+00 9.405618e-01
1535 3.115840e+00 9.093764e-01
1536 3.115965e+00 9.083577e-01
1537 3.136398e+00 9.001236e-01
1538 3.123806e+00 8.617158e-01
1539 3.117307e+00 8.267034e-01
1540 3.128007e+00 8.264231e-01
1541 3.123895e+00 8.319466e-01
1542 3.122872e+00 8.331340e-01
1543 3.120762e+00 8.342375e-01
1544 3.125188e+00 8.368279e-01
1545 3.127242e+00 8.386878e-01
1546 3.103421e+00 8.174973e-01
1547 3.102277e+00 8.079940e-01
1548 3.074117e+00 7.917478e-01
1549 3.085447e+00 7.941016e-01
1550 3.070056e+00 7.860862e-01
1551 3.069736e+00 8.225196e-01
1552 3.070388e+00 8.167434e-01
1553 3.070381e+00 8.167274e-01
1554 3.053596e+00 8.033300e-01
1555 3.061549e+00 8.109237e-01
1556 3.021950e+00 8.383744e-01
1557 3.033501e+00 8.763411e-01
1558 3.035198e+00 8.768238e-01
1559 3.030436e+00 8.795763e-01
1560 3.052182e+00 8.674159e-01
1561 3.046762e+00 8.713098e-01
1562 3.053643e+00 8.794597e-01
1563 3.052945e+00 8.840683e-01
1564 3.034417e+00 8.562732e-01
1565 3.028690e+00 8.547174e-01
1566 3.029154e+00 8.547596e-01
1567 3.039541e+00 8.407838e-01
1568 3.040530e+00 8.452540e-01
1569 3.073547e+00 8.820393e-01
1570 3.100770e+00 8.928879e-01
1571 3.100964e+00 8.926010e-01
1572 3.121254e+00 8.959145e-01
1573 3.073507e+00 8.968200e-01
1574 3.110507e+00 9.117240e-01
1575 3.108370e+00 9.136298e-01
1576 3.116235e+00 9.389688e-01
1577 3.121180e+00 9.291883e-01
1578 3.100317e+00 9.220108e-01
1579 3.101941e+00 9.180285e-01
1580 3.068813e+00 9.386745e-01
1581 3.068878e+00 9.387659e-01
1582 3.062411e+00 9.492944e-01
1583 3.077834e+00 9.473573e-01
1584 3.084537e+00 9.456665e-01
1585 3.064490e+00 9.440172e-01
1586 3.067014e+00 9.391019e-01
1587 3.039677e+00 9.450472e-01
1588 2.994776e+00 9.265431e-01
1589 2.979592e+00 9.371112e-01
1590 2.982786e+00 9.345483e-01
1591 2.981329e+00 9.385489e-01
1592 2.979292e+00 9.662224e-01
1593 2.944710e+00 9.583525e-01
1594 2.945637e+00 9.739799e-01
1595 2.934170e+00 9.579712e-01
1596 2.953245e+00 9.255567e-01
1597 2.983768e+00 8.654515e-01
1598 2.990636e+00 8.517663e-01
1599 2.991191e+00 8.519151e-01
1600 2.923620e+00 8.318191e-01
1601 2.913866e+00 8.350259e-01
1602 2.914136e+00 8.318828e-01
1603 2.917749e+00 8.250754e-01
1604 2.916225e+00 8.246218e-01
1605 2.931789e+00 7.995841e-01
1606 2.922391e+00 8.198436e-01
1607 2.887861e+00 7.727889e-01
1608 2.873924e+00 7.971530e-01
1609 2.831534e+00 8.174219e-01
1610 2.840643e+00 8.113316e-01
1611 2.842929e+00 7.959019e-01
1612 2.837834e+00 7.890078e-01
1613 2.846941e+00 7.943960e-01
1614 2.848050e+00 7.929115e-01
1615 2.823069e+00 7.894153e-01
1616 2.823460e+00 7.891371e-01
1617 2.824816e+00 7.907398e-01
1618 2.823384e+00 7.900850e-01
1619 2.825151e+00 7.899443e-01
1620 2.817549e+00 7.685261e-01
1621 2.824285e+00 7.743227e-01
1622 2.831446e+00 7.785564e-01
1623 2.831089e+00 7.766087e-01
1624 2.825723e+00 7.842022e-01
1625 2.821667e+00 7.912557e-01
1626 2.815932e+00 7.934727e-01
1627 2.816090e+00 7.936097e-01
1628 2.804366e+00 8.180356e-01
1629 2.805444e+00 8.096938e-01
1630 2.805270e+00 8.264799e-01
1631 2.803424e+00 8.118080e-01
1632 2.778451e+00 8.433148e-01
1633 2.775401e+00 8.344071e-01
1634 2.782264e+00 8.281521e-01
1635 2.831314e+00 8.136153e-01
1636 2.804702e+00 7.143317e-01
1637 2.833716e+00 6.993758e-01
1638 2.838630e+00 7.013742e-01
1639 2.855636e+00 6.927280e-01
1640 2.848106e+00 7.189106e-01
1641 2.840308e+00 7.050940e-01
1642 2.835089e+00 7.080122e-01
1643 2.865770e+00 6.785200e-01
1644 2.867410e+00 6.631293e-01
1645 2.836735e+00 6.885256e-01
1646 2.831230e+00 6.921233e-01
1647 2.828807e+00 6.847756e-01
1648 2.819253e+00 6.867886e-01
1649 2.819207e+00 7.170559e-01
1650 2.814475e+00 7.335654e-01
1651 2.813073e+00 7.282295e-01
1652 2.826631e+00 7.277276e-01
1653 2.836606e+00 7.570226e-01
1654 2.817195e+00 7.682265e-01
1655 2.806223e+00 7.731539e-01
1656 2.790346e+00 7.545632e-01
1657 2.834746e+00 7.784816e-01
1658 2.832215e+00 7.667735e-01
1659 2.822449e+00 7.747157e-01
1660 2.823007e+00 7.838296e-01
1661 2.802884e+00 7.734856e-01
1662 2.802819e+00 7.734242e-01
1663 2.803508e+00 6.955341e-01
1664 2.823112e+00 7.257585e-01
1665 2.824483e+00 7.364990e-01
1666 2.820001e+00 7.175718e-01
1667 2.844620e+00 7.192728e-01
1668 2.860077e+00 6.987239e-01
1669 2.853353e+00 7.382160e-01
1670 2.848828e+00 7.568754e-01
1671 2.849381e+00 7.504091e-01
1672 2.839203e+00 7.767841e-01
1673 2.833833e+00 7.755489e-01
1674 2.837851e+00 7.360901e-01
1675 2.860999e+00 7.339517e-01
1676 2.863298e+00 7.326869e-01
1677 2.866991e+00 7.367711e-01
1678 2.869961e+00 7.487528e-01
1679 2.870948e+00 7.536558e-01
1680 2.868704e+00 7.482284e-01
1681 2.852852e+00 7.586321e-01
1682 2.848785e+00 7.547866e-01
1683 2.844827e+00 7.551123e-01
1684 2.842758e+00 7.537958e-01
1685 2.856171e+00 7.502398e-01
1686 2.838211e+00 7.550920e-01
1687 2.843625e+00 7.208487e-01
1688 2.844265e+00 7.129448e-01
1689 2.793175e+00 7.426299e-01
1690 2.809365e+00 7.360579e-01
1691 2.806488e+00 7.376632e-01
1692 2.793660e+00 7.083556e-01
1693 2.793956e+00 7.090947e-01
1694 2.796240e+00 7.074202e-01
1695 2.811221e+00 6.782557e-01
1696 2.864348e+00 6.482431e-01
1697 2.865336e+00 6.494949e-01
1698 2.864577e+00 6.468179e-01
1699 2.856878e+00 6.463979e-01
1700 2.860666e+00 6.484401e-01
1701 2.911836e+00 5.998983e-01
1702 2.876771e+00 5.917748e-01
1703 2.870337e+00 5.890885e-01
1704 2.841386e+00 5.678903e-01
1705 2.859659e+00 5.736997e-01
1706 2.851687e+00 5.711465e-01
1707 2.839494e+00 5.919591e-01
1708 2.828527e+00 5.860573e-01
1709 2.841599e+00 5.808042e-01
1710 2.890883e+00 5.501190e-01
1711 2.892404e+00 5.656055e-01
1712 2.879860e+00 5.731331e-01
1713 2.878503e+00 5.747767e-01
1714 2.873537e+00 5.796609e-01
1715 2.866770e+00 5.885534e-01
1716 2.865839e+00 6.138139e-01
1717 2.865038e+00 5.918294e-01
1718 2.886635e+00 6.186898e-01
1719 2.887849e+00 6.102248e-01
1720 2.887825e+00 6.108185e-01
1721 2.888145e+00 6.156707e-01
1722 2.889556e+00 6.156582e-01
1723 2.890167e+00 6.595031e-01
1724 2.837417e+00 6.684930e-01
1725 2.835861e+00 6.686191e-01
1726 2.831234e+00 6.741584e-01
1727 2.831701e+00 6.931111e-01
1728 2.856583e+00 6.582273e-01
1729 2.856065e+00 6.524705e-01
1730 2.853561e+00 6.491678e-01
1731 2.891872e+00 7.024771e-01
1732 2.896736e+00 7.046573e-01
1733 2.902272e+00 7.011349e-01
1734 2.898996e+00 6.989258e-01
1735 2.900395e+00 6.959082e-01
1736 2.900321e+00 6.990967e-01
1737 2.898676e+00 7.185640e-01
1738 2.849561e+00 7.063851e-01
1739 2.804632e+00 6.829269e-01
1740 2.789852e+00 6.918338e-01
1741 2.779673e+00 7.320443e-01
1742 2.727806e+00 7.846608e-01
1743 2.741810e+00 8.081030e-01
1744 2.747691e+00 8.574872e-01
1745 2.746594e+00 8.563636e-01
1746 2.747161e+00 8.560052e-01
1747 2.751752e+00 8.599675e-01
1748 2.742495e+00 8.730057e-01
1749 2.745838e+00 8.644504e-01
1750 2.652629e+00 7.946866e-01
1751 2.652176e+00 7.946357e-01
1752 2.644057e+00 7.932199e-01
1753 2.667643e+00 7.526429e-01
1754 2.671156e+00 7.590414e-01
1755 2.675901e+00 7.737586e-01
1756 2.695130e+00 8.050662e-01
1757 2.689481e+00 7.901293e-01
1758 2.681203e+00 7.916103e-01
1759 2.690758e+00 7.709881e-01
1760 2.689139e+00 7.715319e-01
1761 2.691306e+00 7.792082e-01
1762 2.730369e+00 8.026419e-01
1763 2.666464e+00 7.801563e-01
1764 2.677922e+00 7.960533e-01
1765 2.673203e+00 7.619390e-01
1766 2.665550e+00 7.637932e-01
1767 2.663802e+00 7.620157e-01
1768 2.646907e+00 8.038560e-01
1769 2.610351e+00 7.941091e-01
1770 2.615055e+00 8.022596e-01
1771 2.623157e+00 8.053393e-01
1772 2.585239e+00 8.230697e-01
1773 2.609210e+00 8.340987e-01
1774 2.605418e+00 8.207084e-01
1775 2.605434e+00 8.076074e-01
1776 2.591865e+00 7.942426e-01
1777 2.589737e+00 7.982501e-01
1778 2.536492e+00 7.289687e-01
1779 2.544363e+00 7.478474e-01
1780 2.553682e+00 7.482127e-01
1781 2.532074e+00 7.589574e-01
1782 2.531776e+00 7.651779e-01
1783 2.539036e+00 7.401991e-01
1784 2.564652e+00 7.567233e-01
1785 2.563947e+00 7.631510e-01
1786 2.562186e+00 7.493805e-01
1787 2.561719e+00 7.519528e-01
1788 2.547205e+00 7.944459e-01
1789 2.566497e+00 8.008103e-01
1790 2.590284e+00 8.081738e-01
1791 2.593770e+00 8.093349e-01
1792 2.601179e+00 7.820105e-01
1793 2.600044e+00 7.810367e-01
1794 2.622617e+00 7.839716e-01
1795 2.623016e+00 7.858500e-01
1796 2.593251e+00 7.517989e-01
1797 2.649618e+00 7.983548e-01
1798 2.646064e+00 7.968709e-01
1799 2.628254e+00 8.054497e-01
1800 2.667959e+00 8.469004e-01
1801 2.684357e+00 8.543744e-01
1802 2.683664e+00 8.595639e-01
1803 2.675549e+00 8.706874e-01
1804 2.663048e+00 8.875206e-01
1805 2.658326e+00 8.930002e-01
1806 2.633465e+00 8.880747e-01
1807 2.630925e+00 8.906785e-01
1808 2.619023e+00 9.003526e-01
1809 2.618670e+00 9.060584e-01
1810 2.641567e+00 8.860554e-01
1811 2.629779e+00 8.435217e-01
1812 2.613709e+00 8.323802e-01
1813 2.614178e+00 8.523990e-01
1814 2.621144e+00 8.621463e-01
1815 2.621218e+00 8.621263e-01
1816 2.668292e+00 8.756852e-01
1817 2.670902e+00 8.762411e-01
1818 2.673260e+00 8.716019e-01
1819 2.683321e+00 8.504785e-01
1820 2.701291e+00 8.442936e-01
1821 2.701951e+00 7.775966e-01
1822 2.695772e+00 7.690181e-01
1823 2.694221e+00 7.680548e-01
1824 2.709548e+00 7.753046e-01
1825 2.714713e+00 7.779423e-01
1826 2.721310e+00 7.648221e-01
1827 2.720263e+00 7.471568e-01
1828 2.690834e+00 7.771751e-01
1829 2.688209e+00 7.534841e-01
1830 2.691521e+00 7.651415e-01
1831 2.703611e+00 7.666661e-01
1832 2.708519e+00 7.659334e-01
1833 2.691017e+00 7.500367e-01
1834 2.711176e+00 7.625248e-01
1835 2.729429e+00 7.666208e-01
1836 2.729330e+00 7.738586e-01
1837 2.728024e+00 7.737828e-01
1838 2.719469e+00 7.731193e-01
1839 2.713510e+00 7.677952e-01
1840 2.708954e+00 7.786910e-01
1841 2.709200e+00 7.804781e-01
1842 2.728954e+00 7.593161e-01
1843 2.730800e+00 7.571048e-01
1844 2.723536e+00 7.617189e-01
1845 2.739087e+00 7.513994e-01
1846 2.738742e+00 7.513187e-01
1847 2.755035e+00 7.569879e-01
1848 2.755461e+00 7.555263e-01
1849 2.822238e+00 7.296682e-01
1850 2.798577e+00 7.143391e-01
1851 2.752064e+00 7.443926e-01
1852 2.746265e+00 7.479100e-01
1853 2.754427e+00 7.539918e-01
1854 2.755889e+00 7.744469e-01
1855 2.755989e+00 7.743787e-01
1856 2.754459e+00 7.758243e-01
1857 2.754555e+00 7.765204e-01
1858 2.686990e+00 8.094647e-01
1859 2.650093e+00 9.261718e-01
1860 2.650081e+00 9.261652e-01
1861 2.661952e+00 9.186511e-01
1862 2.661584e+00 9.198367e-01
1863 2.666896e+00 9.020674e-01
1864 2.697533e+00 8.777912e-01
1865 2.695770e+00 8.769698e-01
1866 2.687057e+00 8.771816e-01
1867 2.684871e+00 8.551013e-01
1868 2.676794e+00 8.581785e-01
1869 2.639713e+00 8.888046e-01
1870 2.655455e+00 9.050709e-01
1871 2.676439e+00 9.162814e-01
1872 2.704533e+00 9.279623e-01
1873 2.695799e+00 9.193103e-01
1874 2.704563e+00 9.239714e-01
1875 2.691615e+00 9.250428e-01
1876 2.658977e+00 8.987317e-01
1877 2.694725e+00 8.709229e-01
1878 2.687176e+00 8.380272e-01
1879 2.693370e+00 8.574851e-01
1880 2.740409e+00 8.688104e-01
1881 2.740392e+00 8.691451e-01
1882 2.738365e+00 8.688529e-01
1883 2.755594e+00 8.716028e-01
1884 2.753673e+00 8.795457e-01
1885 2.770875e+00 8.738044e-01
1886 2.775367e+00 8.757675e-01
1887 2.776309e+00 8.902893e-01
1888 2.776364e+00 8.895825e-01
1889 2.778620e+00 8.884718e-01
1890 2.778854e+00 8.351537e-01
1891 2.763047e+00 8.552457e-01
1892 2.770266e+00 8.508745e-01
1893 2.766260e+00 8.486770e-01
1894 2.765101e+00 8.518850e-01
1895 2.762976e+00 9.144541e-01
1896 2.763430e+00 9.125721e-01
1897 2.765074e+00 9.158833e-01
1898 2.746327e+00 9.150006e-01
1899 2.743601e+00 9.171689e-01
1900 2.741083e+00 9.153205e-01
1901 2.742697e+00 9.151641e-01
1902 2.739880e+00 9.074880e-01
1903 2.739352e+00 9.077076e-01
1904 2.735658e+00 9.114400e-01
1905 2.735215e+00 9.249388e-01
1906 2.737240e+00 9.167083e-01
1907 2.786164e+00 8.894971e-01
1908 2.781406e+00 8.921594e-01
1909 2.767678e+00 8.717211e-01
1910 2.778971e+00 8.821763e-01
1911 2.787629e+00 9.217678e-01
1912 2.808715e+00 9.193822e-01
1913 2.837455e+00 9.405390e-01
1914 2.868636e+00 9.595152e-01
1915 2.855974e+00 9.626786e-01
1916 2.851888e+00 9.526913e-01
1917 2.847817e+00 9.581571e-01
1918 2.860170e+00 9.357712e-01
1919 2.863016e+00 9.241348e-01
1920 2.859921e+00 9.241875e-01
1921 2.865721e+00 9.424944e-01
1922 2.864348e+00 9.437710e-01
1923 2.859442e+00 9.379145e-01
1924 2.861844e+00 9.266550e-01
1925 2.852900e+00 9.246047e-01
1926 2.852449e+00 9.247043e-01
1927 2.852293e+00 9.019336e-01
1928 2.863709e+00 8.578790e-01
1929 2.892218e+00 8.737140e-01
1930 2.932924e+00 8.770801e-01
1931 2.938676e+00 8.630927e-01
1932 2.943548e+00 8.708467e-01
1933 2.960439e+00 8.992097e-01
1934 2.937847e+00 8.711901e-01
1935 2.940123e+00 8.461019e-01
1936 2.938813e+00 8.464734e-01
1937 2.887094e+00 8.736026e-01
1938 2.895175e+00 8.662054e-01
1939 2.897660e+00 8.676058e-01
1940 2.890273e+00 8.633191e-01
1941 2.891023e+00 8.630995e-01
1942 2.858915e+00 8.146499e-01
1943 2.854281e+00 8.150735e-01
1944 2.855585e+00 8.127451e-01
1945 2.885443e+00 8.286245e-01
1946 2.865659e+00 8.150405e-01
1947 2.879058e+00 8.126894e-01
1948 2.879964e+00 8.057145e-01
1949 2.872000e+00 8.053623e-01
1950 2.881536e+00 8.102906e-01
1951 2.905226e+00 8.381831e-01
1952 2.859170e+00 7.829335e-01
1953 2.836043e+00 7.892945e-01
1954 2.830522e+00 7.891041e-01
1955 2.820339e+00 8.022114e-01
1956 2.850734e+00 7.889868e-01
1957 2.865140e+00 7.805510e-01
1958 2.865176e+00 8.014198e-01
1959 2.855759e+00 8.024581e-01
1960 2.861860e+00 7.948667e-01
1961 2.866011e+00 7.971081e-01
1962 2.868146e+00 7.836277e-01
1963 2.856934e+00 7.889235e-01
1964 2.862756e+00 7.866711e-01
1965 2.861409e+00 7.579793e-01
1966 2.898308e+00 7.674395e-01
1967 2.900380e+00 7.686888e-01
1968 2.897596e+00 7.644940e-01
1969 2.897466e+00 7.699960e-01
1970 2.900105e+00 7.680251e-01
1971 2.912170e+00 7.469927e-01
1972 2.960494e+00 7.637665e-01
1973 2.954054e+00 7.643614e-01
1974 2.944346e+00 8.001865e-01
1975 2.952578e+00 8.059063e-01
1976 2.938274e+00 8.051743e-01
1977 2.942471e+00 8.139769e-01
1978 2.926150e+00 8.474905e-01
1979 2.927108e+00 8.498160e-01
1980 2.915021e+00 8.506974e-01
1981 2.926412e+00 8.442941e-01
1982 2.950850e+00 8.056064e-01
1983 2.970155e+00 8.004393e-01
1984 2.972822e+00 7.936483e-01
1985 3.035877e+00 7.663092e-01
1986 3.040832e+00 7.695517e-01
1987 3.037623e+00 7.642910e-01
1988 3.037132e+00 7.710344e-01
1989 3.044910e+00 7.676809e-01
1990 3.046370e+00 7.684173e-01
1991 3.055986e+00 6.803769e-01
1992 3.013566e+00 6.385714e-01
1993 3.022359e+00 6.492695e-01
1994 3.016079e+00 6.379479e-01
1995 2.992582e+00 6.684987e-01
1996 3.013114e+00 6.727249e-01
1997 3.013651e+00 6.685203e-01
1998 3.009565e+00 6.729547e-01
1999 3.015733e+00 6.918231e-01
2000 3.013658e+00 6.937757e-01
2001 3.012917e+00 6.982538e-01
2002 3.010768e+00 7.016667e-01
2003 2.997812e+00 6.964361e-01
2004 3.001048e+00 6.950001e-01
2005 2.999184e+00 6.787381e-01
2006 3.022930e+00 6.574551e-01
2007 3.024241e+00 6.625846e-01
2008 2.995490e+00 6.306336e-01
2009 3.042453e+00 6.048963e-01
2010 3.085939e+00 5.579171e-01
2011 3.082231e+00 5.951859e-01
2012 3.072629e+00 5.880675e-01
2013 3.100535e+00 5.306751e-01
2014 3.086705e+00 5.260056e-01
2015 3.089832e+00 5.247456e-01
2016 3.090698e+00 5.338860e-01
2017 3.075067e+00 5.438565e-01
2018 3.059624e+00 5.770766e-01
2019 3.033896e+00 5.980300e-01
2020 3.034594e+00 5.973834e-01
2021 3.079461e+00 5.519909e-01
2022 3.078290e+00 5.664665e-01
2023 3.066841e+00 5.649711e-01
2024 3.063508e+00 5.649103e-01
2025 3.063406e+00 5.647122e-01
2026 3.082140e+00 6.045521e-01
2027 3.071799e+00 5.910122e-01
2028 3.088516e+00 5.829218e-01
2029 3.121203e+00 6.024853e-01
2030 3.072575e+00 5.883502e-01
2031 3.070925e+00 5.718646e-01
2032 3.070983e+00 5.791371e-01
2033 3.070877e+00 5.967367e-01
2034 3.072186e+00 6.070119e-01
2035 3.087148e+00 6.097318e-01
2036 3.085618e+00 6.063163e-01
2037 3.122319e+00 6.259806e-01
2038 3.119708e+00 6.443278e-01
2039 3.112280e+00 6.263532e-01
2040 3.112515e+00 6.139287e-01
2041 3.110894e+00 5.998264e-01
2042 3.111145e+00 5.987499e-01
2043 3.108958e+00 6.052436e-01
2044 3.109570e+00 6.049780e-01
2045 3.125926e+00 5.846269e-01
2046 3.131841e+00 5.983903e-01
2047 3.139790e+00 5.972887e-01
2048 3.169498e+00 6.047228e-01
2049 3.172906e+00 6.092648e-01
2050 3.172877e+00 6.100026e-01
2051 3.185834e+00 6.107986e-01
2052 3.175610e+00 6.138224e-01
2053 3.161627e+00 6.484959e-01
2054 3.161454e+00 6.520515e-01
2055 3.162363e+00 6.521503e-01
2056 3.171630e+00 6.546574e-01
2057 3.180868e+00 6.572606e-01
2058 3.181851e+00 6.584698e-01
2059 3.216020e+00 6.114631e-01
2060 3.216131e+00 6.113946e-01
2061 3.233125e+00 6.258251e-01
2062 3.234616e+00 6.302276e-01
2063 3.211226e+00 6.353282e-01
2064 3.190168e+00 6.324254e-01
2065 3.190140e+00 6.402196e-01
2066 3.220754e+00 6.228465e-01
2067 3.201952e+00 6.268090e-01
2068 3.199319e+00 6.258081e-01
2069 3.224012e+00 6.703160e-01
2070 3.213215e+00 6.604028e-01
2071 3.221115e+00 6.587415e-01
2072 3.229354e+00 6.399738e-01
2073 3.223884e+00 6.358726e-01
2074 3.223205e+00 6.361332e-01
2075 3.224255e+00 6.360351e-01
2076 3.224352e+00 6.359516e-01
2077 3.239880e+00 6.352619e-01
2078 3.180819e+00 5.477980e-01
2079 3.166134e+00 5.338889e-01
2080 3.167427e+00 5.274306e-01
2081 3.182868e+00 5.400689e-01
2082 3.186515e+00 5.274749e-01
2083 3.194470e+00 5.162274e-01
2084 3.194930e+00 5.056638e-01
2085 3.164500e+00 4.807403e-01
2086 3.194151e+00 4.976644e-01
2087 3.210876e+00 4.838175e-01
2088 3.205826e+00 4.830591e-01
2089 3.201148e+00 4.909613e-01
2090 3.199119e+00 4.735011e-01
2091 3.199127e+00 4.734542e-01
2092 3.188717e+00 4.484646e-01
2093 3.191840e+00 4.463115e-01
2094 3.194382e+00 4.529147e-01
2095 3.209216e+00 4.391778e-01
2096 3.210055e+00 4.215480e-01
2097 3.225795e+00 4.202940e-01
2098 3.229018e+00 4.238765e-01
2099 3.261514e+00 4.063105e-01
2100 3.259594e+00 4.112451e-01
2101 3.235403e+00 4.080820e-01
2102 3.240473e+00 4.076427e-01
2103 3.246147e+00 4.216761e-01
2104 3.268611e+00 4.055886e-01
2105 3.296837e+00 4.001350e-01
2106 3.297144e+00 4.004838e-01
2107 3.288796e+00 4.001048e-01
2108 3.302380e+00 4.340517e-01
2109 3.293678e+00 4.099229e-01
2110 3.281415e+00 4.123718e-01
2111 3.280896e+00 3.778771e-01
2112 3.280931e+00 3.810627e-01
2113 3.221797e+00 4.220175e-01
2114 3.226755e+00 4.129544e-01
2115 3.191093e+00 3.974729e-01
2116 3.189848e+00 3.974608e-01
2117 3.186506e+00 3.927555e-01
2118 3.191359e+00 3.944617e-01
2119 3.178310e+00 4.065799e-01
2120 3.186648e+00 3.883499e-01
2121 3.178916e+00 3.962899e-01
2122 3.170252e+00 3.564576e-01
2123 3.157621e+00 3.534079e-01
2124 3.155334e+00 3.774410e-01
2125 3.136580e+00 3.839556e-01
2126 3.132879e+00 3.866629e-01
2127 3.176918e+00 3.838340e-01
2128 3.172476e+00 3.493561e-01
2129 3.165960e+00 3.545353e-01
2130 3.162754e+00 3.660573e-01
2131 3.177593e+00 3.441271e-01
2132 3.183389e+00 3.501709e-01
2133 3.150329e+00 3.816081e-01
2134 3.156708e+00 3.962537e-01
2135 3.155610e+00 3.957189e-01
2136 3.161288e+00 4.117717e-01
2137 3.175894e+00 3.945218e-01
2138 3.165542e+00 3.965378e-01
2139 3.163787e+00 3.880467e-01
2140 3.164277e+00 3.877568e-01
2141 3.148485e+00 4.084117e-01
2142 3.141961e+00 4.021013e-01
2143 3.132703e+00 4.013077e-01
2144 3.121168e+00 4.019001e-01
2145 3.123366e+00 4.017986e-01
2146 3.119756e+00 3.929157e-01
2147 3.146250e+00 3.647937e-01
2148 3.136757e+00 3.709685e-01
2149 3.141347e+00 3.621914e-01
2150 3.141175e+00 3.584090e-01
2151 3.143863e+00 3.543121e-01
2152 3.111895e+00 3.570314e-01
2153 3.112386e+00 3.569916e-01
2154 3.136108e+00 3.475458e-01
2155 3.143172e+00 3.331847e-01
2156 3.155117e+00 3.413461e-01
2157 3.182464e+00 4.332174e-01
2158 3.180434e+00 4.168933e-01
2159 3.160971e+00 4.332626e-01
2160 3.077456e+00 3.790609e-01
2161 3.071799e+00 3.809707e-01
2162 3.093055e+00 3.888489e-01
2163 3.097097e+00 3.873722e-01
2164 3.103420e+00 3.780029e-01
2165 3.132034e+00 3.279863e-01
2166 3.166764e+00 2.807411e-01
2167 3.178644e+00 2.838136e-01
2168 3.182002e+00 3.032691e-01
2169 3.175278e+00 3.297010e-01
2170 3.197742e+00 3.251956e-01
2171 3.188588e+00 3.233406e-01
2172 3.188192e+00 3.186613e-01
2173 3.198657e+00 3.156788e-01
2174 3.198758e+00 3.120634e-01
2175 3.174017e+00 3.063755e-01
2176 3.213075e+00 3.435116e-01
2177 3.207568e+00 3.364167e-01
2178 3.221820e+00 3.026157e-01
2179 3.211103e+00 3.032005e-01
2180 3.199512e+00 3.012891e-01
2181 3.199036e+00 3.072011e-01
2182 3.202077e+00 3.145496e-01
2183 3.190823e+00 3.153963e-01
2184 3.213185e+00 3.398572e-01
2185 3.187622e+00 3.350606e-01
2186 3.198733e+00 3.404233e-01
2187 3.191024e+00 3.436611e-01
2188 3.190212e+00 3.439171e-01
2189 3.203949e+00 3.357569e-01
2190 3.201275e+00 3.376720e-01
2191 3.178444e+00 3.260069e-01
2192 3.162657e+00 3.837142e-01
2193 3.161522e+00 4.009121e-01
2194 3.164115e+00 4.036965e-01
2195 3.163510e+00 4.076124e-01
2196 3.144434e+00 4.280091e-01
2197 3.167165e+00 4.706881e-01
2198 3.173139e+00 4.468303e-01
2199 3.195633e+00 4.625630e-01
2200 3.194115e+00 4.659323e-01
2201 3.195460e+00 4.647864e-01
2202 3.271097e+00 4.372177e-01
2203 3.252454e+00 4.255996e-01
2204 3.252045e+00 4.257726e-01
2205 3.254588e+00 4.258559e-01
2206 3.247985e+00 4.240483e-01
2207 3.245639e+00 4.281360e-01
2208 3.265098e+00 3.978696e-01
2209 3.268261e+00 4.016933e-01
2210 3.265565e+00 3.947257e-01
2211 3.263181e+00 3.965631e-01
2212 3.266726e+00 3.865731e-01
2213 3.258236e+00 4.063327e-01
2214 3.234991e+00 4.363938e-01
2215 3.212427e+00 4.542526e-01
2216 3.213136e+00 4.542725e-01
2217 3.212975e+00 4.540759e-01
2218 3.178093e+00 4.298326e-01
2219 3.181096e+00 4.314697e-01
2220 3.198180e+00 4.386810e-01
2221 3.192713e+00 4.318989e-01
2222 3.188316e+00 4.329645e-01
2223 3.184554e+00 4.327164e-01
2224 3.186725e+00 4.725106e-01
2225 3.180750e+00 4.771664e-01
2226 3.147681e+00 5.401099e-01
2227 3.145047e+00 5.386148e-01
2228 3.122467e+00 5.559606e-01
2229 3.120455e+00 5.559625e-01
2230 3.067722e+00 5.364266e-01
2231 3.122760e+00 5.196613e-01
2232 3.080527e+00 5.735489e-01
2233 3.084359e+00 5.631412e-01
2234 3.076085e+00 5.557594e-01
2235 3.077042e+00 5.572113e-01
2236 3.063971e+00 5.353671e-01
2237 3.060749e+00 5.258462e-01
2238 3.042850e+00 5.494640e-01
2239 3.076727e+00 5.520529e-01
2240 3.076950e+00 5.574252e-01
2241 3.073041e+00 5.351892e-01
2242 3.084079e+00 5.375738e-01
2243 3.083943e+00 5.400833e-01
2244 3.091244e+00 5.356977e-01
2245 3.089774e+00 5.404393e-01
2246 3.105266e+00 5.195841e-01
2247 3.105154e+00 5.127161e-01
2248 3.108955e+00 5.075379e-01
2249 3.105397e+00 5.446223e-01
2250 3.156353e+00 5.647059e-01
2251 3.146754e+00 5.738921e-01
2252 3.223023e+00 5.754941e-01
2253 3.231471e+00 5.795070e-01
2254 3.221966e+00 5.749274e-01
2255 3.219928e+00 5.758342e-01
2256 3.220099e+00 5.768070e-01
2257 3.138955e+00 6.025579e-01
2258 3.142742e+00 5.983228e-01
2259 3.146316e+00 5.957972e-01
2260 3.129753e+00 6.217169e-01
2261 3.121743e+00 6.165513e-01
2262 3.119629e+00 6.229523e-01
2263 3.126602e+00 6.179059e-01
2264 3.122701e+00 5.832790e-01
2265 3.123330e+00 5.824391e-01
2266 3.119750e+00 5.829584e-01
2267 3.116629e+00 5.939246e-01
2268 3.131043e+00 5.888833e-01
2269 3.120675e+00 6.042150e-01
2270 3.134587e+00 6.214264e-01
2271 3.139271e+00 6.393288e-01
2272 3.143625e+00 6.330562e-01
2273 3.147012e+00 6.237386e-01
2274 3.152964e+00 6.466902e-01
2275 3.158244e+00 6.588662e-01
2276 3.158155e+00 6.590587e-01
2277 3.155976e+00 6.594054e-01
2278 3.187544e+00 6.326356e-01
2279 3.183382e+00 6.381546e-01
2280 3.204222e+00 6.406561e-01
2281 3.204227e+00 6.406535e-01
2282 3.200498e+00 6.392210e-01
2283 3.213300e+00 6.630049e-01
2284 3.214409e+00 6.605230e-01
2285 3.224876e+00 6.642521e-01
2286 3.250703e+00 6.673384e-01
2287 3.253906e+00 6.656658e-01
2288 3.239414e+00 6.598794e-01
2289 3.241312e+00 6.584106e-01
2290 3.251991e+00 6.537043e-01
2291 3.250754e+00 6.545946e-01
2292 3.238632e+00 6.511580e-01
2293 3.246637e+00 6.513741e-01
2294 3.252402e+00 6.430946e-01
2295 3.268102e+00 6.368978e-01
2296 3.236419e+00 6.178275e-01
2297 3.246596e+00 6.085089e-01
2298 3.250610e+00 6.061287e-01
2299 3.250519e+00 6.250639e-01
2300 3.279376e+00 6.146763e-01
2301 3.283305e+00 6.157469e-01
2302 3.279424e+00 6.128683e-01
2303 3.270331e+00 6.673360e-01
2304 3.264808e+00 6.721873e-01
2305 3.279778e+00 6.647186e-01
2306 3.335826e+00 6.354570e-01
2307 3.324281e+00 6.121498e-01
2308 3.303938e+00 5.980451e-01
2309 3.300498e+00 6.114493e-01
2310 3.222627e+00 6.173156e-01
2311 3.207740e+00 6.316972e-01
2312 3.209834e+00 6.264282e-01
2313 3.210528e+00 6.293621e-01
2314 3.143304e+00 6.352573e-01
2315 3.171039e+00 6.419775e-01
2316 3.190890e+00 6.291762e-01
2317 3.159875e+00 6.474840e-01
2318 3.205827e+00 6.477673e-01
2319 3.206729e+00 6.517654e-01
2320 3.195468e+00 6.492227e-01
2321 3.204316e+00 6.594041e-01
2322 3.201273e+00 6.596510e-01
2323 3.171114e+00 6.651712e-01
2324 3.159957e+00 6.156472e-01
2325 3.158806e+00 6.160959e-01
2326 3.161955e+00 6.167678e-01
2327 3.158181e+00 6.109964e-01
2328 3.155935e+00 6.223882e-01
2329 3.155798e+00 6.224404e-01
2330 3.223859e+00 6.584498e-01
2331 3.232206e+00 6.674074e-01
2332 3.258711e+00 6.616277e-01
2333 3.239148e+00 6.476793e-01
2334 3.214794e+00 6.374790e-01
2335 3.212553e+00 6.256468e-01
2336 3.210098e+00 6.289878e-01
2337 3.227026e+00 6.233715e-01
2338 3.241184e+00 6.422572e-01
2339 3.257807e+00 6.207373e-01
2340 3.295559e+00 6.232686e-01
2341 3.318131e+00 5.940321e-01
2342 3.320275e+00 5.933657e-01
2343 3.273630e+00 6.525893e-01
2344 3.286123e+00 6.595633e-01
2345 3.270072e+00 6.476394e-01
2346 3.260935e+00 6.461635e-01
2347 3.261748e+00 6.466222e-01
2348 3.264097e+00 6.513242e-01
2349 3.301750e+00 6.487545e-01
2350 3.318502e+00 6.703102e-01
2351 3.319366e+00 6.551872e-01
2352 3.386560e+00 6.758114e-01
2353 3.389214e+00 6.724546e-01
2354 3.380414e+00 6.951705e-01
2355 3.381546e+00 6.957780e-01
2356 3.366233e+00 6.802331e-01
2357 3.344486e+00 7.078665e-01
2358 3.338371e+00 7.264054e-01
2359 3.319032e+00 7.534285e-01
2360 3.320863e+00 7.553793e-01
2361 3.307292e+00 7.340096e-01
2362 3.327519e+00 7.330916e-01
2363 3.330309e+00 7.237880e-01
2364 3.329186e+00 7.182995e-01
2365 3.323526e+00 6.994359e-01
2366 3.319178e+00 6.939073e-01
2367 3.341831e+00 6.754504e-01
2368 3.342449e+00 6.723524e-01
2369 3.331848e+00 6.710798e-01
2370 3.302410e+00 7.568813e-01
2371 3.321052e+00 7.475963e-01
2372 3.318509e+00 7.521393e-01
2373 3.305295e+00 7.226262e-01
2374 3.304719e+00 7.223603e-01
2375 3.289047e+00 7.286519e-01
2376 3.297184e+00 7.342885e-01
2377 3.294840e+00 7.356028e-01
2378 3.330488e+00 7.066942e-01
2379 3.358520e+00 7.002501e-01
2380 3.361959e+00 6.974833e-01
2381 3.391589e+00 6.826579e-01
2382 3.390715e+00 6.868057e-01
2383 3.394762e+00 6.878403e-01
2384 3.386733e+00 6.861857e-01
2385 3.379873e+00 6.817805e-01
2386 3.371863e+00 7.004960e-01
2387 3.362365e+00 7.129958e-01
2388 3.368762e+00 7.156628e-01
2389 3.372989e+00 7.065956e-01
2390 3.339024e+00 7.009067e-01
2391 3.333256e+00 7.053747e-01
2392 3.333121e+00 7.055091e-01
2393 3.318370e+00 7.179816e-01
2394 3.321165e+00 7.167971e-01
2395 3.348170e+00 7.214640e-01
2396 3.347706e+00 7.224224e-01
2397 3.319693e+00 7.593058e-01
2398 3.321434e+00 7.616295e-01
2399 3.373261e+00 7.337047e-01
2400 3.363380e+00 7.631973e-01
2401 3.365957e+00 7.396894e-01
2402 3.363147e+00 7.329071e-01
2403 3.369826e+00 7.285158e-01
2404 3.371529e+00 7.273780e-01
2405 3.371480e+00 7.272780e-01
2406 3.363914e+00 7.233020e-01
2407 3.364072e+00 7.231807e-01
2408 3.360560e+00 7.193438e-01
2409 3.388211e+00 7.502496e-01
2410 3.411018e+00 7.052599e-01
2411 3.416335e+00 7.173372e-01
2412 3.428810e+00 6.975781e-01
2413 3.428930e+00 6.989973e-01
2414 3.427707e+00 6.991691e-01
2415 3.415508e+00 6.853299e-01
2416 3.420220e+00 6.901230e-01
2417 3.403692e+00 6.841513e-01
2418 3.424316e+00 7.005336e-01
2419 3.401984e+00 7.096772e-01
2420 3.448987e+00 7.146201e-01
2421 3.447104e+00 7.127485e-01
2422 3.449362e+00 7.146966e-01
2423 3.480849e+00 6.888840e-01
2424 3.479423e+00 6.897384e-01
2425 3.474700e+00 6.865803e-01
2426 3.475986e+00 6.869879e-01
2427 3.531759e+00 6.590491e-01
2428 3.470589e+00 6.307701e-01
2429 3.465957e+00 6.301141e-01
2430 3.473138e+00 6.609972e-01
2431 3.494519e+00 6.480035e-01
2432 3.492891e+00 6.490008e-01
2433 3.490817e+00 6.713238e-01
2434 3.532536e+00 7.378318e-01
2435 3.508145e+00 7.223623e-01
2436 3.566700e+00 7.161221e-01
2437 3.557082e+00 7.273616e-01
2438 3.551756e+00 7.325146e-01
2439 3.563429e+00 7.192177e-01
2440 3.558522e+00 7.285838e-01
2441 3.581385e+00 7.047618e-01
2442 3.562065e+00 7.379718e-01
2443 3.544679e+00 7.231653e-01
2444 3.527154e+00 6.742212e-01
2445 3.509149e+00 6.628210e-01
2446 3.504003e+00 6.804075e-01
2447 3.497941e+00 6.792121e-01
2448 3.508275e+00 6.849822e-01
2449 3.506613e+00 6.741186e-01
2450 3.517387e+00 6.226567e-01
2451 3.504436e+00 6.155051e-01
2452 3.508825e+00 6.203719e-01
2453 3.486740e+00 5.900155e-01
2454 3.478643e+00 6.056964e-01
2455 3.472118e+00 6.049561e-01
2456 3.471281e+00 6.097336e-01
2457 3.474130e+00 6.097386e-01
2458 3.475110e+00 6.131903e-01
2459 3.467222e+00 6.090610e-01
2460 3.446225e+00 6.189873e-01
2461 3.446650e+00 6.192443e-01
2462 3.446860e+00 6.202177e-01
2463 3.439168e+00 6.276614e-01
2464 3.441346e+00 6.281156e-01
2465 3.446684e+00 6.624924e-01
2466 3.458084e+00 6.679601e-01
2467 3.458196e+00 6.666205e-01
2468 3.457930e+00 6.680279e-01
2469 3.456605e+00 6.693787e-01
2470 3.467786e+00 6.690588e-01
2471 3.460573e+00 6.785775e-01
2472 3.454397e+00 7.057885e-01
2473 3.458268e+00 7.137779e-01
2474 3.459184e+00 7.160876e-01
2475 3.448438e+00 7.907971e-01
2476 3.441411e+00 7.792063e-01
2477 3.426247e+00 7.971837e-01
2478 3.411954e+00 8.230176e-01
2479 3.411483e+00 8.219118e-01
2480 3.401967e+00 8.264920e-01
2481 3.403591e+00 8.293901e-01
2482 3.464854e+00 8.248038e-01
2483 3.405430e+00 8.330860e-01
2484 3.379130e+00 8.502330e-01
2485 3.367258e+00 8.525655e-01
2486 3.387896e+00 8.324970e-01
2487 3.380924e+00 8.191311e-01
2488 3.341637e+00 8.681428e-01
2489 3.341645e+00 8.681419e-01
2490 3.357092e+00 8.855994e-01
2491 3.393597e+00 8.740414e-01
2492 3.397929e+00 8.636538e-01
2493 3.408440e+00 8.633899e-01
2494 3.394643e+00 8.716470e-01
2495 3.418116e+00 8.593820e-01
2496 3.415628e+00 8.698911e-01
2497 3.420547e+00 8.686855e-01
2498 3.412244e+00 8.721057e-01
2499 3.409385e+00 8.657340e-01
2500 3.422344e+00 8.303030e-01
2501 3.423097e+00 8.321333e-01
2502 3.431876e+00 7.989718e-01
2503 3.417905e+00 7.997909e-01
2504 3.436842e+00 7.910653e-01
2505 3.437438e+00 7.912063e-01
2506 3.453724e+00 8.202121e-01
2507 3.451669e+00 8.222730e-01
2508 3.446718e+00 8.283381e-01
2509 3.461642e+00 8.215348e-01
2510 3.468179e+00 8.207444e-01
2511 3.472693e+00 8.139283e-01
2512 3.485732e+00 8.040435e-01
2513 3.469672e+00 7.892954e-01
2514 3.473707e+00 8.129865e-01
2515 3.474533e+00 8.121536e-01
2516 3.475930e+00 8.136995e-01
2517 3.477362e+00 8.194677e-01
2518 3.479102e+00 8.023850e-01
2519 3.480280e+00 8.006265e-01
2520 3.479913e+00 8.009534e-01
2521 3.471284e+00 7.772926e-01
2522 3.473712e+00 7.656269e-01
2523 3.479038e+00 7.680034e-01
2524 3.473018e+00 7.649835e-01
2525 3.467940e+00 7.499934e-01
2526 3.471454e+00 7.451735e-01
2527 3.472632e+00 7.484159e-01
2528 3.464341e+00 7.458865e-01
2529 3.443981e+00 7.333888e-01
2530 3.441905e+00 7.353040e-01
2531 3.442015e+00 7.348830e-01
2532 3.473105e+00 7.213000e-01
2533 3.478474e+00 7.259356e-01
2534 3.472108e+00 7.292632e-01
2535 3.473402e+00 7.294934e-01
2536 3.523613e+00 7.700468e-01
2537 3.540531e+00 7.895657e-01
2538 3.537159e+00 7.886153e-01
2539 3.510011e+00 7.700372e-01
2540 3.520994e+00 7.659140e-01
2541 3.524533e+00 8.000661e-01
2542 3.515656e+00 8.016659e-01
2543 3.491501e+00 7.853049e-01
2544 3.510183e+00 7.946525e-01
2545 3.490742e+00 8.469472e-01
2546 3.483938e+00 8.519589e-01
2547 3.417518e+00 8.986011e-01
2548 3.431155e+00 9.075744e-01
2549 3.430231e+00 9.058647e-01
2550 3.413790e+00 9.247815e-01
2551 3.424516e+00 1.020351e+00
2552 3.414412e+00 1.005865e+00
2553 3.329033e+00 1.012537e+00
2554 3.347545e+00 1.004630e+00
2555 3.339029e+00 1.011366e+00
2556 3.340254e+00 1.003407e+00
2557 3.340560e+00 1.002632e+00
2558 3.323715e+00 1.002583e+00
2559 3.327616e+00 1.004115e+00
2560 3.318292e+00 9.521495e-01
2561 3.342127e+00 9.480980e-01
2562 3.348936e+00 9.290804e-01
2563 3.341123e+00 9.109601e-01
2564 3.339100e+00 8.991385e-01
2565 3.331312e+00 8.980475e-01
2566 3.336371e+00 9.000552e-01
2567 3.341409e+00 9.032100e-01
2568 3.321207e+00 9.121727e-01
2569 3.295750e+00 9.344437e-01
2570 3.307722e+00 9.128144e-01
2571 3.307332e+00 9.124837e-01
2572 3.295384e+00 9.121698e-01
2573 3.255158e+00 8.993581e-01
2574 3.260436e+00 9.049453e-01
2575 3.242694e+00 8.555075e-01
2576 3.244031e+00 8.528329e-01
2577 3.251360e+00 8.548611e-01
2578 3.247973e+00 8.506253e-01
2579 3.239860e+00 8.333036e-01
2580 3.250154e+00 8.339534e-01
2581 3.248295e+00 8.305811e-01
2582 3.248561e+00 7.900755e-01
2583 3.239409e+00 7.799052e-01
2584 3.232869e+00 7.797306e-01
2585 3.200646e+00 7.743643e-01
2586 3.208708e+00 7.792430e-01
2587 3.206146e+00 7.790637e-01
2588 3.211206e+00 7.917480e-01
2589 3.270250e+00 8.074685e-01
2590 3.267547e+00 8.022854e-01
2591 3.274511e+00 8.045260e-01
2592 3.279352e+00 7.883953e-01
2593 3.340819e+00 7.678708e-01
2594 3.336728e+00 7.761360e-01
2595 3.331896e+00 7.838097e-01
2596 3.306280e+00 7.862808e-01
2597 3.284100e+00 8.229303e-01
2598 3.285725e+00 8.204181e-01
2599 3.287517e+00 8.237519e-01
2600 3.292370e+00 8.202710e-01
2601 3.263898e+00 7.578884e-01
2602 3.264942e+00 7.520987e-01
2603 3.273891e+00 7.440849e-01
2604 3.264399e+00 7.177797e-01
2605 3.254817e+00 7.140502e-01
2606 3.281488e+00 6.965450e-01
2607 3.267294e+00 6.824695e-01
2608 3.273477e+00 6.805151e-01
2609 3.259994e+00 6.768592e-01
2610 3.251086e+00 6.886204e-01
2611 3.250795e+00 6.881958e-01
2612 3.251678e+00 7.103306e-01
2613 3.239303e+00 6.894793e-01
2614 3.231153e+00 7.122690e-01
2615 3.207361e+00 7.027541e-01
2616 3.276203e+00 7.241991e-01
2617 3.268656e+00 7.044600e-01
2618 3.267471e+00 7.040535e-01
2619 3.288880e+00 7.062844e-01
2620 3.292181e+00 7.078084e-01
2621 3.279879e+00 7.211586e-01
2622 3.278764e+00 7.193979e-01
2623 3.300804e+00 7.260601e-01
2624 3.289354e+00 7.148113e-01
2625 3.291415e+00 6.765695e-01
2626 3.279481e+00 6.808230e-01
2627 3.276238e+00 6.792313e-01
2628 3.268283e+00 6.726792e-01
2629 3.270785e+00 6.453528e-01
2630 3.270714e+00 6.453073e-01
2631 3.247711e+00 6.624826e-01
2632 3.243291e+00 6.227222e-01
2633 3.265655e+00 6.115808e-01
2634 3.253937e+00 6.012931e-01
2635 3.250230e+00 5.928265e-01
2636 3.237678e+00 5.819990e-01
2637 3.229215e+00 5.717658e-01
2638 3.248228e+00 6.014044e-01
2639 3.247777e+00 6.017259e-01
2640 3.286221e+00 6.363244e-01
2641 3.294249e+00 6.365314e-01
2642 3.279784e+00 6.359093e-01
2643 3.286639e+00 6.554519e-01
2644 3.282372e+00 6.148750e-01
2645 3.278745e+00 6.118605e-01
2646 3.261988e+00 6.081202e-01
2647 3.231382e+00 5.790284e-01
2648 3.235679e+00 5.844672e-01
2649 3.233644e+00 5.728906e-01
2650 3.239344e+00 5.643807e-01
2651 3.237059e+00 5.594535e-01
2652 3.247291e+00 5.723321e-01
2653 3.245719e+00 5.727860e-01
2654 3.240436e+00 5.669593e-01
2655 3.243992e+00 5.877447e-01
2656 3.248785e+00 5.866030e-01
2657 3.250313e+00 5.710130e-01
2658 3.262856e+00 5.713802e-01
2659 3.263380e+00 5.670173e-01
2660 3.262000e+00 5.654242e-01
2661 3.259123e+00 5.785046e-01
2662 3.260917e+00 5.676768e-01
2663 3.274435e+00 5.691019e-01
2664 3.270753e+00 5.695479e-01
2665 3.263028e+00 5.984011e-01
2666 3.239543e+00 5.928004e-01
2667 3.231078e+00 6.003461e-01
2668 3.249410e+00 5.928061e-01
2669 3.235055e+00 6.016565e-01
2670 3.225284e+00 5.855875e-01
2671 3.218558e+00 5.765398e-01
2672 3.221629e+00 5.765588e-01
2673 3.227557e+00 5.743376e-01
2674 3.235878e+00 6.096621e-01
2675 3.240175e+00 6.081297e-01
2676 3.243730e+00 6.183155e-01
2677 3.264195e+00 6.276669e-01
2678 3.264373e+00 6.280029e-01
2679 3.268746e+00 6.334192e-01
2680 3.238112e+00 6.024278e-01
2681 3.233970e+00 5.992832e-01
2682 3.232842e+00 6.048032e-01
2683 3.233899e+00 6.034735e-01
2684 3.260398e+00 5.799392e-01
2685 3.252051e+00 5.957615e-01
2686 3.259551e+00 5.697760e-01
2687 3.266056e+00 6.176972e-01
2688 3.272890e+00 5.649577e-01
2689 3.238783e+00 5.881987e-01
2690 3.255075e+00 5.618509e-01
2691 3.257255e+00 5.587560e-01
2692 3.255895e+00 5.580830e-01
2693 3.301336e+00 5.160089e-01
2694 3.299632e+00 5.053854e-01
2695 3.315488e+00 5.281169e-01
2696 3.314869e+00 5.286766e-01
2697 3.314628e+00 5.256760e-01
2698 3.303346e+00 5.287217e-01
2699 3.306690e+00 5.283516e-01
2700 3.297104e+00 5.520191e-01
2701 3.294853e+00 5.514879e-01
2702 3.295502e+00 5.509979e-01
2703 3.336604e+00 5.221868e-01
2704 3.333976e+00 5.077997e-01
2705 3.331605e+00 5.313788e-01
2706 3.324900e+00 5.305119e-01
2707 3.316128e+00 5.364442e-01
2708 3.287491e+00 5.218782e-01
2709 3.278999e+00 5.180454e-01
2710 3.220389e+00 5.165126e-01
2711 3.224522e+00 5.177624e-01
2712 3.226996e+00 5.063125e-01
2713 3.231959e+00 5.258664e-01
2714 3.234126e+00 5.234902e-01
2715 3.238938e+00 5.290089e-01
2716 3.290690e+00 5.336517e-01
2717 3.287367e+00 5.452884e-01
2718 3.291317e+00 5.243075e-01
2719 3.281889e+00 5.142877e-01
2720 3.280086e+00 4.846594e-01
2721 3.202842e+00 5.501738e-01
2722 3.202798e+00 5.499498e-01
2723 3.192501e+00 5.510969e-01
2724 3.163353e+00 5.568917e-01
2725 3.149802e+00 5.542465e-01
2726 3.150501e+00 5.546393e-01
2727 3.180717e+00 4.782487e-01
2728 3.232329e+00 4.654774e-01
2729 3.239472e+00 4.239154e-01
2730 3.338632e+00 4.214014e-01
2731 3.341304e+00 4.191811e-01
2732 3.382128e+00 4.123585e-01
2733 3.390635e+00 3.256207e-01
2734 3.390589e+00 3.256016e-01
2735 3.399607e+00 3.454968e-01
2736 3.393797e+00 3.456735e-01
2737 3.360110e+00 3.202940e-01
2738 3.347569e+00 3.225706e-01
2739 3.345289e+00 3.320734e-01
2740 3.343529e+00 3.180355e-01
2741 3.346335e+00 3.306662e-01
2742 3.366044e+00 3.258675e-01
2743 3.371267e+00 3.252338e-01
2744 3.381803e+00 3.316718e-01
2745 3.382265e+00 3.330957e-01
2746 3.363790e+00 3.467338e-01
2747 3.363269e+00 3.623403e-01
2748 3.362896e+00 3.670439e-01
2749 3.396726e+00 4.000823e-01
2750 3.391891e+00 4.146750e-01
2751 3.380766e+00 4.067315e-01
2752 3.381043e+00 4.069145e-01
2753 3.396358e+00 4.302622e-01
2754 3.356864e+00 4.212192e-01
2755 3.339623e+00 4.129616e-01
2756 3.339933e+00 4.161516e-01
2757 3.397550e+00 3.917290e-01
2758 3.372096e+00 3.879716e-01
2759 3.386084e+00 4.009587e-01
2760 3.386263e+00 4.007858e-01
2761 3.360525e+00 4.014577e-01
2762 3.354773e+00 3.710021e-01
2763 3.358456e+00 3.700439e-01
2764 3.352891e+00 3.626853e-01
2765 3.354857e+00 3.856253e-01
2766 3.348321e+00 3.934841e-01
2767 3.348493e+00 3.929258e-01
2768 3.273001e+00 3.650270e-01
2769 3.295238e+00 3.452769e-01
2770 3.291844e+00 3.474647e-01
2771 3.321092e+00 3.705524e-01
2772 3.302203e+00 3.860325e-01
2773 3.292061e+00 3.822550e-01
2774 3.303636e+00 3.791372e-01
2775 3.292766e+00 3.529355e-01
2776 3.307555e+00 3.778851e-01
2777 3.320605e+00 3.962350e-01
2778 3.328096e+00 3.842862e-01
2779 3.327840e+00 3.913655e-01
2780 3.303296e+00 4.153982e-01
2781 3.283074e+00 4.205135e-01
2782 3.293294e+00 4.239242e-01
2783 3.301484e+00 4.127036e-01
2784 3.295839e+00 4.076584e-01
2785 3.266125e+00 3.886655e-01
2786 3.249790e+00 2.870981e-01
2787 3.262956e+00 2.833643e-01
2788 3.257918e+00 2.607180e-01
2789 3.248435e+00 2.599495e-01
2790 3.246660e+00 2.506935e-01
2791 3.259289e+00 2.313292e-01
2792 3.260974e+00 2.317014e-01
2793 3.264937e+00 2.226086e-01
2794 3.235022e+00 1.847019e-01
2795 3.238934e+00 1.554703e-01
2796 3.232570e+00 1.441623e-01
2797 3.236803e+00 1.447728e-01
2798 3.292527e+00 1.491720e-01
2799 3.283787e+00 1.542999e-01
2800 3.279894e+00 1.626662e-01
2801 3.286583e+00 1.752988e-01
2802 3.271879e+00 1.723527e-01
2803 3.272425e+00 1.724363e-01
2804 3.260007e+00 1.900044e-01
2805 3.225506e+00 1.088181e-01
2806 3.232576e+00 1.075949e-01
2807 3.206935e+00 7.889317e-02
2808 3.236735e+00 8.483711e-02
2809 3.236889e+00 8.479615e-02
2810 3.240451e+00 8.328372e-02
2811 3.241865e+00 8.208687e-02
2812 3.219858e+00 1.028293e-01
2813 3.217017e+00 1.027197e-01
2814 3.217728e+00 1.017655e-01
2815 3.235608e+00 7.023560e-02
2816 3.256815e+00 6.405061e-02
2817 3.275253e+00 5.840073e-02
2818 3.286060e+00 5.475937e-02
2819 3.285930e+00 5.486292e-02
2820 3.290975e+00 5.518179e-02
2821 3.280795e+00 4.519361e-02
2822 3.275961e+00 4.376148e-02
2823 3.280281e+00 4.785844e-02
2824 3.284247e+00 4.594301e-02
2825 3.305236e+00 4.748040e-02
2826 3.311782e+00 4.603213e-02
2827 3.333388e+00 8.093026e-02
2828 3.293820e+00 1.207897e-01
2829 3.314959e+00 1.110239e-01
2830 3.293893e+00 1.057793e-01
2831 3.273248e+00 1.268230e-01
2832 3.276341e+00 1.160658e-01
2833 3.274740e+00 9.449797e-02
2834 3.264560e+00 6.365905e-02
2835 3.273710e+00 6.039269e-02
2836 3.312913e+00 3.271714e-02
2837 3.309571e+00 3.008999e-02
2838 3.342239e+00 3.302256e-03
2839 3.343903e+00 1.883522e-03
2840 3.329409e+00 -4.430641e-03
