0 3.855453e+00 1.103760e+00
1 3.773960e+00 1.088993e+00
2 3.719549e+00 1.102233e+00
3 3.697070e+00 1.117752e+00
4 3.698334e+00 1.114636e+00
5 3.685933e+00 1.140395e+00
6 3.687817e+00 1.139003e+00
7 3.680233e+00 1.137103e+00
8 3.718139e+00 1.158074e+00
9 3.720239e+00 1.158409e+00
10 3.708748e+00 1.153968e+00
11 3.773824e+00 1.186542e+00
12 3.721157e+00 1.221079e+00
13 3.670889e+00 1.193485e+00
14 3.622920e+00 1.185709e+00
15 3.617591e+00 1.177999e+00
16 3.603777e+00 1.165048e+00
17 3.651755e+00 1.127447e+00
18 3.625764e+00 1.129534e+00
19 3.627058e+00 1.129163e+00
20 3.626653e+00 1.154421e+00
21 3.623030e+00 1.159009e+00
22 3.476936e+00 1.193526e+00
23 3.473843e+00 1.174535e+00
24 3.474989e+00 1.173273e+00
25 3.472538e+00 1.167374e+00
26 3.464097e+00 1.133725e+00
27 3.444258e+00 1.148911e+00
28 3.393552e+00 1.112717e+00
29 3.387441e+00 1.110906e+00
30 3.386205e+00 1.110383e+00
31 3.387087e+00 1.106611e+00
32 3.385276e+00 1.108730e+00
33 3.378651e+00 1.110987e+00
34 3.399023e+00 1.134132e+00
35 3.347284e+00 1.085447e+00
36 3.390047e+00 1.124179e+00
37 3.392139e+00 1.153624e+00
38 3.401389e+00 1.126249e+00
39 3.468261e+00 1.122113e+00
40 3.491869e+00 1.046307e+00
41 3.456449e+00 1.028089e+00
42 3.489777e+00 1.060444e+00
43 3.504420e+00 1.103495e+00
44 3.511241e+00 1.106662e+00
45 3.484990e+00 1.084604e+00
46 3.457980e+00 1.108268e+00
47 3.462215e+00 1.094929e+00
48 3.478178e+00 1.064663e+00
49 3.476205e+00 1.067241e+00
50 3.471522e+00 1.086292e+00
51 3.472320e+00 1.086894e+00
52 3.463562e+00 1.088139e+00
53 3.470686e+00 1.087179e+00
54 3.468944e+00 1.089486e+00
55 3.479054e+00 1.066365e+00
56 3.471783e+00 1.075350e+00
57 3.463398e+00 1.048490e+00
58 3.453662e+00 1.045486e+00
59 3.461113e+00 1.045157e+00
60 3.454495e+00 1.056627e+00
61 3.425324e+00 9.615249e-01
62 3.425217e+00 9.674493e-01
63 3.443146e+00 9.657894e-01
64 3.411381e+00 9.668358e-01
65 3.438252e+00 9.618694e-01
66 3.444660e+00 9.696124e-01
67 3.438977e+00 9.661588e-01
68 3.439148e+00 9.663255e-01
69 3.441262e+00 9.646527e-01
70 3.441314e+00 9.630699e-01
71 3.444264e+00 9.694663e-01
72 3.443558e+00 9.693177e-01
73 3.472494e+00 9.305498e-01
74 3.431833e+00 9.005409e-01
75 3.431201e+00 9.050389e-01
76 3.432674e+00 9.108583e-01
77 3.434544e+00 9.122169e-01
78 3.432007e+00 9.220860e-01
79 3.430293e+00 9.229362e-01
80 3.426849e+00 9.160203e-01
81 3.424990e+00 9.091072e-01
82 3.425253e+00 9.089320e-01
83 3.423877e+00 9.119484e-01
84 3.436783e+00 8.967688e-01
85 3.406415e+00 9.116823e-01
86 3.422258e+00 9.182949e-01
87 3.422068e+00 9.224035e-01
88 3.411144e+00 9.331189e-01
89 3.438036e+00 9.135865e-01
90 3.437442e+00 9.274914e-01
91 3.437396e+00 9.275820e-01
92 3.440299e+00 9.265116e-01
93 3.443206e+00 9.076807e-01
94 3.468317e+00 9.147324e-01
95 3.476919e+00 9.135128e-01
96 3.454519e+00 9.190625e-01
97 3.462880e+00 9.145090e-01
98 3.464329e+00 9.274839e-01
99 3.466507e+00 9.188036e-01
100 3.450696e+00 9.098205e-01
101 3.451451e+00 9.106490e-01
102 3.463162e+00 8.399949e-01
103 3.483228e+00 7.934005e-01
104 3.466650e+00 7.975172e-01
105 3.465179e+00 7.985040e-01
106 3.464917e+00 7.997201e-01
107 3.474845e+00 7.933798e-01
108 3.471302e+00 8.007735e-01
109 3.499128e+00 8.327494e-01
110 3.522154e+00 8.514157e-01
111 3.524357e+00 8.655698e-01
112 3.524784e+00 8.639950e-01
113 3.522729e+00 8.673736e-01
114 3.530490e+00 8.337798e-01
115 3.554328e+00 8.367403e-01
116 3.547643e+00 8.341607e-01
117 3.536617e+00 8.626607e-01
118 3.539603e+00 8.698882e-01
119 3.551234e+00 8.554102e-01
120 3.550746e+00 8.536958e-01
121 3.589400e+00 8.537711e-01
122 3.593651e+00 8.580970e-01
123 3.591792e+00 8.737148e-01
124 3.580880e+00 9.062397e-01
125 3.580351e+00 9.048326e-01
126 3.572934e+00 9.204070e-01
127 3.602281e+00 9.049365e-01
128 3.629110e+00 9.535689e-01
129 3.622308e+00 9.525462e-01
130 3.616581e+00 9.507682e-01
131 3.601790e+00 9.571639e-01
132 3.593515e+00 9.560708e-01
133 3.594789e+00 9.526035e-01
134 3.587212e+00 9.503303e-01
135 3.598335e+00 9.489586e-01
136 3.647974e+00 9.771301e-01
137 3.653821e+00 9.791407e-01
138 3.652683e+00 9.720398e-01
139 3.652720e+00 9.720390e-01
140 3.652073e+00 9.712086e-01
141 3.665501e+00 9.835070e-01
142 3.677609e+00 9.847971e-01
143 3.659590e+00 9.992897e-01
144 3.653222e+00 9.997804e-01
145 3.660529e+00 9.932936e-01
146 3.634700e+00 1.099972e+00
147 3.643248e+00 1.086923e+00
148 3.644953e+00 1.086618e+00
149 3.599285e+00 1.091290e+00
150 3.593117e+00 1.089822e+00
151 3.616164e+00 1.081599e+00
152 3.613564e+00 1.073532e+00
153 3.631378e+00 1.091610e+00
154 3.631774e+00 1.089238e+00
155 3.631865e+00 1.101704e+00
156 3.659219e+00 1.109527e+00
157 3.661644e+00 1.128678e+00
158 3.671121e+00 1.117065e+00
159 3.668912e+00 1.118595e+00
160 3.655896e+00 1.119059e+00
161 3.652694e+00 1.110403e+00
162 3.652317e+00 1.106006e+00
163 3.683760e+00 1.106782e+00
164 3.683663e+00 1.108261e+00
165 3.687225e+00 1.102039e+00
166 3.673331e+00 1.094739e+00
167 3.722316e+00 1.090040e+00
168 3.724032e+00 1.078916e+00
169 3.722486e+00 1.071728e+00
170 3.734742e+00 1.066863e+00
171 3.736100e+00 1.063061e+00
172 3.735235e+00 1.071570e+00
173 3.732861e+00 1.073810e+00
174 3.730477e+00 1.057814e+00
175 3.760457e+00 1.062446e+00
176 3.758564e+00 1.064130e+00
177 3.752169e+00 1.053128e+00
178 3.771203e+00 1.046440e+00
179 3.767979e+00 1.054682e+00
180 3.795048e+00 1.037207e+00
181 3.793854e+00 1.067621e+00
182 3.790585e+00 1.069226e+00
183 3.787897e+00 1.074571e+00
184 3.806343e+00 1.070411e+00
185 3.815984e+00 1.011464e+00
186 3.798204e+00 1.013738e+00
187 3.781968e+00 1.016505e+00
188 3.784487e+00 1.006318e+00
189 3.784488e+00 1.001268e+00
190 3.792162e+00 1.016310e+00
191 3.799865e+00 1.013397e+00
192 3.804345e+00 1.013946e+00
193 3.775366e+00 1.001995e+00
194 3.767766e+00 1.013194e+00
195 3.773604e+00 1.014846e+00
196 3.770734e+00 1.007188e+00
197 3.768746e+00 1.007043e+00
198 3.737454e+00 9.763712e-01
199 3.732659e+00 9.786454e-01
200 3.729981e+00 9.766635e-01
201 3.704959e+00 9.728543e-01
202 3.712651e+00 9.626078e-01
203 3.711646e+00 9.639957e-01
204 3.678175e+00 9.751796e-01
205 3.696216e+00 9.830269e-01
206 3.727150e+00 9.751471e-01
207 3.728680e+00 9.536736e-01
208 3.726740e+00 9.646416e-01
209 3.711951e+00 9.930562e-01
210 3.748705e+00 9.882720e-01
211 3.749544e+00 9.648569e-01
212 3.756488e+00 9.638792e-01
213 3.776827e+00 9.138416e-01
214 3.778252e+00 9.211732e-01
215 3.754000e+00 9.248177e-01
216 3.751189e+00 9.373691e-01
217 3.791037e+00 9.480925e-01
218 3.786777e+00 9.051985e-01
219 3.784391e+00 9.065366e-01
220 3.784097e+00 9.063476e-01
221 3.790534e+00 9.311312e-01
222 3.796702e+00 9.377164e-01
223 3.797165e+00 9.337308e-01
224 3.845598e+00 9.437685e-01
225 3.845102e+00 9.499637e-01
226 3.838171e+00 9.521206e-01
227 3.844459e+00 9.849303e-01
228 3.852364e+00 9.631433e-01
229 3.859503e+00 9.674273e-01
230 3.849637e+00 9.809179e-01
231 3.849393e+00 9.808534e-01
232 3.834123e+00 9.976749e-01
233 3.835247e+00 9.992495e-01
234 3.837373e+00 9.991135e-01
235 3.841424e+00 9.992048e-01
236 3.846189e+00 1.024673e+00
237 3.844714e+00 1.060905e+00
238 3.847756e+00 1.067515e+00
239 3.847047e+00 1.066107e+00
240 3.844415e+00 1.117371e+00
241 3.844293e+00 1.113560e+00
242 3.852286e+00 1.116011e+00
243 3.825346e+00 1.115895e+00
244 3.825488e+00 1.117775e+00
245 3.835494e+00 1.110935e+00
246 3.835873e+00 1.111251e+00
247 3.851883e+00 1.112984e+00
248 3.864559e+00 1.080854e+00
249 3.873474e+00 1.085837e+00
250 3.875854e+00 1.087209e+00
251 3.827693e+00 1.065844e+00
252 3.784408e+00 9.972426e-01
253 3.762847e+00 1.011181e+00
254 3.764781e+00 1.002137e+00
255 3.775823e+00 9.830378e-01
256 3.775889e+00 9.824369e-01
257 3.776612e+00 9.822572e-01
258 3.749842e+00 9.733078e-01
259 3.747730e+00 9.715323e-01
260 3.723721e+00 9.786395e-01
261 3.722430e+00 9.781507e-01
262 3.722676e+00 9.944688e-01
263 3.722687e+00 9.837577e-01
264 3.731832e+00 9.789081e-01
265 3.725761e+00 9.824277e-01
266 3.694025e+00 9.975408e-01
267 3.678916e+00 1.017502e+00
268 3.683558e+00 1.036568e+00
269 3.673103e+00 1.051473e+00
270 3.671026e+00 1.050498e+00
271 3.654058e+00 1.060448e+00
272 3.660702e+00 1.063916e+00
273 3.662288e+00 1.068303e+00
274 3.659829e+00 1.104052e+00
275 3.653599e+00 1.151273e+00
276 3.678982e+00 1.169518e+00
277 3.683343e+00 1.155867e+00
278 3.700311e+00 1.188536e+00
279 3.689264e+00 1.196631e+00
280 3.671398e+00 1.198880e+00
281 3.680260e+00 1.183761e+00
282 3.685060e+00 1.195269e+00
283 3.644895e+00 1.229704e+00
284 3.620143e+00 1.282137e+00
285 3.614274e+00 1.282428e+00
286 3.586049e+00 1.283579e+00
287 3.595103e+00 1.288498e+00
288 3.693941e+00 1.214727e+00
289 3.706134e+00 1.229326e+00
290 3.697631e+00 1.209449e+00
291 3.696310e+00 1.230441e+00
292 3.668783e+00 1.253388e+00
293 3.668736e+00 1.243886e+00
294 3.669912e+00 1.239697e+00
295 3.649332e+00 1.237157e+00
296 3.644839e+00 1.214533e+00
297 3.652003e+00 1.221686e+00
298 3.655743e+00 1.221560e+00
299 3.645321e+00 1.247229e+00
300 3.642630e+00 1.193046e+00
301 3.629377e+00 1.168591e+00
302 3.629319e+00 1.179392e+00
303 3.619613e+00 1.172756e+00
304 3.619791e+00 1.170774e+00
305 3.619736e+00 1.159117e+00
306 3.617474e+00 1.160003e+00
307 3.618714e+00 1.158731e+00
308 3.613026e+00 1.159799e+00
309 3.597838e+00 1.164123e+00
310 3.590097e+00 1.153826e+00
311 3.595132e+00 1.148219e+00
312 3.593512e+00 1.141842e+00
313 3.646059e+00 1.140515e+00
314 3.667926e+00 1.168612e+00
315 3.641176e+00 1.154684e+00
316 3.645009e+00 1.174497e+00
317 3.643878e+00 1.170996e+00
318 3.643795e+00 1.171618e+00
319 3.664502e+00 1.165419e+00
320 3.661869e+00 1.179328e+00
321 3.666517e+00 1.184043e+00
322 3.666636e+00 1.183827e+00
323 3.671861e+00 1.182771e+00
324 3.638664e+00 1.176598e+00
325 3.637986e+00 1.175974e+00
326 3.647524e+00 1.166043e+00
327 3.643200e+00 1.168263e+00
328 3.624679e+00 1.151688e+00
329 3.629063e+00 1.159083e+00
330 3.616584e+00 1.118442e+00
331 3.615165e+00 1.118642e+00
332 3.616408e+00 1.120491e+00
333 3.575396e+00 1.161440e+00
334 3.578173e+00 1.141269e+00
335 3.558559e+00 1.149284e+00
336 3.555783e+00 1.149272e+00
337 3.560217e+00 1.147487e+00
338 3.521256e+00 1.108489e+00
339 3.539055e+00 1.124496e+00
340 3.546088e+00 1.135598e+00
341 3.551493e+00 1.134578e+00
342 3.537013e+00 1.136777e+00
343 3.529328e+00 1.125092e+00
344 3.527644e+00 1.128699e+00
345 3.528844e+00 1.140364e+00
346 3.542410e+00 1.146194e+00
347 3.541681e+00 1.146008e+00
348 3.545325e+00 1.133727e+00
349 3.540668e+00 1.138696e+00
350 3.532102e+00 1.146550e+00
351 3.534176e+00 1.150798e+00
352 3.544403e+00 1.147113e+00
353 3.550465e+00 1.141488e+00
354 3.545495e+00 1.140627e+00
355 3.535852e+00 1.154560e+00
356 3.534367e+00 1.154704e+00
357 3.550344e+00 1.121553e+00
358 3.545102e+00 1.123813e+00
359 3.484673e+00 1.130953e+00
360 3.487468e+00 1.129793e+00
361 3.494010e+00 1.120920e+00
362 3.455329e+00 1.131183e+00
363 3.455000e+00 1.102795e+00
364 3.438996e+00 1.112822e+00
365 3.435734e+00 1.111797e+00
366 3.437250e+00 1.109037e+00
367 3.429051e+00 1.094799e+00
368 3.421773e+00 1.034214e+00
369 3.418290e+00 1.028747e+00
370 3.427640e+00 1.011857e+00
371 3.441361e+00 1.010749e+00
372 3.434157e+00 1.009602e+00
373 3.433752e+00 1.014880e+00
374 3.472049e+00 1.042648e+00
375 3.451069e+00 1.047962e+00
376 3.448575e+00 1.038012e+00
377 3.441900e+00 1.027741e+00
378 3.451705e+00 1.019214e+00
379 3.454020e+00 1.021643e+00
380 3.502099e+00 1.017541e+00
381 3.505112e+00 1.024540e+00
382 3.505872e+00 1.026847e+00
383 3.509004e+00 9.834524e-01
384 3.502114e+00 9.936634e-01
385 3.504009e+00 9.939611e-01
386 3.504284e+00 9.916452e-01
387 3.511104e+00 9.973320e-01
388 3.499372e+00 1.017702e+00
389 3.479560e+00 1.014430e+00
390 3.448505e+00 1.031131e+00
391 3.444282e+00 1.003048e+00
392 3.446205e+00 9.905518e-01
393 3.436334e+00 9.892789e-01
394 3.475946e+00 9.902865e-01
395 3.483428e+00 1.005132e+00
396 3.501969e+00 9.941138e-01
397 3.442088e+00 9.527318e-01
398 3.442063e+00 9.844900e-01
399 3.430675e+00 9.697010e-01
400 3.394858e+00 9.616766e-01
401 3.392988e+00 9.651505e-01
402 3.402892e+00 9.689792e-01
403 3.404866e+00 9.698918e-01
404 3.384650e+00 9.913377e-01
405 3.401857e+00 9.927984e-01
406 3.399502e+00 9.928711e-01
407 3.413977e+00 1.006047e+00
408 3.407739e+00 1.023910e+00
409 3.404133e+00 1.022901e+00
410 3.396189e+00 1.025438e+00
411 3.393007e+00 1.022230e+00
412 3.398557e+00 1.036339e+00
413 3.392945e+00 1.024524e+00
414 3.371268e+00 1.082862e+00
415 3.364775e+00 1.130995e+00
416 3.376492e+00 1.112892e+00
417 3.389670e+00 1.125776e+00
418 3.403305e+00 1.140529e+00
419 3.400092e+00 1.137055e+00
420 3.397012e+00 1.133125e+00
421 3.392077e+00 1.133895e+00
422 3.419848e+00 1.118124e+00
423 3.422392e+00 1.118864e+00
424 3.418967e+00 1.117915e+00
425 3.410234e+00 1.126562e+00
426 3.441268e+00 1.152615e+00
427 3.441306e+00 1.152636e+00
428 3.424236e+00 1.138339e+00
429 3.436966e+00 1.124189e+00
430 3.438014e+00 1.128505e+00
431 3.438202e+00 1.127141e+00
432 3.438792e+00 1.146786e+00
433 3.436347e+00 1.155768e+00
434 3.418829e+00 1.149272e+00
435 3.420237e+00 1.156058e+00
436 3.426260e+00 1.160306e+00
437 3.468419e+00 1.107258e+00
438 3.466152e+00 1.107782e+00
439 3.458486e+00 1.103704e+00
440 3.462197e+00 1.119060e+00
441 3.443774e+00 1.181998e+00
442 3.446399e+00 1.176756e+00
443 3.454969e+00 1.175613e+00
444 3.409821e+00 1.181174e+00
445 3.463858e+00 1.175893e+00
446 3.467798e+00 1.170424e+00
447 3.426863e+00 1.229606e+00
448 3.411743e+00 1.234073e+00
449 3.412542e+00 1.238015e+00
450 3.417787e+00 1.246155e+00
451 3.416781e+00 1.238203e+00
452 3.416857e+00 1.233691e+00
453 3.400630e+00 1.282241e+00
454 3.396138e+00 1.279911e+00
455 3.396024e+00 1.289734e+00
456 3.399873e+00 1.274785e+00
457 3.349148e+00 1.246291e+00
458 3.356430e+00 1.247706e+00
459 3.352512e+00 1.250144e+00
460 3.346865e+00 1.262708e+00
461 3.322642e+00 1.258672e+00
462 3.318966e+00 1.232122e+00
463 3.329005e+00 1.241306e+00
464 3.326601e+00 1.246924e+00
465 3.324772e+00 1.247111e+00
466 3.320160e+00 1.256280e+00
467 3.319200e+00 1.256385e+00
468 3.335251e+00 1.269076e+00
469 3.344248e+00 1.248057e+00
470 3.345049e+00 1.249609e+00
471 3.358356e+00 1.259587e+00
472 3.360912e+00 1.264937e+00
473 3.355281e+00 1.254320e+00
474 3.362270e+00 1.246428e+00
475 3.361757e+00 1.248488e+00
476 3.364581e+00 1.249720e+00
477 3.388969e+00 1.207431e+00
478 3.392519e+00 1.211633e+00
479 3.391714e+00 1.211815e+00
480 3.392678e+00 1.210487e+00
481 3.377040e+00 1.197481e+00
482 3.411017e+00 1.196988e+00
483 3.404054e+00 1.146164e+00
484 3.401500e+00 1.157991e+00
485 3.443938e+00 1.184225e+00
486 3.438822e+00 1.212748e+00
487 3.414864e+00 1.226296e+00
488 3.414996e+00 1.235983e+00
489 3.395118e+00 1.220052e+00
490 3.422307e+00 1.285035e+00
491 3.412972e+00 1.297241e+00
492 3.409213e+00 1.306529e+00
493 3.395969e+00 1.275004e+00
494 3.390362e+00 1.280936e+00
495 3.368158e+00 1.326431e+00
496 3.365284e+00 1.327691e+00
497 3.335219e+00 1.382602e+00
498 3.345228e+00 1.372497e+00
499 3.343562e+00 1.380632e+00
500 3.332671e+00 1.384820e+00
501 3.340304e+00 1.384130e+00
502 3.380007e+00 1.371285e+00
503 3.379468e+00 1.368636e+00
504 3.379517e+00 1.366171e+00
505 3.379286e+00 1.373400e+00
506 3.387468e+00 1.376125e+00
507 3.381654e+00 1.374528e+00
508 3.389498e+00 1.374602e+00
509 3.396864e+00 1.355942e+00
510 3.349052e+00 1.355374e+00
511 3.405630e+00 1.341022e+00
512 3.398319e+00 1.336560e+00
513 3.403149e+00 1.332653e+00
514 3.402127e+00 1.338189e+00
515 3.401843e+00 1.329068e+00
516 3.403896e+00 1.328063e+00
517 3.407081e+00 1.335499e+00
518 3.420332e+00 1.339855e+00
519 3.419973e+00 1.339967e+00
520 3.425361e+00 1.346487e+00
521 3.429733e+00 1.337869e+00
522 3.445109e+00 1.353343e+00
523 3.464074e+00 1.403829e+00
524 3.477396e+00 1.427359e+00
525 3.482277e+00 1.401745e+00
526 3.482590e+00 1.472393e+00
527 3.478734e+00 1.439757e+00
528 3.481726e+00 1.437688e+00
529 3.489628e+00 1.432499e+00
530 3.490514e+00 1.447274e+00
531 3.500594e+00 1.426826e+00
532 3.491072e+00 1.401010e+00
533 3.485429e+00 1.401483e+00
534 3.483753e+00 1.405564e+00
535 3.487324e+00 1.403648e+00
536 3.484341e+00 1.386984e+00
537 3.499943e+00 1.413575e+00
538 3.499598e+00 1.413476e+00
539 3.481323e+00 1.400203e+00
540 3.489529e+00 1.412158e+00
541 3.523388e+00 1.366032e+00
542 3.519409e+00 1.369389e+00
543 3.513332e+00 1.392824e+00
544 3.513189e+00 1.392707e+00
545 3.515813e+00 1.410840e+00
546 3.515416e+00 1.427792e+00
547 3.515513e+00 1.430457e+00
548 3.505827e+00 1.432764e+00
549 3.505580e+00 1.434471e+00
550 3.507459e+00 1.448885e+00
551 3.510342e+00 1.447463e+00
552 3.510270e+00 1.446524e+00
553 3.507698e+00 1.450107e+00
554 3.502095e+00 1.429242e+00
555 3.501752e+00 1.429426e+00
556 3.510083e+00 1.417477e+00
557 3.514891e+00 1.428546e+00
558 3.518936e+00 1.489724e+00
559 3.525722e+00 1.463920e+00
560 3.526056e+00 1.479427e+00
561 3.513865e+00 1.495610e+00
562 3.513913e+00 1.496184e+00
563 3.515554e+00 1.485926e+00
564 3.516953e+00 1.487820e+00
565 3.494541e+00 1.461395e+00
566 3.492792e+00 1.478913e+00
567 3.492129e+00 1.478175e+00
568 3.497438e+00 1.458140e+00
569 3.499029e+00 1.458521e+00
570 3.482994e+00 1.456672e+00
571 3.460408e+00 1.467645e+00
572 3.442412e+00 1.478929e+00
573 3.468085e+00 1.478279e+00
574 3.464202e+00 1.458526e+00
575 3.447855e+00 1.453205e+00
576 3.460644e+00 1.452238e+00
577 3.495408e+00 1.422352e+00
578 3.509016e+00 1.449241e+00
579 3.514406e+00 1.439847e+00
580 3.517934e+00 1.440563e+00
581 3.512142e+00 1.429768e+00
582 3.515741e+00 1.426206e+00
583 3.522485e+00 1.437167e+00
584 3.558933e+00 1.498756e+00
585 3.578367e+00 1.521281e+00
586 3.541775e+00 1.506746e+00
587 3.593021e+00 1.545226e+00
588 3.607423e+00 1.547819e+00
589 3.607845e+00 1.548135e+00
590 3.554414e+00 1.562253e+00
591 3.539086e+00 1.524743e+00
592 3.546940e+00 1.529074e+00
593 3.516441e+00 1.525949e+00
594 3.528620e+00 1.523194e+00
595 3.537248e+00 1.547250e+00
596 3.542870e+00 1.560652e+00
597 3.535618e+00 1.565681e+00
598 3.536837e+00 1.563864e+00
599 3.507140e+00 1.584642e+00
600 3.502911e+00 1.584192e+00
601 3.503638e+00 1.592152e+00
602 3.497417e+00 1.554844e+00
603 3.486008e+00 1.547887e+00
604 3.487886e+00 1.550210e+00
605 3.487247e+00 1.550741e+00
606 3.475576e+00 1.551461e+00
607 3.478417e+00 1.601152e+00
608 3.511231e+00 1.581911e+00
609 3.521319e+00 1.583795e+00
610 3.524611e+00 1.582366e+00
611 3.517220e+00 1.601279e+00
612 3.514966e+00 1.597462e+00
613 3.525503e+00 1.590758e+00
614 3.514240e+00 1.595134e+00
615 3.488871e+00 1.586927e+00
616 3.486955e+00 1.587499e+00
617 3.480386e+00 1.599717e+00
618 3.482890e+00 1.574413e+00
619 3.481684e+00 1.574582e+00
620 3.479219e+00 1.566860e+00
621 3.479032e+00 1.566444e+00
622 3.502429e+00 1.565777e+00
623 3.502551e+00 1.568575e+00
624 3.508039e+00 1.620747e+00
625 3.511913e+00 1.616694e+00
626 3.488142e+00 1.604648e+00
627 3.483685e+00 1.591651e+00
628 3.484332e+00 1.591355e+00
629 3.514741e+00 1.607692e+00
630 3.540559e+00 1.587697e+00
631 3.564964e+00 1.558303e+00
632 3.519979e+00 1.562705e+00
633 3.514301e+00 1.573774e+00
634 3.499710e+00 1.607864e+00
635 3.534633e+00 1.600310e+00
636 3.537925e+00 1.598301e+00
637 3.536952e+00 1.598106e+00
638 3.536925e+00 1.598079e+00
639 3.531110e+00 1.622999e+00
640 3.550455e+00 1.616601e+00
641 3.549617e+00 1.609086e+00
642 3.557168e+00 1.606261e+00
643 3.571145e+00 1.602696e+00
644 3.575729e+00 1.604349e+00
645 3.528480e+00 1.593798e+00
646 3.525703e+00 1.587809e+00
647 3.549538e+00 1.614939e+00
648 3.552994e+00 1.610251e+00
649 3.567545e+00 1.588806e+00
650 3.587987e+00 1.541427e+00
651 3.589232e+00 1.539136e+00
652 3.590460e+00 1.539119e+00
653 3.561119e+00 1.560238e+00
654 3.575361e+00 1.547675e+00
655 3.578985e+00 1.548839e+00
656 3.603042e+00 1.569872e+00
657 3.601001e+00 1.566084e+00
658 3.598547e+00 1.583144e+00
659 3.621990e+00 1.560578e+00
660 3.625112e+00 1.564932e+00
661 3.626165e+00 1.572656e+00
662 3.664540e+00 1.610458e+00
663 3.641874e+00 1.622334e+00
664 3.641839e+00 1.621755e+00
665 3.649085e+00 1.595948e+00
666 3.663890e+00 1.587330e+00
667 3.663992e+00 1.586402e+00
668 3.624801e+00 1.600033e+00
669 3.628228e+00 1.580069e+00
670 3.643577e+00 1.588521e+00
671 3.623098e+00 1.652479e+00
672 3.619512e+00 1.652409e+00
673 3.616832e+00 1.668734e+00
674 3.611716e+00 1.720081e+00
675 3.612228e+00 1.720502e+00
676 3.592751e+00 1.709625e+00
677 3.595280e+00 1.714803e+00
678 3.603417e+00 1.697906e+00
679 3.595365e+00 1.700737e+00
680 3.590872e+00 1.705342e+00
681 3.593785e+00 1.729002e+00
682 3.604138e+00 1.696826e+00
683 3.590392e+00 1.688255e+00
684 3.583868e+00 1.717923e+00
685 3.573586e+00 1.695829e+00
686 3.573483e+00 1.695995e+00
687 3.574363e+00 1.695028e+00
688 3.565297e+00 1.711649e+00
689 3.551344e+00 1.729365e+00
690 3.532259e+00 1.718869e+00
691 3.536916e+00 1.718502e+00
692 3.530019e+00 1.723230e+00
693 3.535280e+00 1.718135e+00
694 3.504283e+00 1.746863e+00
695 3.504317e+00 1.753537e+00
696 3.445358e+00 1.763882e+00
697 3.446480e+00 1.763999e+00
698 3.523027e+00 1.738375e+00
699 3.522609e+00 1.729532e+00
700 3.523655e+00 1.727777e+00
701 3.554153e+00 1.747066e+00
702 3.554348e+00 1.747563e+00
703 3.572476e+00 1.760284e+00
704 3.547807e+00 1.744072e+00
705 3.544820e+00 1.738251e+00
706 3.547226e+00 1.738357e+00
707 3.549093e+00 1.737247e+00
708 3.543189e+00 1.733833e+00
709 3.545589e+00 1.731120e+00
710 3.559061e+00 1.728864e+00
711 3.531730e+00 1.715727e+00
712 3.501226e+00 1.689971e+00
713 3.501193e+00 1.684715e+00
714 3.511786e+00 1.671914e+00
715 3.510212e+00 1.667183e+00
716 3.479372e+00 1.668137e+00
717 3.481409e+00 1.654961e+00
718 3.481818e+00 1.657082e+00
719 3.479369e+00 1.683461e+00
720 3.459139e+00 1.676753e+00
721 3.462340e+00 1.689306e+00
722 3.469283e+00 1.678595e+00
723 3.489782e+00 1.651627e+00
724 3.486826e+00 1.652714e+00
725 3.501021e+00 1.647802e+00
726 3.513666e+00 1.690419e+00
727 3.509025e+00 1.692244e+00
728 3.517343e+00 1.688974e+00
729 3.517097e+00 1.689003e+00
730 3.521036e+00 1.700295e+00
731 3.519453e+00 1.697061e+00
732 3.520529e+00 1.697077e+00
733 3.584955e+00 1.714000e+00
734 3.584452e+00 1.716723e+00
735 3.558780e+00 1.721495e+00
736 3.572133e+00 1.695804e+00
737 3.571068e+00 1.696083e+00
738 3.604964e+00 1.683268e+00
739 3.542128e+00 1.719610e+00
740 3.548473e+00 1.714237e+00
741 3.506749e+00 1.689624e+00
742 3.508380e+00 1.684428e+00
743 3.490663e+00 1.685583e+00
744 3.491899e+00 1.680753e+00
745 3.491409e+00 1.677290e+00
746 3.492893e+00 1.675914e+00
747 3.493041e+00 1.676783e+00
748 3.490068e+00 1.661503e+00
749 3.493227e+00 1.658748e+00
750 3.497911e+00 1.626654e+00
751 3.493856e+00 1.626454e+00
752 3.491327e+00 1.623580e+00
753 3.488062e+00 1.650276e+00
754 3.533118e+00 1.645996e+00
755 3.534315e+00 1.646414e+00
756 3.548474e+00 1.629954e+00
757 3.575477e+00 1.619934e+00
758 3.563733e+00 1.610644e+00
759 3.551886e+00 1.610830e+00
760 3.547869e+00 1.604751e+00
761 3.547243e+00 1.629983e+00
762 3.545621e+00 1.628227e+00
763 3.545728e+00 1.628339e+00
764 3.528124e+00 1.639068e+00
765 3.542328e+00 1.644799e+00
766 3.510601e+00 1.643479e+00
767 3.514816e+00 1.655961e+00
768 3.513600e+00 1.654281e+00
769 3.500578e+00 1.603562e+00
770 3.475337e+00 1.620973e+00
771 3.480572e+00 1.612212e+00
772 3.460401e+00 1.600929e+00
773 3.468785e+00 1.606804e+00
774 3.464701e+00 1.608982e+00
775 3.433313e+00 1.565989e+00
776 3.443309e+00 1.570521e+00
777 3.451450e+00 1.582053e+00
778 3.424565e+00 1.593110e+00
779 3.427022e+00 1.601765e+00
780 3.437228e+00 1.604379e+00
781 3.431934e+00 1.602748e+00
782 3.427753e+00 1.599683e+00
783 3.424642e+00 1.589134e+00
784 3.436224e+00 1.588454e+00
785 3.428059e+00 1.589593e+00
786 3.409677e+00 1.586169e+00
787 3.406646e+00 1.591056e+00
788 3.422211e+00 1.590693e+00
789 3.427302e+00 1.586880e+00
790 3.456135e+00 1.613363e+00
791 3.461664e+00 1.614202e+00
792 3.483502e+00 1.566641e+00
793 3.480989e+00 1.558741e+00
794 3.434799e+00 1.564105e+00
795 3.428831e+00 1.568098e+00
796 3.444955e+00 1.572014e+00
797 3.488403e+00 1.555138e+00
798 3.539822e+00 1.546586e+00
799 3.539527e+00 1.547284e+00
800 3.557769e+00 1.518717e+00
801 3.556236e+00 1.521219e+00
802 3.553736e+00 1.522751e+00
803 3.565673e+00 1.534082e+00
804 3.581443e+00 1.537367e+00
805 3.582371e+00 1.537369e+00
806 3.573640e+00 1.530972e+00
807 3.574829e+00 1.527165e+00
808 3.587957e+00 1.536406e+00
809 3.577260e+00 1.535633e+00
810 3.607847e+00 1.534358e+00
811 3.608012e+00 1.533594e+00
812 3.606009e+00 1.531748e+00
813 3.606350e+00 1.546639e+00
814 3.662768e+00 1.500056e+00
815 3.664085e+00 1.503638e+00
816 3.669587e+00 1.519448e+00
817 3.759153e+00 1.581365e+00
818 3.761194e+00 1.578321e+00
819 3.748474e+00 1.614206e+00
820 3.753085e+00 1.616315e+00
821 3.752787e+00 1.616212e+00
822 3.762878e+00 1.621401e+00
823 3.761539e+00 1.618557e+00
824 3.829983e+00 1.612015e+00
825 3.819393e+00 1.614901e+00
826 3.811330e+00 1.611977e+00
827 3.824207e+00 1.580743e+00
828 3.821318e+00 1.579495e+00
829 3.802249e+00 1.568561e+00
830 3.803413e+00 1.569148e+00
831 3.797430e+00 1.563307e+00
832 3.797564e+00 1.568876e+00
833 3.783519e+00 1.556357e+00
834 3.784491e+00 1.556762e+00
835 3.783928e+00 1.530804e+00
836 3.784686e+00 1.532219e+00
837 3.792821e+00 1.534445e+00
838 3.819947e+00 1.565488e+00
839 3.823918e+00 1.567056e+00
840 3.832164e+00 1.552068e+00
841 3.860779e+00 1.529099e+00
842 3.855369e+00 1.537239e+00
843 3.848348e+00 1.535211e+00
844 3.848777e+00 1.535303e+00
845 3.847814e+00 1.538295e+00
846 3.849957e+00 1.536569e+00
847 3.852746e+00 1.543662e+00
848 3.853828e+00 1.542524e+00
849 3.851692e+00 1.545179e+00
850 3.827424e+00 1.508305e+00
851 3.821177e+00 1.522505e+00
852 3.788896e+00 1.501001e+00
853 3.795197e+00 1.482966e+00
854 3.833870e+00 1.545066e+00
855 3.820942e+00 1.556220e+00
856 3.821418e+00 1.556253e+00
857 3.788158e+00 1.511506e+00
858 3.789194e+00 1.508921e+00
859 3.822048e+00 1.541400e+00
860 3.861464e+00 1.493725e+00
861 3.896047e+00 1.493867e+00
862 3.921049e+00 1.511477e+00
863 3.920871e+00 1.511510e+00
864 3.931572e+00 1.461009e+00
865 3.936196e+00 1.459968e+00
866 3.961827e+00 1.498640e+00
867 3.963409e+00 1.476165e+00
868 3.980646e+00 1.477319e+00
869 3.978682e+00 1.472714e+00
870 3.959180e+00 1.467859e+00
871 3.958458e+00 1.475072e+00
872 3.896303e+00 1.446097e+00
873 3.863044e+00 1.512286e+00
874 3.851722e+00 1.539149e+00
875 3.857840e+00 1.546476e+00
876 3.913114e+00 1.485424e+00
877 3.978107e+00 1.477604e+00
878 3.977587e+00 1.476910e+00
879 3.976697e+00 1.475221e+00
880 3.977810e+00 1.470673e+00
881 3.964578e+00 1.483670e+00
882 3.969414e+00 1.472592e+00
883 3.931618e+00 1.392370e+00
884 3.988511e+00 1.401610e+00
885 3.987431e+00 1.402587e+00
886 3.999976e+00 1.437263e+00
887 4.000946e+00 1.432210e+00
888 4.003206e+00 1.447827e+00
889 4.001941e+00 1.449439e+00
890 4.006031e+00 1.457763e+00
891 3.999845e+00 1.468961e+00
892 3.998578e+00 1.466281e+00
893 3.979018e+00 1.456819e+00
894 4.011214e+00 1.474801e+00
895 4.013057e+00 1.430660e+00
896 4.009681e+00 1.423820e+00
897 4.036150e+00 1.420714e+00
898 4.041351e+00 1.423882e+00
899 4.075226e+00 1.443845e+00
900 4.059185e+00 1.452773e+00
901 4.061362e+00 1.451577e+00
902 4.081667e+00 1.444542e+00
903 4.079514e+00 1.444085e+00
904 4.079145e+00 1.446049e+00
905 4.071128e+00 1.454224e+00
906 4.063534e+00 1.427868e+00
907 4.084391e+00 1.453230e+00
908 4.080309e+00 1.452157e+00
909 4.112052e+00 1.428022e+00
910 4.148944e+00 1.420020e+00
911 4.148130e+00 1.419876e+00
912 4.149796e+00 1.541810e+00
913 4.138011e+00 1.575603e+00
914 4.136444e+00 1.581526e+00
915 4.146036e+00 1.585802e+00
916 4.130061e+00 1.561725e+00
917 4.131682e+00 1.557026e+00
918 4.134224e+00 1.561760e+00
919 4.138298e+00 1.559374e+00
920 4.150640e+00 1.546188e+00
921 4.125035e+00 1.585429e+00
922 4.108560e+00 1.568367e+00
923 4.088615e+00 1.550533e+00
924 4.078806e+00 1.539634e+00
925 4.067939e+00 1.537033e+00
926 4.069100e+00 1.536322e+00
927 4.072145e+00 1.545981e+00
928 4.077179e+00 1.544547e+00
929 4.073573e+00 1.523427e+00
930 4.094116e+00 1.519644e+00
931 4.101447e+00 1.522372e+00
932 4.115455e+00 1.541457e+00
933 4.099558e+00 1.572249e+00
934 4.097361e+00 1.581502e+00
935 4.144030e+00 1.612736e+00
936 4.149322e+00 1.619106e+00
937 4.153589e+00 1.618813e+00
938 4.149182e+00 1.619013e+00
939 4.158786e+00 1.633038e+00
940 4.144662e+00 1.642725e+00
941 4.120364e+00 1.622419e+00
942 4.105270e+00 1.601084e+00
943 4.128528e+00 1.591914e+00
944 4.127962e+00 1.590416e+00
945 4.127618e+00 1.586789e+00
946 4.112015e+00 1.592687e+00
947 4.126959e+00 1.626729e+00
948 4.128551e+00 1.611983e+00
949 4.067055e+00 1.595654e+00
950 4.063939e+00 1.594552e+00
951 4.073242e+00 1.646028e+00
952 4.073870e+00 1.637653e+00
953 4.086327e+00 1.638934e+00
954 4.085925e+00 1.638937e+00
955 4.067652e+00 1.625906e+00
956 4.058257e+00 1.633246e+00
957 4.058909e+00 1.608489e+00
958 4.009188e+00 1.497322e+00
959 4.020538e+00 1.484390e+00
960 4.020643e+00 1.484675e+00
961 4.021952e+00 1.503909e+00
962 4.172219e+00 1.537140e+00
963 4.173156e+00 1.546332e+00
964 4.219180e+00 1.583975e+00
965 4.217971e+00 1.584999e+00
966 4.217742e+00 1.584398e+00
967 4.215003e+00 1.587182e+00
968 4.171511e+00 1.647530e+00
969 4.166707e+00 1.644196e+00
970 4.166128e+00 1.649251e+00
971 4.192615e+00 1.706127e+00
972 4.193575e+00 1.706584e+00
973 4.178590e+00 1.704454e+00
974 4.233148e+00 1.698813e+00
975 4.235432e+00 1.699335e+00
976 4.230343e+00 1.696687e+00
977 4.216811e+00 1.711250e+00
978 4.209581e+00 1.710259e+00
979 4.208108e+00 1.705729e+00
980 4.214279e+00 1.706676e+00
981 4.209910e+00 1.707196e+00
982 4.210631e+00 1.705418e+00
983 4.203495e+00 1.681663e+00
984 4.203788e+00 1.689592e+00
985 4.203229e+00 1.688756e+00
986 4.205461e+00 1.689678e+00
987 4.207781e+00 1.684039e+00
988 4.213032e+00 1.692645e+00
989 4.206760e+00 1.675351e+00
990 4.205085e+00 1.681968e+00
991 4.250886e+00 1.653213e+00
992 4.236815e+00 1.652843e+00
993 4.223009e+00 1.671000e+00
994 4.224214e+00 1.722006e+00
995 4.153909e+00 1.750823e+00
996 4.158945e+00 1.746549e+00
997 4.200433e+00 1.762948e+00
998 4.214397e+00 1.786265e+00
999 4.212288e+00 1.790617e+00
1000 4.225207e+00 1.820534e+00
1001 4.223285e+00 1.821255e+00
1002 4.224868e+00 1.820612e+00
1003 4.225369e+00 1.823451e+00
1004 4.238568e+00 1.823808e+00
1005 4.243187e+00 1.823535e+00
1006 4.228134e+00 1.829554e+00
1007 4.233943e+00 1.787122e+00
1008 4.201712e+00 1.790639e+00
1009 4.216097e+00 1.781955e+00
1010 4.191120e+00 1.792940e+00
1011 4.189418e+00 1.793950e+00
1012 4.199925e+00 1.805493e+00
1013 4.185752e+00 1.795385e+00
1014 4.189427e+00 1.809226e+00
1015 4.185576e+00 1.812067e+00
1016 4.178177e+00 1.821613e+00
1017 4.209858e+00 1.790789e+00
1018 4.184555e+00 1.826795e+00
1019 4.172888e+00 1.831106e+00
1020 4.167836e+00 1.836060e+00
1021 4.162031e+00 1.818829e+00
1022 4.153540e+00 1.855007e+00
1023 4.153532e+00 1.854999e+00
1024 4.158552e+00 1.830893e+00
1025 4.156047e+00 1.823749e+00
1026 4.162909e+00 1.844957e+00
1027 4.227802e+00 1.868055e+00
1028 4.215486e+00 1.865684e+00
1029 4.196300e+00 1.855866e+00
1030 4.187514e+00 1.856304e+00
1031 4.193010e+00 1.855937e+00
1032 4.187968e+00 1.869848e+00
1033 4.201927e+00 1.905972e+00
1034 4.183991e+00 1.872079e+00
1035 4.193223e+00 1.884185e+00
1036 4.186718e+00 1.892302e+00
1037 4.182334e+00 1.874976e+00
1038 4.182042e+00 1.874389e+00
1039 4.187798e+00 1.877505e+00
1040 4.170813e+00 1.878292e+00
1041 4.170831e+00 1.878653e+00
1042 4.170092e+00 1.844515e+00
1043 4.167464e+00 1.838468e+00
1044 4.163960e+00 1.806872e+00
1045 4.212691e+00 1.772276e+00
1046 4.213104e+00 1.771696e+00
1047 4.226616e+00 1.779124e+00
1048 4.224608e+00 1.806450e+00
1049 4.208117e+00 1.828710e+00
1050 4.211079e+00 1.840523e+00
1051 4.186846e+00 1.893549e+00
1052 4.176999e+00 1.874546e+00
1053 4.171418e+00 1.875511e+00
1054 4.196306e+00 1.874010e+00
1055 4.187304e+00 1.853853e+00
1056 4.189021e+00 1.859173e+00
1057 4.192319e+00 1.858903e+00
1058 4.192096e+00 1.903886e+00
1059 4.147064e+00 1.879607e+00
1060 4.099983e+00 1.860937e+00
1061 4.027564e+00 1.854859e+00
1062 4.027351e+00 1.854986e+00
1063 4.010009e+00 1.876214e+00
1064 3.996387e+00 1.913089e+00
1065 3.996953e+00 1.907494e+00
1066 4.031144e+00 1.930908e+00
1067 4.046348e+00 1.878034e+00
1068 4.059261e+00 1.882910e+00
1069 4.057967e+00 1.884951e+00
1070 4.058484e+00 1.873589e+00
1071 4.057597e+00 1.911110e+00
1072 4.066987e+00 1.883957e+00
1073 4.078221e+00 1.850922e+00
1074 4.083748e+00 1.848999e+00
1075 4.084791e+00 1.849708e+00
1076 4.069668e+00 1.844761e+00
1077 4.057875e+00 1.833829e+00
1078 4.067984e+00 1.831212e+00
1079 4.068673e+00 1.833847e+00
1080 4.104577e+00 1.819884e+00
1081 4.105475e+00 1.814972e+00
1082 4.078042e+00 1.772472e+00
1083 4.089312e+00 1.785109e+00
1084 4.097021e+00 1.791099e+00
1085 4.106082e+00 1.777690e+00
1086 4.118801e+00 1.754420e+00
1087 4.115739e+00 1.749459e+00
1088 4.130298e+00 1.744398e+00
1089 4.118532e+00 1.739231e+00
1090 4.120397e+00 1.737803e+00
1091 4.087802e+00 1.756946e+00
1092 4.087608e+00 1.762449e+00
1093 4.091582e+00 1.765796e+00
1094 4.104527e+00 1.768721e+00
1095 4.077300e+00 1.782886e+00
1096 4.065558e+00 1.780813e+00
1097 4.060109e+00 1.782697e+00
1098 4.056240e+00 1.735018e+00
1099 4.051675e+00 1.741892e+00
1100 4.072191e+00 1.767676e+00
1101 4.057682e+00 1.782282e+00
1102 4.048855e+00 1.773145e+00
1103 4.014690e+00 1.748685e+00
1104 4.003087e+00 1.740844e+00
1105 4.001024e+00 1.755304e+00
1106 4.011602e+00 1.751967e+00
1107 4.007059e+00 1.756156e+00
1108 4.009100e+00 1.749509e+00
1109 4.008926e+00 1.749306e+00
1110 4.004853e+00 1.750981e+00
1111 4.011225e+00 1.758957e+00
1112 4.016825e+00 1.763565e+00
1113 4.041305e+00 1.782662e+00
1114 3.994022e+00 1.809508e+00
1115 4.012278e+00 1.803352e+00
1116 4.003635e+00 1.797520e+00
1117 4.003821e+00 1.794669e+00
1118 4.055079e+00 1.777695e+00
1119 4.058022e+00 1.770540e+00
1120 4.062720e+00 1.798474e+00
1121 4.068195e+00 1.809456e+00
1122 4.015499e+00 1.842343e+00
1123 4.031824e+00 1.834144e+00
1124 4.037924e+00 1.845851e+00
1125 4.067601e+00 1.790711e+00
1126 4.061656e+00 1.791100e+00
1127 3.980325e+00 1.783018e+00
1128 3.989841e+00 1.790758e+00
1129 3.993444e+00 1.806652e+00
1130 3.993224e+00 1.805169e+00
1131 4.006845e+00 1.796994e+00
1132 3.991852e+00 1.817153e+00
1133 3.991825e+00 1.817332e+00
1134 3.995251e+00 1.812274e+00
1135 3.987782e+00 1.829374e+00
1136 3.990032e+00 1.832485e+00
1137 3.939012e+00 1.842261e+00
1138 3.987466e+00 1.787630e+00
1139 3.986503e+00 1.786884e+00
1140 3.987973e+00 1.783732e+00
1141 3.988289e+00 1.784553e+00
1142 3.984290e+00 1.779979e+00
1143 3.981839e+00 1.778551e+00
1144 3.970360e+00 1.786354e+00
1145 3.990463e+00 1.785649e+00
1146 3.994944e+00 1.678027e+00
1147 4.019596e+00 1.662742e+00
1148 3.963277e+00 1.583091e+00
1149 3.961196e+00 1.582591e+00
1150 3.981005e+00 1.590731e+00
1151 3.986501e+00 1.593375e+00
1152 3.972364e+00 1.594541e+00
1153 3.976267e+00 1.594486e+00
1154 3.975892e+00 1.590956e+00
1155 3.975784e+00 1.590260e+00
1156 3.979759e+00 1.588188e+00
1157 4.006121e+00 1.629311e+00
1158 4.011628e+00 1.622430e+00
1159 4.017105e+00 1.617689e+00
1160 3.998847e+00 1.684175e+00
1161 3.984072e+00 1.706214e+00
1162 3.983140e+00 1.692063e+00
1163 3.968743e+00 1.698462e+00
1164 3.989737e+00 1.692626e+00
1165 3.993295e+00 1.686979e+00
1166 3.955610e+00 1.673805e+00
1167 3.953460e+00 1.671039e+00
1168 3.955539e+00 1.683386e+00
1169 3.939712e+00 1.682769e+00
1170 3.943279e+00 1.682565e+00
1171 3.931524e+00 1.676778e+00
1172 3.939215e+00 1.676589e+00
1173 3.954146e+00 1.632131e+00
1174 3.907308e+00 1.665157e+00
1175 3.902909e+00 1.682846e+00
1176 3.908185e+00 1.670856e+00
1177 3.903965e+00 1.669633e+00
1178 3.891046e+00 1.664801e+00
1179 3.890028e+00 1.698928e+00
1180 3.869024e+00 1.734052e+00
1181 3.851167e+00 1.754156e+00
1182 3.838867e+00 1.749943e+00
1183 3.829411e+00 1.766629e+00
1184 3.835241e+00 1.764386e+00
1185 3.842659e+00 1.760714e+00
1186 3.836581e+00 1.756666e+00
1187 3.843040e+00 1.814742e+00
1188 3.844852e+00 1.819539e+00
1189 3.828174e+00 1.771755e+00
1190 3.802530e+00 1.818636e+00
1191 3.786803e+00 1.815172e+00
1192 3.788867e+00 1.814962e+00
1193 3.788849e+00 1.818623e+00
1194 3.800265e+00 1.849854e+00
1195 3.799655e+00 1.832406e+00
1196 3.811573e+00 1.816825e+00
1197 3.828475e+00 1.788856e+00
1198 3.825255e+00 1.774421e+00
1199 3.824898e+00 1.780341e+00
1200 3.822518e+00 1.776813e+00
1201 3.829945e+00 1.797958e+00
1202 3.929374e+00 1.856943e+00
1203 3.902713e+00 1.854795e+00
1204 3.905199e+00 1.852742e+00
1205 3.886183e+00 1.857398e+00
1206 3.885764e+00 1.857822e+00
1207 3.897718e+00 1.859245e+00
1208 3.890654e+00 1.867414e+00
1209 3.889675e+00 1.880424e+00
1210 3.879638e+00 1.869035e+00
1211 3.875433e+00 1.868434e+00
1212 3.874113e+00 1.868744e+00
1213 3.914953e+00 1.883965e+00
1214 3.931585e+00 1.852814e+00
1215 3.934504e+00 1.852019e+00
1216 3.930882e+00 1.869135e+00
1217 3.954483e+00 1.888768e+00
1218 3.959934e+00 1.884958e+00
1219 3.935242e+00 1.890602e+00
1220 3.939823e+00 1.891158e+00
1221 3.928444e+00 1.895196e+00
1222 3.915838e+00 1.882929e+00
1223 3.911274e+00 1.903021e+00
1224 3.869867e+00 1.888815e+00
1225 3.846755e+00 1.875189e+00
1226 3.845307e+00 1.870941e+00
1227 3.846128e+00 1.870762e+00
1228 3.852412e+00 1.866078e+00
1229 3.895317e+00 1.822553e+00
1230 3.874203e+00 1.810248e+00
1231 3.891579e+00 1.798521e+00
1232 3.892853e+00 1.838172e+00
1233 3.891529e+00 1.832332e+00
1234 3.892625e+00 1.831171e+00
1235 3.898273e+00 1.831002e+00
1236 3.896504e+00 1.828651e+00
1237 3.953154e+00 1.859481e+00
1238 3.940850e+00 1.858428e+00
1239 3.940619e+00 1.849278e+00
1240 3.980854e+00 1.857231e+00
1241 3.980493e+00 1.859377e+00
1242 3.976158e+00 1.869788e+00
1243 3.978843e+00 1.870859e+00
1244 3.991067e+00 1.876974e+00
1245 3.993013e+00 1.877570e+00
1246 4.002071e+00 1.872744e+00
1247 3.982858e+00 1.866587e+00
1248 3.982835e+00 1.866524e+00
1249 3.979128e+00 1.840362e+00
1250 3.967042e+00 1.851083e+00
1251 3.990509e+00 1.865393e+00
1252 3.972414e+00 1.904805e+00
1253 3.913741e+00 1.954745e+00
1254 3.906173e+00 1.945099e+00
1255 3.919548e+00 1.957838e+00
1256 3.958769e+00 1.925777e+00
1257 3.953335e+00 1.922998e+00
1258 3.952739e+00 1.910954e+00
1259 3.953335e+00 1.911404e+00
1260 3.948627e+00 1.911681e+00
1261 3.926326e+00 1.907698e+00
1262 3.889590e+00 1.923370e+00
1263 3.887434e+00 1.931098e+00
1264 3.953949e+00 1.855156e+00
1265 3.938612e+00 1.854900e+00
1266 3.939891e+00 1.850152e+00
1267 3.948573e+00 1.856987e+00
1268 3.938994e+00 1.844581e+00
1269 3.940235e+00 1.846604e+00
1270 3.965195e+00 1.828816e+00
1271 3.973715e+00 1.835528e+00
1272 4.003585e+00 1.824926e+00
1273 4.004604e+00 1.822565e+00
1274 4.004710e+00 1.824131e+00
1275 4.004525e+00 1.798981e+00
1276 4.009419e+00 1.804910e+00
1277 4.000275e+00 1.792616e+00
1278 3.996400e+00 1.798190e+00
1279 4.010670e+00 1.794773e+00
1280 4.037298e+00 1.808570e+00
1281 4.066987e+00 1.812662e+00
1282 4.064300e+00 1.813389e+00
1283 4.059983e+00 1.795186e+00
1284 4.058269e+00 1.792635e+00
1285 4.058021e+00 1.793532e+00
1286 4.057049e+00 1.794180e+00
1287 4.057453e+00 1.785919e+00
1288 4.052644e+00 1.762012e+00
1289 4.037047e+00 1.746335e+00
1290 4.027360e+00 1.732800e+00
1291 4.052064e+00 1.716702e+00
1292 4.048691e+00 1.718658e+00
1293 4.043105e+00 1.689344e+00
1294 3.983310e+00 1.672102e+00
1295 3.984130e+00 1.684988e+00
1296 3.985982e+00 1.681635e+00
1297 3.977127e+00 1.686041e+00
1298 4.009926e+00 1.691640e+00
1299 4.013577e+00 1.687757e+00
1300 3.987585e+00 1.708329e+00
1301 3.987816e+00 1.704223e+00
1302 3.989183e+00 1.695413e+00
1303 3.993148e+00 1.698444e+00
1304 3.995550e+00 1.692199e+00
1305 4.010258e+00 1.683920e+00
1306 3.955584e+00 1.697356e+00
1307 3.971433e+00 1.696284e+00
1308 3.970732e+00 1.696148e+00
1309 3.951505e+00 1.690382e+00
1310 3.965621e+00 1.729517e+00
1311 3.962666e+00 1.728040e+00
1312 3.956414e+00 1.725391e+00
1313 3.939447e+00 1.715622e+00
1314 3.934314e+00 1.720882e+00
1315 3.867651e+00 1.743898e+00
1316 3.863660e+00 1.773084e+00
1317 3.864205e+00 1.770548e+00
1318 3.876723e+00 1.804231e+00
1319 3.873631e+00 1.804696e+00
1320 3.894499e+00 1.829182e+00
1321 3.923940e+00 1.873907e+00
1322 3.924617e+00 1.869805e+00
1323 3.944955e+00 1.868605e+00
1324 3.945644e+00 1.868280e+00
1325 3.919499e+00 1.909285e+00
1326 3.898674e+00 1.922365e+00
1327 3.901564e+00 1.923514e+00
1328 3.859097e+00 1.918318e+00
1329 3.864402e+00 1.930265e+00
1330 3.862297e+00 1.876794e+00
1331 3.873572e+00 1.870867e+00
1332 3.863116e+00 1.847959e+00
1333 3.856657e+00 1.839632e+00
1334 3.859766e+00 1.832655e+00
1335 3.890481e+00 1.846122e+00
1336 3.888946e+00 1.845341e+00
1337 3.862791e+00 1.861147e+00
1338 3.861926e+00 1.816193e+00
1339 3.867791e+00 1.813838e+00
1340 3.869236e+00 1.821558e+00
1341 3.856604e+00 1.816970e+00
1342 3.843221e+00 1.817526e+00
1343 3.856781e+00 1.772637e+00
1344 3.856863e+00 1.778356e+00
1345 3.870239e+00 1.765893e+00
1346 3.867365e+00 1.763977e+00
1347 3.864933e+00 1.758192e+00
1348 3.864738e+00 1.758440e+00
1349 3.862319e+00 1.755147e+00
1350 3.876922e+00 1.752782e+00
1351 3.897312e+00 1.815971e+00
1352 3.875158e+00 1.824716e+00
1353 3.867616e+00 1.797747e+00
1354 3.897453e+00 1.786384e+00
1355 3.898198e+00 1.787907e+00
1356 3.920757e+00 1.802902e+00
1357 3.928051e+00 1.810275e+00
1358 3.929617e+00 1.830669e+00
1359 3.936243e+00 1.855663e+00
1360 3.936318e+00 1.856663e+00
1361 3.938443e+00 1.856114e+00
1362 3.934897e+00 1.853173e+00
1363 3.904411e+00 1.866389e+00
1364 3.911314e+00 1.865567e+00
1365 3.911479e+00 1.863574e+00
1366 3.909572e+00 1.857792e+00
1367 3.913503e+00 1.852022e+00
1368 3.886475e+00 1.875433e+00
1369 3.894441e+00 1.884030e+00
1370 3.910440e+00 1.906921e+00
1371 3.940575e+00 1.906513e+00
1372 3.941249e+00 1.885450e+00
1373 3.940979e+00 1.885206e+00
1374 3.951345e+00 1.856397e+00
1375 3.999299e+00 1.789895e+00
1376 4.008260e+00 1.808207e+00
1377 4.049352e+00 1.819962e+00
1378 4.022919e+00 1.832159e+00
1379 4.024141e+00 1.834318e+00
1380 3.989116e+00 1.817328e+00
1381 3.988080e+00 1.818006e+00
1382 3.992452e+00 1.820060e+00
1383 3.997143e+00 1.811039e+00
1384 4.003256e+00 1.820914e+00
1385 4.003254e+00 1.820934e+00
1386 4.015145e+00 1.836260e+00
1387 4.018150e+00 1.839224e+00
1388 4.012509e+00 1.845836e+00
1389 4.018512e+00 1.819327e+00
1390 3.999469e+00 1.788986e+00
1391 4.000897e+00 1.791630e+00
1392 3.995854e+00 1.799570e+00
1393 3.977740e+00 1.829176e+00
1394 3.967369e+00 1.825616e+00
1395 3.963644e+00 1.843281e+00
1396 3.974631e+00 1.850418e+00
1397 3.982015e+00 1.845801e+00
1398 4.000061e+00 1.826673e+00
1399 3.999286e+00 1.831359e+00
1400 3.999284e+00 1.829674e+00
1401 3.992138e+00 1.836695e+00
1402 4.002103e+00 1.822904e+00
1403 3.997807e+00 1.821773e+00
1404 4.015845e+00 1.817169e+00
1405 4.052418e+00 1.829280e+00
1406 4.091505e+00 1.851128e+00
1407 4.091525e+00 1.850969e+00
1408 4.083450e+00 1.844852e+00
1409 4.094775e+00 1.836376e+00
1410 4.099125e+00 1.834296e+00
1411 4.097932e+00 1.847022e+00
1412 4.098384e+00 1.846223e+00
1413 4.108690e+00 1.856039e+00
1414 4.112605e+00 1.857760e+00
1415 4.116687e+00 1.845677e+00
1416 4.116438e+00 1.845886e+00
1417 4.148700e+00 1.817480e+00
1418 4.141260e+00 1.817625e+00
1419 4.141873e+00 1.818787e+00
1420 4.116292e+00 1.832054e+00
1421 4.087384e+00 1.860639e+00
1422 4.085431e+00 1.849071e+00
1423 4.061390e+00 1.830199e+00
1424 4.053023e+00 1.824532e+00
1425 4.018924e+00 1.835206e+00
1426 4.022958e+00 1.790952e+00
1427 4.013547e+00 1.792467e+00
1428 4.028228e+00 1.796537e+00
1429 4.021313e+00 1.781840e+00
1430 4.012912e+00 1.776104e+00
1431 4.029716e+00 1.759734e+00
1432 4.030287e+00 1.759621e+00
1433 4.027722e+00 1.756143e+00
1434 4.036733e+00 1.779073e+00
1435 4.053116e+00 1.768179e+00
1436 4.053175e+00 1.768139e+00
1437 4.053234e+00 1.768162e+00
1438 4.053932e+00 1.760537e+00
1439 4.050833e+00 1.753197e+00
1440 4.012259e+00 1.761082e+00
1441 4.012403e+00 1.763335e+00
1442 4.020110e+00 1.763120e+00
1443 4.004145e+00 1.759447e+00
1444 3.985907e+00 1.797970e+00
1445 3.984517e+00 1.798354e+00
1446 3.998713e+00 1.796521e+00
1447 4.001529e+00 1.795705e+00
1448 3.996702e+00 1.807421e+00
1449 3.953064e+00 1.805920e+00
1450 3.944898e+00 1.810220e+00
1451 3.898071e+00 1.820400e+00
1452 3.897308e+00 1.824115e+00
1453 3.901353e+00 1.822150e+00
1454 3.960479e+00 1.868275e+00
1455 3.960013e+00 1.863095e+00
1456 3.962430e+00 1.856410e+00
1457 3.961163e+00 1.857349e+00
1458 3.977287e+00 1.853769e+00
1459 3.979408e+00 1.849214e+00
1460 3.979578e+00 1.853279e+00
1461 3.969561e+00 1.840649e+00
1462 3.969574e+00 1.841298e+00
1463 3.972291e+00 1.833850e+00
1464 3.972632e+00 1.833182e+00
1465 3.964084e+00 1.825966e+00
1466 3.982256e+00 1.829860e+00
1467 3.969905e+00 1.816631e+00
1468 3.989728e+00 1.833878e+00
1469 3.984318e+00 1.835011e+00
1470 3.994956e+00 1.848146e+00
1471 3.993957e+00 1.850057e+00
1472 4.029649e+00 1.900266e+00
1473 4.022146e+00 1.907556e+00
1474 4.022791e+00 1.904939e+00
1475 4.007795e+00 1.902752e+00
1476 4.011145e+00 1.874674e+00
1477 4.031738e+00 1.875204e+00
1478 4.028076e+00 1.868144e+00
1479 4.014247e+00 1.861216e+00
1480 4.044470e+00 1.868172e+00
1481 4.055737e+00 1.873036e+00
1482 4.061895e+00 1.877947e+00
1483 4.046595e+00 1.921103e+00
1484 4.040627e+00 1.916939e+00
1485 4.035935e+00 1.926500e+00
1486 4.030156e+00 1.922267e+00
1487 4.052536e+00 1.920766e+00
1488 4.046637e+00 1.908919e+00
1489 4.048647e+00 1.907278e+00
1490 4.084327e+00 1.884387e+00
1491 4.099971e+00 1.863635e+00
1492 4.111600e+00 1.852544e+00
1493 4.117165e+00 1.833227e+00
1494 4.119641e+00 1.829551e+00
1495 4.151344e+00 1.842627e+00
1496 4.109412e+00 1.840640e+00
1497 4.098631e+00 1.867277e+00
1498 4.095237e+00 1.875330e+00
1499 4.102148e+00 1.872133e+00
1500 4.110434e+00 1.873600e+00
1501 4.110133e+00 1.867329e+00
1502 4.125998e+00 1.861644e+00
1503 4.126634e+00 1.859277e+00
1504 4.123826e+00 1.859922e+00
1505 4.134524e+00 1.852850e+00
1506 4.132829e+00 1.855231e+00
1507 4.146086e+00 1.813134e+00
1508 4.157364e+00 1.811750e+00
1509 4.175364e+00 1.780618e+00
1510 4.092401e+00 1.768671e+00
1511 4.092351e+00 1.768149e+00
1512 4.082056e+00 1.757149e+00
1513 4.088011e+00 1.747393e+00
1514 4.095947e+00 1.767223e+00
1515 4.097393e+00 1.737501e+00
1516 4.096255e+00 1.747050e+00
1517 4.042070e+00 1.778508e+00
1518 4.048153e+00 1.769420e+00
1519 4.050479e+00 1.767571e+00
1520 4.089845e+00 1.750130e+00
1521 4.104836e+00 1.776475e+00
1522 4.111176e+00 1.784574e+00
1523 4.147209e+00 1.786605e+00
1524 4.117373e+00 1.774154e+00
1525 4.117828e+00 1.779652e+00
1526 4.132254e+00 1.758469e+00
1527 4.140525e+00 1.755450e+00
1528 4.147812e+00 1.729730e+00
1529 4.131101e+00 1.707430e+00
1530 4.189096e+00 1.638788e+00
1531 4.169251e+00 1.645922e+00
1532 4.167078e+00 1.635618e+00
1533 4.169672e+00 1.654360e+00
1534 4.177861e+00 1.683808e+00
1535 4.169853e+00 1.680075e+00
1536 4.171061e+00 1.679047e+00
1537 4.170761e+00 1.654741e+00
1538 4.163635e+00 1.655514e+00
1539 4.161830e+00 1.676501e+00
1540 4.160524e+00 1.675496e+00
1541 4.160199e+00 1.676265e+00
1542 4.143401e+00 1.708545e+00
1543 4.178842e+00 1.676131e+00
1544 4.174765e+00 1.677802e+00
1545 4.179918e+00 1.678728e+00
1546 4.176891e+00 1.666609e+00
1547 4.172483e+00 1.665876e+00
1548 4.166100e+00 1.702445e+00
1549 4.158841e+00 1.706577e+00
1550 4.134754e+00 1.802766e+00
1551 4.137222e+00 1.813040e+00
1552 4.137016e+00 1.812522e+00
1553 4.144667e+00 1.822875e+00
1554 4.148097e+00 1.823324e+00
1555 4.156906e+00 1.825769e+00
1556 4.158281e+00 1.841668e+00
1557 4.166610e+00 1.849504e+00
1558 4.184365e+00 1.889479e+00
1559 4.184425e+00 1.861913e+00
1560 4.114304e+00 1.870043e+00
1561 4.122790e+00 1.875716e+00
1562 4.107533e+00 1.877801e+00
1563 4.116114e+00 1.913995e+00
1564 4.126362e+00 1.898235e+00
1565 4.122773e+00 1.893093e+00
1566 4.121113e+00 1.895115e+00
1567 4.123748e+00 1.887149e+00
1568 4.125982e+00 1.888224e+00
1569 4.110802e+00 1.896105e+00
1570 4.133733e+00 1.879298e+00
1571 4.131706e+00 1.873553e+00
1572 4.132279e+00 1.874451e+00
1573 4.135432e+00 1.880551e+00
1574 4.099240e+00 1.886107e+00
1575 4.058955e+00 1.825066e+00
1576 4.052603e+00 1.818212e+00
1577 4.031643e+00 1.798393e+00
1578 4.014113e+00 1.841474e+00
1579 4.052938e+00 1.853950e+00
1580 4.056801e+00 1.819582e+00
1581 4.053321e+00 1.819294e+00
1582 4.036739e+00 1.826305e+00
1583 4.021340e+00 1.849352e+00
1584 4.056851e+00 1.864828e+00
1585 4.061819e+00 1.857405e+00
1586 4.089424e+00 1.848414e+00
1587 4.087311e+00 1.841201e+00
1588 4.087077e+00 1.841736e+00
1589 4.088206e+00 1.839703e+00
1590 4.078799e+00 1.835912e+00
1591 4.078041e+00 1.828279e+00
1592 4.094836e+00 1.835907e+00
1593 4.088495e+00 1.825160e+00
1594 4.087664e+00 1.859335e+00
1595 4.087668e+00 1.859333e+00
1596 4.099264e+00 1.846320e+00
1597 4.101126e+00 1.844580e+00
1598 4.086235e+00 1.835155e+00
1599 4.087452e+00 1.831215e+00
1600 4.076984e+00 1.826064e+00
1601 4.074506e+00 1.824391e+00
1602 4.068043e+00 1.820275e+00
1603 4.062020e+00 1.818419e+00
1604 4.057817e+00 1.829002e+00
1605 4.072440e+00 1.796522e+00
1606 4.044857e+00 1.826586e+00
1607 4.071517e+00 1.822759e+00
1608 4.089213e+00 1.824400e+00
1609 4.086135e+00 1.825035e+00
1610 4.082256e+00 1.817477e+00
1611 4.088238e+00 1.810920e+00
1612 4.081403e+00 1.816781e+00
1613 4.079677e+00 1.776860e+00
1614 4.069796e+00 1.801879e+00
1615 4.077562e+00 1.799651e+00
1616 4.083942e+00 1.801909e+00
1617 4.088283e+00 1.802166e+00
1618 4.094052e+00 1.798664e+00
1619 4.071404e+00 1.762906e+00
1620 4.153460e+00 1.817195e+00
1621 4.098681e+00 1.843390e+00
1622 4.100323e+00 1.843252e+00
1623 4.094737e+00 1.857600e+00
1624 4.087391e+00 1.841851e+00
1625 4.096641e+00 1.853005e+00
1626 4.180103e+00 1.953238e+00
1627 4.175573e+00 1.959330e+00
1628 4.161007e+00 1.957751e+00
1629 4.162227e+00 1.956966e+00
1630 4.142635e+00 1.964532e+00
1631 4.146608e+00 1.954208e+00
1632 4.146982e+00 1.953709e+00
1633 4.150271e+00 1.948472e+00
1634 4.126742e+00 1.953607e+00
1635 4.153357e+00 1.952369e+00
1636 4.147510e+00 1.957249e+00
1637 4.156982e+00 1.948773e+00
1638 4.187488e+00 1.963577e+00
1639 4.179048e+00 1.973147e+00
1640 4.233846e+00 2.005327e+00
1641 4.232377e+00 2.003569e+00
1642 4.233616e+00 2.011227e+00
1643 4.236600e+00 2.037118e+00
1644 4.243507e+00 2.029965e+00
1645 4.248291e+00 2.034913e+00
1646 4.256728e+00 2.054491e+00
1647 4.265432e+00 2.046360e+00
1648 4.255995e+00 2.034455e+00
1649 4.317246e+00 2.056632e+00
1650 4.324056e+00 2.093166e+00
1651 4.320801e+00 2.087588e+00
1652 4.313637e+00 2.093798e+00
1653 4.311799e+00 2.096753e+00
1654 4.304257e+00 2.093374e+00
1655 4.293894e+00 2.093275e+00
1656 4.292190e+00 2.123477e+00
1657 4.265346e+00 2.118732e+00
1658 4.270472e+00 2.076316e+00
1659 4.270916e+00 2.077429e+00
1660 4.256384e+00 2.077402e+00
1661 4.301063e+00 2.121698e+00
1662 4.295641e+00 2.112358e+00
1663 4.313068e+00 2.116283e+00
1664 4.304711e+00 2.115443e+00
1665 4.296969e+00 2.096484e+00
1666 4.298069e+00 2.111180e+00
1667 4.299670e+00 2.121415e+00
1668 4.316190e+00 2.153173e+00
1669 4.336078e+00 2.161745e+00
1670 4.336630e+00 2.172156e+00
1671 4.280913e+00 2.162604e+00
1672 4.273001e+00 2.176731e+00
1673 4.277193e+00 2.177152e+00
1674 4.280717e+00 2.178881e+00
1675 4.322607e+00 2.169131e+00
1676 4.331471e+00 2.161398e+00
1677 4.385646e+00 2.176324e+00
1678 4.356874e+00 2.163423e+00
1679 4.356372e+00 2.175507e+00
1680 4.357842e+00 2.178675e+00
1681 4.359397e+00 2.183741e+00
1682 4.276708e+00 2.173293e+00
1683 4.282726e+00 2.172957e+00
1684 4.259849e+00 2.182457e+00
1685 4.249846e+00 2.228189e+00
1686 4.241036e+00 2.225571e+00
1687 4.231070e+00 2.210782e+00
1688 4.258927e+00 2.208047e+00
1689 4.262678e+00 2.193922e+00
1690 4.195036e+00 2.180801e+00
1691 4.201445e+00 2.178062e+00
1692 4.180312e+00 2.183754e+00
1693 4.181664e+00 2.179532e+00
1694 4.174993e+00 2.191945e+00
1695 4.187400e+00 2.182963e+00
1696 4.197623e+00 2.156259e+00
1697 4.209349e+00 2.148319e+00
1698 4.208689e+00 2.148082e+00
1699 4.227952e+00 2.149032e+00
1700 4.276025e+00 2.117611e+00
1701 4.280304e+00 2.124923e+00
1702 4.273962e+00 2.155151e+00
1703 4.296254e+00 2.205239e+00
1704 4.300746e+00 2.190429e+00
1705 4.315400e+00 2.206768e+00
1706 4.318699e+00 2.220834e+00
1707 4.298218e+00 2.211710e+00
1708 4.300483e+00 2.213444e+00
1709 4.370006e+00 2.112763e+00
1710 4.368194e+00 2.113810e+00
1711 4.379096e+00 2.107768e+00
1712 4.428143e+00 2.105891e+00
1713 4.433583e+00 2.101423e+00
1714 4.462782e+00 2.111961e+00
1715 4.472234e+00 2.117991e+00
1716 4.478002e+00 2.120361e+00
1717 4.462500e+00 2.122251e+00
1718 4.460688e+00 2.121022e+00
1719 4.454913e+00 2.125976e+00
1720 4.460171e+00 2.124656e+00
1721 4.469366e+00 2.102968e+00
1722 4.473684e+00 2.099224e+00
1723 4.477688e+00 2.107570e+00
1724 4.496463e+00 2.150173e+00
1725 4.498936e+00 2.146560e+00
1726 4.512179e+00 2.166263e+00
1727 4.499306e+00 2.160938e+00
1728 4.480732e+00 2.184697e+00
1729 4.484292e+00 2.185133e+00
1730 4.470128e+00 2.197820e+00
1731 4.380037e+00 2.216088e+00
1732 4.318882e+00 2.182999e+00
1733 4.305332e+00 2.190438e+00
1734 4.309697e+00 2.151929e+00
1735 4.318626e+00 2.163672e+00
1736 4.319140e+00 2.163189e+00
1737 4.318191e+00 2.168413e+00
1738 4.326724e+00 2.166816e+00
1739 4.302948e+00 2.152510e+00
1740 4.294279e+00 2.149529e+00
1741 4.294331e+00 2.147029e+00
1742 4.293854e+00 2.146527e+00
1743 4.325381e+00 2.155278e+00
1744 4.325110e+00 2.161718e+00
1745 4.324667e+00 2.161914e+00
1746 4.336630e+00 2.185417e+00
1747 4.330669e+00 2.184402e+00
1748 4.413432e+00 2.211060e+00
1749 4.429239e+00 2.218599e+00
1750 4.397773e+00 2.260449e+00
1751 4.423038e+00 2.155716e+00
1752 4.429331e+00 2.163889e+00
1753 4.413566e+00 2.149019e+00
1754 4.440213e+00 2.139561e+00
1755 4.442967e+00 2.140924e+00
1756 4.459122e+00 2.150239e+00
1757 4.464313e+00 2.138004e+00
1758 4.469095e+00 2.143993e+00
1759 4.445052e+00 2.089397e+00
1760 4.476146e+00 2.138244e+00
1761 4.479803e+00 2.141181e+00
1762 4.420235e+00 2.064515e+00
1763 4.440245e+00 2.091255e+00
1764 4.401274e+00 2.106495e+00
1765 4.422285e+00 2.113696e+00
1766 4.429143e+00 2.118682e+00
1767 4.428497e+00 2.117786e+00
1768 4.406289e+00 2.135754e+00
1769 4.411995e+00 2.125671e+00
1770 4.411557e+00 2.124478e+00
1771 4.412256e+00 2.128078e+00
1772 4.414978e+00 2.135636e+00
1773 4.470584e+00 2.122676e+00
1774 4.471158e+00 2.114378e+00
1775 4.475848e+00 2.115336e+00
1776 4.499380e+00 2.134527e+00
1777 4.511524e+00 2.128831e+00
1778 4.517576e+00 2.132822e+00
1779 4.546728e+00 2.170349e+00
1780 4.547722e+00 2.167927e+00
1781 4.551773e+00 2.158481e+00
1782 4.552345e+00 2.161101e+00
1783 4.566096e+00 2.147938e+00
1784 4.527620e+00 2.140645e+00
1785 4.529811e+00 2.137502e+00
1786 4.520839e+00 2.177074e+00
1787 4.575863e+00 2.204744e+00
1788 4.619030e+00 2.167044e+00
1789 4.631339e+00 2.183090e+00
1790 4.622753e+00 2.189088e+00
1791 4.620214e+00 2.189964e+00
1792 4.628818e+00 2.176505e+00
1793 4.635965e+00 2.162970e+00
1794 4.640719e+00 2.166242e+00
1795 4.639126e+00 2.171186e+00
1796 4.640897e+00 2.163927e+00
1797 4.659709e+00 2.176297e+00
1798 4.640793e+00 2.185361e+00
1799 4.690267e+00 2.162147e+00
1800 4.696932e+00 2.154217e+00
1801 4.723896e+00 2.123440e+00
1802 4.723692e+00 2.122732e+00
1803 4.735758e+00 2.146890e+00
1804 4.736244e+00 2.142535e+00
1805 4.745671e+00 2.144687e+00
1806 4.762133e+00 2.145606e+00
1807 4.746467e+00 2.119922e+00
1808 4.748255e+00 2.120191e+00
1809 4.741103e+00 2.124325e+00
1810 4.748144e+00 2.118788e+00
1811 4.721655e+00 2.119945e+00
1812 4.717189e+00 2.140910e+00
1813 4.740919e+00 2.144924e+00
1814 4.739461e+00 2.146322e+00
1815 4.723308e+00 2.183727e+00
1816 4.713896e+00 2.179328e+00
1817 4.671874e+00 2.190039e+00
1818 4.680448e+00 2.191195e+00
1819 4.688566e+00 2.186972e+00
1820 4.636883e+00 2.145740e+00
1821 4.615223e+00 2.103611e+00
1822 4.612825e+00 2.121072e+00
1823 4.617065e+00 2.112140e+00
1824 4.618063e+00 2.113190e+00
1825 4.617566e+00 2.111736e+00
1826 4.601834e+00 2.115217e+00
1827 4.598778e+00 2.116516e+00
1828 4.608402e+00 2.115409e+00
1829 4.575790e+00 2.128821e+00
1830 4.579973e+00 2.119236e+00
1831 4.582595e+00 2.120083e+00
1832 4.606115e+00 2.135311e+00
1833 4.607754e+00 2.135119e+00
1834 4.605258e+00 2.135205e+00
1835 4.606045e+00 2.132080e+00
1836 4.618609e+00 2.118435e+00
1837 4.597980e+00 2.116551e+00
1838 4.591139e+00 2.119498e+00
1839 4.570606e+00 2.122683e+00
1840 4.543207e+00 2.136370e+00
1841 4.534728e+00 2.184780e+00
1842 4.536319e+00 2.179376e+00
1843 4.517134e+00 2.179756e+00
1844 4.528344e+00 2.184987e+00
1845 4.530951e+00 2.159475e+00
1846 4.536127e+00 2.164479e+00
1847 4.535501e+00 2.165463e+00
1848 4.545731e+00 2.154029e+00
1849 4.542675e+00 2.132264e+00
1850 4.545137e+00 2.134861e+00
1851 4.560534e+00 2.121323e+00
1852 4.561380e+00 2.109418e+00
1853 4.546864e+00 2.123952e+00
1854 4.533398e+00 2.103139e+00
1855 4.539407e+00 2.106254e+00
1856 4.532727e+00 2.100645e+00
1857 4.528039e+00 2.095500e+00
1858 4.538424e+00 2.078210e+00
1859 4.575872e+00 2.116363e+00
1860 4.575101e+00 2.111963e+00
1861 4.579127e+00 2.119073e+00
1862 4.557632e+00 2.090502e+00
1863 4.568426e+00 2.089319e+00
1864 4.584992e+00 2.085578e+00
1865 4.579551e+00 2.088694e+00
1866 4.594280e+00 2.114080e+00
1867 4.572372e+00 2.136178e+00
1868 4.561224e+00 2.176844e+00
1869 4.561240e+00 2.176799e+00
1870 4.554774e+00 2.179030e+00
1871 4.543931e+00 2.185408e+00
1872 4.481704e+00 2.160193e+00
1873 4.483820e+00 2.158698e+00
1874 4.472166e+00 2.141528e+00
1875 4.416044e+00 2.193142e+00
1876 4.418590e+00 2.189495e+00
1877 4.417833e+00 2.194453e+00
1878 4.369202e+00 2.255591e+00
1879 4.393328e+00 2.254072e+00
1880 4.412602e+00 2.267498e+00
1881 4.392558e+00 2.275875e+00
1882 4.392699e+00 2.275890e+00
1883 4.401137e+00 2.341065e+00
1884 4.407380e+00 2.328165e+00
1885 4.399927e+00 2.336508e+00
1886 4.396252e+00 2.331457e+00
1887 4.387572e+00 2.328305e+00
1888 4.384484e+00 2.311944e+00
1889 4.382465e+00 2.300446e+00
1890 4.382311e+00 2.301266e+00
1891 4.409762e+00 2.309321e+00
1892 4.406875e+00 2.307848e+00
1893 4.424269e+00 2.321799e+00
1894 4.413764e+00 2.351916e+00
1895 4.423926e+00 2.347893e+00
1896 4.418742e+00 2.347949e+00
1897 4.399785e+00 2.365777e+00
1898 4.399840e+00 2.365840e+00
1899 4.405027e+00 2.357752e+00
1900 4.405004e+00 2.357731e+00
1901 4.402333e+00 2.365185e+00
1902 4.401208e+00 2.365019e+00
1903 4.398359e+00 2.347408e+00
1904 4.386524e+00 2.337404e+00
1905 4.385685e+00 2.336868e+00
1906 4.385068e+00 2.332238e+00
1907 4.394920e+00 2.317840e+00
1908 4.493385e+00 2.325883e+00
1909 4.491437e+00 2.322722e+00
1910 4.476292e+00 2.332404e+00
1911 4.419469e+00 2.315532e+00
1912 4.421506e+00 2.321247e+00
1913 4.420129e+00 2.322800e+00
1914 4.409292e+00 2.338998e+00
1915 4.420126e+00 2.336910e+00
1916 4.470080e+00 2.314913e+00
1917 4.521728e+00 2.397460e+00
1918 4.512351e+00 2.408620e+00
1919 4.500827e+00 2.381321e+00
1920 4.541941e+00 2.376355e+00
1921 4.540277e+00 2.391853e+00
1922 4.540123e+00 2.389528e+00
1923 4.535162e+00 2.428398e+00
1924 4.533000e+00 2.373083e+00
1925 4.518763e+00 2.355871e+00
1926 4.538288e+00 2.364926e+00
1927 4.546261e+00 2.362343e+00
1928 4.547144e+00 2.363566e+00
1929 4.547037e+00 2.363425e+00
1930 4.548049e+00 2.363961e+00
1931 4.540630e+00 2.361452e+00
1932 4.548356e+00 2.364088e+00
1933 4.549362e+00 2.355123e+00
1934 4.554927e+00 2.369645e+00
1935 4.555202e+00 2.369804e+00
1936 4.561618e+00 2.372659e+00
1937 4.559668e+00 2.364631e+00
1938 4.540328e+00 2.322650e+00
1939 4.538736e+00 2.322831e+00
1940 4.508464e+00 2.305092e+00
1941 4.511439e+00 2.301053e+00
1942 4.512189e+00 2.301377e+00
1943 4.513661e+00 2.325123e+00
1944 4.515398e+00 2.316977e+00
1945 4.551985e+00 2.317018e+00
1946 4.582605e+00 2.337899e+00
1947 4.598634e+00 2.314864e+00
1948 4.603251e+00 2.310374e+00
1949 4.622053e+00 2.343730e+00
1950 4.631391e+00 2.346127e+00
1951 4.631395e+00 2.361453e+00
1952 4.586327e+00 2.361094e+00
1953 4.589027e+00 2.362108e+00
1954 4.601781e+00 2.383792e+00
1955 4.606294e+00 2.375444e+00
1956 4.613872e+00 2.380642e+00
1957 4.615072e+00 2.371510e+00
1958 4.603189e+00 2.407011e+00
1959 4.597988e+00 2.394454e+00
1960 4.586121e+00 2.406223e+00
1961 4.552857e+00 2.428393e+00
1962 4.577291e+00 2.450165e+00
1963 4.548083e+00 2.462761e+00
1964 4.546153e+00 2.462769e+00
1965 4.572423e+00 2.452825e+00
1966 4.572057e+00 2.460580e+00
1967 4.573968e+00 2.460606e+00
1968 4.560256e+00 2.482324e+00
1969 4.565861e+00 2.487088e+00
1970 4.567321e+00 2.484883e+00
1971 4.560875e+00 2.486838e+00
1972 4.546637e+00 2.507150e+00
1973 4.549880e+00 2.453121e+00
1974 4.561502e+00 2.438296e+00
1975 4.564829e+00 2.450979e+00
1976 4.567849e+00 2.446818e+00
1977 4.544067e+00 2.445624e+00
1978 4.552160e+00 2.439793e+00
1979 4.522853e+00 2.427151e+00
1980 4.518804e+00 2.451416e+00
1981 4.494850e+00 2.460425e+00
1982 4.493086e+00 2.461423e+00
1983 4.510971e+00 2.447809e+00
1984 4.502307e+00 2.406437e+00
1985 4.527513e+00 2.389761e+00
1986 4.549704e+00 2.372905e+00
1987 4.548218e+00 2.372923e+00
1988 4.508778e+00 2.389781e+00
1989 4.492644e+00 2.396033e+00
1990 4.494926e+00 2.392624e+00
1991 4.479899e+00 2.387560e+00
1992 4.476759e+00 2.389023e+00
1993 4.443524e+00 2.429988e+00
1994 4.432693e+00 2.491774e+00
1995 4.422210e+00 2.507666e+00
1996 4.436309e+00 2.499473e+00
1997 4.404240e+00 2.511845e+00
1998 4.400451e+00 2.531784e+00
1999 4.337934e+00 2.546486e+00
2000 4.326909e+00 2.533705e+00
2001 4.331013e+00 2.499912e+00
2002 4.327892e+00 2.483160e+00
2003 4.323011e+00 2.486168e+00
2004 4.322282e+00 2.503776e+00
2005 4.321043e+00 2.478355e+00
2006 4.302416e+00 2.464280e+00
2007 4.301619e+00 2.461924e+00
2008 4.292346e+00 2.441308e+00
2009 4.304996e+00 2.437595e+00
2010 4.296030e+00 2.430509e+00
2011 4.291528e+00 2.457254e+00
2012 4.309412e+00 2.464814e+00
2013 4.301078e+00 2.445048e+00
2014 4.293981e+00 2.461685e+00
2015 4.294164e+00 2.461572e+00
2016 4.278287e+00 2.475656e+00
2017 4.271841e+00 2.478388e+00
2018 4.269205e+00 2.487226e+00
2019 4.284043e+00 2.467021e+00
2020 4.319903e+00 2.474072e+00
2021 4.324637e+00 2.477134e+00
2022 4.294565e+00 2.398850e+00
2023 4.310684e+00 2.398538e+00
2024 4.265859e+00 2.419790e+00
2025 4.268893e+00 2.420845e+00
2026 4.294399e+00 2.479736e+00
2027 4.275458e+00 2.449150e+00
2028 4.276438e+00 2.448346e+00
2029 4.277618e+00 2.447075e+00
2030 4.276557e+00 2.450328e+00
2031 4.287315e+00 2.423975e+00
2032 4.290519e+00 2.425599e+00
2033 4.277338e+00 2.382776e+00
2034 4.278427e+00 2.344429e+00
2035 4.278280e+00 2.344135e+00
2036 4.351328e+00 2.387367e+00
2037 4.348294e+00 2.404157e+00
2038 4.349644e+00 2.408787e+00
2039 4.348037e+00 2.408638e+00
2040 4.394005e+00 2.423308e+00
2041 4.399377e+00 2.388754e+00
2042 4.433556e+00 2.412651e+00
2043 4.432651e+00 2.414623e+00
2044 4.457210e+00 2.477942e+00
2045 4.390238e+00 2.477952e+00
2046 4.368660e+00 2.479787e+00
2047 4.370794e+00 2.506335e+00
2048 4.374123e+00 2.499585e+00
2049 4.396723e+00 2.516564e+00
2050 4.352042e+00 2.466365e+00
2051 4.346191e+00 2.464281e+00
2052 4.334280e+00 2.474812e+00
2053 4.319542e+00 2.477209e+00
2054 4.352807e+00 2.455067e+00
2055 4.371021e+00 2.470238e+00
2056 4.344235e+00 2.433253e+00
2057 4.275331e+00 2.437978e+00
2058 4.298510e+00 2.438320e+00
2059 4.299576e+00 2.440393e+00
2060 4.275735e+00 2.443516e+00
2061 4.280815e+00 2.458257e+00
2062 4.286639e+00 2.445691e+00
2063 4.300116e+00 2.435578e+00
2064 4.312479e+00 2.439519e+00
2065 4.313861e+00 2.440966e+00
2066 4.296779e+00 2.472918e+00
2067 4.294330e+00 2.469550e+00
2068 4.289109e+00 2.480120e+00
2069 4.301781e+00 2.472138e+00
2070 4.282954e+00 2.433513e+00
2071 4.280877e+00 2.413561e+00
2072 4.274623e+00 2.407198e+00
2073 4.249127e+00 2.408615e+00
2074 4.242104e+00 2.416450e+00
2075 4.246014e+00 2.427603e+00
2076 4.238739e+00 2.422859e+00
2077 4.266370e+00 2.397843e+00
2078 4.263225e+00 2.364023e+00
2079 4.259740e+00 2.337153e+00
2080 4.241636e+00 2.348860e+00
2081 4.236214e+00 2.349416e+00
2082 4.244861e+00 2.398726e+00
2083 4.272321e+00 2.383275e+00
2084 4.272232e+00 2.384483e+00
2085 4.268387e+00 2.364967e+00
2086 4.270031e+00 2.356922e+00
2087 4.239968e+00 2.368250e+00
2088 4.245677e+00 2.371848e+00
2089 4.251527e+00 2.370211e+00
2090 4.225654e+00 2.341600e+00
2091 4.241038e+00 2.369068e+00
2092 4.231929e+00 2.400489e+00
2093 4.213246e+00 2.415725e+00
2094 4.226998e+00 2.417851e+00
2095 4.224687e+00 2.418334e+00
2096 4.258268e+00 2.373752e+00
2097 4.272094e+00 2.358943e+00
2098 4.301935e+00 2.364022e+00
2099 4.297269e+00 2.364107e+00
2100 4.287150e+00 2.383160e+00
2101 4.250696e+00 2.399639e+00
2102 4.248551e+00 2.400393e+00
2103 4.232829e+00 2.378799e+00
2104 4.231230e+00 2.375277e+00
2105 4.216870e+00 2.341534e+00
2106 4.220940e+00 2.334964e+00
2107 4.238636e+00 2.297650e+00
2108 4.203820e+00 2.325441e+00
2109 4.235793e+00 2.322461e+00
2110 4.233580e+00 2.391088e+00
2111 4.224077e+00 2.369598e+00
2112 4.219970e+00 2.378649e+00
2113 4.222717e+00 2.371693e+00
2114 4.223181e+00 2.370164e+00
2115 4.222214e+00 2.367621e+00
2116 4.244943e+00 2.362048e+00
2117 4.238431e+00 2.353763e+00
2118 4.238272e+00 2.356743e+00
2119 4.254231e+00 2.366176e+00
2120 4.253510e+00 2.372245e+00
2121 4.253703e+00 2.372459e+00
2122 4.256032e+00 2.376395e+00
2123 4.265438e+00 2.346675e+00
2124 4.267519e+00 2.343543e+00
2125 4.265633e+00 2.351819e+00
2126 4.265011e+00 2.357144e+00
2127 4.266481e+00 2.353069e+00
2128 4.266437e+00 2.353057e+00
2129 4.272387e+00 2.353396e+00
2130 4.274842e+00 2.356622e+00
2131 4.284414e+00 2.360731e+00
2132 4.282698e+00 2.350860e+00
2133 4.281814e+00 2.352515e+00
2134 4.300590e+00 2.335434e+00
2135 4.322055e+00 2.333280e+00
2136 4.335090e+00 2.333747e+00
2137 4.338589e+00 2.351221e+00
2138 4.339249e+00 2.350956e+00
2139 4.344925e+00 2.350640e+00
2140 4.322022e+00 2.373443e+00
2141 4.345566e+00 2.392444e+00
2142 4.347968e+00 2.424150e+00
2143 4.317929e+00 2.403128e+00
2144 4.316975e+00 2.403010e+00
2145 4.316784e+00 2.396191e+00
2146 4.382041e+00 2.489460e+00
2147 4.387267e+00 2.493945e+00
2148 4.391501e+00 2.487647e+00
2149 4.381248e+00 2.509188e+00
2150 4.374884e+00 2.505268e+00
2151 4.403587e+00 2.505265e+00
2152 4.398512e+00 2.524992e+00
2153 4.373197e+00 2.537304e+00
2154 4.363247e+00 2.532801e+00
2155 4.362015e+00 2.529390e+00
2156 4.362359e+00 2.529675e+00
2157 4.362003e+00 2.528248e+00
2158 4.370560e+00 2.499281e+00
2159 4.335501e+00 2.464115e+00
2160 4.346958e+00 2.468851e+00
2161 4.358461e+00 2.433875e+00
2162 4.348541e+00 2.436939e+00
2163 4.377756e+00 2.447349e+00
2164 4.380664e+00 2.448232e+00
2165 4.361109e+00 2.453251e+00
2166 4.370234e+00 2.459626e+00
2167 4.365382e+00 2.467758e+00
2168 4.373067e+00 2.472502e+00
2169 4.356464e+00 2.425193e+00
2170 4.365854e+00 2.419868e+00
2171 4.368417e+00 2.422738e+00
2172 4.358193e+00 2.397574e+00
2173 4.360006e+00 2.397045e+00
2174 4.352689e+00 2.350533e+00
2175 4.360112e+00 2.368012e+00
2176 4.383475e+00 2.370853e+00
2177 4.379139e+00 2.373161e+00
2178 4.430889e+00 2.382310e+00
2179 4.437125e+00 2.403067e+00
2180 4.445313e+00 2.409246e+00
2181 4.452898e+00 2.402748e+00
2182 4.452903e+00 2.403446e+00
2183 4.437936e+00 2.392568e+00
2184 4.441219e+00 2.396602e+00
2185 4.417237e+00 2.384086e+00
2186 4.395702e+00 2.358759e+00
2187 4.401932e+00 2.346351e+00
2188 4.380659e+00 2.362119e+00
2189 4.391608e+00 2.350326e+00
2190 4.386657e+00 2.324243e+00
2191 4.391001e+00 2.342509e+00
2192 4.379376e+00 2.333790e+00
2193 4.393235e+00 2.306183e+00
2194 4.393397e+00 2.306575e+00
2195 4.377007e+00 2.312186e+00
2196 4.368479e+00 2.299632e+00
2197 4.376539e+00 2.300021e+00
2198 4.377002e+00 2.299957e+00
2199 4.395436e+00 2.284115e+00
2200 4.375656e+00 2.277288e+00
2201 4.389942e+00 2.316240e+00
2202 4.419920e+00 2.299343e+00
2203 4.414150e+00 2.325185e+00
2204 4.433340e+00 2.277092e+00
2205 4.433856e+00 2.277656e+00
2206 4.427714e+00 2.253543e+00
2207 4.397916e+00 2.211151e+00
2208 4.392572e+00 2.218347e+00
2209 4.388879e+00 2.198944e+00
2210 4.390308e+00 2.214925e+00
2211 4.371667e+00 2.254158e+00
2212 4.379318e+00 2.224471e+00
2213 4.373671e+00 2.219700e+00
2214 4.377086e+00 2.222613e+00
2215 4.358521e+00 2.212945e+00
2216 4.357474e+00 2.295063e+00
2217 4.313626e+00 2.299042e+00
2218 4.322172e+00 2.323387e+00
2219 4.247090e+00 2.268487e+00
2220 4.240774e+00 2.272273e+00
2221 4.257487e+00 2.267844e+00
2222 4.257229e+00 2.281540e+00
2223 4.263444e+00 2.267403e+00
2224 4.266089e+00 2.284788e+00
2225 4.263957e+00 2.286477e+00
2226 4.235931e+00 2.335214e+00
2227 4.242513e+00 2.348211e+00
2228 4.251596e+00 2.338013e+00
2229 4.240906e+00 2.322069e+00
2230 4.232685e+00 2.322950e+00
2231 4.230211e+00 2.326016e+00
2232 4.235269e+00 2.317742e+00
2233 4.243216e+00 2.365897e+00
2234 4.229651e+00 2.407956e+00
2235 4.201352e+00 2.462333e+00
2236 4.204975e+00 2.403667e+00
2237 4.211553e+00 2.398910e+00
2238 4.209644e+00 2.399010e+00
2239 4.211436e+00 2.404621e+00
2240 4.208857e+00 2.409764e+00
2241 4.209009e+00 2.409304e+00
2242 4.221030e+00 2.413265e+00
2243 4.236302e+00 2.408500e+00
2244 4.240263e+00 2.411057e+00
2245 4.247974e+00 2.437830e+00
2246 4.265342e+00 2.415676e+00
2247 4.305376e+00 2.410239e+00
2248 4.293187e+00 2.448223e+00
2249 4.287455e+00 2.459038e+00
2250 4.261371e+00 2.453441e+00
2251 4.261570e+00 2.460708e+00
2252 4.247353e+00 2.449810e+00
2253 4.280101e+00 2.461050e+00
2254 4.282733e+00 2.466662e+00
2255 4.280741e+00 2.475096e+00
2256 4.276449e+00 2.434125e+00
2257 4.278794e+00 2.444135e+00
2258 4.283400e+00 2.448163e+00
2259 4.326128e+00 2.460295e+00
2260 4.323801e+00 2.463033e+00
2261 4.337421e+00 2.465977e+00
2262 4.364209e+00 2.519194e+00
2263 4.370267e+00 2.542821e+00
2264 4.371795e+00 2.544298e+00
2265 4.431028e+00 2.527126e+00
2266 4.431617e+00 2.529318e+00
2267 4.430741e+00 2.529475e+00
2268 4.421296e+00 2.525836e+00
2269 4.423847e+00 2.530885e+00
2270 4.419331e+00 2.559835e+00
2271 4.423577e+00 2.547887e+00
2272 4.444691e+00 2.549107e+00
2273 4.446907e+00 2.547267e+00
2274 4.453066e+00 2.537603e+00
2275 4.454712e+00 2.519496e+00
2276 4.465892e+00 2.503901e+00
2277 4.435611e+00 2.529987e+00
2278 4.415352e+00 2.508759e+00
2279 4.392857e+00 2.502548e+00
2280 4.391774e+00 2.515253e+00
2281 4.401620e+00 2.506631e+00
2282 4.414577e+00 2.516962e+00
2283 4.411196e+00 2.519457e+00
2284 4.410947e+00 2.513713e+00
2285 4.412548e+00 2.522885e+00
2286 4.382610e+00 2.503892e+00
2287 4.389037e+00 2.502842e+00
2288 4.393518e+00 2.480125e+00
2289 4.392021e+00 2.486379e+00
2290 4.395563e+00 2.440387e+00
2291 4.402393e+00 2.435816e+00
2292 4.410737e+00 2.422693e+00
2293 4.405267e+00 2.426532e+00
2294 4.425091e+00 2.428996e+00
2295 4.468018e+00 2.460004e+00
2296 4.434450e+00 2.457165e+00
2297 4.432721e+00 2.453292e+00
2298 4.431144e+00 2.454460e+00
2299 4.440540e+00 2.454518e+00
2300 4.444670e+00 2.452977e+00
2301 4.447241e+00 2.439318e+00
2302 4.459632e+00 2.441247e+00
2303 4.461389e+00 2.451151e+00
2304 4.482567e+00 2.449692e+00
2305 4.466226e+00 2.493135e+00
2306 4.474531e+00 2.490449e+00
2307 4.485530e+00 2.482714e+00
2308 4.483591e+00 2.485862e+00
2309 4.475046e+00 2.462212e+00
2310 4.481380e+00 2.460900e+00
2311 4.477352e+00 2.489450e+00
2312 4.476183e+00 2.478448e+00
2313 4.511596e+00 2.525824e+00
2314 4.484537e+00 2.528114e+00
2315 4.518709e+00 2.523232e+00
2316 4.520401e+00 2.509986e+00
2317 4.520452e+00 2.509957e+00
2318 4.521282e+00 2.508817e+00
2319 4.522281e+00 2.507668e+00
2320 4.522339e+00 2.521455e+00
2321 4.564556e+00 2.542682e+00
2322 4.512674e+00 2.535943e+00
2323 4.520814e+00 2.540706e+00
2324 4.559077e+00 2.516050e+00
2325 4.558872e+00 2.515912e+00
2326 4.544291e+00 2.524426e+00
2327 4.535904e+00 2.519618e+00
2328 4.506205e+00 2.524971e+00
2329 4.486446e+00 2.518505e+00
2330 4.479186e+00 2.538763e+00
2331 4.479287e+00 2.543421e+00
2332 4.467985e+00 2.564936e+00
2333 4.517925e+00 2.545685e+00
2334 4.489535e+00 2.532538e+00
2335 4.489245e+00 2.535606e+00
2336 4.498936e+00 2.521798e+00
2337 4.499007e+00 2.516513e+00
2338 4.499033e+00 2.516469e+00
2339 4.496290e+00 2.515856e+00
2340 4.496092e+00 2.516653e+00
2341 4.493296e+00 2.515705e+00
2342 4.530110e+00 2.506424e+00
2343 4.528900e+00 2.519224e+00
2344 4.515877e+00 2.522442e+00
2345 4.531425e+00 2.544679e+00
2346 4.530303e+00 2.544309e+00
2347 4.518838e+00 2.592372e+00
2348 4.529247e+00 2.582079e+00
2349 4.525186e+00 2.579833e+00
2350 4.527855e+00 2.575404e+00
2351 4.552957e+00 2.570809e+00
2352 4.571591e+00 2.548647e+00
2353 4.572730e+00 2.547766e+00
2354 4.592702e+00 2.534255e+00
2355 4.616537e+00 2.540938e+00
2356 4.620282e+00 2.598141e+00
2357 4.627596e+00 2.621046e+00
2358 4.620135e+00 2.621333e+00
2359 4.628390e+00 2.625207e+00
2360 4.539067e+00 2.628736e+00
2361 4.526027e+00 2.627512e+00
2362 4.514091e+00 2.641586e+00
2363 4.515867e+00 2.638254e+00
2364 4.531622e+00 2.639432e+00
2365 4.572321e+00 2.652123e+00
2366 4.613421e+00 2.638882e+00
2367 4.611893e+00 2.642541e+00
2368 4.614405e+00 2.641016e+00
2369 4.621076e+00 2.629426e+00
2370 4.606519e+00 2.633754e+00
2371 4.597909e+00 2.621250e+00
2372 4.629146e+00 2.672539e+00
2373 4.622506e+00 2.668963e+00
2374 4.593917e+00 2.621471e+00
2375 4.595096e+00 2.617273e+00
2376 4.600760e+00 2.627831e+00
2377 4.607369e+00 2.631672e+00
2378 4.629962e+00 2.621660e+00
2379 4.617319e+00 2.633085e+00
2380 4.634068e+00 2.606275e+00
2381 4.567243e+00 2.587871e+00
2382 4.519526e+00 2.618845e+00
2383 4.561418e+00 2.614125e+00
2384 4.574198e+00 2.618297e+00
2385 4.573750e+00 2.618004e+00
2386 4.579574e+00 2.642909e+00
2387 4.577185e+00 2.648478e+00
2388 4.602665e+00 2.642789e+00
2389 4.609411e+00 2.643267e+00
2390 4.601993e+00 2.632854e+00
2391 4.619127e+00 2.635920e+00
2392 4.630017e+00 2.638950e+00
2393 4.629104e+00 2.638513e+00
2394 4.623753e+00 2.635694e+00
2395 4.632652e+00 2.646114e+00
2396 4.629531e+00 2.641802e+00
2397 4.624146e+00 2.634798e+00
2398 4.657182e+00 2.640776e+00
2399 4.660105e+00 2.642412e+00
2400 4.659817e+00 2.654478e+00
2401 4.675475e+00 2.633304e+00
2402 4.693012e+00 2.617110e+00
2403 4.696685e+00 2.620648e+00
2404 4.691448e+00 2.610022e+00
2405 4.692913e+00 2.612189e+00
2406 4.697909e+00 2.556735e+00
2407 4.693042e+00 2.551261e+00
2408 4.671963e+00 2.533232e+00
2409 4.669800e+00 2.531368e+00
2410 4.668774e+00 2.525833e+00
2411 4.649281e+00 2.485337e+00
2412 4.598302e+00 2.441390e+00
2413 4.602946e+00 2.446444e+00
2414 4.673580e+00 2.530701e+00
2415 4.674565e+00 2.531976e+00
2416 4.688176e+00 2.539264e+00
2417 4.685352e+00 2.540514e+00
2418 4.684243e+00 2.546053e+00
2419 4.650250e+00 2.487632e+00
2420 4.646740e+00 2.494106e+00
2421 4.644080e+00 2.485647e+00
2422 4.641661e+00 2.489215e+00
2423 4.628041e+00 2.494861e+00
2424 4.627805e+00 2.492916e+00
2425 4.632710e+00 2.517303e+00
2426 4.613045e+00 2.543985e+00
2427 4.689621e+00 2.583397e+00
2428 4.702786e+00 2.579753e+00
2429 4.683597e+00 2.531090e+00
2430 4.671177e+00 2.552694e+00
2431 4.662954e+00 2.543152e+00
2432 4.682230e+00 2.532248e+00
2433 4.695074e+00 2.509727e+00
2434 4.703544e+00 2.545958e+00
2435 4.714730e+00 2.543819e+00
2436 4.664682e+00 2.517428e+00
2437 4.665069e+00 2.522367e+00
2438 4.664315e+00 2.522381e+00
2439 4.628228e+00 2.475173e+00
2440 4.653770e+00 2.446072e+00
2441 4.617598e+00 2.446565e+00
2442 4.613426e+00 2.449767e+00
2443 4.616201e+00 2.442390e+00
2444 4.625829e+00 2.458700e+00
2445 4.637745e+00 2.463044e+00
2446 4.628236e+00 2.499482e+00
2447 4.609301e+00 2.511012e+00
2448 4.589165e+00 2.524833e+00
2449 4.588291e+00 2.530835e+00
2450 4.567464e+00 2.531575e+00
2451 4.560036e+00 2.530231e+00
2452 4.557351e+00 2.528622e+00
2453 4.559905e+00 2.510336e+00
2454 4.565847e+00 2.516540e+00
2455 4.547230e+00 2.517336e+00
2456 4.546496e+00 2.492759e+00
2457 4.550542e+00 2.501667e+00
2458 4.543450e+00 2.499414e+00
2459 4.571117e+00 2.505826e+00
2460 4.566626e+00 2.497489e+00
2461 4.575542e+00 2.500311e+00
2462 4.586961e+00 2.519965e+00
2463 4.577751e+00 2.504283e+00
2464 4.567625e+00 2.509087e+00
2465 4.575765e+00 2.488182e+00
2466 4.568115e+00 2.468494e+00
2467 4.655082e+00 2.437299e+00
2468 4.648092e+00 2.425779e+00
2469 4.611110e+00 2.446678e+00
2470 4.622185e+00 2.418095e+00
2471 4.609633e+00 2.409018e+00
2472 4.617531e+00 2.402895e+00
2473 4.613684e+00 2.404901e+00
2474 4.635710e+00 2.409984e+00
2475 4.632445e+00 2.380850e+00
2476 4.609341e+00 2.371733e+00
2477 4.611963e+00 2.372199e+00
2478 4.655568e+00 2.384379e+00
2479 4.663083e+00 2.371371e+00
2480 4.658222e+00 2.385657e+00
2481 4.691157e+00 2.376099e+00
2482 4.705614e+00 2.380243e+00
2483 4.695155e+00 2.362390e+00
2484 4.698932e+00 2.367578e+00
2485 4.698881e+00 2.366964e+00
2486 4.711872e+00 2.362315e+00
2487 4.710624e+00 2.361812e+00
2488 4.704700e+00 2.360534e+00
2489 4.675390e+00 2.387263e+00
2490 4.681735e+00 2.374227e+00
2491 4.697422e+00 2.393667e+00
2492 4.697651e+00 2.391737e+00
2493 4.697646e+00 2.393740e+00
2494 4.708023e+00 2.390743e+00
2495 4.711787e+00 2.390463e+00
2496 4.710628e+00 2.390246e+00
2497 4.695491e+00 2.410355e+00
2498 4.711921e+00 2.420088e+00
2499 4.665102e+00 2.539826e+00
2500 4.672601e+00 2.542973e+00
2501 4.673562e+00 2.560774e+00
2502 4.675215e+00 2.549794e+00
2503 4.675190e+00 2.550402e+00
2504 4.674873e+00 2.550768e+00
2505 4.699496e+00 2.568554e+00
2506 4.699782e+00 2.563806e+00
2507 4.708698e+00 2.570902e+00
2508 4.696929e+00 2.608307e+00
2509 4.652699e+00 2.552340e+00
2510 4.666267e+00 2.549943e+00
2511 4.671108e+00 2.562596e+00
2512 4.665968e+00 2.523616e+00
2513 4.691256e+00 2.519372e+00
2514 4.674870e+00 2.525854e+00
2515 4.678174e+00 2.528212e+00
2516 4.682923e+00 2.528038e+00
2517 4.632455e+00 2.507569e+00
2518 4.623434e+00 2.491900e+00
2519 4.610885e+00 2.503586e+00
2520 4.610285e+00 2.497942e+00
2521 4.631966e+00 2.529334e+00
2522 4.636546e+00 2.538933e+00
2523 4.632777e+00 2.509777e+00
2524 4.649683e+00 2.500887e+00
2525 4.643744e+00 2.501372e+00
2526 4.655928e+00 2.485637e+00
2527 4.641200e+00 2.513465e+00
2528 4.647918e+00 2.525749e+00
2529 4.645549e+00 2.528760e+00
2530 4.642311e+00 2.534563e+00
2531 4.646761e+00 2.530685e+00
2532 4.646965e+00 2.526784e+00
2533 4.647945e+00 2.517308e+00
2534 4.643440e+00 2.604812e+00
2535 4.627253e+00 2.556924e+00
2536 4.626611e+00 2.555578e+00
2537 4.618456e+00 2.549351e+00
2538 4.618323e+00 2.549423e+00
2539 4.627150e+00 2.541689e+00
2540 4.631787e+00 2.538553e+00
2541 4.623149e+00 2.538322e+00
2542 4.627291e+00 2.511821e+00
2543 4.641002e+00 2.502179e+00
2544 4.637541e+00 2.503462e+00
2545 4.591200e+00 2.547868e+00
2546 4.590756e+00 2.552787e+00
2547 4.584332e+00 2.588827e+00
2548 4.578415e+00 2.606671e+00
2549 4.567342e+00 2.621637e+00
2550 4.576010e+00 2.613807e+00
2551 4.555286e+00 2.611154e+00
2552 4.542454e+00 2.628890e+00
2553 4.535594e+00 2.597328e+00
2554 4.540869e+00 2.583329e+00
2555 4.572794e+00 2.602304e+00
2556 4.572905e+00 2.602842e+00
2557 4.588526e+00 2.585015e+00
2558 4.585615e+00 2.582903e+00
2559 4.577181e+00 2.599604e+00
2560 4.577214e+00 2.598985e+00
2561 4.591841e+00 2.605381e+00
2562 4.587026e+00 2.608355e+00
2563 4.580232e+00 2.616725e+00
2564 4.577078e+00 2.620717e+00
2565 4.541148e+00 2.654316e+00
2566 4.542246e+00 2.652476e+00
2567 4.542498e+00 2.652305e+00
2568 4.527114e+00 2.696218e+00
2569 4.533659e+00 2.695268e+00
2570 4.522281e+00 2.690950e+00
2571 4.523987e+00 2.694742e+00
2572 4.524799e+00 2.685645e+00
2573 4.513270e+00 2.677797e+00
2574 4.513817e+00 2.737329e+00
2575 4.538287e+00 2.770919e+00
2576 4.524807e+00 2.784702e+00
2577 4.594355e+00 2.753496e+00
2578 4.612520e+00 2.794776e+00
2579 4.585316e+00 2.793535e+00
2580 4.571152e+00 2.810560e+00
2581 4.562918e+00 2.841410e+00
2582 4.605780e+00 2.825190e+00
2583 4.630852e+00 2.839026e+00
2584 4.641826e+00 2.867049e+00
2585 4.651112e+00 2.859592e+00
2586 4.694979e+00 2.915269e+00
2587 4.679455e+00 2.922513e+00
2588 4.694287e+00 2.934574e+00
2589 4.707736e+00 2.925265e+00
2590 4.671311e+00 2.896000e+00
2591 4.678117e+00 2.877102e+00
2592 4.665396e+00 2.859987e+00
2593 4.661365e+00 2.864662e+00
2594 4.619472e+00 2.866532e+00
2595 4.639718e+00 2.822295e+00
2596 4.688936e+00 2.866955e+00
2597 4.694288e+00 2.860659e+00
2598 4.711385e+00 2.855353e+00
2599 4.663787e+00 2.826535e+00
2600 4.663416e+00 2.827485e+00
2601 4.781963e+00 2.881568e+00
2602 4.766692e+00 2.872284e+00
2603 4.758335e+00 2.879667e+00
2604 4.762278e+00 2.893461e+00
2605 4.777463e+00 2.883876e+00
2606 4.703686e+00 2.874980e+00
2607 4.702067e+00 2.883345e+00
2608 4.706331e+00 2.925360e+00
2609 4.674369e+00 2.921158e+00
2610 4.675933e+00 2.926998e+00
2611 4.664200e+00 2.916670e+00
2612 4.662872e+00 2.909638e+00
2613 4.690585e+00 2.861716e+00
2614 4.692390e+00 2.897683e+00
2615 4.688976e+00 2.893132e+00
2616 4.670817e+00 2.887947e+00
2617 4.673271e+00 2.889305e+00
2618 4.675119e+00 2.894622e+00
2619 4.693591e+00 2.922319e+00
2620 4.676874e+00 2.903186e+00
2621 4.670291e+00 2.928158e+00
2622 4.665149e+00 2.937373e+00
2623 4.654823e+00 2.971464e+00
2624 4.661019e+00 2.965898e+00
2625 4.659948e+00 2.969270e+00
2626 4.648721e+00 3.000774e+00
