0 4.231624e+00 1.585744e+00
1 4.230965e+00 1.588655e+00
2 4.228044e+00 1.592018e+00
3 4.229444e+00 1.602700e+00
4 4.221690e+00 1.592792e+00
5 4.228500e+00 1.610360e+00
6 4.214630e+00 1.636961e+00
7 4.222768e+00 1.637911e+00
8 4.223179e+00 1.638042e+00
9 4.222036e+00 1.632390e+00
10 4.200716e+00 1.630755e+00
11 4.214501e+00 1.626394e+00
12 4.193311e+00 1.632495e+00
13 4.170390e+00 1.629082e+00
14 4.136136e+00 1.667738e+00
15 4.093154e+00 1.654931e+00
16 4.101967e+00 1.646584e+00
17 4.107186e+00 1.646285e+00
18 4.108041e+00 1.655686e+00
19 4.107746e+00 1.653571e+00
20 4.141294e+00 1.644377e+00
21 4.142438e+00 1.647930e+00
22 4.136915e+00 1.662523e+00
23 4.128107e+00 1.663239e+00
24 4.139182e+00 1.664890e+00
25 4.146647e+00 1.668093e+00
26 4.148153e+00 1.662633e+00
27 4.142626e+00 1.664732e+00
28 4.140675e+00 1.650087e+00
29 4.137237e+00 1.650191e+00
30 4.136953e+00 1.650378e+00
31 4.136260e+00 1.649801e+00
32 4.110233e+00 1.654529e+00
33 4.110623e+00 1.656932e+00
34 4.104998e+00 1.665948e+00
35 4.093607e+00 1.685297e+00
36 4.070546e+00 1.670971e+00
37 4.059286e+00 1.642076e+00
38 4.041818e+00 1.665483e+00
39 3.991200e+00 1.665661e+00
40 3.990877e+00 1.661405e+00
41 3.991555e+00 1.665995e+00
42 3.962450e+00 1.679776e+00
43 3.965321e+00 1.677129e+00
44 3.966144e+00 1.678141e+00
45 3.963460e+00 1.675274e+00
46 3.962201e+00 1.677094e+00
47 3.960952e+00 1.670753e+00
48 3.939281e+00 1.687008e+00
49 3.946299e+00 1.691877e+00
50 3.966854e+00 1.673929e+00
51 3.952825e+00 1.690138e+00
52 3.951333e+00 1.691412e+00
53 3.938868e+00 1.701919e+00
54 3.981614e+00 1.696817e+00
55 3.990538e+00 1.715500e+00
56 3.989959e+00 1.716012e+00
57 4.012993e+00 1.729215e+00
58 4.039862e+00 1.714966e+00
59 4.037775e+00 1.709203e+00
60 4.044621e+00 1.701369e+00
61 4.044171e+00 1.700047e+00
62 4.053045e+00 1.694926e+00
63 4.050917e+00 1.696892e+00
64 4.048307e+00 1.692869e+00
65 4.030877e+00 1.690470e+00
66 4.027829e+00 1.679244e+00
67 4.023835e+00 1.687206e+00
68 4.091464e+00 1.707012e+00
69 4.104273e+00 1.707108e+00
70 4.091600e+00 1.684687e+00
71 4.089736e+00 1.684762e+00
72 4.093270e+00 1.686688e+00
73 4.083180e+00 1.677831e+00
74 4.084304e+00 1.659122e+00
75 4.081364e+00 1.674803e+00
76 4.120381e+00 1.667251e+00
77 4.117230e+00 1.695181e+00
78 4.127795e+00 1.697019e+00
79 4.102402e+00 1.706581e+00
80 4.086266e+00 1.695391e+00
81 4.050175e+00 1.732345e+00
82 4.066182e+00 1.706763e+00
83 4.049399e+00 1.676343e+00
84 4.037376e+00 1.700993e+00
85 4.044579e+00 1.698373e+00
86 4.051458e+00 1.693865e+00
87 4.044631e+00 1.695362e+00
88 4.057707e+00 1.703690e+00
89 4.057765e+00 1.704333e+00
90 4.057608e+00 1.710987e+00
91 4.062294e+00 1.728791e+00
92 4.052804e+00 1.732499e+00
93 4.049569e+00 1.726163e+00
94 4.049549e+00 1.726137e+00
95 4.056006e+00 1.710703e+00
96 3.958773e+00 1.728075e+00
97 3.969656e+00 1.737046e+00
98 3.968701e+00 1.729899e+00
99 3.964244e+00 1.727335e+00
100 3.971115e+00 1.725939e+00
101 3.968937e+00 1.722218e+00
102 3.989234e+00 1.727241e+00
103 3.985974e+00 1.726315e+00
104 3.995504e+00 1.717837e+00
105 3.998122e+00 1.713866e+00
106 3.997882e+00 1.719731e+00
107 3.997073e+00 1.715240e+00
108 3.997075e+00 1.715242e+00
109 4.011891e+00 1.686934e+00
110 4.011773e+00 1.686690e+00
111 3.988993e+00 1.668973e+00
112 4.036891e+00 1.705609e+00
113 4.006930e+00 1.734866e+00
114 3.972434e+00 1.714730e+00
115 3.971076e+00 1.719506e+00
116 3.993287e+00 1.681559e+00
117 3.996925e+00 1.683140e+00
118 3.991301e+00 1.694916e+00
119 3.989777e+00 1.693188e+00
120 3.972313e+00 1.694285e+00
121 4.031361e+00 1.731822e+00
122 4.031359e+00 1.731991e+00
123 4.058284e+00 1.731145e+00
124 4.066393e+00 1.740512e+00
125 4.063839e+00 1.743477e+00
126 4.062957e+00 1.744352e+00
127 4.070251e+00 1.760866e+00
128 4.087865e+00 1.770510e+00
129 4.104696e+00 1.779623e+00
130 4.103076e+00 1.782219e+00
131 4.079203e+00 1.792499e+00
132 4.076617e+00 1.787321e+00
133 4.056475e+00 1.785333e+00
134 4.057612e+00 1.774483e+00
135 4.051939e+00 1.794743e+00
136 4.051418e+00 1.793698e+00
137 4.048812e+00 1.795974e+00
138 4.027708e+00 1.835193e+00
139 4.019600e+00 1.806567e+00
140 4.020521e+00 1.808386e+00
141 4.015434e+00 1.800279e+00
142 4.006426e+00 1.759975e+00
143 3.998788e+00 1.752391e+00
144 4.035312e+00 1.759040e+00
145 4.012545e+00 1.770685e+00
146 4.012622e+00 1.767660e+00
147 4.033823e+00 1.757894e+00
148 4.037918e+00 1.763414e+00
149 4.058207e+00 1.760625e+00
150 4.058412e+00 1.761899e+00
151 4.054890e+00 1.760100e+00
152 4.054255e+00 1.760314e+00
153 4.085992e+00 1.786882e+00
154 4.064543e+00 1.782534e+00
155 4.058789e+00 1.788247e+00
156 4.041384e+00 1.823498e+00
157 4.045698e+00 1.833743e+00
158 4.035612e+00 1.861791e+00
159 4.059492e+00 1.875465e+00
160 4.059165e+00 1.875541e+00
161 4.053500e+00 1.877560e+00
162 4.055791e+00 1.880561e+00
163 4.060951e+00 1.877876e+00
164 3.954452e+00 1.884918e+00
165 3.954201e+00 1.883695e+00
166 3.954525e+00 1.885336e+00
167 3.975038e+00 1.891690e+00
168 3.965504e+00 1.903546e+00
169 3.936326e+00 1.891596e+00
170 3.941892e+00 1.895287e+00
171 3.951685e+00 1.895164e+00
172 3.951772e+00 1.885302e+00
173 3.938603e+00 1.846399e+00
174 3.931973e+00 1.873635e+00
175 3.889366e+00 1.852320e+00
176 3.884448e+00 1.840338e+00
177 3.854764e+00 1.842982e+00
178 3.856022e+00 1.876922e+00
179 3.862045e+00 1.926575e+00
180 3.775015e+00 1.989710e+00
181 3.796788e+00 2.008662e+00
182 3.818399e+00 2.014498e+00
183 3.800297e+00 2.018747e+00
184 3.807640e+00 2.026912e+00
185 3.808167e+00 2.027374e+00
186 3.818544e+00 2.030027e+00
187 3.818008e+00 2.030177e+00
188 3.827547e+00 2.021914e+00
189 3.828386e+00 2.018821e+00
190 3.828051e+00 1.998015e+00
191 3.814197e+00 1.975704e+00
192 3.812466e+00 1.988920e+00
193 3.844835e+00 2.045320e+00
194 3.840706e+00 2.037215e+00
195 3.842221e+00 2.034929e+00
196 3.836813e+00 2.030381e+00
197 3.848131e+00 2.035880e+00
198 3.816016e+00 2.012427e+00
199 3.775902e+00 1.987072e+00
200 3.812489e+00 2.023091e+00
201 3.812759e+00 2.023320e+00
202 3.811148e+00 2.019739e+00
203 3.817232e+00 2.056768e+00
204 3.806962e+00 2.056190e+00
205 3.804804e+00 2.062718e+00
206 3.842628e+00 2.097412e+00
207 3.806683e+00 2.083596e+00
208 3.791382e+00 2.074503e+00
209 3.790457e+00 2.076370e+00
210 3.785664e+00 2.073739e+00
211 3.817401e+00 2.064233e+00
212 3.803225e+00 2.046090e+00
213 3.778360e+00 2.041513e+00
214 3.775307e+00 2.041212e+00
215 3.757518e+00 1.982094e+00
216 3.760795e+00 1.983366e+00
217 3.797413e+00 1.977149e+00
218 3.777921e+00 1.979183e+00
219 3.778117e+00 1.978903e+00
220 3.767904e+00 2.011348e+00
221 3.783671e+00 2.014881e+00
222 3.797545e+00 2.025156e+00
223 3.798625e+00 2.026383e+00
224 3.822335e+00 2.012845e+00
225 3.799131e+00 2.027604e+00
226 3.827156e+00 1.992499e+00
227 3.836032e+00 1.993789e+00
228 3.835503e+00 2.000298e+00
229 3.822032e+00 1.995001e+00
230 3.903314e+00 1.983875e+00
231 3.904270e+00 2.002538e+00
232 3.900041e+00 1.998157e+00
233 3.922764e+00 2.002178e+00
234 3.926340e+00 1.991219e+00
235 3.922931e+00 1.974899e+00
236 3.919065e+00 1.983426e+00
237 3.911513e+00 1.990872e+00
238 3.894375e+00 1.980886e+00
239 3.890426e+00 1.987043e+00
240 3.872101e+00 1.965570e+00
241 3.875508e+00 1.962578e+00
242 3.851816e+00 1.957165e+00
243 3.838513e+00 1.969634e+00
244 3.861700e+00 1.990019e+00
245 3.860453e+00 1.989348e+00
246 3.875425e+00 1.970393e+00
247 3.885146e+00 1.979005e+00
248 3.875782e+00 1.988701e+00
249 3.855043e+00 1.979066e+00
250 3.864338e+00 1.979796e+00
251 3.858276e+00 1.973552e+00
252 3.900442e+00 1.956355e+00
253 3.903050e+00 1.967812e+00
254 3.926594e+00 1.977149e+00
255 3.910885e+00 1.973874e+00
256 3.923556e+00 1.968931e+00
257 3.928107e+00 1.970900e+00
258 3.929379e+00 1.963291e+00
259 3.931201e+00 1.961048e+00
260 3.972263e+00 1.979470e+00
261 3.974916e+00 1.982716e+00
262 3.971447e+00 1.981415e+00
263 3.971807e+00 1.982188e+00
264 3.930431e+00 2.013546e+00
265 3.904221e+00 1.984485e+00
266 3.854696e+00 1.976685e+00
267 3.850351e+00 1.973027e+00
268 3.847467e+00 1.962114e+00
269 3.845799e+00 1.943031e+00
270 3.853017e+00 1.945818e+00
271 3.856081e+00 1.960401e+00
272 3.850110e+00 1.951882e+00
273 3.862795e+00 1.947556e+00
274 3.863239e+00 1.947563e+00
275 3.888493e+00 1.942185e+00
276 3.887519e+00 1.933758e+00
277 3.906056e+00 1.904545e+00
278 3.934050e+00 1.939709e+00
279 3.932988e+00 1.940801e+00
280 3.929664e+00 1.943356e+00
281 3.945575e+00 1.943225e+00
282 3.959717e+00 1.962581e+00
283 3.959715e+00 1.962580e+00
284 3.947100e+00 1.941772e+00
285 3.936418e+00 1.937706e+00
286 3.937511e+00 1.938248e+00
287 3.935321e+00 1.931668e+00
288 3.906954e+00 1.910610e+00
289 3.897441e+00 1.909693e+00
290 3.889271e+00 1.896723e+00
291 3.890132e+00 1.897301e+00
292 3.888518e+00 1.893760e+00
293 3.890107e+00 1.889173e+00
294 3.907340e+00 1.944692e+00
295 3.954010e+00 1.944499e+00
296 3.929293e+00 1.945148e+00
297 3.958918e+00 1.926521e+00
298 3.957574e+00 1.927990e+00
299 3.960583e+00 1.935092e+00
300 3.947553e+00 1.928830e+00
301 3.943949e+00 1.915386e+00
302 3.924547e+00 1.915773e+00
303 3.933430e+00 1.926919e+00
304 3.950006e+00 1.933182e+00
305 3.961931e+00 1.933521e+00
306 3.990628e+00 1.956248e+00
307 3.990406e+00 1.968363e+00
308 4.003163e+00 1.953255e+00
309 4.002091e+00 1.958077e+00
310 4.007409e+00 1.957112e+00
311 4.007404e+00 1.957098e+00
312 4.006862e+00 1.957413e+00
313 4.018904e+00 1.959400e+00
314 4.037283e+00 1.956010e+00
315 4.021510e+00 1.942525e+00
316 4.010914e+00 1.931203e+00
317 4.065698e+00 1.916347e+00
318 4.094250e+00 1.927570e+00
319 4.069340e+00 1.920447e+00
320 4.068540e+00 1.910736e+00
321 4.065935e+00 1.907066e+00
322 4.074436e+00 1.915632e+00
323 4.076107e+00 1.913458e+00
324 4.074144e+00 1.908964e+00
325 4.077421e+00 1.904896e+00
326 4.082278e+00 1.926477e+00
327 4.072717e+00 1.925141e+00
328 4.052184e+00 1.932758e+00
329 4.085909e+00 1.951880e+00
330 4.075679e+00 1.946393e+00
331 4.073222e+00 1.946994e+00
332 4.074093e+00 1.947610e+00
333 4.079351e+00 1.947478e+00
334 4.079220e+00 1.948436e+00
335 4.084114e+00 1.952460e+00
336 4.093729e+00 1.942822e+00
337 4.077393e+00 1.953151e+00
338 4.056169e+00 1.942060e+00
339 4.061762e+00 1.942754e+00
340 4.055665e+00 1.954586e+00
341 4.053808e+00 1.948602e+00
342 4.041887e+00 1.964091e+00
343 4.042999e+00 1.955739e+00
344 4.028902e+00 1.866840e+00
345 4.032769e+00 1.850852e+00
346 3.999121e+00 1.842875e+00
347 3.993762e+00 1.840401e+00
348 3.992873e+00 1.841380e+00
349 4.037862e+00 1.828686e+00
350 4.031748e+00 1.835339e+00
351 4.027283e+00 1.833976e+00
352 4.030647e+00 1.830029e+00
353 4.069681e+00 1.877339e+00
354 4.063859e+00 1.867002e+00
355 4.078083e+00 1.860031e+00
356 4.064674e+00 1.814246e+00
357 4.041041e+00 1.815731e+00
358 4.036376e+00 1.821629e+00
359 4.036525e+00 1.821464e+00
360 4.020328e+00 1.837331e+00
361 3.997410e+00 1.846853e+00
362 3.992234e+00 1.831528e+00
363 4.025018e+00 1.840716e+00
364 4.034653e+00 1.839646e+00
365 4.039597e+00 1.819662e+00
366 4.038672e+00 1.832844e+00
367 4.043522e+00 1.793418e+00
368 4.068073e+00 1.785657e+00
369 4.068917e+00 1.779377e+00
370 4.044041e+00 1.808290e+00
371 4.030174e+00 1.769520e+00
372 4.023257e+00 1.758810e+00
373 4.022533e+00 1.759568e+00
374 4.031774e+00 1.749818e+00
375 4.036823e+00 1.749059e+00
376 4.040413e+00 1.746731e+00
377 4.040394e+00 1.745803e+00
378 4.034274e+00 1.742776e+00
379 4.041807e+00 1.748809e+00
380 4.043428e+00 1.749911e+00
381 4.049616e+00 1.749129e+00
382 4.059833e+00 1.748552e+00
383 4.048589e+00 1.748300e+00
384 4.034992e+00 1.746162e+00
385 4.040899e+00 1.743732e+00
386 4.027637e+00 1.752183e+00
387 4.026743e+00 1.755138e+00
388 4.030768e+00 1.744806e+00
389 4.015185e+00 1.739282e+00
390 4.015201e+00 1.739297e+00
391 4.015524e+00 1.733707e+00
392 3.984271e+00 1.740540e+00
393 3.943587e+00 1.765174e+00
394 3.943022e+00 1.765788e+00
395 3.943525e+00 1.768135e+00
396 3.980527e+00 1.725879e+00
397 3.982043e+00 1.727338e+00
398 3.986061e+00 1.736820e+00
399 3.984793e+00 1.739859e+00
400 3.978072e+00 1.742778e+00
401 3.944003e+00 1.721961e+00
402 3.908277e+00 1.720691e+00
403 3.915204e+00 1.721284e+00
404 3.897571e+00 1.705215e+00
405 3.925246e+00 1.702569e+00
406 3.948360e+00 1.712528e+00
407 3.954384e+00 1.683712e+00
408 3.939128e+00 1.696766e+00
409 3.961984e+00 1.679394e+00
410 3.953006e+00 1.685929e+00
411 3.957994e+00 1.684889e+00
412 3.957050e+00 1.687996e+00
413 3.959314e+00 1.683653e+00
414 3.964467e+00 1.684437e+00
415 3.947912e+00 1.681388e+00
416 3.974667e+00 1.663241e+00
417 4.062334e+00 1.697971e+00
418 4.069993e+00 1.702679e+00
419 4.088726e+00 1.692839e+00
420 4.097157e+00 1.702391e+00
421 4.079982e+00 1.685470e+00
422 4.079112e+00 1.692246e+00
423 4.106054e+00 1.710716e+00
424 4.099239e+00 1.706988e+00
425 4.122252e+00 1.694963e+00
426 4.120090e+00 1.696873e+00
427 4.114725e+00 1.717511e+00
428 4.118154e+00 1.718103e+00
429 4.116095e+00 1.718248e+00
430 4.128045e+00 1.752421e+00
431 4.120879e+00 1.747665e+00
432 4.108309e+00 1.747501e+00
433 4.111740e+00 1.751824e+00
434 4.111431e+00 1.780995e+00
435 4.117028e+00 1.777937e+00
436 4.128075e+00 1.773596e+00
437 4.133314e+00 1.762669e+00
438 4.139060e+00 1.766613e+00
439 4.105594e+00 1.774722e+00
440 4.110734e+00 1.793467e+00
441 4.114899e+00 1.811995e+00
442 4.116981e+00 1.813816e+00
443 4.106826e+00 1.818770e+00
444 4.079108e+00 1.811321e+00
445 4.076516e+00 1.813232e+00
446 4.072106e+00 1.817388e+00
447 4.070589e+00 1.821290e+00
448 4.066301e+00 1.813448e+00
449 4.046445e+00 1.799675e+00
450 4.036282e+00 1.830300e+00
451 4.040420e+00 1.805916e+00
452 4.041284e+00 1.800062e+00
453 4.041041e+00 1.801056e+00
454 4.037126e+00 1.798717e+00
455 4.038456e+00 1.769382e+00
456 4.044407e+00 1.788014e+00
457 4.114165e+00 1.758302e+00
458 4.115834e+00 1.758337e+00
459 4.117642e+00 1.763339e+00
460 4.115558e+00 1.766496e+00
461 4.109495e+00 1.748179e+00
462 4.108944e+00 1.746158e+00
463 4.102211e+00 1.746012e+00
464 4.100619e+00 1.748658e+00
465 4.090491e+00 1.734609e+00
466 4.080151e+00 1.739940e+00
467 4.076938e+00 1.712454e+00
468 4.067257e+00 1.724919e+00
469 4.078827e+00 1.745212e+00
470 4.061728e+00 1.725263e+00
471 4.071842e+00 1.726590e+00
472 4.154306e+00 1.771263e+00
473 4.138546e+00 1.788461e+00
474 4.153294e+00 1.790362e+00
475 4.174656e+00 1.794297e+00
476 4.161072e+00 1.789460e+00
477 4.157341e+00 1.779799e+00
478 4.157331e+00 1.778101e+00
479 4.121327e+00 1.751844e+00
480 4.162247e+00 1.773153e+00
481 4.164060e+00 1.772906e+00
482 4.177294e+00 1.773042e+00
483 4.190180e+00 1.785216e+00
484 4.194693e+00 1.782089e+00
485 4.189863e+00 1.767013e+00
486 4.190263e+00 1.766779e+00
487 4.185352e+00 1.757453e+00
488 4.162801e+00 1.743115e+00
489 4.158156e+00 1.756280e+00
490 4.152113e+00 1.756437e+00
491 4.141365e+00 1.778319e+00
492 4.136544e+00 1.779264e+00
493 4.141877e+00 1.778934e+00
494 4.135898e+00 1.779362e+00
495 4.126698e+00 1.772517e+00
496 4.123046e+00 1.777280e+00
497 4.121880e+00 1.775885e+00
498 4.124199e+00 1.776485e+00
499 4.063405e+00 1.761200e+00
500 4.069901e+00 1.750705e+00
501 4.095061e+00 1.749586e+00
502 4.099702e+00 1.750370e+00
503 4.060781e+00 1.783199e+00
504 4.060215e+00 1.782206e+00
505 4.058554e+00 1.779377e+00
506 4.053915e+00 1.791244e+00
507 4.010465e+00 1.779754e+00
508 3.974162e+00 1.771123e+00
509 4.001525e+00 1.775384e+00
510 4.004207e+00 1.768936e+00
511 4.029605e+00 1.766008e+00
512 4.026586e+00 1.772355e+00
513 3.922323e+00 1.775829e+00
514 3.926603e+00 1.835072e+00
515 3.949787e+00 1.841165e+00
516 3.958323e+00 1.858407e+00
517 3.936141e+00 1.880174e+00
518 3.905201e+00 1.892661e+00
519 3.925367e+00 1.914947e+00
520 3.932174e+00 1.936956e+00
521 3.938696e+00 1.927237e+00
522 3.940197e+00 1.926809e+00
523 3.924254e+00 1.910630e+00
524 3.914438e+00 1.943876e+00
525 3.864875e+00 1.986352e+00
526 3.873723e+00 1.986235e+00
527 3.897603e+00 1.984419e+00
528 3.886772e+00 1.959737e+00
529 3.876997e+00 1.952757e+00
530 3.877738e+00 1.954304e+00
531 3.882501e+00 1.949239e+00
532 3.885182e+00 1.951881e+00
533 3.896897e+00 1.939532e+00
534 3.889848e+00 1.927692e+00
535 3.892046e+00 1.924932e+00
536 3.897156e+00 1.930576e+00
537 3.893698e+00 1.971727e+00
538 3.927269e+00 1.969751e+00
539 3.932497e+00 1.981699e+00
540 3.931438e+00 1.963306e+00
541 3.913249e+00 1.959711e+00
542 3.912495e+00 1.957176e+00
543 3.917054e+00 1.951317e+00
544 3.958558e+00 2.004403e+00
545 3.963991e+00 2.006501e+00
546 3.974300e+00 2.020772e+00
547 3.978543e+00 2.056414e+00
548 3.968991e+00 2.069601e+00
549 3.969694e+00 2.081550e+00
550 3.978665e+00 2.104287e+00
551 3.978081e+00 2.105062e+00
552 3.968463e+00 2.118228e+00
553 3.965569e+00 2.113312e+00
554 3.955464e+00 2.126534e+00
555 4.014361e+00 2.111773e+00
556 3.997797e+00 2.091729e+00
557 3.982012e+00 2.128929e+00
558 3.991549e+00 2.127169e+00
559 3.946852e+00 2.148627e+00
560 3.952047e+00 2.144534e+00
561 3.952588e+00 2.143959e+00
562 3.952647e+00 2.144001e+00
563 3.903893e+00 2.112210e+00
564 3.874371e+00 2.119345e+00
565 3.897480e+00 2.152018e+00
566 3.887840e+00 2.135947e+00
567 3.895770e+00 2.068677e+00
568 3.939495e+00 2.044785e+00
569 3.914225e+00 2.021514e+00
570 3.922992e+00 2.025825e+00
571 3.972210e+00 2.060842e+00
572 3.970358e+00 2.068776e+00
573 3.970681e+00 2.068510e+00
574 3.965368e+00 2.040877e+00
575 3.955316e+00 2.011905e+00
576 3.955222e+00 2.011687e+00
577 3.956134e+00 2.017360e+00
578 3.958155e+00 2.025074e+00
579 3.961687e+00 2.025587e+00
580 3.963691e+00 2.029151e+00
581 3.974445e+00 2.023720e+00
582 4.004349e+00 1.973592e+00
583 4.000202e+00 1.991623e+00
584 4.006483e+00 1.997634e+00
585 4.006385e+00 1.986197e+00
586 4.023929e+00 1.959955e+00
587 4.014142e+00 1.938884e+00
588 4.019695e+00 1.954129e+00
589 4.009223e+00 1.957377e+00
590 4.004282e+00 2.070757e+00
591 4.003944e+00 2.067273e+00
592 4.043618e+00 2.058872e+00
593 4.052312e+00 2.023257e+00
594 4.005261e+00 1.984635e+00
595 4.010505e+00 1.987147e+00
596 3.981702e+00 1.956947e+00
597 3.976137e+00 1.961691e+00
598 3.976143e+00 1.957066e+00
599 3.951938e+00 1.964207e+00
600 3.963625e+00 1.928239e+00
601 3.965104e+00 1.932184e+00
602 3.993974e+00 1.931000e+00
603 4.010251e+00 1.937741e+00
604 4.010987e+00 1.946296e+00
605 4.006763e+00 1.956102e+00
606 4.004404e+00 1.967278e+00
607 3.994413e+00 1.963498e+00
608 3.992211e+00 1.962278e+00
609 3.986549e+00 1.963936e+00
610 3.986070e+00 1.961914e+00
611 3.948739e+00 1.895002e+00
612 3.940842e+00 1.894896e+00
613 3.923170e+00 1.932969e+00
614 3.916014e+00 1.912386e+00
615 3.899988e+00 1.873291e+00
616 3.884688e+00 1.869244e+00
617 3.885035e+00 1.867116e+00
618 3.854691e+00 1.933974e+00
619 3.846207e+00 1.934900e+00
620 3.845206e+00 1.929388e+00
621 3.856404e+00 1.914586e+00
622 3.936727e+00 1.860441e+00
623 3.915806e+00 1.878866e+00
624 3.914941e+00 1.878695e+00
625 3.918334e+00 1.880322e+00
626 3.916100e+00 1.875314e+00
627 3.885020e+00 1.858353e+00
628 3.893438e+00 1.876999e+00
629 3.893721e+00 1.877003e+00
630 3.868838e+00 1.892858e+00
631 3.854907e+00 1.900243e+00
632 3.881362e+00 1.940079e+00
633 3.875528e+00 1.943891e+00
634 3.866360e+00 1.971566e+00
635 3.842552e+00 1.976914e+00
636 3.854703e+00 1.969745e+00
637 3.854878e+00 1.968944e+00
638 3.859185e+00 1.975262e+00
639 3.859298e+00 1.974997e+00
640 3.857533e+00 1.978866e+00
641 3.848519e+00 1.968648e+00
642 3.758860e+00 1.952025e+00
643 3.761779e+00 1.949106e+00
644 3.748416e+00 1.857264e+00
645 3.735264e+00 1.872649e+00
646 3.745762e+00 1.874314e+00
647 3.693248e+00 1.899055e+00
648 3.704517e+00 1.898262e+00
649 3.705580e+00 1.902222e+00
650 3.707580e+00 1.910536e+00
651 3.698044e+00 1.910466e+00
652 3.693181e+00 1.910441e+00
653 3.684943e+00 1.937546e+00
654 3.669839e+00 1.937140e+00
655 3.669199e+00 1.937576e+00
656 3.642537e+00 1.981916e+00
657 3.640014e+00 1.982487e+00
658 3.602885e+00 2.050128e+00
659 3.613944e+00 2.046704e+00
660 3.638975e+00 2.042773e+00
661 3.642469e+00 2.058300e+00
662 3.639003e+00 2.071848e+00
663 3.641058e+00 2.065107e+00
664 3.630956e+00 2.063143e+00
665 3.633497e+00 2.059545e+00
666 3.611906e+00 2.046973e+00
667 3.585464e+00 2.043200e+00
668 3.556158e+00 2.046587e+00
669 3.551070e+00 2.045565e+00
670 3.552061e+00 2.044799e+00
671 3.553033e+00 2.046611e+00
672 3.568207e+00 2.022927e+00
673 3.605889e+00 1.965601e+00
674 3.609935e+00 1.968094e+00
675 3.595718e+00 1.960044e+00
676 3.583766e+00 1.974482e+00
677 3.619410e+00 1.999719e+00
678 3.607485e+00 1.997741e+00
679 3.642578e+00 2.011929e+00
680 3.645370e+00 2.008667e+00
681 3.635861e+00 2.000073e+00
682 3.605356e+00 1.987083e+00
683 3.593546e+00 1.970100e+00
684 3.600695e+00 1.971257e+00
685 3.604159e+00 1.968862e+00
686 3.604360e+00 1.966686e+00
687 3.553861e+00 1.969784e+00
688 3.628697e+00 1.960643e+00
689 3.609963e+00 1.940337e+00
690 3.607506e+00 1.930435e+00
691 3.588743e+00 1.931098e+00
692 3.618157e+00 1.912434e+00
693 3.623475e+00 1.936374e+00
694 3.670764e+00 1.869823e+00
695 3.676354e+00 1.870064e+00
696 3.660923e+00 1.880310e+00
697 3.660446e+00 1.878203e+00
698 3.654193e+00 1.869258e+00
699 3.654196e+00 1.868787e+00
700 3.654172e+00 1.854336e+00
701 3.655778e+00 1.845616e+00
702 3.652432e+00 1.843859e+00
703 3.677655e+00 1.828106e+00
704 3.676108e+00 1.829270e+00
705 3.675721e+00 1.829726e+00
706 3.654257e+00 1.808286e+00
707 3.679762e+00 1.808065e+00
708 3.680144e+00 1.807921e+00
709 3.684522e+00 1.806996e+00
710 3.705293e+00 1.830425e+00
711 3.687887e+00 1.813305e+00
712 3.660650e+00 1.814201e+00
713 3.660041e+00 1.823275e+00
714 3.657351e+00 1.829517e+00
715 3.659292e+00 1.847903e+00
716 3.669850e+00 1.844339e+00
717 3.685085e+00 1.843697e+00
718 3.681245e+00 1.848336e+00
719 3.679158e+00 1.850192e+00
720 3.690678e+00 1.840642e+00
721 3.690499e+00 1.841268e+00
722 3.641498e+00 1.838074e+00
723 3.641518e+00 1.838098e+00
724 3.643723e+00 1.837384e+00
725 3.642624e+00 1.836746e+00
726 3.642363e+00 1.854248e+00
727 3.639659e+00 1.838490e+00
728 3.637487e+00 1.902692e+00
729 3.624523e+00 1.900118e+00
730 3.688145e+00 1.888131e+00
731 3.684404e+00 1.879481e+00
732 3.683415e+00 1.895878e+00
733 3.680304e+00 1.878381e+00
734 3.680239e+00 1.876108e+00
735 3.672141e+00 1.882475e+00
736 3.670300e+00 1.880056e+00
737 3.693740e+00 1.872701e+00
738 3.664619e+00 1.815637e+00
739 3.699357e+00 1.784328e+00
740 3.701532e+00 1.788596e+00
741 3.693478e+00 1.798725e+00
742 3.753408e+00 1.813205e+00
743 3.750136e+00 1.798472e+00
744 3.747223e+00 1.805083e+00
745 3.755584e+00 1.800174e+00
746 3.783514e+00 1.769555e+00
747 3.783768e+00 1.763911e+00
748 3.783715e+00 1.764220e+00
749 3.796193e+00 1.799527e+00
750 3.797729e+00 1.799640e+00
751 3.791819e+00 1.799507e+00
752 3.791167e+00 1.799326e+00
753 3.779472e+00 1.787378e+00
754 3.728028e+00 1.770912e+00
755 3.737245e+00 1.758579e+00
756 3.732748e+00 1.762903e+00
757 3.738564e+00 1.761615e+00
758 3.719295e+00 1.758145e+00
759 3.731967e+00 1.762073e+00
760 3.732366e+00 1.761252e+00
761 3.793314e+00 1.803541e+00
762 3.791579e+00 1.806617e+00
763 3.797069e+00 1.798610e+00
764 3.726846e+00 1.748086e+00
765 3.727657e+00 1.739808e+00
766 3.725994e+00 1.737989e+00
767 3.763910e+00 1.643947e+00
768 3.766836e+00 1.644094e+00
769 3.747645e+00 1.667076e+00
770 3.752323e+00 1.656189e+00
771 3.762418e+00 1.661436e+00
772 3.752523e+00 1.692817e+00
773 3.737102e+00 1.703871e+00
774 3.751598e+00 1.699236e+00
775 3.763296e+00 1.665181e+00
776 3.759815e+00 1.690981e+00
777 3.770751e+00 1.687720e+00
778 3.789423e+00 1.672876e+00
779 3.817505e+00 1.683535e+00
780 3.819297e+00 1.679889e+00
781 3.824120e+00 1.668259e+00
782 3.828365e+00 1.660089e+00
783 3.834040e+00 1.646671e+00
784 3.836180e+00 1.646005e+00
785 3.836390e+00 1.645842e+00
786 3.830247e+00 1.636465e+00
787 3.828594e+00 1.642280e+00
788 3.825151e+00 1.652076e+00
789 3.826179e+00 1.652026e+00
790 3.832715e+00 1.650399e+00
791 3.842042e+00 1.647612e+00
792 3.838928e+00 1.642190e+00
793 3.838874e+00 1.642057e+00
794 3.850097e+00 1.604166e+00
795 3.862671e+00 1.601180e+00
796 3.884995e+00 1.597758e+00
797 3.899724e+00 1.598610e+00
798 3.872566e+00 1.574493e+00
799 3.876154e+00 1.582659e+00
800 3.876145e+00 1.582743e+00
801 3.890555e+00 1.592629e+00
802 3.886255e+00 1.586221e+00
803 3.870211e+00 1.664049e+00
804 3.869407e+00 1.657136e+00
805 3.919604e+00 1.664868e+00
806 3.911759e+00 1.655314e+00
807 3.926422e+00 1.590990e+00
808 3.908446e+00 1.592748e+00
809 3.892808e+00 1.562660e+00
810 3.880854e+00 1.573375e+00
811 3.880191e+00 1.572677e+00
812 3.897010e+00 1.559459e+00
813 3.879730e+00 1.568239e+00
814 3.896946e+00 1.552572e+00
815 3.903645e+00 1.550645e+00
816 3.898807e+00 1.554822e+00
817 3.894667e+00 1.560519e+00
818 3.896155e+00 1.554821e+00
819 3.884627e+00 1.488443e+00
820 3.866198e+00 1.498007e+00
821 3.864194e+00 1.498559e+00
822 3.863943e+00 1.492394e+00
823 3.873112e+00 1.490716e+00
824 3.880879e+00 1.488532e+00
825 3.876748e+00 1.487990e+00
826 3.908591e+00 1.452198e+00
827 3.884719e+00 1.460983e+00
828 3.903367e+00 1.465341e+00
829 3.917610e+00 1.463759e+00
830 3.936748e+00 1.455316e+00
831 3.936500e+00 1.455091e+00
832 3.924050e+00 1.461679e+00
833 3.906368e+00 1.469104e+00
834 3.928092e+00 1.482759e+00
835 3.940963e+00 1.492427e+00
836 3.941419e+00 1.492283e+00
837 3.941751e+00 1.499239e+00
838 3.941427e+00 1.498229e+00
839 3.942880e+00 1.494564e+00
840 3.943161e+00 1.495103e+00
841 4.001628e+00 1.438423e+00
842 4.008028e+00 1.436800e+00
843 4.012782e+00 1.462851e+00
844 4.013186e+00 1.474601e+00
845 4.014510e+00 1.445161e+00
846 4.014793e+00 1.445290e+00
847 4.007332e+00 1.438225e+00
848 3.998816e+00 1.449265e+00
849 3.987911e+00 1.461176e+00
850 3.984210e+00 1.463973e+00
851 3.993656e+00 1.477380e+00
852 4.007250e+00 1.479985e+00
853 4.005979e+00 1.465845e+00
854 4.008917e+00 1.462925e+00
855 4.032367e+00 1.487022e+00
856 4.021032e+00 1.486945e+00
857 4.010070e+00 1.491141e+00
858 4.054039e+00 1.466692e+00
859 4.062198e+00 1.472085e+00
860 4.116114e+00 1.450906e+00
861 4.086366e+00 1.419215e+00
862 4.069006e+00 1.396477e+00
863 4.079342e+00 1.361968e+00
864 4.080147e+00 1.359327e+00
865 4.069941e+00 1.324628e+00
866 4.071161e+00 1.317387e+00
867 4.068944e+00 1.322374e+00
868 4.029758e+00 1.281162e+00
869 4.029096e+00 1.278642e+00
870 4.002102e+00 1.264890e+00
871 3.995198e+00 1.277205e+00
872 3.997918e+00 1.270874e+00
873 3.997587e+00 1.269829e+00
874 3.956375e+00 1.289773e+00
875 3.953798e+00 1.283783e+00
876 3.953063e+00 1.289931e+00
877 3.958501e+00 1.264557e+00
878 3.961380e+00 1.269555e+00
879 3.962457e+00 1.271786e+00
880 3.968284e+00 1.260769e+00
881 3.987939e+00 1.231038e+00
882 4.023680e+00 1.239628e+00
883 4.023972e+00 1.235468e+00
884 4.015699e+00 1.305103e+00
885 4.013188e+00 1.305761e+00
886 4.002000e+00 1.332123e+00
887 4.012268e+00 1.343616e+00
888 4.017046e+00 1.345087e+00
889 4.053676e+00 1.316347e+00
890 4.076644e+00 1.297274e+00
891 4.081822e+00 1.300180e+00
892 4.069715e+00 1.274732e+00
893 4.025658e+00 1.261158e+00
894 4.026417e+00 1.260042e+00
895 4.025860e+00 1.248402e+00
896 4.006251e+00 1.266320e+00
897 4.010729e+00 1.239826e+00
898 4.019432e+00 1.233016e+00
899 3.998280e+00 1.245491e+00
900 3.999877e+00 1.245621e+00
901 3.935213e+00 1.239838e+00
902 3.952245e+00 1.210197e+00
903 3.945351e+00 1.213544e+00
904 3.943405e+00 1.212784e+00
905 3.942882e+00 1.211363e+00
906 3.931841e+00 1.205151e+00
907 3.946951e+00 1.212003e+00
908 3.922357e+00 1.220145e+00
909 3.933848e+00 1.227614e+00
910 3.937608e+00 1.238090e+00
911 3.879366e+00 1.218833e+00
912 3.876205e+00 1.202914e+00
913 3.883423e+00 1.189393e+00
914 3.883409e+00 1.190156e+00
915 3.881328e+00 1.189507e+00
916 3.874868e+00 1.180745e+00
917 3.859614e+00 1.187022e+00
918 3.843257e+00 1.204085e+00
919 3.858086e+00 1.176046e+00
920 3.863906e+00 1.163146e+00
921 3.875163e+00 1.173160e+00
922 3.889179e+00 1.213360e+00
923 3.900409e+00 1.232922e+00
924 3.888156e+00 1.216228e+00
925 3.863559e+00 1.221478e+00
926 3.882959e+00 1.239160e+00
927 3.886401e+00 1.230541e+00
928 3.830276e+00 1.250884e+00
929 3.832816e+00 1.247593e+00
930 3.833741e+00 1.248542e+00
931 3.824956e+00 1.256570e+00
932 3.797119e+00 1.245081e+00
933 3.803986e+00 1.303945e+00
934 3.801291e+00 1.296662e+00
935 3.786351e+00 1.313479e+00
936 3.806499e+00 1.298338e+00
937 3.806791e+00 1.298719e+00
938 3.805108e+00 1.325352e+00
939 3.813411e+00 1.322955e+00
940 3.818565e+00 1.324649e+00
941 3.774545e+00 1.327079e+00
942 3.797575e+00 1.325543e+00
943 3.795314e+00 1.329162e+00
944 3.778452e+00 1.314901e+00
945 3.760776e+00 1.323632e+00
946 3.757617e+00 1.316661e+00
947 3.758040e+00 1.323314e+00
948 3.759300e+00 1.319520e+00
949 3.759526e+00 1.319129e+00
950 3.753869e+00 1.325364e+00
951 3.801192e+00 1.264815e+00
952 3.793736e+00 1.288814e+00
953 3.781826e+00 1.280747e+00
954 3.785039e+00 1.279141e+00
955 3.789701e+00 1.286940e+00
956 3.789467e+00 1.286982e+00
957 3.799050e+00 1.286367e+00
958 3.798194e+00 1.302325e+00
959 3.862110e+00 1.277741e+00
960 3.856825e+00 1.282818e+00
961 3.778025e+00 1.292814e+00
962 3.791347e+00 1.284391e+00
963 3.787030e+00 1.255133e+00
964 3.798889e+00 1.234039e+00
965 3.813569e+00 1.302970e+00
966 3.817323e+00 1.291334e+00
967 3.808320e+00 1.297109e+00
968 3.781120e+00 1.283629e+00
969 3.772593e+00 1.268225e+00
970 3.764719e+00 1.256752e+00
971 3.775849e+00 1.261955e+00
972 3.797610e+00 1.271942e+00
973 3.827131e+00 1.242240e+00
974 3.923336e+00 1.268612e+00
975 3.924385e+00 1.271762e+00
976 3.922276e+00 1.247504e+00
977 3.937950e+00 1.240820e+00
978 3.894332e+00 1.261058e+00
979 3.863370e+00 1.271412e+00
980 3.813241e+00 1.275703e+00
981 3.784222e+00 1.259152e+00
982 3.781339e+00 1.258710e+00
983 3.780100e+00 1.257589e+00
984 3.779721e+00 1.259473e+00
985 3.781245e+00 1.249314e+00
986 3.778491e+00 1.284681e+00
987 3.740157e+00 1.221382e+00
988 3.742261e+00 1.222289e+00
989 3.727626e+00 1.214598e+00
990 3.727715e+00 1.215342e+00
991 3.728072e+00 1.215933e+00
992 3.729143e+00 1.213016e+00
993 3.730386e+00 1.209274e+00
994 3.786224e+00 1.180252e+00
995 3.787780e+00 1.164349e+00
996 3.775086e+00 1.154707e+00
997 3.784872e+00 1.169038e+00
998 3.785073e+00 1.173350e+00
999 3.851864e+00 1.116578e+00
1000 3.851877e+00 1.073228e+00
1001 3.872363e+00 1.076601e+00
1002 3.890123e+00 1.055505e+00
1003 3.908433e+00 1.071075e+00
1004 3.864869e+00 1.093454e+00
1005 3.853983e+00 1.114103e+00
1006 3.837652e+00 1.103558e+00
1007 3.832693e+00 1.104575e+00
1008 3.844933e+00 1.139767e+00
1009 3.845023e+00 1.140690e+00
1010 3.838826e+00 1.125441e+00
1011 3.895101e+00 1.155857e+00
1012 3.911855e+00 1.134414e+00
1013 3.930631e+00 1.143003e+00
1014 3.948953e+00 1.160295e+00
1015 3.903419e+00 1.175306e+00
1016 3.915378e+00 1.193197e+00
1017 4.004911e+00 1.195069e+00
1018 4.024758e+00 1.229567e+00
1019 4.034905e+00 1.229598e+00
1020 4.070512e+00 1.221635e+00
1021 4.070589e+00 1.221231e+00
1022 4.066003e+00 1.225585e+00
1023 4.063065e+00 1.230109e+00
1024 4.068164e+00 1.227837e+00
1025 4.071397e+00 1.229884e+00
1026 4.075734e+00 1.222495e+00
1027 4.089753e+00 1.243194e+00
1028 4.087403e+00 1.259190e+00
1029 4.101069e+00 1.242301e+00
1030 4.119674e+00 1.211571e+00
1031 4.118611e+00 1.211521e+00
1032 4.075606e+00 1.233260e+00
1033 4.080090e+00 1.249164e+00
1034 4.074674e+00 1.235307e+00
1035 4.084974e+00 1.222672e+00
1036 4.059574e+00 1.238255e+00
1037 4.037220e+00 1.239880e+00
1038 4.045790e+00 1.237246e+00
1039 4.065336e+00 1.242254e+00
1040 4.049185e+00 1.247514e+00
1041 4.041022e+00 1.251437e+00
1042 4.039179e+00 1.250133e+00
1043 4.041889e+00 1.249873e+00
1044 4.043307e+00 1.249481e+00
1045 4.065197e+00 1.255781e+00
1046 4.095497e+00 1.229876e+00
1047 4.096511e+00 1.230335e+00
1048 4.047969e+00 1.247636e+00
1049 4.046823e+00 1.188722e+00
1050 4.044374e+00 1.194844e+00
1051 4.010307e+00 1.199706e+00
1052 4.016251e+00 1.195262e+00
1053 4.011033e+00 1.158784e+00
1054 4.021629e+00 1.149985e+00
1055 4.024104e+00 1.155282e+00
1056 4.027150e+00 1.159467e+00
1057 4.012633e+00 1.158710e+00
1058 4.007099e+00 1.180153e+00
1059 4.000839e+00 1.167958e+00
1060 3.975522e+00 1.170750e+00
1061 3.960169e+00 1.205931e+00
1062 3.955786e+00 1.200411e+00
1063 3.984044e+00 1.183613e+00
1064 3.985807e+00 1.184835e+00
1065 3.986033e+00 1.181080e+00
1066 3.982828e+00 1.164550e+00
1067 3.963187e+00 1.163970e+00
1068 3.960058e+00 1.166397e+00
1069 3.984661e+00 1.205795e+00
1070 3.995192e+00 1.214608e+00
1071 3.904031e+00 1.219043e+00
1072 3.915237e+00 1.221316e+00
1073 3.913824e+00 1.197186e+00
1074 3.892441e+00 1.219215e+00
1075 3.899678e+00 1.212198e+00
1076 3.894249e+00 1.212327e+00
1077 3.897017e+00 1.205097e+00
1078 3.895305e+00 1.202393e+00
1079 3.894924e+00 1.220621e+00
1080 3.888348e+00 1.215942e+00
1081 3.893161e+00 1.216993e+00
1082 3.893096e+00 1.219917e+00
1083 3.900622e+00 1.206472e+00
1084 3.898340e+00 1.204824e+00
1085 3.905311e+00 1.196565e+00
1086 3.892539e+00 1.196225e+00
1087 3.870171e+00 1.199954e+00
1088 3.888117e+00 1.183645e+00
1089 3.897538e+00 1.193058e+00
1090 3.904021e+00 1.203594e+00
1091 3.903580e+00 1.214853e+00
1092 3.936423e+00 1.215436e+00
1093 3.960742e+00 1.213513e+00
1094 3.960645e+00 1.210149e+00
1095 3.958893e+00 1.210041e+00
1096 3.937223e+00 1.168020e+00
1097 3.926092e+00 1.179519e+00
1098 3.907142e+00 1.166005e+00
1099 3.905469e+00 1.196797e+00
1100 3.905437e+00 1.172002e+00
1101 3.912276e+00 1.184919e+00
1102 3.898156e+00 1.179811e+00
1103 3.883347e+00 1.183527e+00
1104 3.866931e+00 1.179760e+00
1105 3.866624e+00 1.179326e+00
1106 3.863004e+00 1.173210e+00
1107 3.810214e+00 1.179139e+00
1108 3.832315e+00 1.146265e+00
1109 3.812293e+00 1.127082e+00
1110 3.810940e+00 1.135245e+00
1111 3.815469e+00 1.118428e+00
1112 3.828107e+00 1.120805e+00
1113 3.829671e+00 1.123481e+00
1114 3.834165e+00 1.119052e+00
1115 3.847486e+00 1.115076e+00
1116 3.857000e+00 1.107040e+00
1117 3.860377e+00 1.105249e+00
1118 3.844226e+00 1.107222e+00
1119 3.826821e+00 1.093532e+00
1120 3.825788e+00 1.090477e+00
1121 3.830273e+00 1.100264e+00
1122 3.837090e+00 1.101954e+00
1123 3.836846e+00 1.103910e+00
1124 3.837799e+00 1.102888e+00
1125 3.826353e+00 1.117393e+00
1126 3.824834e+00 1.128034e+00
1127 3.820723e+00 1.127754e+00
1128 3.811319e+00 1.114944e+00
1129 3.806465e+00 1.100694e+00
1130 3.773028e+00 1.073747e+00
1131 3.774195e+00 1.076599e+00
1132 3.775278e+00 1.077075e+00
1133 3.737601e+00 1.080818e+00
1134 3.723950e+00 1.096175e+00
1135 3.723513e+00 1.100337e+00
1136 3.758901e+00 1.044589e+00
1137 3.750048e+00 1.075975e+00
1138 3.758169e+00 1.094617e+00
1139 3.759965e+00 1.093978e+00
1140 3.742009e+00 1.153632e+00
1141 3.738190e+00 1.156952e+00
1142 3.735569e+00 1.140464e+00
1143 3.733015e+00 1.136326e+00
1144 3.732273e+00 1.136802e+00
1145 3.727925e+00 1.129243e+00
1146 3.759620e+00 1.141678e+00
1147 3.772730e+00 1.126238e+00
1148 3.806833e+00 1.123143e+00
1149 3.807256e+00 1.124094e+00
1150 3.812990e+00 1.108304e+00
1151 3.810098e+00 1.116532e+00
1152 3.800646e+00 1.102597e+00
1153 3.778237e+00 1.084051e+00
1154 3.846086e+00 1.070149e+00
1155 3.863432e+00 1.076176e+00
1156 3.866010e+00 1.049458e+00
1157 3.864094e+00 1.038182e+00
1158 3.863546e+00 1.037119e+00
1159 3.862192e+00 1.049951e+00
1160 3.853129e+00 1.049585e+00
1161 3.799473e+00 1.073151e+00
1162 3.794323e+00 1.074388e+00
1163 3.784734e+00 1.096831e+00
1164 3.781102e+00 1.094533e+00
1165 3.775523e+00 1.092606e+00
1166 3.723755e+00 1.075642e+00
1167 3.725771e+00 1.068080e+00
1168 3.714487e+00 1.061466e+00
1169 3.724438e+00 1.067768e+00
1170 3.705863e+00 1.059495e+00
1171 3.698477e+00 1.059831e+00
1172 3.671564e+00 1.044605e+00
1173 3.669345e+00 1.043653e+00
1174 3.664398e+00 1.042133e+00
1175 3.627146e+00 1.048336e+00
1176 3.631618e+00 1.063139e+00
1177 3.621359e+00 1.063680e+00
1178 3.612305e+00 1.055579e+00
1179 3.651625e+00 1.033001e+00
1180 3.667872e+00 1.042900e+00
1181 3.692079e+00 1.032761e+00
1182 3.686832e+00 1.024998e+00
1183 3.638502e+00 9.696729e-01
1184 3.673723e+00 9.464314e-01
1185 3.691226e+00 8.905843e-01
1186 3.680318e+00 8.940469e-01
1187 3.667599e+00 8.582151e-01
1188 3.663985e+00 8.529184e-01
1189 3.663979e+00 8.530662e-01
1190 3.664203e+00 8.606237e-01
1191 3.674945e+00 8.381244e-01
1192 3.641867e+00 8.654187e-01
1193 3.629467e+00 8.472261e-01
1194 3.619712e+00 8.579301e-01
1195 3.652553e+00 8.485647e-01
1196 3.658821e+00 8.452163e-01
1197 3.683699e+00 8.354687e-01
1198 3.677261e+00 8.283648e-01
1199 3.671955e+00 8.243048e-01
1200 3.687712e+00 8.126923e-01
1201 3.679325e+00 8.015775e-01
1202 3.672229e+00 8.020365e-01
1203 3.659937e+00 8.228721e-01
1204 3.650107e+00 8.135020e-01
1205 3.635437e+00 8.326298e-01
1206 3.614478e+00 8.345281e-01
1207 3.626910e+00 8.533634e-01
1208 3.601859e+00 8.592410e-01
1209 3.598599e+00 8.597156e-01
1210 3.588281e+00 8.616259e-01
1211 3.587903e+00 8.629489e-01
1212 3.592862e+00 8.743102e-01
1213 3.595363e+00 8.935026e-01
1214 3.599577e+00 8.969721e-01
1215 3.596696e+00 9.287852e-01
1216 3.595718e+00 9.284332e-01
1217 3.561497e+00 9.009387e-01
1218 3.555974e+00 8.879125e-01
1219 3.569342e+00 8.941485e-01
1220 3.565285e+00 8.870833e-01
1221 3.564214e+00 8.916370e-01
1222 3.584072e+00 8.771123e-01
1223 3.583571e+00 8.740028e-01
1224 3.604615e+00 8.765788e-01
1225 3.598363e+00 8.819754e-01
1226 3.590262e+00 8.978777e-01
1227 3.586364e+00 9.055848e-01
1228 3.597572e+00 9.029299e-01
1229 3.600674e+00 9.089753e-01
1230 3.584337e+00 9.101816e-01
1231 3.573091e+00 9.290190e-01
1232 3.572179e+00 9.298662e-01
1233 3.587533e+00 9.183592e-01
1234 3.624107e+00 9.287272e-01
1235 3.629490e+00 9.182875e-01
1236 3.618138e+00 9.156843e-01
1237 3.637437e+00 9.315292e-01
1238 3.627296e+00 9.408611e-01
1239 3.631097e+00 9.381215e-01
1240 3.654973e+00 9.115978e-01
1241 3.701514e+00 9.258300e-01
1242 3.705314e+00 9.282773e-01
1243 3.703006e+00 9.207208e-01
1244 3.706445e+00 9.246979e-01
1245 3.716286e+00 9.105938e-01
1246 3.755177e+00 9.433744e-01
1247 3.781983e+00 9.340616e-01
1248 3.781982e+00 9.338906e-01
1249 3.776009e+00 9.267581e-01
1250 3.782258e+00 9.292508e-01
1251 3.808100e+00 9.512189e-01
1252 3.809884e+00 9.659223e-01
1253 3.844159e+00 9.248511e-01
1254 3.856309e+00 9.583406e-01
1255 3.863255e+00 9.634131e-01
1256 3.884587e+00 9.349317e-01
1257 3.841694e+00 9.520232e-01
1258 3.836045e+00 9.382383e-01
1259 3.822826e+00 9.523653e-01
1260 3.883318e+00 1.002441e+00
1261 3.883328e+00 1.002429e+00
1262 3.880990e+00 1.003511e+00
1263 3.878025e+00 1.011447e+00
1264 3.859294e+00 1.049859e+00
1265 3.854240e+00 1.050171e+00
1266 3.844457e+00 1.063724e+00
1267 3.874635e+00 1.031540e+00
1268 3.881663e+00 1.026903e+00
1269 3.901080e+00 1.028735e+00
1270 3.876417e+00 1.075494e+00
1271 3.869403e+00 1.086645e+00
1272 3.884157e+00 1.087236e+00
1273 3.888005e+00 1.093997e+00
1274 3.889799e+00 1.097153e+00
1275 3.879790e+00 1.109913e+00
1276 3.916301e+00 1.107668e+00
1277 3.906876e+00 1.104569e+00
1278 3.900630e+00 1.091229e+00
1279 3.891771e+00 1.130209e+00
1280 3.897849e+00 1.131868e+00
1281 3.897842e+00 1.129878e+00
1282 3.904805e+00 1.124386e+00
1283 3.865030e+00 1.173095e+00
1284 3.825062e+00 1.184153e+00
1285 3.799005e+00 1.178718e+00
1286 3.764655e+00 1.151554e+00
1287 3.796973e+00 1.142359e+00
1288 3.782901e+00 1.142194e+00
1289 3.745036e+00 1.145640e+00
1290 3.757600e+00 1.143080e+00
1291 3.758775e+00 1.141874e+00
1292 3.749974e+00 1.112963e+00
1293 3.799581e+00 1.123018e+00
1294 3.799340e+00 1.122938e+00
1295 3.794598e+00 1.126255e+00
1296 3.802215e+00 1.144620e+00
1297 3.714710e+00 1.184525e+00
1298 3.707555e+00 1.188200e+00
1299 3.697351e+00 1.182674e+00
1300 3.696818e+00 1.185086e+00
1301 3.719866e+00 1.186304e+00
1302 3.732960e+00 1.191826e+00
1303 3.733461e+00 1.191807e+00
1304 3.749403e+00 1.184481e+00
1305 3.665492e+00 1.157889e+00
1306 3.643385e+00 1.151325e+00
1307 3.647066e+00 1.160547e+00
1308 3.616070e+00 1.149978e+00
1309 3.615802e+00 1.149870e+00
1310 3.614705e+00 1.150986e+00
1311 3.613621e+00 1.142457e+00
1312 3.621977e+00 1.142080e+00
1313 3.627758e+00 1.129566e+00
1314 3.603570e+00 1.140594e+00
1315 3.601829e+00 1.129526e+00
1316 3.602107e+00 1.127658e+00
1317 3.596681e+00 1.130814e+00
1318 3.662997e+00 1.154022e+00
1319 3.662867e+00 1.147403e+00
1320 3.638244e+00 1.165175e+00
1321 3.633868e+00 1.168923e+00
1322 3.639374e+00 1.164307e+00
1323 3.646821e+00 1.137150e+00
1324 3.646456e+00 1.135194e+00
1325 3.650557e+00 1.114631e+00
1326 3.646788e+00 1.125914e+00
1327 3.660856e+00 1.168624e+00
1328 3.660176e+00 1.169684e+00
1329 3.660718e+00 1.169614e+00
1330 3.640446e+00 1.228023e+00
1331 3.641988e+00 1.231281e+00
1332 3.654798e+00 1.226671e+00
1333 3.679768e+00 1.219091e+00
1334 3.652150e+00 1.189720e+00
1335 3.668387e+00 1.185461e+00
1336 3.677688e+00 1.181547e+00
1337 3.710221e+00 1.205432e+00
1338 3.706493e+00 1.207949e+00
1339 3.706121e+00 1.208593e+00
1340 3.710041e+00 1.224025e+00
1341 3.705611e+00 1.238853e+00
1342 3.752602e+00 1.238490e+00
1343 3.760405e+00 1.223491e+00
1344 3.799601e+00 1.227314e+00
1345 3.800473e+00 1.219083e+00
1346 3.813684e+00 1.227447e+00
1347 3.739224e+00 1.209379e+00
1348 3.744594e+00 1.195351e+00
1349 3.733387e+00 1.196750e+00
1350 3.732423e+00 1.194963e+00
1351 3.745718e+00 1.229216e+00
1352 3.741638e+00 1.210794e+00
1353 3.743976e+00 1.197600e+00
1354 3.719865e+00 1.131840e+00
1355 3.726680e+00 1.123493e+00
1356 3.725791e+00 1.117319e+00
1357 3.745371e+00 1.131607e+00
1358 3.735331e+00 1.148796e+00
1359 3.724397e+00 1.166244e+00
1360 3.746106e+00 1.169565e+00
1361 3.752985e+00 1.136145e+00
1362 3.748515e+00 1.139216e+00
1363 3.750328e+00 1.142527e+00
1364 3.758387e+00 1.136750e+00
1365 3.780921e+00 1.145855e+00
1366 3.780725e+00 1.148106e+00
1367 3.788542e+00 1.136026e+00
1368 3.786307e+00 1.134348e+00
1369 3.779499e+00 1.126432e+00
1370 3.753542e+00 1.058762e+00
1371 3.769778e+00 1.028934e+00
1372 3.781350e+00 1.029255e+00
1373 3.749880e+00 1.071043e+00
1374 3.727762e+00 1.059766e+00
1375 3.723705e+00 1.038418e+00
1376 3.710352e+00 1.039630e+00
1377 3.710467e+00 1.039380e+00
1378 3.722041e+00 1.035167e+00
1379 3.725716e+00 1.027188e+00
1380 3.670584e+00 1.019098e+00
1381 3.676213e+00 1.023083e+00
1382 3.731341e+00 9.317142e-01
1383 3.717423e+00 9.565149e-01
1384 3.708053e+00 9.557450e-01
1385 3.732097e+00 9.358020e-01
1386 3.725619e+00 9.154472e-01
1387 3.712814e+00 9.226308e-01
1388 3.715706e+00 9.239626e-01
1389 3.734522e+00 9.239242e-01
1390 3.730267e+00 9.212756e-01
1391 3.745415e+00 9.443091e-01
1392 3.696656e+00 9.158120e-01
1393 3.689288e+00 9.708417e-01
1394 3.707691e+00 9.957394e-01
1395 3.704187e+00 9.699434e-01
1396 3.704347e+00 9.701959e-01
1397 3.642442e+00 9.429314e-01
1398 3.578605e+00 9.221444e-01
1399 3.581528e+00 9.211603e-01
1400 3.602687e+00 9.338167e-01
1401 3.607948e+00 9.240075e-01
1402 3.612773e+00 9.077759e-01
1403 3.602023e+00 8.997215e-01
1404 3.619237e+00 8.938504e-01
1405 3.618811e+00 8.803475e-01
1406 3.608231e+00 8.772429e-01
1407 3.654422e+00 8.461833e-01
1408 3.668121e+00 8.549789e-01
1409 3.687863e+00 8.578297e-01
1410 3.639449e+00 8.645430e-01
1411 3.652776e+00 8.340628e-01
1412 3.603767e+00 7.991458e-01
1413 3.619537e+00 7.757366e-01
1414 3.600563e+00 7.830330e-01
1415 3.601476e+00 7.817691e-01
1416 3.603653e+00 7.860512e-01
1417 3.594921e+00 7.763137e-01
1418 3.610773e+00 7.890074e-01
1419 3.567809e+00 7.809828e-01
1420 3.565269e+00 7.865016e-01
1421 3.585270e+00 7.646299e-01
1422 3.573598e+00 7.526274e-01
1423 3.571177e+00 7.516971e-01
1424 3.580875e+00 7.485569e-01
1425 3.576535e+00 7.611701e-01
1426 3.584822e+00 7.457533e-01
1427 3.582970e+00 7.477644e-01
1428 3.585692e+00 7.736224e-01
1429 3.580885e+00 7.673610e-01
1430 3.591774e+00 7.443251e-01
1431 3.589187e+00 7.268073e-01
1432 3.581508e+00 7.148742e-01
1433 3.557815e+00 7.303956e-01
1434 3.554949e+00 7.306395e-01
1435 3.551912e+00 7.242539e-01
1436 3.542395e+00 7.174814e-01
1437 3.540387e+00 7.191722e-01
1438 3.542655e+00 7.509213e-01
1439 3.542764e+00 7.517174e-01
1440 3.531531e+00 7.566637e-01
1441 3.567462e+00 7.604128e-01
1442 3.567208e+00 7.602901e-01
1443 3.569035e+00 7.522322e-01
1444 3.575885e+00 7.552420e-01
1445 3.494617e+00 7.324526e-01
1446 3.481576e+00 7.396609e-01
1447 3.443392e+00 6.992249e-01
1448 3.445459e+00 7.000864e-01
1449 3.528113e+00 6.597464e-01
1450 3.575556e+00 6.742662e-01
1451 3.574544e+00 6.770817e-01
1452 3.601768e+00 6.727921e-01
1453 3.603005e+00 6.734880e-01
1454 3.606718e+00 6.950500e-01
1455 3.631790e+00 7.256535e-01
1456 3.626267e+00 7.322085e-01
1457 3.632944e+00 7.343625e-01
1458 3.631832e+00 7.275583e-01
1459 3.636195e+00 7.213667e-01
1460 3.653054e+00 7.081075e-01
1461 3.623177e+00 6.876401e-01
1462 3.635467e+00 6.514414e-01
1463 3.620819e+00 6.561014e-01
1464 3.586643e+00 6.559519e-01
1465 3.572696e+00 6.422676e-01
1466 3.580575e+00 6.471870e-01
1467 3.564057e+00 6.213969e-01
1468 3.641137e+00 5.498617e-01
1469 3.644429e+00 5.443985e-01
1470 3.620008e+00 5.307702e-01
1471 3.644301e+00 5.580974e-01
1472 3.667931e+00 5.373518e-01
1473 3.677172e+00 5.399236e-01
1474 3.677078e+00 5.341672e-01
1475 3.699210e+00 5.378334e-01
1476 3.713870e+00 5.766118e-01
1477 3.698891e+00 5.698775e-01
1478 3.673681e+00 5.670014e-01
1479 3.652275e+00 5.567547e-01
1480 3.630152e+00 5.668161e-01
1481 3.626891e+00 5.859962e-01
1482 3.641326e+00 5.748840e-01
1483 3.599798e+00 5.724288e-01
1484 3.599432e+00 5.726724e-01
1485 3.602454e+00 5.692802e-01
1486 3.617218e+00 6.108729e-01
1487 3.603756e+00 6.041281e-01
1488 3.597957e+00 6.126662e-01
1489 3.623701e+00 6.448181e-01
1490 3.615752e+00 6.461529e-01
1491 3.613110e+00 6.513537e-01
1492 3.613626e+00 6.525773e-01
1493 3.613593e+00 6.607550e-01
1494 3.601681e+00 6.593346e-01
1495 3.614448e+00 6.800185e-01
1496 3.614358e+00 6.790265e-01
1497 3.642931e+00 6.685549e-01
1498 3.649549e+00 6.647383e-01
1499 3.641931e+00 6.681470e-01
1500 3.670423e+00 7.111372e-01
1501 3.668556e+00 7.338476e-01
1502 3.680959e+00 7.386081e-01
1503 3.681874e+00 7.403359e-01
1504 3.679535e+00 7.349009e-01
1505 3.681899e+00 7.467147e-01
1506 3.654808e+00 7.022414e-01
1507 3.655230e+00 7.028943e-01
1508 3.649208e+00 6.976044e-01
1509 3.641664e+00 7.044669e-01
1510 3.632879e+00 7.221339e-01
1511 3.617906e+00 7.007039e-01
1512 3.578868e+00 6.728585e-01
1513 3.577904e+00 6.721455e-01
1514 3.578081e+00 6.717958e-01
1515 3.562653e+00 6.826356e-01
1516 3.567054e+00 6.840082e-01
1517 3.538958e+00 7.032519e-01
1518 3.526536e+00 7.032357e-01
1519 3.527159e+00 7.069966e-01
1520 3.553487e+00 6.971011e-01
1521 3.555415e+00 6.978856e-01
1522 3.546661e+00 6.760962e-01
1523 3.546749e+00 6.752339e-01
1524 3.542065e+00 6.643603e-01
1525 3.527526e+00 6.417157e-01
1526 3.518740e+00 6.452574e-01
1527 3.519247e+00 6.446057e-01
1528 3.515577e+00 6.221838e-01
1529 3.525923e+00 6.229572e-01
1530 3.560058e+00 6.124992e-01
1531 3.568621e+00 6.247024e-01
1532 3.560389e+00 6.222258e-01
1533 3.549007e+00 5.860018e-01
1534 3.555404e+00 5.828849e-01
1535 3.554279e+00 5.462924e-01
1536 3.552280e+00 5.528551e-01
1537 3.578133e+00 5.608103e-01
1538 3.583407e+00 5.538719e-01
1539 3.572664e+00 5.371095e-01
1540 3.568435e+00 5.132298e-01
1541 3.561920e+00 5.222666e-01
1542 3.546808e+00 5.188137e-01
1543 3.546829e+00 5.198874e-01
1544 3.543987e+00 5.236423e-01
1545 3.536083e+00 5.414034e-01
1546 3.520861e+00 5.287913e-01
1547 3.526985e+00 5.182759e-01
1548 3.531166e+00 5.123756e-01
1549 3.533736e+00 5.203363e-01
1550 3.513047e+00 5.118587e-01
1551 3.515356e+00 5.122888e-01
1552 3.516932e+00 5.162457e-01
1553 3.520899e+00 4.937652e-01
1554 3.527195e+00 4.818539e-01
1555 3.502130e+00 4.625976e-01
1556 3.512663e+00 4.628222e-01
1557 3.514418e+00 4.628780e-01
1558 3.517051e+00 4.602531e-01
1559 3.538124e+00 4.484706e-01
1560 3.481359e+00 4.052770e-01
1561 3.495908e+00 3.845138e-01
1562 3.502821e+00 3.464261e-01
1563 3.500583e+00 3.471314e-01
1564 3.490734e+00 3.471185e-01
1565 3.484055e+00 3.459502e-01
1566 3.482031e+00 3.416396e-01
1567 3.494515e+00 3.517895e-01
1568 3.507278e+00 3.524984e-01
1569 3.509550e+00 3.582939e-01
1570 3.504740e+00 3.273602e-01
1571 3.478528e+00 2.946769e-01
1572 3.474109e+00 3.114555e-01
1573 3.484744e+00 2.226273e-01
1574 3.436828e+00 2.247721e-01
1575 3.428189e+00 2.063379e-01
1576 3.408348e+00 1.862043e-01
1577 3.404786e+00 1.804478e-01
1578 3.397403e+00 1.632882e-01
1579 3.383795e+00 1.548819e-01
1580 3.386349e+00 1.542969e-01
1581 3.379199e+00 1.375298e-01
1582 3.404313e+00 1.088138e-01
1583 3.396032e+00 1.002827e-01
1584 3.417690e+00 6.644371e-02
1585 3.412518e+00 5.974275e-02
1586 3.410078e+00 6.642775e-02
1587 3.406531e+00 6.197443e-02
1588 3.400494e+00 5.995226e-02
1589 3.401961e+00 5.249226e-02
1590 3.385711e+00 3.424885e-02
1591 3.398218e+00 9.123900e-03
1592 3.408037e+00 1.424717e-02
1593 3.404841e+00 2.349711e-02
1594 3.405267e+00 1.294257e-02
1595 3.444292e+00 -1.057303e-02
