0 4.144446e+00 1.647232e+00
1 4.143213e+00 1.651750e+00
2 4.149874e+00 1.629788e+00
3 4.150510e+00 1.597775e+00
4 4.151935e+00 1.597948e+00
5 4.116435e+00 1.598258e+00
6 4.125002e+00 1.584260e+00
7 4.116336e+00 1.594206e+00
8 4.115857e+00 1.594870e+00
9 4.110547e+00 1.581697e+00
10 4.105446e+00 1.578273e+00
11 4.132591e+00 1.571135e+00
12 4.146835e+00 1.590108e+00
13 4.155240e+00 1.601963e+00
14 4.178670e+00 1.577357e+00
15 4.173886e+00 1.576392e+00
16 4.154625e+00 1.577513e+00
17 4.113152e+00 1.551606e+00
18 4.122839e+00 1.567525e+00
19 4.093628e+00 1.592603e+00
20 4.097552e+00 1.584228e+00
21 4.079824e+00 1.554745e+00
22 4.095899e+00 1.556186e+00
23 4.094649e+00 1.555985e+00
24 4.122365e+00 1.550913e+00
25 4.099235e+00 1.510292e+00
26 4.099627e+00 1.512496e+00
27 4.089086e+00 1.518160e+00
28 4.082268e+00 1.525089e+00
29 4.092992e+00 1.526739e+00
30 4.075561e+00 1.539892e+00
31 4.075914e+00 1.539159e+00
32 4.096111e+00 1.565953e+00
33 4.061312e+00 1.615040e+00
34 4.058811e+00 1.618090e+00
35 4.058041e+00 1.616601e+00
36 4.070269e+00 1.612647e+00
37 4.075842e+00 1.613625e+00
38 4.075280e+00 1.614548e+00
39 4.063840e+00 1.605816e+00
40 4.055707e+00 1.602968e+00
41 4.064774e+00 1.592135e+00
42 4.071820e+00 1.590598e+00
43 4.036415e+00 1.621155e+00
44 4.026811e+00 1.666558e+00
45 4.092329e+00 1.711495e+00
46 4.091712e+00 1.710800e+00
47 4.090927e+00 1.691472e+00
48 4.088740e+00 1.687436e+00
49 4.069956e+00 1.718035e+00
50 4.085068e+00 1.684351e+00
51 4.084250e+00 1.685067e+00
52 4.094885e+00 1.675331e+00
53 4.116969e+00 1.724016e+00
54 4.113172e+00 1.719139e+00
55 4.095572e+00 1.692653e+00
56 4.094777e+00 1.675519e+00
57 4.106272e+00 1.683680e+00
58 4.109488e+00 1.686735e+00
59 4.092379e+00 1.733465e+00
60 3.997802e+00 1.742376e+00
61 4.012547e+00 1.746677e+00
62 4.051486e+00 1.764290e+00
63 4.073398e+00 1.746217e+00
64 4.059085e+00 1.727347e+00
65 4.056020e+00 1.726523e+00
66 4.070183e+00 1.736300e+00
67 4.072346e+00 1.737210e+00
68 4.078144e+00 1.733672e+00
69 4.068247e+00 1.739050e+00
70 4.040189e+00 1.702666e+00
71 4.038336e+00 1.702266e+00
72 4.049115e+00 1.707821e+00
73 4.040721e+00 1.733378e+00
74 4.032236e+00 1.739515e+00
75 4.037790e+00 1.719335e+00
76 4.014588e+00 1.647542e+00
77 4.036330e+00 1.628544e+00
78 4.048320e+00 1.676794e+00
79 4.050871e+00 1.669553e+00
80 4.048715e+00 1.669164e+00
81 4.033252e+00 1.662087e+00
82 4.038289e+00 1.661178e+00
83 4.035749e+00 1.643900e+00
84 4.100829e+00 1.719439e+00
85 4.095950e+00 1.721317e+00
86 4.098492e+00 1.707275e+00
87 4.096564e+00 1.708710e+00
88 4.121280e+00 1.681566e+00
89 4.123012e+00 1.660473e+00
90 4.135614e+00 1.669815e+00
91 4.135450e+00 1.667478e+00
92 4.039968e+00 1.604299e+00
93 4.040052e+00 1.604366e+00
94 4.037306e+00 1.601971e+00
95 4.037297e+00 1.601973e+00
96 3.984403e+00 1.619912e+00
97 3.987481e+00 1.618533e+00
98 3.987553e+00 1.618337e+00
99 3.934830e+00 1.611354e+00
100 3.934158e+00 1.619687e+00
101 3.948918e+00 1.625046e+00
102 3.937601e+00 1.626082e+00
103 3.927647e+00 1.650031e+00
104 3.952488e+00 1.661284e+00
105 3.947568e+00 1.659056e+00
106 3.964533e+00 1.615164e+00
107 3.958663e+00 1.609623e+00
108 3.955744e+00 1.600600e+00
109 4.002678e+00 1.624387e+00
110 3.978791e+00 1.620863e+00
111 3.981243e+00 1.623183e+00
112 3.981581e+00 1.644291e+00
113 3.980453e+00 1.637601e+00
114 3.972949e+00 1.610789e+00
115 3.975585e+00 1.603808e+00
116 3.978678e+00 1.587357e+00
117 3.974594e+00 1.590406e+00
118 3.950478e+00 1.609848e+00
119 3.943964e+00 1.614950e+00
120 3.901539e+00 1.587517e+00
121 3.893152e+00 1.579303e+00
122 3.905799e+00 1.592789e+00
123 3.882011e+00 1.593267e+00
124 3.902104e+00 1.587843e+00
125 3.902545e+00 1.588743e+00
126 3.901092e+00 1.583329e+00
127 3.903239e+00 1.580956e+00
128 3.908666e+00 1.632390e+00
129 3.942879e+00 1.674898e+00
130 3.949479e+00 1.673552e+00
131 3.949896e+00 1.674721e+00
132 3.983118e+00 1.668202e+00
133 3.987093e+00 1.673290e+00
134 3.987905e+00 1.672698e+00
135 4.005733e+00 1.676515e+00
136 4.002295e+00 1.673180e+00
137 4.011471e+00 1.657897e+00
138 4.031784e+00 1.654092e+00
139 4.048849e+00 1.706784e+00
140 4.038297e+00 1.726938e+00
141 4.039907e+00 1.745850e+00
142 4.041954e+00 1.745118e+00
143 4.022825e+00 1.724109e+00
144 4.029807e+00 1.734149e+00
145 4.014089e+00 1.741802e+00
146 4.008733e+00 1.758521e+00
147 4.026179e+00 1.760193e+00
148 4.024939e+00 1.771271e+00
149 4.026515e+00 1.783811e+00
150 4.017245e+00 1.761219e+00
151 3.999608e+00 1.722721e+00
152 3.996751e+00 1.725078e+00
153 4.001107e+00 1.722206e+00
154 4.007565e+00 1.711879e+00
155 4.009152e+00 1.719316e+00
156 4.022302e+00 1.720378e+00
157 4.018148e+00 1.713675e+00
158 3.992306e+00 1.671653e+00
159 3.994654e+00 1.670218e+00
160 4.018308e+00 1.652252e+00
161 4.012215e+00 1.643116e+00
162 4.011496e+00 1.644293e+00
163 4.011037e+00 1.640371e+00
164 3.993112e+00 1.643306e+00
165 3.978121e+00 1.635910e+00
166 3.969002e+00 1.626624e+00
167 3.968604e+00 1.625333e+00
168 3.977635e+00 1.620101e+00
169 3.977608e+00 1.620476e+00
170 3.974292e+00 1.611894e+00
171 3.974940e+00 1.599854e+00
172 3.975549e+00 1.597400e+00
173 3.983344e+00 1.588636e+00
174 3.984479e+00 1.614559e+00
175 4.000695e+00 1.592045e+00
176 3.987518e+00 1.599732e+00
177 3.992804e+00 1.596814e+00
178 4.010869e+00 1.590160e+00
179 4.012797e+00 1.584239e+00
180 3.994480e+00 1.634024e+00
181 3.987717e+00 1.654243e+00
182 3.971533e+00 1.642985e+00
183 3.972185e+00 1.640589e+00
184 3.972620e+00 1.646307e+00
185 3.971765e+00 1.645664e+00
186 3.977360e+00 1.631149e+00
187 3.969392e+00 1.629672e+00
188 3.974477e+00 1.626464e+00
189 3.951628e+00 1.637179e+00
190 3.907443e+00 1.639232e+00
191 3.995865e+00 1.721782e+00
192 3.968249e+00 1.750229e+00
193 3.951967e+00 1.764609e+00
194 3.959919e+00 1.733016e+00
195 3.944528e+00 1.736477e+00
196 3.947695e+00 1.727494e+00
197 3.949305e+00 1.727345e+00
198 3.944083e+00 1.693701e+00
199 3.888858e+00 1.705908e+00
200 3.886767e+00 1.704393e+00
201 3.883441e+00 1.701987e+00
202 3.892509e+00 1.736967e+00
203 3.856207e+00 1.663304e+00
204 3.885252e+00 1.695310e+00
205 3.862150e+00 1.691375e+00
206 3.862664e+00 1.684569e+00
207 3.877827e+00 1.703432e+00
208 3.881943e+00 1.703547e+00
209 3.877727e+00 1.668876e+00
210 3.872087e+00 1.638869e+00
211 3.888306e+00 1.638439e+00
212 3.889603e+00 1.639175e+00
213 3.880807e+00 1.648377e+00
214 3.879259e+00 1.648115e+00
215 3.880048e+00 1.648734e+00
216 3.883312e+00 1.651882e+00
217 3.894389e+00 1.686271e+00
218 3.897025e+00 1.688183e+00
219 3.890032e+00 1.690762e+00
220 3.881787e+00 1.707753e+00
221 3.914541e+00 1.729041e+00
222 3.915543e+00 1.738661e+00
223 3.920582e+00 1.742372e+00
224 3.920209e+00 1.740664e+00
225 3.897809e+00 1.745724e+00
226 3.888448e+00 1.751326e+00
227 3.891057e+00 1.748537e+00
228 3.904330e+00 1.742156e+00
229 3.912060e+00 1.749602e+00
230 3.905103e+00 1.751653e+00
231 3.917263e+00 1.758963e+00
232 3.881973e+00 1.773136e+00
233 3.907553e+00 1.786158e+00
234 3.921706e+00 1.767756e+00
235 3.940725e+00 1.767884e+00
236 3.942488e+00 1.770921e+00
237 3.942393e+00 1.774792e+00
238 3.954063e+00 1.761704e+00
239 3.946479e+00 1.797492e+00
240 3.962624e+00 1.784280e+00
241 3.942846e+00 1.766360e+00
242 3.943708e+00 1.764392e+00
243 3.932493e+00 1.773553e+00
244 3.932729e+00 1.747761e+00
245 3.936533e+00 1.749218e+00
246 3.907922e+00 1.781370e+00
247 3.885785e+00 1.788248e+00
248 3.888209e+00 1.782270e+00
249 3.885176e+00 1.774934e+00
250 3.907322e+00 1.780105e+00
251 3.913209e+00 1.779411e+00
252 3.900642e+00 1.780650e+00
253 3.889621e+00 1.779409e+00
254 3.877776e+00 1.779396e+00
255 3.887311e+00 1.883528e+00
256 3.852137e+00 1.900269e+00
257 3.851066e+00 1.902689e+00
258 3.868674e+00 1.882014e+00
259 3.867837e+00 1.910417e+00
260 3.853146e+00 1.925463e+00
261 3.851381e+00 1.926637e+00
262 3.822423e+00 1.949362e+00
263 3.819270e+00 1.943292e+00
264 3.840967e+00 2.026018e+00
265 3.813797e+00 2.026370e+00
266 3.815120e+00 2.025957e+00
267 3.815239e+00 2.026308e+00
268 3.781168e+00 1.989775e+00
269 3.798448e+00 2.042586e+00
270 3.795375e+00 2.039513e+00
271 3.796631e+00 2.053340e+00
272 3.784136e+00 2.052987e+00
273 3.783492e+00 2.042437e+00
274 3.797359e+00 2.041748e+00
275 3.788058e+00 2.038687e+00
276 3.796831e+00 2.055362e+00
277 3.671388e+00 2.014502e+00
278 3.671163e+00 2.012508e+00
279 3.675356e+00 2.011529e+00
280 3.684663e+00 2.001769e+00
281 3.692478e+00 1.971789e+00
282 3.694046e+00 1.990914e+00
283 3.711345e+00 1.997569e+00
284 3.706227e+00 1.997612e+00
285 3.703486e+00 1.995119e+00
286 3.703066e+00 1.996343e+00
287 3.687112e+00 1.987432e+00
288 3.729606e+00 1.999648e+00
289 3.747836e+00 1.993669e+00
290 3.769159e+00 1.984952e+00
291 3.766964e+00 1.976637e+00
292 3.767265e+00 1.976795e+00
293 3.768670e+00 1.970035e+00
294 3.771615e+00 1.964283e+00
295 3.762651e+00 1.950183e+00
296 3.777052e+00 1.925246e+00
297 3.767457e+00 1.914498e+00
298 3.878241e+00 1.902886e+00
299 3.895681e+00 1.933278e+00
300 3.887032e+00 1.924836e+00
301 3.867383e+00 1.920418e+00
302 3.869338e+00 1.854885e+00
303 3.872212e+00 1.862675e+00
304 3.853781e+00 1.870519e+00
305 3.913609e+00 1.912426e+00
306 3.910412e+00 1.920851e+00
307 3.925765e+00 1.907675e+00
308 3.926277e+00 1.907274e+00
309 3.923402e+00 1.905976e+00
310 3.904420e+00 1.908933e+00
311 3.917848e+00 1.936565e+00
312 3.981753e+00 1.907186e+00
313 3.970771e+00 1.909409e+00
314 3.976307e+00 1.905220e+00
315 3.931389e+00 1.862407e+00
316 3.946850e+00 1.847394e+00
317 3.931525e+00 1.865661e+00
318 3.992312e+00 1.915195e+00
319 4.004104e+00 1.918306e+00
320 4.026240e+00 1.911099e+00
321 3.978338e+00 1.905348e+00
322 3.974691e+00 1.906636e+00
323 3.965696e+00 1.935246e+00
324 3.947520e+00 1.934756e+00
325 3.949364e+00 1.929123e+00
326 3.942620e+00 1.937911e+00
327 3.963054e+00 1.941358e+00
328 3.973674e+00 1.877834e+00
329 3.983093e+00 1.858236e+00
330 3.996488e+00 1.857562e+00
331 3.970071e+00 1.858031e+00
332 3.967041e+00 1.881115e+00
333 3.947120e+00 1.866788e+00
334 3.948544e+00 1.862765e+00
335 3.953244e+00 1.857974e+00
336 3.943057e+00 1.866272e+00
337 3.951822e+00 1.894135e+00
338 3.983152e+00 1.912944e+00
339 4.010819e+00 1.909766e+00
340 4.004179e+00 1.915451e+00
341 3.980591e+00 1.903429e+00
342 3.963223e+00 1.911964e+00
343 3.956183e+00 1.917700e+00
344 3.956252e+00 1.917920e+00
345 3.945697e+00 1.902389e+00
346 3.941639e+00 1.910838e+00
347 3.957947e+00 1.913816e+00
348 3.948086e+00 1.928848e+00
349 3.948231e+00 1.928901e+00
350 3.952198e+00 1.935018e+00
351 3.953110e+00 1.930003e+00
352 3.920111e+00 1.936311e+00
353 3.939113e+00 1.956483e+00
354 3.931147e+00 1.993882e+00
355 3.896395e+00 1.991110e+00
356 3.956287e+00 1.993379e+00
357 3.973472e+00 1.988278e+00
358 3.982567e+00 1.951248e+00
359 3.991443e+00 1.910055e+00
360 3.988075e+00 1.902221e+00
361 3.996573e+00 1.888641e+00
362 3.997255e+00 1.899610e+00
363 4.006113e+00 1.898277e+00
364 4.003520e+00 1.894574e+00
365 4.001543e+00 1.900991e+00
366 3.985297e+00 1.890054e+00
367 3.990595e+00 1.891838e+00
368 3.984662e+00 1.896398e+00
369 4.002857e+00 1.897961e+00
370 4.033807e+00 1.933321e+00
371 4.051431e+00 1.959625e+00
372 4.046293e+00 1.958533e+00
373 4.046658e+00 1.966926e+00
374 4.027484e+00 1.980335e+00
375 4.024547e+00 2.032101e+00
376 4.027509e+00 2.079501e+00
377 4.026723e+00 2.108797e+00
378 4.026119e+00 2.106637e+00
379 4.019575e+00 2.090865e+00
380 4.024851e+00 2.085473e+00
381 4.045273e+00 2.063177e+00
382 4.081443e+00 2.069164e+00
383 4.119730e+00 2.034143e+00
384 4.135564e+00 2.077731e+00
385 4.146549e+00 2.068989e+00
386 4.149579e+00 2.056227e+00
387 4.152926e+00 2.055375e+00
388 4.122013e+00 2.070387e+00
389 4.121498e+00 2.074773e+00
390 4.120698e+00 2.084606e+00
391 4.116980e+00 2.073934e+00
392 4.108468e+00 2.116102e+00
393 4.127778e+00 2.119202e+00
394 4.130408e+00 2.121566e+00
395 4.106127e+00 2.155087e+00
396 4.106798e+00 2.154973e+00
397 4.107392e+00 2.116964e+00
398 4.109997e+00 2.115236e+00
399 4.099825e+00 2.128056e+00
400 4.100108e+00 2.158454e+00
401 4.119668e+00 2.177288e+00
402 4.120356e+00 2.180849e+00
403 4.113957e+00 2.204139e+00
404 4.102829e+00 2.217876e+00
405 4.107820e+00 2.225763e+00
406 4.082917e+00 2.233619e+00
407 4.069365e+00 2.214864e+00
408 4.083710e+00 2.211799e+00
409 4.081744e+00 2.213616e+00
410 4.085204e+00 2.220233e+00
411 4.085388e+00 2.220152e+00
412 4.112578e+00 2.220920e+00
413 4.104369e+00 2.214897e+00
414 4.100952e+00 2.216374e+00
415 4.095430e+00 2.245552e+00
416 4.085383e+00 2.241721e+00
417 4.087171e+00 2.257378e+00
418 4.085689e+00 2.260194e+00
419 4.040702e+00 2.362336e+00
420 4.054148e+00 2.360010e+00
421 4.141158e+00 2.460517e+00
422 4.132982e+00 2.453164e+00
423 4.130253e+00 2.485533e+00
424 4.108274e+00 2.485210e+00
425 4.100369e+00 2.474891e+00
426 4.086375e+00 2.524613e+00
427 4.082415e+00 2.531838e+00
428 4.087213e+00 2.531356e+00
429 4.093295e+00 2.551010e+00
430 4.088242e+00 2.553692e+00
431 4.086515e+00 2.558191e+00
432 4.086629e+00 2.558956e+00
433 4.097732e+00 2.580193e+00
434 4.099505e+00 2.569477e+00
435 4.106171e+00 2.565079e+00
436 4.114578e+00 2.566070e+00
437 4.115407e+00 2.563188e+00
438 4.103680e+00 2.577873e+00
439 4.103499e+00 2.487900e+00
440 4.120467e+00 2.480227e+00
441 4.121901e+00 2.478416e+00
442 4.124655e+00 2.479268e+00
443 4.131454e+00 2.491758e+00
444 4.125427e+00 2.497877e+00
445 4.119461e+00 2.470959e+00
446 4.113459e+00 2.483617e+00
447 4.137149e+00 2.467557e+00
448 4.135411e+00 2.464487e+00
449 4.126780e+00 2.468095e+00
450 4.129151e+00 2.471424e+00
451 4.113879e+00 2.469833e+00
452 4.096988e+00 2.513268e+00
453 4.088193e+00 2.519276e+00
454 4.136239e+00 2.524531e+00
455 4.138018e+00 2.523860e+00
456 4.153467e+00 2.511349e+00
457 4.130954e+00 2.509660e+00
458 4.161801e+00 2.544615e+00
459 4.183550e+00 2.516013e+00
460 4.182806e+00 2.514870e+00
461 4.202837e+00 2.542562e+00
462 4.207812e+00 2.539361e+00
463 4.183340e+00 2.519760e+00
464 4.201584e+00 2.524188e+00
465 4.179549e+00 2.516491e+00
466 4.227476e+00 2.475356e+00
467 4.221559e+00 2.476521e+00
468 4.267996e+00 2.487211e+00
469 4.261099e+00 2.462687e+00
470 4.247983e+00 2.473377e+00
471 4.199448e+00 2.504562e+00
472 4.221906e+00 2.467014e+00
473 4.237363e+00 2.461865e+00
474 4.225333e+00 2.471254e+00
475 4.225992e+00 2.504594e+00
476 4.192376e+00 2.500415e+00
477 4.171431e+00 2.483743e+00
478 4.175223e+00 2.488511e+00
479 4.240455e+00 2.543861e+00
480 4.228604e+00 2.554310e+00
481 4.215020e+00 2.556723e+00
482 4.175850e+00 2.561315e+00
483 4.176594e+00 2.563993e+00
484 4.188377e+00 2.558701e+00
485 4.184264e+00 2.541987e+00
486 4.186147e+00 2.538965e+00
487 4.185972e+00 2.538777e+00
488 4.190078e+00 2.631518e+00
489 4.194451e+00 2.625332e+00
490 4.192720e+00 2.627660e+00
491 4.186209e+00 2.623411e+00
492 4.190411e+00 2.626968e+00
493 4.191268e+00 2.617930e+00
494 4.187872e+00 2.612504e+00
495 4.186150e+00 2.609031e+00
496 4.186836e+00 2.609151e+00
497 4.166342e+00 2.654152e+00
498 4.146505e+00 2.654304e+00
499 4.154948e+00 2.652861e+00
500 4.156949e+00 2.643346e+00
501 4.173042e+00 2.644267e+00
502 4.169528e+00 2.652997e+00
503 4.169850e+00 2.618699e+00
504 4.159882e+00 2.659508e+00
505 4.145581e+00 2.675074e+00
506 4.150153e+00 2.660631e+00
507 4.249333e+00 2.727933e+00
508 4.260529e+00 2.722627e+00
509 4.272854e+00 2.735657e+00
510 4.262486e+00 2.738847e+00
511 4.248378e+00 2.761371e+00
512 4.238017e+00 2.746920e+00
513 4.239325e+00 2.747165e+00
514 4.259520e+00 2.721280e+00
515 4.255206e+00 2.723087e+00
516 4.259919e+00 2.695880e+00
517 4.266720e+00 2.699303e+00
518 4.268749e+00 2.690354e+00
519 4.251411e+00 2.704632e+00
520 4.239545e+00 2.705373e+00
521 4.232591e+00 2.709753e+00
522 4.234837e+00 2.708347e+00
523 4.233387e+00 2.702776e+00
524 4.235888e+00 2.688617e+00
525 4.208458e+00 2.683591e+00
526 4.227183e+00 2.728234e+00
527 4.226931e+00 2.728315e+00
528 4.222915e+00 2.724063e+00
529 4.211410e+00 2.735874e+00
530 4.227413e+00 2.722793e+00
531 4.227439e+00 2.722393e+00
532 4.230811e+00 2.739171e+00
533 4.257326e+00 2.754193e+00
534 4.253810e+00 2.751193e+00
535 4.257950e+00 2.751788e+00
536 4.263779e+00 2.741342e+00
537 4.244767e+00 2.740176e+00
538 4.241104e+00 2.742895e+00
539 4.231322e+00 2.734503e+00
540 4.225940e+00 2.743305e+00
541 4.196867e+00 2.774768e+00
542 4.191543e+00 2.758078e+00
543 4.198966e+00 2.759279e+00
544 4.219839e+00 2.768926e+00
545 4.222549e+00 2.764451e+00
546 4.221838e+00 2.760045e+00
547 4.172731e+00 2.720876e+00
548 4.195195e+00 2.732016e+00
549 4.188774e+00 2.692134e+00
550 4.183717e+00 2.732247e+00
551 4.182059e+00 2.733075e+00
552 4.183735e+00 2.730737e+00
553 4.194993e+00 2.716450e+00
554 4.196657e+00 2.720813e+00
555 4.231353e+00 2.684514e+00
556 4.235012e+00 2.677684e+00
557 4.240552e+00 2.684184e+00
558 4.256762e+00 2.705902e+00
559 4.215057e+00 2.731271e+00
560 4.239320e+00 2.743200e+00
561 4.252281e+00 2.734418e+00
562 4.250005e+00 2.736141e+00
563 4.243420e+00 2.731931e+00
564 4.259876e+00 2.715005e+00
565 4.251352e+00 2.713273e+00
566 4.258957e+00 2.714758e+00
567 4.247206e+00 2.682646e+00
568 4.248273e+00 2.686129e+00
569 4.251082e+00 2.685137e+00
570 4.256762e+00 2.694880e+00
571 4.264319e+00 2.670882e+00
572 4.262592e+00 2.683606e+00
573 4.258909e+00 2.677095e+00
574 4.245901e+00 2.712401e+00
575 4.249070e+00 2.693012e+00
576 4.248808e+00 2.690780e+00
577 4.250528e+00 2.697580e+00
578 4.243553e+00 2.720667e+00
579 4.230046e+00 2.697585e+00
580 4.178435e+00 2.710990e+00
581 4.181223e+00 2.719054e+00
582 4.185191e+00 2.720012e+00
583 4.180612e+00 2.730706e+00
584 4.182470e+00 2.737817e+00
585 4.167979e+00 2.755429e+00
586 4.150016e+00 2.769540e+00
587 4.132037e+00 2.769109e+00
588 4.132766e+00 2.768071e+00
589 4.122789e+00 2.754245e+00
590 4.108740e+00 2.749937e+00
591 4.116923e+00 2.743392e+00
592 4.111919e+00 2.752011e+00
593 4.112159e+00 2.752113e+00
594 4.103731e+00 2.760760e+00
595 4.129166e+00 2.754487e+00
596 4.162071e+00 2.773466e+00
597 4.129518e+00 2.795643e+00
598 4.126458e+00 2.807284e+00
599 4.129549e+00 2.800198e+00
600 4.134764e+00 2.793451e+00
601 4.143273e+00 2.809038e+00
602 4.134106e+00 2.812560e+00
603 4.152302e+00 2.832771e+00
604 4.179025e+00 2.797264e+00
605 4.183706e+00 2.793957e+00
606 4.192698e+00 2.791998e+00
607 4.194878e+00 2.777984e+00
608 4.192830e+00 2.784229e+00
609 4.204281e+00 2.771124e+00
610 4.202408e+00 2.769086e+00
611 4.196559e+00 2.767019e+00
612 4.191434e+00 2.774733e+00
613 4.152284e+00 2.708639e+00
614 4.183159e+00 2.717323e+00
615 4.180791e+00 2.717641e+00
616 4.186172e+00 2.685319e+00
617 4.173790e+00 2.686763e+00
618 4.181348e+00 2.707036e+00
619 4.178445e+00 2.715631e+00
620 4.178521e+00 2.712903e+00
621 4.204475e+00 2.691082e+00
622 4.205998e+00 2.693764e+00
623 4.188451e+00 2.681418e+00
624 4.186568e+00 2.684319e+00
625 4.201245e+00 2.672117e+00
626 4.196277e+00 2.674905e+00
627 4.186786e+00 2.654009e+00
628 4.180117e+00 2.654871e+00
629 4.178218e+00 2.652319e+00
630 4.227244e+00 2.692481e+00
631 4.215823e+00 2.682176e+00
632 4.206981e+00 2.637993e+00
633 4.160873e+00 2.608297e+00
634 4.153924e+00 2.577641e+00
635 4.155892e+00 2.586677e+00
636 4.168155e+00 2.567852e+00
637 4.168404e+00 2.567854e+00
638 4.173035e+00 2.592274e+00
639 4.141462e+00 2.602098e+00
640 4.125823e+00 2.628269e+00
641 4.126885e+00 2.628012e+00
642 4.173266e+00 2.623909e+00
643 4.185988e+00 2.615086e+00
644 4.185346e+00 2.615044e+00
645 4.184154e+00 2.614835e+00
646 4.164416e+00 2.604313e+00
647 4.174712e+00 2.598558e+00
648 4.180064e+00 2.597245e+00
649 4.177403e+00 2.608344e+00
650 4.162724e+00 2.588130e+00
651 4.191528e+00 2.586061e+00
652 4.215595e+00 2.582461e+00
653 4.217129e+00 2.583374e+00
654 4.216539e+00 2.592393e+00
655 4.176685e+00 2.618339e+00
656 4.166323e+00 2.623068e+00
657 4.153069e+00 2.623308e+00
658 4.156363e+00 2.618506e+00
659 4.140515e+00 2.576252e+00
660 4.138885e+00 2.568038e+00
661 4.148054e+00 2.549367e+00
662 4.123830e+00 2.558280e+00
663 4.108790e+00 2.576068e+00
664 4.115855e+00 2.616053e+00
665 4.117555e+00 2.604260e+00
666 4.092031e+00 2.566375e+00
667 4.089532e+00 2.563116e+00
668 4.120205e+00 2.550533e+00
669 4.113241e+00 2.504123e+00
670 4.107845e+00 2.558504e+00
671 4.103876e+00 2.561444e+00
672 4.105468e+00 2.559840e+00
673 4.083638e+00 2.570737e+00
674 4.079607e+00 2.573408e+00
675 4.093418e+00 2.571787e+00
676 4.100147e+00 2.571182e+00
677 4.100496e+00 2.594139e+00
678 4.091019e+00 2.582365e+00
679 4.093343e+00 2.588001e+00
680 4.034602e+00 2.578217e+00
681 4.028526e+00 2.550755e+00
682 4.025245e+00 2.554409e+00
683 4.024070e+00 2.556754e+00
684 4.029129e+00 2.551437e+00
685 4.031538e+00 2.540736e+00
686 4.025622e+00 2.541366e+00
687 4.005386e+00 2.553108e+00
688 4.009400e+00 2.554424e+00
689 4.009333e+00 2.554422e+00
690 3.978455e+00 2.577279e+00
691 3.985196e+00 2.585142e+00
692 3.980833e+00 2.585939e+00
693 3.992959e+00 2.591096e+00
694 4.027075e+00 2.590262e+00
695 4.021179e+00 2.592206e+00
696 3.990396e+00 2.580782e+00
697 3.993051e+00 2.579555e+00
698 3.988580e+00 2.582815e+00
699 3.992353e+00 2.588604e+00
700 3.990684e+00 2.591833e+00
701 3.952310e+00 2.490055e+00
702 3.963579e+00 2.491407e+00
703 3.925781e+00 2.484151e+00
704 3.925543e+00 2.487987e+00
705 3.902681e+00 2.489319e+00
706 3.840351e+00 2.456066e+00
707 3.850248e+00 2.447629e+00
708 3.907377e+00 2.519949e+00
709 3.902924e+00 2.521812e+00
710 3.865305e+00 2.502662e+00
711 3.863157e+00 2.500670e+00
712 3.886079e+00 2.496385e+00
713 3.886622e+00 2.497863e+00
714 3.897180e+00 2.489469e+00
715 3.882022e+00 2.507052e+00
716 3.880693e+00 2.508021e+00
717 3.881931e+00 2.507966e+00
718 3.891559e+00 2.514018e+00
719 3.898113e+00 2.544027e+00
720 3.887735e+00 2.505664e+00
721 3.886097e+00 2.498682e+00
722 3.887755e+00 2.508588e+00
723 3.884015e+00 2.500253e+00
724 3.879200e+00 2.493131e+00
725 3.877089e+00 2.500388e+00
726 3.918993e+00 2.489947e+00
727 3.921431e+00 2.467298e+00
728 3.932747e+00 2.497233e+00
729 3.908098e+00 2.448752e+00
730 3.910690e+00 2.450127e+00
731 3.942211e+00 2.451258e+00
732 3.938592e+00 2.451852e+00
733 3.925351e+00 2.434843e+00
734 3.911989e+00 2.441159e+00
735 3.894407e+00 2.440789e+00
736 3.897697e+00 2.458574e+00
737 3.894176e+00 2.458385e+00
738 3.904992e+00 2.451850e+00
739 3.913521e+00 2.451888e+00
740 3.920857e+00 2.455231e+00
741 3.925696e+00 2.468583e+00
742 3.953779e+00 2.455004e+00
743 3.957280e+00 2.445197e+00
744 3.958084e+00 2.446830e+00
745 3.955888e+00 2.446676e+00
746 3.939849e+00 2.460544e+00
747 3.952511e+00 2.457817e+00
748 3.985857e+00 2.468717e+00
749 3.978603e+00 2.465093e+00
750 3.978589e+00 2.465109e+00
751 3.930320e+00 2.483541e+00
752 3.965277e+00 2.562503e+00
753 3.979055e+00 2.566208e+00
754 3.983625e+00 2.569065e+00
755 3.999367e+00 2.579504e+00
756 4.030903e+00 2.563032e+00
757 4.009994e+00 2.512424e+00
758 4.017036e+00 2.513729e+00
759 4.011514e+00 2.533510e+00
760 4.007042e+00 2.527596e+00
761 4.027985e+00 2.527701e+00
762 3.987276e+00 2.498716e+00
763 3.986750e+00 2.498359e+00
764 3.988629e+00 2.502536e+00
765 4.027108e+00 2.497829e+00
766 4.056345e+00 2.506203e+00
767 4.054508e+00 2.507930e+00
768 4.061349e+00 2.529359e+00
769 4.140324e+00 2.532706e+00
770 4.169497e+00 2.512328e+00
771 4.163792e+00 2.501283e+00
772 4.169841e+00 2.511257e+00
773 4.154985e+00 2.471284e+00
774 4.145829e+00 2.465191e+00
775 4.120006e+00 2.518139e+00
776 4.108261e+00 2.553056e+00
777 4.153828e+00 2.532154e+00
778 4.147975e+00 2.531545e+00
779 4.104301e+00 2.515586e+00
780 4.138254e+00 2.517618e+00
781 4.144937e+00 2.512897e+00
782 4.142043e+00 2.518806e+00
783 4.136753e+00 2.516632e+00
784 4.154047e+00 2.514415e+00
785 4.145574e+00 2.486682e+00
786 4.155598e+00 2.473634e+00
787 4.208312e+00 2.490183e+00
788 4.204650e+00 2.492970e+00
789 4.191161e+00 2.506558e+00
790 4.190088e+00 2.505320e+00
791 4.197408e+00 2.502929e+00
792 4.169210e+00 2.502934e+00
793 4.148851e+00 2.498528e+00
794 4.125658e+00 2.447693e+00
795 4.114245e+00 2.460332e+00
796 4.138203e+00 2.438173e+00
797 4.134636e+00 2.437579e+00
798 4.135911e+00 2.434861e+00
799 4.101860e+00 2.425533e+00
800 4.105560e+00 2.423975e+00
801 4.105820e+00 2.423962e+00
802 4.104664e+00 2.419879e+00
803 4.107978e+00 2.427232e+00
804 4.135229e+00 2.429602e+00
805 4.171000e+00 2.433271e+00
806 4.174212e+00 2.439747e+00
807 4.168811e+00 2.416840e+00
808 4.187643e+00 2.405686e+00
809 4.187035e+00 2.405421e+00
810 4.172473e+00 2.391199e+00
811 4.174312e+00 2.393073e+00
812 4.167783e+00 2.389126e+00
813 4.168365e+00 2.381118e+00
814 4.164048e+00 2.376585e+00
815 4.176387e+00 2.369306e+00
816 4.183133e+00 2.370379e+00
817 4.140524e+00 2.321518e+00
818 4.160183e+00 2.371676e+00
819 4.160922e+00 2.375182e+00
820 4.156956e+00 2.369706e+00
821 4.153070e+00 2.372143e+00
822 4.139011e+00 2.375217e+00
823 4.137555e+00 2.370332e+00
824 4.119168e+00 2.340989e+00
825 4.126070e+00 2.342014e+00
826 4.130881e+00 2.347847e+00
827 4.185639e+00 2.323986e+00
828 4.192683e+00 2.338136e+00
829 4.176847e+00 2.331876e+00
830 4.186614e+00 2.355010e+00
831 4.191858e+00 2.348608e+00
832 4.182881e+00 2.385703e+00
833 4.175846e+00 2.385374e+00
834 4.195250e+00 2.385079e+00
835 4.195917e+00 2.384704e+00
836 4.194556e+00 2.384745e+00
837 4.195107e+00 2.399570e+00
838 4.189099e+00 2.393516e+00
839 4.177839e+00 2.350291e+00
840 4.110088e+00 2.403406e+00
841 4.114858e+00 2.402998e+00
842 4.115815e+00 2.403944e+00
843 4.112284e+00 2.403855e+00
844 4.144827e+00 2.375325e+00
845 4.096857e+00 2.377217e+00
846 4.109767e+00 2.340987e+00
847 4.110517e+00 2.340998e+00
848 4.106448e+00 2.336671e+00
849 4.108649e+00 2.341990e+00
850 4.091047e+00 2.336306e+00
851 4.043051e+00 2.311274e+00
852 4.061561e+00 2.305260e+00
853 4.133197e+00 2.299468e+00
854 4.138817e+00 2.316163e+00
855 4.173330e+00 2.297674e+00
856 4.185102e+00 2.287340e+00
857 4.187871e+00 2.288970e+00
858 4.178674e+00 2.294731e+00
859 4.175720e+00 2.295417e+00
860 4.160413e+00 2.274213e+00
861 4.160482e+00 2.274255e+00
862 4.153748e+00 2.282192e+00
863 4.184685e+00 2.304299e+00
864 4.176179e+00 2.323642e+00
865 4.131006e+00 2.342943e+00
866 4.162481e+00 2.355753e+00
867 4.168116e+00 2.346623e+00
868 4.176859e+00 2.356395e+00
869 4.198217e+00 2.277236e+00
870 4.214331e+00 2.289700e+00
871 4.213574e+00 2.286618e+00
872 4.204300e+00 2.282609e+00
873 4.205001e+00 2.283116e+00
874 4.213193e+00 2.298471e+00
875 4.230733e+00 2.275276e+00
876 4.229256e+00 2.264657e+00
877 4.192221e+00 2.292254e+00
878 4.175533e+00 2.267278e+00
879 4.186457e+00 2.269079e+00
880 4.175341e+00 2.241418e+00
881 4.182223e+00 2.243282e+00
882 4.169522e+00 2.254568e+00
883 4.175397e+00 2.254042e+00
884 4.173189e+00 2.228652e+00
885 4.176800e+00 2.225669e+00
886 4.174369e+00 2.225456e+00
887 4.176537e+00 2.225046e+00
888 4.174143e+00 2.224407e+00
889 4.190302e+00 2.266896e+00
890 4.188876e+00 2.269190e+00
891 4.176912e+00 2.300718e+00
892 4.203069e+00 2.283688e+00
893 4.190979e+00 2.297852e+00
894 4.195385e+00 2.295241e+00
895 4.191141e+00 2.292336e+00
896 4.167311e+00 2.271752e+00
897 4.149308e+00 2.264963e+00
898 4.159248e+00 2.276446e+00
899 4.200467e+00 2.339078e+00
900 4.190044e+00 2.288018e+00
901 4.192070e+00 2.287971e+00
902 4.237362e+00 2.331601e+00
903 4.233895e+00 2.331244e+00
904 4.202346e+00 2.310563e+00
905 4.202009e+00 2.315958e+00
906 4.183076e+00 2.308261e+00
907 4.182673e+00 2.308430e+00
908 4.206906e+00 2.262149e+00
909 4.206456e+00 2.262566e+00
910 4.214855e+00 2.260819e+00
911 4.214778e+00 2.260653e+00
912 4.228839e+00 2.277099e+00
913 4.223166e+00 2.281101e+00
914 4.215823e+00 2.274408e+00
915 4.249204e+00 2.275530e+00
916 4.248785e+00 2.276039e+00
917 4.252460e+00 2.292515e+00
918 4.240696e+00 2.310489e+00
919 4.249087e+00 2.314443e+00
920 4.239801e+00 2.304927e+00
921 4.240710e+00 2.304451e+00
922 4.249616e+00 2.336563e+00
923 4.255484e+00 2.331813e+00
924 4.264402e+00 2.322921e+00
925 4.249509e+00 2.296118e+00
926 4.240588e+00 2.291390e+00
927 4.258177e+00 2.321011e+00
928 4.267987e+00 2.312089e+00
929 4.270870e+00 2.308379e+00
930 4.299116e+00 2.310141e+00
931 4.293761e+00 2.326862e+00
932 4.302527e+00 2.340199e+00
933 4.309783e+00 2.337935e+00
934 4.310634e+00 2.337350e+00
935 4.308946e+00 2.343353e+00
936 4.322217e+00 2.356294e+00
937 4.306463e+00 2.337170e+00
938 4.316113e+00 2.328809e+00
939 4.298565e+00 2.311111e+00
940 4.299168e+00 2.313327e+00
941 4.304106e+00 2.307044e+00
942 4.259860e+00 2.326001e+00
943 4.260277e+00 2.327159e+00
944 4.254430e+00 2.318865e+00
945 4.234355e+00 2.329966e+00
946 4.217597e+00 2.349543e+00
947 4.217661e+00 2.349531e+00
948 4.238459e+00 2.358840e+00
949 4.236649e+00 2.362241e+00
950 4.234308e+00 2.364938e+00
951 4.223606e+00 2.372955e+00
952 4.244518e+00 2.377650e+00
953 4.235426e+00 2.380540e+00
954 4.237278e+00 2.380796e+00
955 4.242960e+00 2.372526e+00
956 4.228429e+00 2.393557e+00
957 4.183287e+00 2.465861e+00
958 4.181793e+00 2.469616e+00
959 4.181656e+00 2.470876e+00
960 4.182782e+00 2.458893e+00
961 4.202689e+00 2.468236e+00
962 4.216585e+00 2.452120e+00
963 4.252195e+00 2.474512e+00
964 4.224039e+00 2.455508e+00
965 4.221602e+00 2.453772e+00
966 4.243250e+00 2.456948e+00
967 4.252856e+00 2.434616e+00
968 4.228545e+00 2.385850e+00
969 4.234344e+00 2.377845e+00
970 4.238637e+00 2.376365e+00
971 4.245029e+00 2.385845e+00
972 4.258987e+00 2.373262e+00
973 4.264409e+00 2.368874e+00
974 4.265043e+00 2.368126e+00
975 4.244782e+00 2.350092e+00
976 4.244512e+00 2.349873e+00
977 4.261206e+00 2.333313e+00
978 4.277752e+00 2.320079e+00
979 4.268241e+00 2.346186e+00
980 4.273061e+00 2.400780e+00
981 4.283757e+00 2.406359e+00
982 4.284386e+00 2.397171e+00
983 4.276533e+00 2.400382e+00
984 4.303580e+00 2.413544e+00
985 4.303042e+00 2.415793e+00
986 4.310345e+00 2.417811e+00
987 4.291383e+00 2.433655e+00
988 4.293433e+00 2.423631e+00
989 4.298689e+00 2.424539e+00
990 4.288685e+00 2.415793e+00
991 4.261948e+00 2.429479e+00
992 4.265718e+00 2.427413e+00
993 4.265234e+00 2.427395e+00
994 4.261531e+00 2.431527e+00
995 4.265065e+00 2.442846e+00
996 4.265850e+00 2.433803e+00
997 4.273186e+00 2.436608e+00
998 4.272121e+00 2.444270e+00
999 4.289397e+00 2.436035e+00
1000 4.285595e+00 2.452268e+00
1001 4.295295e+00 2.423372e+00
1002 4.273523e+00 2.437572e+00
1003 4.265464e+00 2.428160e+00
1004 4.265725e+00 2.426510e+00
1005 4.241568e+00 2.405848e+00
1006 4.227646e+00 2.397173e+00
1007 4.206522e+00 2.424601e+00
1008 4.200911e+00 2.450642e+00
1009 4.213750e+00 2.461551e+00
1010 4.230834e+00 2.440953e+00
1011 4.231541e+00 2.441532e+00
1012 4.239245e+00 2.432326e+00
1013 4.238640e+00 2.459087e+00
1014 4.250910e+00 2.520554e+00
1015 4.244983e+00 2.516896e+00
1016 4.255392e+00 2.577256e+00
1017 4.248966e+00 2.615561e+00
1018 4.216805e+00 2.601506e+00
1019 4.217800e+00 2.601276e+00
1020 4.204349e+00 2.617902e+00
1021 4.205048e+00 2.628488e+00
1022 4.208247e+00 2.630680e+00
1023 4.213255e+00 2.626249e+00
1024 4.155179e+00 2.700531e+00
1025 4.248851e+00 2.758307e+00
1026 4.283098e+00 2.763082e+00
1027 4.300710e+00 2.740833e+00
1028 4.285846e+00 2.729604e+00
1029 4.293061e+00 2.769698e+00
1030 4.302190e+00 2.734682e+00
1031 4.292383e+00 2.769876e+00
1032 4.259283e+00 2.795918e+00
1033 4.262595e+00 2.790006e+00
1034 4.260357e+00 2.782466e+00
1035 4.256946e+00 2.790351e+00
1036 4.308353e+00 2.745834e+00
1037 4.323807e+00 2.723965e+00
1038 4.325167e+00 2.727320e+00
1039 4.327771e+00 2.726892e+00
1040 4.324714e+00 2.734707e+00
1041 4.328993e+00 2.752175e+00
1042 4.332756e+00 2.718028e+00
1043 4.338205e+00 2.716691e+00
1044 4.336915e+00 2.722015e+00
1045 4.330104e+00 2.739971e+00
1046 4.335495e+00 2.750704e+00
1047 4.342099e+00 2.750996e+00
1048 4.359282e+00 2.781417e+00
1049 4.363345e+00 2.774792e+00
1050 4.417357e+00 2.758684e+00
1051 4.423270e+00 2.764124e+00
1052 4.423082e+00 2.766547e+00
1053 4.428656e+00 2.770806e+00
1054 4.427921e+00 2.774946e+00
1055 4.423247e+00 2.773880e+00
1056 4.445588e+00 2.774511e+00
1057 4.441038e+00 2.766855e+00
1058 4.441306e+00 2.763180e+00
1059 4.444565e+00 2.728312e+00
1060 4.445898e+00 2.729457e+00
1061 4.423650e+00 2.716123e+00
1062 4.406214e+00 2.722779e+00
1063 4.400207e+00 2.731450e+00
1064 4.438834e+00 2.728109e+00
1065 4.444506e+00 2.730576e+00
1066 4.444726e+00 2.731232e+00
1067 4.451187e+00 2.734524e+00
1068 4.451033e+00 2.733494e+00
1069 4.463368e+00 2.735922e+00
1070 4.403907e+00 2.777425e+00
1071 4.407231e+00 2.803356e+00
1072 4.401428e+00 2.808975e+00
1073 4.370420e+00 2.823771e+00
1074 4.363450e+00 2.807514e+00
1075 4.366229e+00 2.807566e+00
1076 4.369393e+00 2.817329e+00
1077 4.369197e+00 2.817870e+00
1078 4.349989e+00 2.854807e+00
1079 4.345042e+00 2.827510e+00
1080 4.387775e+00 2.841761e+00
1081 4.362515e+00 2.848518e+00
1082 4.383449e+00 2.837403e+00
1083 4.378427e+00 2.831210e+00
1084 4.379969e+00 2.862029e+00
1085 4.373318e+00 2.867117e+00
1086 4.368864e+00 2.859373e+00
1087 4.370598e+00 2.860214e+00
1088 4.368136e+00 2.859312e+00
1089 4.366629e+00 2.858647e+00
1090 4.369527e+00 2.846899e+00
1091 4.360053e+00 2.865257e+00
1092 4.343151e+00 2.868676e+00
1093 4.339635e+00 2.874173e+00
1094 4.321251e+00 2.881711e+00
1095 4.286056e+00 2.872773e+00
1096 4.316592e+00 2.871057e+00
1097 4.353884e+00 2.880277e+00
1098 4.329215e+00 2.864497e+00
1099 4.327256e+00 2.857802e+00
1100 4.354209e+00 2.854548e+00
1101 4.323230e+00 2.897949e+00
1102 4.311908e+00 2.918599e+00
1103 4.275593e+00 2.963262e+00
1104 4.286395e+00 2.992805e+00
1105 4.298795e+00 2.979780e+00
1106 4.305387e+00 3.020318e+00
