0 2.237880e+00 1.594177e+00
1 2.244959e+00 1.592559e+00
2 2.232384e+00 1.598116e+00
3 2.195668e+00 1.603621e+00
4 2.190138e+00 1.592538e+00
5 2.183125e+00 1.598408e+00
6 2.172140e+00 1.607761e+00
7 2.171396e+00 1.603228e+00
8 2.170683e+00 1.609766e+00
9 2.204938e+00 1.649159e+00
10 2.190698e+00 1.660276e+00
11 2.184910e+00 1.659545e+00
12 2.186679e+00 1.649077e+00
13 2.205130e+00 1.634180e+00
14 2.214763e+00 1.637098e+00
15 2.213539e+00 1.581589e+00
16 2.205009e+00 1.585728e+00
17 2.202116e+00 1.599659e+00
18 2.202476e+00 1.599822e+00
19 2.165925e+00 1.582658e+00
20 2.148580e+00 1.596928e+00
21 2.149895e+00 1.603192e+00
22 2.162068e+00 1.571494e+00
23 2.159846e+00 1.575220e+00
24 2.177512e+00 1.544347e+00
25 2.170499e+00 1.548620e+00
26 2.164080e+00 1.523792e+00
27 2.168414e+00 1.526639e+00
28 2.164643e+00 1.534395e+00
29 2.173272e+00 1.550545e+00
30 2.162913e+00 1.559207e+00
31 2.162557e+00 1.559524e+00
32 2.116779e+00 1.590847e+00
33 2.092609e+00 1.567498e+00
34 2.096174e+00 1.576861e+00
35 2.096531e+00 1.581087e+00
36 2.099883e+00 1.586714e+00
37 2.099775e+00 1.586925e+00
38 2.105741e+00 1.587936e+00
39 2.059876e+00 1.559201e+00
40 2.060588e+00 1.556539e+00
41 2.034763e+00 1.590864e+00
42 2.037560e+00 1.591696e+00
43 2.049741e+00 1.512809e+00
44 2.045380e+00 1.498590e+00
45 2.044838e+00 1.497012e+00
46 2.043585e+00 1.504826e+00
47 2.060917e+00 1.508182e+00
48 2.042238e+00 1.500440e+00
49 2.098495e+00 1.558141e+00
50 2.094627e+00 1.555426e+00
51 2.093777e+00 1.555724e+00
52 2.033200e+00 1.492485e+00
53 2.026017e+00 1.495768e+00
54 1.997102e+00 1.474751e+00
55 2.001133e+00 1.484926e+00
56 2.007971e+00 1.506093e+00
57 2.004542e+00 1.513073e+00
58 2.003194e+00 1.510653e+00
59 2.001391e+00 1.513499e+00
60 1.986567e+00 1.502141e+00
61 1.995038e+00 1.510619e+00
62 1.986869e+00 1.519723e+00
63 1.987607e+00 1.520864e+00
64 2.041790e+00 1.540627e+00
65 2.042056e+00 1.539827e+00
66 2.040335e+00 1.539019e+00
67 2.040653e+00 1.539669e+00
68 2.048757e+00 1.537486e+00
69 2.059286e+00 1.456936e+00
70 2.068212e+00 1.461349e+00
71 2.071184e+00 1.462112e+00
72 2.070198e+00 1.460317e+00
73 2.056002e+00 1.463972e+00
74 2.047541e+00 1.476462e+00
75 2.040609e+00 1.467071e+00
76 1.998630e+00 1.453541e+00
77 1.998210e+00 1.453542e+00
78 2.030927e+00 1.437021e+00
79 2.042171e+00 1.403724e+00
80 2.048772e+00 1.410487e+00
81 2.094214e+00 1.417328e+00
82 2.087315e+00 1.416906e+00
83 2.094178e+00 1.427469e+00
84 2.064252e+00 1.409720e+00
85 2.052121e+00 1.404562e+00
86 2.095243e+00 1.435268e+00
87 2.100602e+00 1.438269e+00
88 2.090026e+00 1.454114e+00
89 2.078163e+00 1.439657e+00
90 2.076796e+00 1.415987e+00
91 2.066120e+00 1.405341e+00
92 2.048369e+00 1.414415e+00
93 2.048376e+00 1.415080e+00
94 2.043667e+00 1.436871e+00
95 2.035853e+00 1.414996e+00
96 2.027512e+00 1.417008e+00
97 2.036226e+00 1.423281e+00
98 2.036782e+00 1.436302e+00
99 2.038590e+00 1.442688e+00
100 2.021022e+00 1.414756e+00
101 2.011177e+00 1.399131e+00
102 2.004944e+00 1.405478e+00
103 2.030709e+00 1.375696e+00
104 2.030800e+00 1.354367e+00
105 2.030042e+00 1.346110e+00
106 2.031552e+00 1.334974e+00
107 2.041270e+00 1.340383e+00
108 2.041345e+00 1.340386e+00
109 2.037954e+00 1.338437e+00
110 2.027609e+00 1.349061e+00
111 2.024222e+00 1.351761e+00
112 2.024108e+00 1.351545e+00
113 2.018260e+00 1.360536e+00
114 2.014817e+00 1.360021e+00
115 2.013163e+00 1.357223e+00
116 2.019105e+00 1.315222e+00
117 2.022085e+00 1.309999e+00
118 2.029190e+00 1.304384e+00
119 2.019101e+00 1.321819e+00
120 2.025217e+00 1.323444e+00
121 2.023366e+00 1.320920e+00
122 2.017515e+00 1.326242e+00
123 2.035426e+00 1.311957e+00
124 2.038736e+00 1.311717e+00
125 2.040400e+00 1.308014e+00
126 2.043103e+00 1.302586e+00
127 2.045581e+00 1.299371e+00
128 2.031532e+00 1.308735e+00
129 2.032694e+00 1.311992e+00
130 2.033761e+00 1.318955e+00
131 2.029894e+00 1.320478e+00
132 2.029716e+00 1.320581e+00
133 2.030194e+00 1.324963e+00
134 2.059917e+00 1.328946e+00
135 2.047377e+00 1.346866e+00
136 2.069473e+00 1.362889e+00
137 2.063634e+00 1.355205e+00
138 2.063587e+00 1.355463e+00
139 2.148295e+00 1.366451e+00
140 2.186272e+00 1.373874e+00
141 2.251716e+00 1.415107e+00
142 2.255920e+00 1.419675e+00
143 2.257545e+00 1.419756e+00
144 2.242843e+00 1.410909e+00
145 2.264602e+00 1.392870e+00
146 2.262498e+00 1.375674e+00
147 2.285914e+00 1.400744e+00
148 2.285651e+00 1.399172e+00
149 2.285605e+00 1.399169e+00
150 2.285682e+00 1.399089e+00
151 2.268154e+00 1.411042e+00
152 2.324330e+00 1.424090e+00
153 2.317541e+00 1.425750e+00
154 2.347039e+00 1.444688e+00
155 2.362433e+00 1.429509e+00
156 2.360926e+00 1.436137e+00
157 2.413843e+00 1.435645e+00
158 2.404816e+00 1.443196e+00
159 2.407333e+00 1.430973e+00
160 2.402501e+00 1.455242e+00
161 2.402973e+00 1.455747e+00
162 2.443362e+00 1.456207e+00
163 2.443670e+00 1.449795e+00
164 2.448931e+00 1.447575e+00
165 2.494491e+00 1.478129e+00
166 2.494394e+00 1.478117e+00
167 2.497733e+00 1.480813e+00
168 2.454150e+00 1.464318e+00
169 2.452987e+00 1.461087e+00
170 2.442676e+00 1.461927e+00
171 2.427832e+00 1.458040e+00
172 2.437468e+00 1.454812e+00
173 2.424999e+00 1.438099e+00
174 2.438048e+00 1.445579e+00
175 2.446301e+00 1.452821e+00
176 2.441875e+00 1.438088e+00
177 2.438080e+00 1.445666e+00
178 2.442430e+00 1.439956e+00
179 2.438472e+00 1.437258e+00
180 2.454286e+00 1.457484e+00
181 2.455810e+00 1.458887e+00
182 2.449052e+00 1.458412e+00
183 2.457455e+00 1.445369e+00
184 2.456889e+00 1.442676e+00
185 2.459763e+00 1.442536e+00
186 2.455774e+00 1.419658e+00
187 2.444015e+00 1.441563e+00
188 2.440777e+00 1.450669e+00
189 2.406433e+00 1.425163e+00
190 2.402707e+00 1.426157e+00
191 2.400365e+00 1.427285e+00
192 2.414217e+00 1.403779e+00
193 2.433653e+00 1.372923e+00
194 2.448460e+00 1.363541e+00
195 2.448445e+00 1.363530e+00
196 2.449417e+00 1.355909e+00
197 2.438926e+00 1.353710e+00
198 2.442794e+00 1.366150e+00
199 2.447625e+00 1.375250e+00
200 2.444585e+00 1.374402e+00
201 2.436796e+00 1.373834e+00
202 2.462307e+00 1.401856e+00
203 2.470295e+00 1.425232e+00
204 2.475572e+00 1.396183e+00
205 2.476134e+00 1.470146e+00
206 2.484526e+00 1.467531e+00
207 2.487836e+00 1.469521e+00
208 2.491578e+00 1.477741e+00
209 2.498924e+00 1.457046e+00
210 2.500809e+00 1.405928e+00
211 2.502755e+00 1.404515e+00
212 2.498632e+00 1.414763e+00
213 2.533171e+00 1.369409e+00
214 2.491054e+00 1.395541e+00
215 2.485539e+00 1.396211e+00
216 2.513390e+00 1.404845e+00
217 2.519954e+00 1.417598e+00
218 2.538703e+00 1.425845e+00
219 2.524591e+00 1.424900e+00
220 2.505626e+00 1.425721e+00
221 2.514491e+00 1.430549e+00
222 2.520461e+00 1.444668e+00
223 2.518175e+00 1.450197e+00
224 2.524715e+00 1.460860e+00
225 2.543973e+00 1.452499e+00
226 2.544536e+00 1.449333e+00
227 2.548400e+00 1.448989e+00
228 2.564399e+00 1.421001e+00
229 2.564467e+00 1.421040e+00
230 2.588290e+00 1.400907e+00
231 2.582497e+00 1.417390e+00
232 2.596303e+00 1.429031e+00
233 2.597092e+00 1.431507e+00
234 2.598551e+00 1.410819e+00
235 2.556686e+00 1.359790e+00
236 2.559580e+00 1.354147e+00
237 2.533496e+00 1.381975e+00
238 2.536692e+00 1.382710e+00
239 2.547853e+00 1.390006e+00
240 2.520438e+00 1.365342e+00
241 2.556420e+00 1.340203e+00
242 2.560700e+00 1.353273e+00
243 2.562698e+00 1.350800e+00
244 2.557601e+00 1.324255e+00
245 2.552715e+00 1.344572e+00
246 2.559266e+00 1.349003e+00
247 2.589035e+00 1.329632e+00
248 2.589028e+00 1.323808e+00
249 2.553291e+00 1.340005e+00
250 2.518542e+00 1.283501e+00
251 2.520955e+00 1.282294e+00
252 2.513169e+00 1.283682e+00
253 2.515421e+00 1.271360e+00
254 2.513678e+00 1.313548e+00
255 2.512528e+00 1.313256e+00
256 2.516028e+00 1.312139e+00
257 2.513321e+00 1.277835e+00
258 2.518870e+00 1.262393e+00
259 2.520864e+00 1.260497e+00
260 2.521670e+00 1.262140e+00
261 2.494195e+00 1.307552e+00
262 2.499403e+00 1.293934e+00
263 2.497303e+00 1.292718e+00
264 2.495526e+00 1.330798e+00
265 2.510740e+00 1.324365e+00
266 2.496089e+00 1.294708e+00
267 2.443230e+00 1.303617e+00
268 2.441672e+00 1.303469e+00
269 2.432376e+00 1.315814e+00
270 2.434175e+00 1.319731e+00
271 2.435387e+00 1.340922e+00
272 2.432874e+00 1.342548e+00
273 2.433230e+00 1.337210e+00
274 2.461646e+00 1.300608e+00
275 2.458250e+00 1.293579e+00
276 2.476423e+00 1.292175e+00
277 2.471925e+00 1.305948e+00
278 2.514439e+00 1.316460e+00
279 2.525162e+00 1.332952e+00
280 2.524697e+00 1.329019e+00
281 2.502549e+00 1.345180e+00
282 2.513079e+00 1.334869e+00
283 2.502465e+00 1.363647e+00
284 2.505601e+00 1.363539e+00
285 2.496778e+00 1.366883e+00
286 2.522547e+00 1.364454e+00
287 2.524607e+00 1.365405e+00
288 2.526563e+00 1.365038e+00
289 2.502558e+00 1.355591e+00
290 2.490058e+00 1.319945e+00
291 2.480241e+00 1.303208e+00
292 2.484046e+00 1.303717e+00
293 2.486512e+00 1.303847e+00
294 2.488968e+00 1.270687e+00
295 2.494679e+00 1.350651e+00
296 2.491951e+00 1.351123e+00
297 2.494851e+00 1.342961e+00
298 2.503996e+00 1.353589e+00
299 2.494102e+00 1.365004e+00
300 2.469549e+00 1.367778e+00
301 2.493030e+00 1.372036e+00
302 2.540118e+00 1.375502e+00
303 2.574277e+00 1.369112e+00
304 2.559911e+00 1.382013e+00
305 2.557768e+00 1.382093e+00
306 2.504072e+00 1.361269e+00
307 2.498960e+00 1.355250e+00
308 2.510678e+00 1.355278e+00
309 2.510017e+00 1.360742e+00
310 2.548650e+00 1.353248e+00
311 2.547743e+00 1.351592e+00
312 2.552154e+00 1.314045e+00
313 2.555355e+00 1.311385e+00
314 2.558540e+00 1.327998e+00
315 2.562745e+00 1.321827e+00
316 2.580316e+00 1.349707e+00
317 2.582537e+00 1.349120e+00
318 2.577640e+00 1.339954e+00
319 2.579404e+00 1.352679e+00
320 2.587625e+00 1.334948e+00
321 2.588091e+00 1.340664e+00
322 2.604106e+00 1.345588e+00
323 2.618723e+00 1.344440e+00
324 2.622941e+00 1.344936e+00
325 2.623245e+00 1.374689e+00
326 2.598731e+00 1.369026e+00
327 2.598612e+00 1.368365e+00
328 2.595975e+00 1.367487e+00
329 2.609928e+00 1.357282e+00
330 2.611386e+00 1.352591e+00
331 2.583933e+00 1.371576e+00
332 2.589250e+00 1.368028e+00
333 2.586275e+00 1.366031e+00
334 2.552520e+00 1.389184e+00
335 2.548324e+00 1.378410e+00
336 2.542669e+00 1.369539e+00
337 2.574934e+00 1.327031e+00
338 2.577240e+00 1.322378e+00
339 2.593553e+00 1.322922e+00
340 2.592239e+00 1.326112e+00
341 2.549458e+00 1.323952e+00
342 2.547754e+00 1.325167e+00
343 2.535464e+00 1.325795e+00
344 2.521934e+00 1.331468e+00
345 2.540280e+00 1.347527e+00
346 2.546748e+00 1.343925e+00
347 2.542958e+00 1.335020e+00
348 2.563803e+00 1.314632e+00
349 2.554974e+00 1.324698e+00
350 2.558349e+00 1.336122e+00
351 2.543545e+00 1.337828e+00
352 2.547578e+00 1.335437e+00
353 2.548337e+00 1.334961e+00
354 2.548840e+00 1.334889e+00
355 2.549812e+00 1.330283e+00
356 2.555046e+00 1.307758e+00
357 2.562388e+00 1.333607e+00
358 2.556872e+00 1.331021e+00
359 2.645897e+00 1.353439e+00
360 2.632188e+00 1.335971e+00
361 2.630650e+00 1.333207e+00
362 2.610976e+00 1.345151e+00
363 2.607909e+00 1.328601e+00
364 2.616511e+00 1.334848e+00
365 2.615494e+00 1.321843e+00
366 2.619087e+00 1.340043e+00
367 2.613886e+00 1.329860e+00
368 2.616368e+00 1.305001e+00
369 2.640541e+00 1.330434e+00
370 2.616345e+00 1.314084e+00
371 2.628511e+00 1.365520e+00
372 2.635625e+00 1.341353e+00
373 2.652109e+00 1.336572e+00
374 2.639193e+00 1.343040e+00
375 2.638905e+00 1.340225e+00
376 2.636247e+00 1.350535e+00
377 2.637774e+00 1.352786e+00
378 2.637526e+00 1.348942e+00
379 2.629750e+00 1.337459e+00
380 2.615707e+00 1.330869e+00
381 2.617209e+00 1.331873e+00
382 2.639485e+00 1.317484e+00
383 2.626251e+00 1.322080e+00
384 2.626151e+00 1.320591e+00
385 2.639501e+00 1.325920e+00
386 2.645965e+00 1.326389e+00
387 2.621153e+00 1.311748e+00
388 2.611720e+00 1.292514e+00
389 2.620793e+00 1.278789e+00
390 2.625441e+00 1.273703e+00
391 2.623131e+00 1.277797e+00
392 2.621932e+00 1.277266e+00
393 2.560551e+00 1.274095e+00
394 2.563382e+00 1.258084e+00
395 2.551086e+00 1.278108e+00
396 2.550679e+00 1.278712e+00
397 2.554138e+00 1.279036e+00
398 2.553909e+00 1.280491e+00
399 2.555223e+00 1.284550e+00
400 2.597505e+00 1.287152e+00
401 2.578029e+00 1.336840e+00
402 2.577386e+00 1.345219e+00
403 2.575422e+00 1.355290e+00
404 2.558114e+00 1.350792e+00
405 2.640397e+00 1.420309e+00
406 2.640532e+00 1.413943e+00
407 2.635842e+00 1.445959e+00
408 2.632524e+00 1.457943e+00
409 2.631105e+00 1.454850e+00
410 2.673648e+00 1.470562e+00
411 2.673786e+00 1.495656e+00
412 2.692960e+00 1.521224e+00
413 2.651962e+00 1.526329e+00
414 2.646523e+00 1.518457e+00
415 2.666858e+00 1.550347e+00
416 2.656877e+00 1.568244e+00
417 2.660450e+00 1.552167e+00
418 2.668317e+00 1.590614e+00
419 2.703560e+00 1.606518e+00
420 2.706476e+00 1.598572e+00
421 2.714834e+00 1.598434e+00
422 2.715195e+00 1.599064e+00
423 2.713903e+00 1.594926e+00
424 2.710580e+00 1.599379e+00
425 2.682441e+00 1.577941e+00
426 2.714959e+00 1.561651e+00
427 2.713707e+00 1.567725e+00
428 2.744760e+00 1.563143e+00
429 2.719098e+00 1.567170e+00
430 2.665258e+00 1.538473e+00
431 2.670099e+00 1.536591e+00
432 2.674088e+00 1.539349e+00
433 2.658776e+00 1.540524e+00
434 2.675512e+00 1.530949e+00
435 2.668947e+00 1.531468e+00
436 2.718829e+00 1.532626e+00
437 2.720864e+00 1.549314e+00
438 2.749119e+00 1.549486e+00
439 2.746913e+00 1.541299e+00
440 2.712309e+00 1.541257e+00
441 2.731815e+00 1.530783e+00
442 2.734988e+00 1.536900e+00
443 2.736637e+00 1.535101e+00
444 2.737834e+00 1.539914e+00
445 2.718635e+00 1.538959e+00
446 2.721515e+00 1.548324e+00
447 2.716193e+00 1.544822e+00
448 2.742924e+00 1.549572e+00
449 2.741955e+00 1.551197e+00
450 2.736374e+00 1.547733e+00
451 2.742766e+00 1.538403e+00
452 2.730488e+00 1.563912e+00
453 2.727894e+00 1.556464e+00
454 2.720717e+00 1.566154e+00
455 2.710141e+00 1.603374e+00
456 2.729252e+00 1.610881e+00
457 2.733981e+00 1.611764e+00
458 2.733071e+00 1.611287e+00
459 2.744028e+00 1.607668e+00
460 2.743076e+00 1.600945e+00
461 2.730147e+00 1.597844e+00
462 2.736838e+00 1.576820e+00
463 2.720452e+00 1.563342e+00
464 2.736453e+00 1.562873e+00
465 2.671474e+00 1.554848e+00
466 2.671518e+00 1.554796e+00
467 2.669846e+00 1.560499e+00
468 2.661288e+00 1.566054e+00
469 2.661664e+00 1.554438e+00
470 2.662269e+00 1.560674e+00
471 2.650912e+00 1.556036e+00
472 2.653343e+00 1.555852e+00
473 2.675455e+00 1.535446e+00
474 2.702969e+00 1.515267e+00
475 2.702634e+00 1.516242e+00
476 2.700869e+00 1.516052e+00
477 2.701167e+00 1.515323e+00
478 2.701443e+00 1.514688e+00
479 2.686198e+00 1.522998e+00
480 2.671059e+00 1.526717e+00
481 2.675527e+00 1.523425e+00
482 2.672860e+00 1.518263e+00
483 2.670188e+00 1.517895e+00
484 2.728002e+00 1.491947e+00
485 2.727027e+00 1.486586e+00
486 2.732461e+00 1.491439e+00
487 2.722039e+00 1.481200e+00
488 2.738351e+00 1.450630e+00
489 2.753407e+00 1.460328e+00
490 2.755117e+00 1.457229e+00
491 2.755074e+00 1.457067e+00
492 2.754621e+00 1.458269e+00
493 2.755318e+00 1.458891e+00
494 2.758362e+00 1.458908e+00
495 2.763551e+00 1.451525e+00
496 2.778683e+00 1.457548e+00
497 2.782114e+00 1.455920e+00
498 2.778046e+00 1.460466e+00
499 2.773663e+00 1.459858e+00
500 2.718638e+00 1.503477e+00
501 2.722814e+00 1.503648e+00
502 2.723494e+00 1.490211e+00
503 2.723424e+00 1.489410e+00
504 2.734567e+00 1.491876e+00
505 2.742555e+00 1.473355e+00
506 2.715486e+00 1.504969e+00
507 2.713129e+00 1.505439e+00
508 2.705837e+00 1.487440e+00
509 2.728061e+00 1.476885e+00
510 2.728371e+00 1.477114e+00
511 2.733824e+00 1.478424e+00
512 2.735423e+00 1.473446e+00
513 2.728426e+00 1.466215e+00
514 2.705834e+00 1.470766e+00
515 2.716871e+00 1.469656e+00
516 2.716010e+00 1.467710e+00
517 2.707852e+00 1.472295e+00
518 2.779177e+00 1.407836e+00
519 2.792215e+00 1.427153e+00
520 2.808098e+00 1.462290e+00
521 2.827827e+00 1.451570e+00
522 2.832440e+00 1.455592e+00
523 2.836070e+00 1.424420e+00
524 2.836379e+00 1.431723e+00
525 2.854799e+00 1.431264e+00
526 2.849065e+00 1.426152e+00
527 2.789580e+00 1.491236e+00
528 2.763240e+00 1.511397e+00
529 2.766129e+00 1.512737e+00
530 2.747997e+00 1.474009e+00
531 2.749910e+00 1.450548e+00
532 2.753709e+00 1.448220e+00
533 2.758485e+00 1.452887e+00
534 2.771558e+00 1.471655e+00
535 2.773209e+00 1.479397e+00
536 2.771105e+00 1.478699e+00
537 2.869840e+00 1.441905e+00
538 2.901964e+00 1.461878e+00
539 2.870351e+00 1.487245e+00
540 2.871275e+00 1.489169e+00
541 2.878880e+00 1.466339e+00
542 2.885158e+00 1.472477e+00
543 2.896776e+00 1.449052e+00
544 2.897719e+00 1.461751e+00
545 2.940207e+00 1.439629e+00
546 2.929817e+00 1.436894e+00
547 2.946901e+00 1.431837e+00
548 2.951651e+00 1.431111e+00
549 2.952731e+00 1.419772e+00
550 2.955410e+00 1.419201e+00
551 2.966318e+00 1.431395e+00
552 2.956580e+00 1.425250e+00
553 2.953039e+00 1.432579e+00
554 2.886752e+00 1.494897e+00
555 2.881572e+00 1.519953e+00
556 2.889549e+00 1.518227e+00
557 2.827282e+00 1.533747e+00
558 2.821916e+00 1.523437e+00
559 2.811696e+00 1.538212e+00
560 2.793330e+00 1.540871e+00
561 2.661128e+00 1.520998e+00
562 2.660152e+00 1.524783e+00
563 2.667631e+00 1.528042e+00
564 2.658527e+00 1.536128e+00
565 2.658568e+00 1.543473e+00
566 2.639794e+00 1.534649e+00
567 2.670124e+00 1.539587e+00
568 2.670393e+00 1.535726e+00
569 2.657410e+00 1.542318e+00
570 2.637097e+00 1.587730e+00
571 2.629518e+00 1.590390e+00
572 2.606343e+00 1.593226e+00
573 2.505346e+00 1.579336e+00
574 2.505341e+00 1.579071e+00
575 2.496467e+00 1.565098e+00
576 2.496165e+00 1.547478e+00
577 2.515093e+00 1.543857e+00
578 2.493547e+00 1.555398e+00
579 2.495215e+00 1.547999e+00
580 2.509874e+00 1.526204e+00
581 2.508811e+00 1.523883e+00
582 2.550734e+00 1.520585e+00
583 2.547340e+00 1.515181e+00
584 2.544690e+00 1.545912e+00
585 2.549045e+00 1.540817e+00
586 2.526411e+00 1.533578e+00
587 2.520740e+00 1.509913e+00
588 2.540734e+00 1.536540e+00
589 2.544408e+00 1.542988e+00
590 2.544202e+00 1.544134e+00
591 2.546656e+00 1.545161e+00
592 2.561438e+00 1.546652e+00
593 2.566084e+00 1.509463e+00
594 2.562964e+00 1.510986e+00
595 2.580788e+00 1.486587e+00
596 2.608920e+00 1.504815e+00
597 2.656946e+00 1.496336e+00
598 2.655789e+00 1.507477e+00
599 2.631705e+00 1.519298e+00
600 2.647027e+00 1.536248e+00
601 2.615852e+00 1.520033e+00
602 2.599788e+00 1.511836e+00
603 2.602003e+00 1.508038e+00
604 2.601381e+00 1.507639e+00
605 2.590757e+00 1.524165e+00
606 2.590889e+00 1.531709e+00
607 2.589782e+00 1.528402e+00
608 2.602459e+00 1.533578e+00
609 2.600766e+00 1.533438e+00
610 2.602004e+00 1.546014e+00
611 2.598607e+00 1.545808e+00
612 2.568468e+00 1.549386e+00
613 2.558093e+00 1.542296e+00
614 2.557411e+00 1.542127e+00
615 2.611397e+00 1.550838e+00
616 2.612422e+00 1.556578e+00
617 2.614847e+00 1.570822e+00
618 2.617228e+00 1.580143e+00
619 2.612621e+00 1.582023e+00
620 2.606924e+00 1.606314e+00
621 2.603147e+00 1.634420e+00
622 2.586687e+00 1.661574e+00
623 2.591859e+00 1.643455e+00
624 2.616202e+00 1.657061e+00
625 2.626128e+00 1.662677e+00
626 2.627616e+00 1.659945e+00
627 2.640246e+00 1.667518e+00
628 2.652107e+00 1.645817e+00
629 2.667604e+00 1.647054e+00
630 2.643297e+00 1.664923e+00
631 2.622369e+00 1.684320e+00
632 2.603468e+00 1.676891e+00
633 2.599329e+00 1.683523e+00
634 2.598605e+00 1.683530e+00
635 2.582571e+00 1.714462e+00
636 2.578886e+00 1.694880e+00
637 2.594109e+00 1.685827e+00
638 2.594970e+00 1.687128e+00
639 2.587787e+00 1.694229e+00
640 2.597290e+00 1.689417e+00
641 2.610711e+00 1.679068e+00
642 2.605369e+00 1.676118e+00
643 2.620583e+00 1.693719e+00
644 2.625442e+00 1.694052e+00
645 2.623960e+00 1.748751e+00
646 2.654809e+00 1.771171e+00
647 2.652883e+00 1.780173e+00
648 2.632052e+00 1.766936e+00
649 2.635072e+00 1.754614e+00
650 2.626551e+00 1.751029e+00
651 2.609457e+00 1.735503e+00
652 2.608275e+00 1.735141e+00
653 2.614249e+00 1.717984e+00
654 2.572074e+00 1.708564e+00
655 2.574199e+00 1.707927e+00
656 2.571297e+00 1.708573e+00
657 2.566196e+00 1.695567e+00
658 2.566116e+00 1.693092e+00
659 2.563182e+00 1.681723e+00
660 2.566329e+00 1.673370e+00
661 2.588771e+00 1.709614e+00
662 2.596732e+00 1.712907e+00
663 2.597622e+00 1.745456e+00
664 2.605441e+00 1.714018e+00
665 2.631874e+00 1.714227e+00
666 2.633313e+00 1.713207e+00
667 2.635380e+00 1.777490e+00
668 2.633327e+00 1.821764e+00
669 2.637834e+00 1.809431e+00
670 2.628208e+00 1.819407e+00
671 2.605543e+00 1.770721e+00
672 2.599878e+00 1.767406e+00
673 2.581813e+00 1.797091e+00
674 2.581541e+00 1.796580e+00
675 2.584917e+00 1.807069e+00
676 2.574700e+00 1.806185e+00
677 2.576133e+00 1.800601e+00
678 2.581791e+00 1.819301e+00
679 2.598894e+00 1.829546e+00
680 2.610954e+00 1.848185e+00
681 2.524194e+00 1.852155e+00
682 2.505153e+00 1.834623e+00
683 2.500664e+00 1.849811e+00
684 2.506052e+00 1.841817e+00
685 2.503698e+00 1.849682e+00
686 2.493833e+00 1.845282e+00
687 2.483970e+00 1.846259e+00
688 2.483871e+00 1.846546e+00
689 2.501674e+00 1.890313e+00
690 2.513939e+00 1.925126e+00
691 2.513182e+00 1.927349e+00
692 2.526874e+00 1.880766e+00
693 2.524996e+00 1.881124e+00
694 2.506023e+00 1.870811e+00
695 2.505825e+00 1.868871e+00
696 2.508783e+00 1.871152e+00
697 2.514162e+00 1.880720e+00
698 2.515375e+00 1.881617e+00
699 2.513857e+00 1.876926e+00
700 2.514133e+00 1.876888e+00
701 2.518735e+00 1.926896e+00
702 2.483800e+00 1.926069e+00
703 2.480619e+00 1.920247e+00
704 2.417317e+00 1.908406e+00
705 2.402465e+00 1.911429e+00
706 2.399117e+00 1.894768e+00
707 2.386699e+00 1.889993e+00
708 2.378138e+00 1.915899e+00
709 2.467818e+00 1.933889e+00
710 2.468026e+00 1.933591e+00
711 2.468340e+00 1.927304e+00
712 2.469829e+00 1.930914e+00
713 2.533914e+00 1.893641e+00
714 2.526665e+00 1.884846e+00
715 2.527030e+00 1.881694e+00
716 2.550988e+00 1.933819e+00
717 2.543995e+00 1.922810e+00
718 2.536867e+00 1.916864e+00
719 2.525822e+00 1.916871e+00
720 2.552613e+00 1.906314e+00
721 2.557572e+00 1.918608e+00
722 2.531520e+00 1.920945e+00
723 2.564178e+00 1.922852e+00
724 2.555519e+00 1.921396e+00
725 2.544516e+00 1.895616e+00
726 2.575347e+00 1.903681e+00
727 2.596315e+00 1.922411e+00
728 2.596066e+00 1.927705e+00
729 2.607996e+00 1.926282e+00
730 2.598787e+00 1.927158e+00
731 2.605550e+00 1.930583e+00
732 2.588649e+00 1.929529e+00
733 2.607997e+00 1.940736e+00
734 2.583154e+00 1.943892e+00
735 2.584703e+00 1.964533e+00
736 2.580762e+00 1.964773e+00
737 2.594325e+00 1.976160e+00
738 2.563362e+00 1.964826e+00
739 2.563012e+00 1.964970e+00
740 2.487347e+00 1.995923e+00
741 2.533631e+00 2.017255e+00
742 2.535391e+00 2.020145e+00
743 2.529688e+00 2.014178e+00
744 2.519050e+00 2.016666e+00
745 2.492708e+00 1.989429e+00
746 2.497152e+00 1.982923e+00
747 2.500005e+00 1.990043e+00
748 2.502019e+00 2.014694e+00
749 2.501702e+00 2.015537e+00
750 2.510595e+00 2.018902e+00
751 2.517415e+00 2.032646e+00
752 2.519953e+00 2.033489e+00
753 2.522545e+00 2.056480e+00
754 2.533811e+00 2.053307e+00
755 2.532097e+00 2.045659e+00
756 2.529843e+00 2.049028e+00
757 2.546819e+00 2.042782e+00
758 2.580568e+00 2.066148e+00
759 2.578457e+00 2.062035e+00
760 2.532813e+00 2.002852e+00
761 2.524458e+00 1.997885e+00
762 2.512810e+00 2.017889e+00
763 2.512860e+00 2.016989e+00
764 2.550344e+00 2.027111e+00
765 2.561384e+00 2.040510e+00
766 2.553280e+00 2.046506e+00
767 2.562038e+00 2.055665e+00
768 2.559925e+00 2.051323e+00
769 2.559246e+00 2.052933e+00
770 2.532947e+00 2.047151e+00
771 2.532176e+00 2.038341e+00
772 2.527307e+00 2.037678e+00
773 2.529155e+00 2.038490e+00
774 2.523637e+00 2.048757e+00
775 2.521104e+00 2.046673e+00
776 2.519037e+00 2.045108e+00
777 2.523782e+00 2.020663e+00
778 2.507840e+00 2.043208e+00
779 2.482841e+00 2.054552e+00
780 2.483308e+00 2.056049e+00
781 2.446514e+00 2.048859e+00
782 2.440988e+00 2.049264e+00
783 2.448436e+00 2.043479e+00
784 2.454814e+00 2.043739e+00
785 2.504781e+00 2.024921e+00
786 2.510910e+00 2.024867e+00
787 2.496596e+00 2.028116e+00
788 2.522478e+00 2.047254e+00
789 2.505581e+00 1.990700e+00
790 2.510761e+00 1.990508e+00
791 2.505025e+00 1.994272e+00
792 2.504290e+00 1.974029e+00
793 2.526859e+00 1.944078e+00
794 2.528785e+00 1.942575e+00
795 2.528852e+00 1.942654e+00
796 2.509869e+00 2.020157e+00
797 2.506554e+00 2.017529e+00
798 2.495209e+00 2.005374e+00
799 2.503678e+00 2.034731e+00
800 2.502254e+00 2.042796e+00
801 2.501501e+00 2.042002e+00
802 2.498828e+00 2.038285e+00
803 2.445932e+00 2.015525e+00
804 2.438636e+00 1.992872e+00
805 2.428274e+00 2.013240e+00
806 2.427956e+00 2.010076e+00
807 2.459796e+00 2.014957e+00
808 2.443406e+00 2.001171e+00
809 2.449899e+00 1.999371e+00
810 2.379673e+00 2.088239e+00
811 2.380108e+00 2.089591e+00
812 2.385486e+00 2.083574e+00
813 2.395768e+00 2.094210e+00
814 2.399529e+00 2.091528e+00
815 2.386450e+00 2.077540e+00
816 2.366969e+00 2.078459e+00
817 2.342223e+00 2.088806e+00
818 2.340522e+00 2.093040e+00
819 2.352170e+00 2.106650e+00
820 2.343425e+00 2.127659e+00
821 2.404695e+00 2.102654e+00
822 2.411650e+00 2.095269e+00
823 2.415135e+00 2.094907e+00
824 2.416218e+00 2.090486e+00
825 2.395435e+00 2.119116e+00
826 2.377516e+00 2.065048e+00
827 2.378307e+00 2.063408e+00
828 2.370188e+00 2.039060e+00
829 2.372300e+00 2.035982e+00
830 2.372486e+00 2.036326e+00
831 2.378445e+00 2.035069e+00
832 2.417490e+00 2.140446e+00
833 2.377883e+00 2.085096e+00
834 2.385861e+00 2.081449e+00
835 2.486071e+00 2.114482e+00
836 2.494180e+00 2.111990e+00
837 2.481081e+00 2.102589e+00
838 2.459634e+00 2.118776e+00
839 2.455540e+00 2.109004e+00
840 2.433031e+00 2.057053e+00
841 2.431564e+00 2.075211e+00
842 2.421965e+00 2.066242e+00
843 2.401999e+00 2.083263e+00
844 2.444496e+00 2.070986e+00
845 2.443264e+00 2.078192e+00
846 2.470131e+00 2.146167e+00
847 2.461859e+00 2.140463e+00
848 2.454507e+00 2.147514e+00
849 2.472345e+00 2.145293e+00
850 2.438680e+00 2.167545e+00
851 2.436813e+00 2.169541e+00
852 2.430685e+00 2.167500e+00
853 2.415154e+00 2.159944e+00
854 2.407121e+00 2.191582e+00
855 2.454303e+00 2.174555e+00
856 2.447599e+00 2.153383e+00
857 2.421576e+00 2.143420e+00
858 2.424299e+00 2.146583e+00
859 2.439411e+00 2.164885e+00
860 2.441646e+00 2.163691e+00
861 2.432707e+00 2.171741e+00
862 2.432757e+00 2.172964e+00
863 2.432290e+00 2.174067e+00
864 2.460935e+00 2.181326e+00
865 2.481431e+00 2.108568e+00
866 2.523100e+00 2.127707e+00
867 2.485904e+00 2.161351e+00
868 2.484914e+00 2.160546e+00
869 2.473670e+00 2.143684e+00
870 2.427705e+00 2.096364e+00
871 2.428094e+00 2.099750e+00
872 2.427971e+00 2.100747e+00
873 2.423033e+00 2.091431e+00
874 2.438456e+00 2.106461e+00
875 2.431666e+00 2.089879e+00
876 2.430505e+00 2.084158e+00
877 2.422221e+00 2.070270e+00
878 2.431105e+00 2.060853e+00
879 2.440803e+00 2.071712e+00
880 2.471516e+00 2.019417e+00
881 2.484594e+00 2.009139e+00
882 2.483688e+00 2.010030e+00
883 2.477247e+00 1.964926e+00
884 2.495955e+00 1.978200e+00
885 2.498430e+00 1.982689e+00
886 2.503329e+00 1.983798e+00
887 2.567620e+00 2.088697e+00
888 2.567481e+00 2.089513e+00
889 2.564069e+00 2.094646e+00
890 2.556119e+00 2.142750e+00
891 2.573917e+00 2.123565e+00
892 2.540180e+00 2.120171e+00
893 2.541771e+00 2.122655e+00
894 2.553276e+00 2.138661e+00
895 2.544892e+00 2.135055e+00
896 2.544092e+00 2.135766e+00
897 2.521809e+00 2.179747e+00
898 2.521251e+00 2.181459e+00
899 2.531347e+00 2.189843e+00
900 2.550162e+00 2.208924e+00
901 2.629321e+00 2.261350e+00
902 2.650184e+00 2.253335e+00
903 2.650069e+00 2.253034e+00
904 2.638044e+00 2.266757e+00
905 2.630673e+00 2.259561e+00
906 2.654444e+00 2.264869e+00
907 2.648163e+00 2.266605e+00
908 2.650381e+00 2.240129e+00
909 2.650708e+00 2.239729e+00
910 2.659953e+00 2.243274e+00
911 2.666320e+00 2.235206e+00
912 2.655913e+00 2.202413e+00
913 2.650634e+00 2.180218e+00
914 2.653391e+00 2.177978e+00
915 2.660282e+00 2.185231e+00
916 2.660731e+00 2.184558e+00
917 2.665817e+00 2.179474e+00
918 2.711882e+00 2.242599e+00
919 2.704935e+00 2.240837e+00
920 2.703691e+00 2.239820e+00
921 2.688590e+00 2.209912e+00
922 2.694133e+00 2.207498e+00
923 2.695592e+00 2.215046e+00
924 2.698693e+00 2.213115e+00
925 2.701816e+00 2.213681e+00
926 2.698574e+00 2.216766e+00
927 2.693890e+00 2.189151e+00
928 2.694374e+00 2.202279e+00
929 2.693967e+00 2.201736e+00
930 2.682702e+00 2.198263e+00
931 2.673076e+00 2.174349e+00
932 2.673884e+00 2.175057e+00
933 2.657093e+00 2.187734e+00
934 2.658470e+00 2.198275e+00
935 2.655218e+00 2.204183e+00
936 2.691841e+00 2.224049e+00
937 2.693299e+00 2.222288e+00
938 2.737829e+00 2.191373e+00
939 2.740749e+00 2.185255e+00
940 2.774219e+00 2.228960e+00
941 2.817645e+00 2.211510e+00
942 2.814253e+00 2.201602e+00
943 2.843772e+00 2.208673e+00
944 2.856427e+00 2.218585e+00
945 2.855685e+00 2.218100e+00
946 2.850690e+00 2.219142e+00
947 2.848070e+00 2.218835e+00
948 2.826222e+00 2.228304e+00
949 2.818521e+00 2.222821e+00
950 2.827086e+00 2.272319e+00
951 2.828827e+00 2.271938e+00
952 2.833722e+00 2.239220e+00
953 2.789063e+00 2.207284e+00
954 2.795243e+00 2.207349e+00
955 2.801508e+00 2.210466e+00
956 2.800408e+00 2.209400e+00
957 2.780960e+00 2.207988e+00
958 2.791951e+00 2.204330e+00
959 2.797143e+00 2.204163e+00
960 2.798608e+00 2.201299e+00
961 2.805619e+00 2.189200e+00
962 2.807476e+00 2.183120e+00
963 2.803543e+00 2.202747e+00
964 2.803539e+00 2.202743e+00
965 2.803195e+00 2.207527e+00
966 2.816834e+00 2.231285e+00
967 2.808493e+00 2.195206e+00
968 2.785391e+00 2.204729e+00
969 2.767816e+00 2.201264e+00
970 2.833305e+00 2.249872e+00
971 2.869464e+00 2.258581e+00
972 2.851169e+00 2.195508e+00
973 2.839563e+00 2.208183e+00
974 2.845241e+00 2.209524e+00
975 2.845137e+00 2.212692e+00
976 2.842133e+00 2.217996e+00
977 2.865845e+00 2.212698e+00
978 2.902459e+00 2.205743e+00
979 2.907463e+00 2.185223e+00
980 2.906361e+00 2.183023e+00
981 2.903003e+00 2.183965e+00
982 2.904879e+00 2.183135e+00
983 2.886860e+00 2.180725e+00
984 2.888378e+00 2.150460e+00
985 2.880691e+00 2.152919e+00
986 2.890799e+00 2.153478e+00
987 2.879947e+00 2.155705e+00
988 2.875472e+00 2.138514e+00
989 2.875944e+00 2.136918e+00
990 2.893043e+00 2.138988e+00
991 2.891723e+00 2.138531e+00
992 2.876840e+00 2.136860e+00
993 2.859132e+00 2.148949e+00
994 2.855268e+00 2.108868e+00
995 2.860464e+00 2.093836e+00
996 2.857180e+00 2.091609e+00
997 2.859542e+00 2.094772e+00
998 2.865735e+00 2.089231e+00
999 2.868855e+00 2.090219e+00
1000 2.866504e+00 2.091218e+00
1001 2.824004e+00 2.082830e+00
1002 2.798036e+00 2.078756e+00
1003 2.808972e+00 2.087499e+00
1004 2.803006e+00 2.079289e+00
1005 2.805567e+00 2.081690e+00
1006 2.797975e+00 2.091092e+00
1007 2.785654e+00 2.149998e+00
1008 2.843124e+00 2.126154e+00
1009 2.836973e+00 2.128168e+00
1010 2.815936e+00 2.148885e+00
1011 2.825455e+00 2.145854e+00
1012 2.832241e+00 2.159784e+00
1013 2.827550e+00 2.161004e+00
1014 2.830614e+00 2.156197e+00
1015 2.841774e+00 2.151028e+00
1016 2.841038e+00 2.150115e+00
1017 2.830263e+00 2.169022e+00
1018 2.867910e+00 2.157142e+00
1019 2.863106e+00 2.165810e+00
1020 2.857145e+00 2.166178e+00
1021 2.864432e+00 2.165558e+00
1022 2.863263e+00 2.149000e+00
1023 2.854148e+00 2.145660e+00
1024 2.856488e+00 2.148445e+00
1025 2.796922e+00 2.216288e+00
1026 2.786856e+00 2.205692e+00
1027 2.788406e+00 2.213928e+00
1028 2.795564e+00 2.179717e+00
1029 2.796229e+00 2.180202e+00
1030 2.818743e+00 2.157999e+00
1031 2.818761e+00 2.157498e+00
1032 2.806643e+00 2.175064e+00
1033 2.809694e+00 2.177199e+00
1034 2.738160e+00 2.160653e+00
1035 2.728682e+00 2.150251e+00
1036 2.728258e+00 2.150569e+00
1037 2.756635e+00 2.161037e+00
1038 2.793771e+00 2.149720e+00
1039 2.795756e+00 2.165658e+00
1040 2.808484e+00 2.177850e+00
1041 2.816081e+00 2.178154e+00
1042 2.817289e+00 2.171949e+00
1043 2.814271e+00 2.170655e+00
1044 2.813869e+00 2.180565e+00
1045 2.803415e+00 2.183912e+00
1046 2.732963e+00 2.223213e+00
1047 2.729092e+00 2.255814e+00
1048 2.803422e+00 2.269580e+00
1049 2.804544e+00 2.267481e+00
1050 2.791191e+00 2.283683e+00
1051 2.776977e+00 2.286762e+00
1052 2.771984e+00 2.286690e+00
1053 2.771740e+00 2.286493e+00
1054 2.733874e+00 2.339043e+00
1055 2.723422e+00 2.345391e+00
1056 2.720912e+00 2.346669e+00
1057 2.676712e+00 2.351617e+00
1058 2.671155e+00 2.352818e+00
1059 2.677567e+00 2.357462e+00
1060 2.665467e+00 2.344177e+00
1061 2.666371e+00 2.341817e+00
1062 2.668711e+00 2.346260e+00
1063 2.667783e+00 2.349124e+00
1064 2.665451e+00 2.365516e+00
1065 2.651414e+00 2.345330e+00
1066 2.671116e+00 2.377985e+00
1067 2.709179e+00 2.359449e+00
1068 2.705296e+00 2.353394e+00
1069 2.688522e+00 2.347759e+00
1070 2.661439e+00 2.384546e+00
1071 2.706820e+00 2.365232e+00
1072 2.683433e+00 2.399860e+00
1073 2.677051e+00 2.409228e+00
1074 2.674024e+00 2.404725e+00
1075 2.665247e+00 2.410870e+00
1076 2.675284e+00 2.416671e+00
1077 2.674110e+00 2.420785e+00
1078 2.657206e+00 2.442577e+00
1079 2.660360e+00 2.440613e+00
1080 2.657224e+00 2.419560e+00
1081 2.680449e+00 2.415877e+00
1082 2.674355e+00 2.410113e+00
1083 2.675805e+00 2.404497e+00
1084 2.675563e+00 2.403420e+00
1085 2.672115e+00 2.407951e+00
1086 2.655082e+00 2.403812e+00
1087 2.644702e+00 2.434237e+00
1088 2.645424e+00 2.429992e+00
1089 2.646955e+00 2.426887e+00
1090 2.643588e+00 2.432799e+00
1091 2.600811e+00 2.462244e+00
1092 2.599483e+00 2.460884e+00
1093 2.602443e+00 2.459259e+00
1094 2.602496e+00 2.441819e+00
1095 2.601619e+00 2.448687e+00
1096 2.621396e+00 2.443310e+00
1097 2.633682e+00 2.434917e+00
1098 2.633331e+00 2.434814e+00
1099 2.628059e+00 2.439652e+00
1100 2.630981e+00 2.422856e+00
1101 2.620191e+00 2.434445e+00
1102 2.625896e+00 2.415825e+00
1103 2.624967e+00 2.415073e+00
1104 2.639533e+00 2.455324e+00
1105 2.636449e+00 2.453561e+00
1106 2.635706e+00 2.454451e+00
1107 2.628363e+00 2.461368e+00
1108 2.649555e+00 2.473866e+00
1109 2.645140e+00 2.484265e+00
1110 2.658463e+00 2.491836e+00
1111 2.658344e+00 2.489427e+00
1112 2.655953e+00 2.484676e+00
1113 2.648871e+00 2.485458e+00
1114 2.628638e+00 2.479127e+00
1115 2.632707e+00 2.469870e+00
1116 2.641880e+00 2.469337e+00
1117 2.654389e+00 2.477090e+00
1118 2.698406e+00 2.488195e+00
1119 2.773918e+00 2.455896e+00
1120 2.773847e+00 2.485435e+00
1121 2.768804e+00 2.484437e+00
1122 2.776417e+00 2.486852e+00
1123 2.774621e+00 2.486377e+00
1124 2.775701e+00 2.482858e+00
1125 2.759313e+00 2.469798e+00
1126 2.768429e+00 2.496715e+00
1127 2.765691e+00 2.486445e+00
1128 2.787709e+00 2.450804e+00
1129 2.803028e+00 2.484797e+00
1130 2.791189e+00 2.472590e+00
1131 2.812746e+00 2.482041e+00
1132 2.812324e+00 2.483053e+00
1133 2.827192e+00 2.421926e+00
1134 2.839014e+00 2.420412e+00
1135 2.837839e+00 2.414751e+00
1136 2.830487e+00 2.414414e+00
1137 2.841057e+00 2.428825e+00
1138 2.844968e+00 2.425971e+00
1139 2.838782e+00 2.391599e+00
1140 2.836464e+00 2.390114e+00
1141 2.842280e+00 2.389435e+00
1142 2.835086e+00 2.385851e+00
1143 2.819789e+00 2.373836e+00
1144 2.848838e+00 2.406449e+00
1145 2.853262e+00 2.420906e+00
1146 2.860474e+00 2.446332e+00
1147 2.859109e+00 2.447486e+00
1148 2.860133e+00 2.444188e+00
1149 2.881605e+00 2.459462e+00
1150 2.878242e+00 2.459700e+00
1151 2.873967e+00 2.457470e+00
1152 2.880148e+00 2.439094e+00
1153 2.882569e+00 2.436269e+00
1154 2.895561e+00 2.440942e+00
1155 2.889033e+00 2.430427e+00
1156 2.830332e+00 2.431241e+00
1157 2.788626e+00 2.472264e+00
1158 2.781870e+00 2.464879e+00
1159 2.778961e+00 2.457722e+00
1160 2.758876e+00 2.485734e+00
1161 2.764997e+00 2.487292e+00
1162 2.785387e+00 2.503758e+00
1163 2.771078e+00 2.494054e+00
1164 2.782511e+00 2.483531e+00
1165 2.808170e+00 2.479785e+00
1166 2.831734e+00 2.480749e+00
1167 2.875448e+00 2.531364e+00
1168 2.873560e+00 2.514588e+00
1169 2.897496e+00 2.506284e+00
1170 2.917423e+00 2.496970e+00
1171 2.906968e+00 2.505586e+00
1172 2.900819e+00 2.442494e+00
1173 2.908085e+00 2.433170e+00
1174 2.902297e+00 2.438568e+00
1175 2.907566e+00 2.438989e+00
1176 2.921161e+00 2.449477e+00
1177 2.924205e+00 2.445268e+00
1178 2.929066e+00 2.444568e+00
1179 2.922151e+00 2.431961e+00
1180 2.943579e+00 2.471953e+00
1181 2.915891e+00 2.453674e+00
1182 2.908849e+00 2.452583e+00
1183 2.901562e+00 2.472418e+00
1184 2.902727e+00 2.466126e+00
1185 2.891150e+00 2.468544e+00
1186 2.889060e+00 2.467979e+00
1187 2.890984e+00 2.474842e+00
1188 2.874196e+00 2.482926e+00
1189 2.875275e+00 2.484140e+00
1190 2.883426e+00 2.474518e+00
1191 2.886834e+00 2.478905e+00
1192 2.861652e+00 2.481914e+00
1193 2.882636e+00 2.495948e+00
1194 2.878896e+00 2.491655e+00
1195 2.879213e+00 2.495995e+00
1196 2.881610e+00 2.540267e+00
1197 2.874215e+00 2.533095e+00
1198 2.850538e+00 2.506624e+00
1199 2.834134e+00 2.503066e+00
1200 2.816044e+00 2.496909e+00
1201 2.816644e+00 2.479381e+00
1202 2.873425e+00 2.487932e+00
1203 2.873967e+00 2.472599e+00
1204 2.830986e+00 2.440261e+00
1205 2.833690e+00 2.417499e+00
1206 2.870501e+00 2.398397e+00
1207 2.913474e+00 2.426268e+00
1208 2.929231e+00 2.427908e+00
1209 2.960770e+00 2.421685e+00
1210 2.961205e+00 2.421310e+00
1211 2.953512e+00 2.428776e+00
1212 2.962063e+00 2.424546e+00
1213 2.959760e+00 2.425225e+00
1214 2.971436e+00 2.439346e+00
1215 2.958489e+00 2.436046e+00
1216 2.955861e+00 2.431461e+00
1217 2.964619e+00 2.426623e+00
1218 2.965863e+00 2.424587e+00
1219 2.965040e+00 2.421727e+00
1220 3.007197e+00 2.395583e+00
1221 2.998572e+00 2.395526e+00
1222 3.005218e+00 2.376800e+00
1223 3.006571e+00 2.376382e+00
1224 2.998298e+00 2.371456e+00
1225 2.999690e+00 2.372821e+00
1226 2.999094e+00 2.391058e+00
1227 2.997539e+00 2.399169e+00
1228 2.993713e+00 2.395138e+00
1229 3.013171e+00 2.340155e+00
1230 3.012567e+00 2.325367e+00
1231 3.042431e+00 2.328025e+00
1232 3.042557e+00 2.314764e+00
1233 3.044786e+00 2.312938e+00
1234 3.044925e+00 2.313199e+00
1235 3.031574e+00 2.311621e+00
1236 3.028974e+00 2.308724e+00
1237 3.027420e+00 2.321904e+00
1238 3.031567e+00 2.322772e+00
1239 3.039277e+00 2.296335e+00
1240 3.029476e+00 2.281569e+00
1241 3.032839e+00 2.286724e+00
1242 3.056647e+00 2.331726e+00
1243 3.056014e+00 2.338805e+00
1244 3.061794e+00 2.344180e+00
1245 3.062865e+00 2.361784e+00
1246 3.062641e+00 2.362728e+00
1247 3.070468e+00 2.335218e+00
1248 3.111953e+00 2.357701e+00
1249 3.099178e+00 2.357444e+00
1250 3.109162e+00 2.359859e+00
1251 3.111241e+00 2.355726e+00
1252 3.098495e+00 2.363312e+00
1253 3.082537e+00 2.379821e+00
1254 3.086427e+00 2.385101e+00
1255 3.086154e+00 2.394111e+00
1256 3.054727e+00 2.408962e+00
1257 3.032113e+00 2.422897e+00
1258 3.068509e+00 2.450141e+00
1259 3.020135e+00 2.399533e+00
1260 2.973230e+00 2.466171e+00
1261 2.977576e+00 2.470245e+00
1262 2.986193e+00 2.474311e+00
1263 3.024266e+00 2.476621e+00
1264 3.014344e+00 2.493798e+00
1265 3.042659e+00 2.517646e+00
1266 2.997849e+00 2.503782e+00
1267 2.998958e+00 2.502799e+00
1268 2.994520e+00 2.542954e+00
1269 2.975618e+00 2.596833e+00
1270 2.972666e+00 2.563061e+00
1271 2.969613e+00 2.567069e+00
1272 2.969262e+00 2.567552e+00
1273 2.967812e+00 2.567227e+00
1274 2.992280e+00 2.586463e+00
1275 2.999194e+00 2.577940e+00
1276 3.000420e+00 2.552206e+00
1277 2.980889e+00 2.560851e+00
1278 2.978986e+00 2.547142e+00
1279 2.962764e+00 2.493419e+00
1280 2.969962e+00 2.493428e+00
1281 2.970300e+00 2.499481e+00
1282 2.991071e+00 2.483121e+00
1283 2.981610e+00 2.467635e+00
1284 2.943923e+00 2.541618e+00
1285 2.941555e+00 2.517851e+00
1286 2.940081e+00 2.527906e+00
1287 2.942685e+00 2.528657e+00
1288 2.922633e+00 2.528233e+00
1289 2.912787e+00 2.543101e+00
1290 2.902569e+00 2.556792e+00
1291 2.895051e+00 2.541467e+00
1292 2.884789e+00 2.533786e+00
1293 2.896018e+00 2.538458e+00
1294 2.901605e+00 2.550177e+00
1295 2.887615e+00 2.557551e+00
1296 2.943922e+00 2.510151e+00
1297 2.944200e+00 2.508468e+00
1298 2.943191e+00 2.508388e+00
1299 2.969017e+00 2.505952e+00
1300 2.980470e+00 2.489257e+00
1301 2.982407e+00 2.492443e+00
1302 2.971626e+00 2.524839e+00
1303 2.983887e+00 2.523177e+00
1304 2.973246e+00 2.532042e+00
1305 2.952971e+00 2.537269e+00
1306 2.975547e+00 2.546940e+00
1307 2.961602e+00 2.551740e+00
1308 2.966775e+00 2.499822e+00
1309 3.007921e+00 2.484728e+00
1310 3.018939e+00 2.497706e+00
1311 3.017723e+00 2.503042e+00
1312 3.015234e+00 2.515510e+00
1313 3.017213e+00 2.519662e+00
1314 3.030113e+00 2.514836e+00
1315 3.028824e+00 2.518571e+00
1316 3.044518e+00 2.516097e+00
1317 3.042097e+00 2.500034e+00
1318 3.039778e+00 2.501565e+00
1319 3.047115e+00 2.501176e+00
1320 3.045193e+00 2.500219e+00
1321 3.045306e+00 2.503392e+00
1322 3.017490e+00 2.520043e+00
1323 3.012275e+00 2.523094e+00
1324 2.999828e+00 2.515381e+00
1325 2.971901e+00 2.478557e+00
1326 2.964963e+00 2.459664e+00
1327 2.997682e+00 2.463184e+00
1328 3.003748e+00 2.489345e+00
1329 3.003732e+00 2.494838e+00
1330 3.011351e+00 2.487310e+00
1331 2.963629e+00 2.471312e+00
1332 2.965275e+00 2.444787e+00
1333 2.957677e+00 2.431965e+00
1334 2.930308e+00 2.427734e+00
1335 2.930818e+00 2.426605e+00
1336 2.928581e+00 2.415746e+00
1337 2.903384e+00 2.415414e+00
1338 2.919263e+00 2.393962e+00
1339 2.916633e+00 2.400380e+00
1340 2.921317e+00 2.413302e+00
1341 2.927418e+00 2.405793e+00
1342 2.920858e+00 2.407571e+00
1343 2.897679e+00 2.413501e+00
1344 2.880541e+00 2.429244e+00
1345 2.882505e+00 2.428129e+00
1346 2.885996e+00 2.425388e+00
1347 2.881006e+00 2.421446e+00
1348 2.901445e+00 2.409544e+00
1349 2.916892e+00 2.405018e+00
1350 2.919129e+00 2.405726e+00
1351 2.917911e+00 2.405560e+00
1352 2.915703e+00 2.405689e+00
1353 2.913174e+00 2.405963e+00
1354 2.897156e+00 2.421147e+00
1355 2.901806e+00 2.402379e+00
1356 2.910216e+00 2.386491e+00
1357 2.895489e+00 2.457594e+00
1358 2.897109e+00 2.446757e+00
1359 2.901706e+00 2.448536e+00
1360 2.947013e+00 2.543146e+00
1361 2.930406e+00 2.535930e+00
1362 2.923214e+00 2.540874e+00
1363 2.925223e+00 2.537614e+00
1364 2.958794e+00 2.492399e+00
1365 2.944754e+00 2.482917e+00
1366 2.943580e+00 2.491506e+00
1367 2.958134e+00 2.513683e+00
1368 2.962334e+00 2.508404e+00
1369 2.957977e+00 2.501304e+00
1370 2.956475e+00 2.514033e+00
1371 2.960876e+00 2.532952e+00
1372 2.947469e+00 2.502658e+00
1373 2.896916e+00 2.521547e+00
1374 2.884567e+00 2.521788e+00
1375 2.929390e+00 2.415112e+00
1376 2.922734e+00 2.422940e+00
1377 2.915392e+00 2.428681e+00
1378 2.913858e+00 2.452260e+00
1379 2.913766e+00 2.453420e+00
1380 2.903864e+00 2.457171e+00
1381 2.915049e+00 2.461296e+00
1382 2.903952e+00 2.449628e+00
1383 2.921021e+00 2.472106e+00
1384 2.921951e+00 2.498013e+00
1385 2.937555e+00 2.458615e+00
1386 2.937097e+00 2.456546e+00
1387 2.934325e+00 2.463915e+00
1388 2.935382e+00 2.431220e+00
1389 2.950437e+00 2.420792e+00
1390 2.980011e+00 2.374405e+00
1391 2.981180e+00 2.378812e+00
1392 3.030959e+00 2.306907e+00
1393 3.007085e+00 2.355585e+00
1394 3.002684e+00 2.353208e+00
1395 3.013692e+00 2.313968e+00
1396 3.018151e+00 2.315798e+00
1397 2.993618e+00 2.335213e+00
1398 2.993587e+00 2.335489e+00
1399 3.011377e+00 2.318771e+00
1400 3.027535e+00 2.329075e+00
1401 3.042335e+00 2.306167e+00
1402 3.050175e+00 2.302898e+00
1403 3.061492e+00 2.314757e+00
1404 3.066096e+00 2.323542e+00
1405 3.027286e+00 2.354510e+00
1406 3.035434e+00 2.317812e+00
1407 3.034855e+00 2.317298e+00
1408 3.070085e+00 2.353974e+00
1409 3.070243e+00 2.353881e+00
1410 3.070390e+00 2.357721e+00
1411 3.093612e+00 2.371762e+00
1412 3.089989e+00 2.375809e+00
1413 3.073421e+00 2.374605e+00
1414 3.072047e+00 2.375289e+00
1415 3.098659e+00 2.382679e+00
1416 3.096296e+00 2.402955e+00
1417 3.115943e+00 2.397331e+00
1418 3.119457e+00 2.412568e+00
1419 3.130850e+00 2.405273e+00
1420 3.112435e+00 2.398379e+00
1421 3.104210e+00 2.410936e+00
1422 3.097075e+00 2.408259e+00
1423 3.059980e+00 2.346662e+00
1424 3.062321e+00 2.342892e+00
1425 3.092581e+00 2.303187e+00
1426 3.071597e+00 2.286733e+00
1427 3.041569e+00 2.289401e+00
1428 3.040386e+00 2.291535e+00
1429 3.041221e+00 2.292120e+00
1430 3.090622e+00 2.348947e+00
1431 3.109028e+00 2.379513e+00
1432 3.131155e+00 2.361666e+00
1433 3.094205e+00 2.347246e+00
1434 3.079269e+00 2.363541e+00
1435 3.079388e+00 2.364726e+00
1436 3.079692e+00 2.364386e+00
1437 3.048092e+00 2.418939e+00
1438 3.047740e+00 2.418252e+00
1439 3.052937e+00 2.421467e+00
1440 3.087302e+00 2.403538e+00
1441 3.078823e+00 2.407012e+00
1442 3.112393e+00 2.370948e+00
1443 3.100133e+00 2.365518e+00
1444 3.100958e+00 2.365741e+00
1445 3.096038e+00 2.347319e+00
1446 3.095340e+00 2.340862e+00
1447 3.126299e+00 2.312279e+00
1448 3.131597e+00 2.312200e+00
1449 3.122005e+00 2.313839e+00
1450 3.125684e+00 2.322581e+00
1451 3.152754e+00 2.335228e+00
1452 3.152412e+00 2.344043e+00
1453 3.160833e+00 2.341634e+00
1454 3.161122e+00 2.341738e+00
1455 3.156419e+00 2.340267e+00
1456 3.159867e+00 2.339281e+00
1457 3.156555e+00 2.335934e+00
1458 3.155651e+00 2.334184e+00
1459 3.156969e+00 2.325334e+00
1460 3.155074e+00 2.263775e+00
1461 3.122082e+00 2.258681e+00
1462 3.119576e+00 2.252292e+00
1463 3.106579e+00 2.257421e+00
1464 3.099467e+00 2.251693e+00
1465 3.118276e+00 2.242282e+00
1466 3.115771e+00 2.253573e+00
1467 3.123148e+00 2.262715e+00
1468 3.106920e+00 2.269166e+00
1469 3.099988e+00 2.265763e+00
1470 3.099281e+00 2.263793e+00
1471 3.122167e+00 2.251054e+00
1472 3.128746e+00 2.254284e+00
1473 3.144867e+00 2.266689e+00
1474 3.126391e+00 2.287111e+00
1475 3.125662e+00 2.285937e+00
1476 3.115388e+00 2.273373e+00
1477 3.115133e+00 2.280552e+00
1478 3.114934e+00 2.282317e+00
1479 3.136972e+00 2.267246e+00
1480 3.130680e+00 2.255426e+00
1481 3.138852e+00 2.241384e+00
1482 3.140728e+00 2.240210e+00
1483 3.143573e+00 2.244679e+00
1484 3.151837e+00 2.247362e+00
1485 3.144655e+00 2.247297e+00
1486 3.116176e+00 2.264928e+00
1487 3.100423e+00 2.259144e+00
1488 3.101119e+00 2.259347e+00
1489 3.107854e+00 2.254452e+00
1490 3.073680e+00 2.262195e+00
1491 3.078015e+00 2.294615e+00
1492 3.100869e+00 2.285736e+00
1493 3.100400e+00 2.283658e+00
1494 3.085981e+00 2.286114e+00
1495 3.080908e+00 2.282585e+00
1496 3.064658e+00 2.296598e+00
1497 3.066645e+00 2.294239e+00
1498 3.081872e+00 2.335245e+00
1499 3.065865e+00 2.349099e+00
1500 3.045214e+00 2.348020e+00
1501 3.046308e+00 2.348812e+00
1502 3.086046e+00 2.406267e+00
1503 3.139300e+00 2.416674e+00
1504 3.171767e+00 2.411465e+00
1505 3.173783e+00 2.411735e+00
1506 3.176401e+00 2.404843e+00
1507 3.180303e+00 2.399530e+00
1508 3.170437e+00 2.380232e+00
1509 3.150218e+00 2.374215e+00
1510 3.169191e+00 2.345991e+00
1511 3.168070e+00 2.368541e+00
1512 3.153282e+00 2.380152e+00
1513 3.155137e+00 2.367141e+00
1514 3.152298e+00 2.372517e+00
1515 3.199607e+00 2.391082e+00
1516 3.277714e+00 2.331967e+00
1517 3.275306e+00 2.358954e+00
1518 3.262562e+00 2.371370e+00
1519 3.278960e+00 2.346081e+00
1520 3.312676e+00 2.377219e+00
1521 3.307500e+00 2.371156e+00
1522 3.316599e+00 2.365248e+00
1523 3.303693e+00 2.397230e+00
1524 3.303776e+00 2.375072e+00
1525 3.300145e+00 2.371768e+00
1526 3.295954e+00 2.370530e+00
1527 3.291491e+00 2.372590e+00
1528 3.284581e+00 2.380904e+00
1529 3.279058e+00 2.378583e+00
1530 3.287546e+00 2.407580e+00
1531 3.290053e+00 2.411413e+00
1532 3.272546e+00 2.441470e+00
1533 3.303558e+00 2.391368e+00
1534 3.321866e+00 2.390004e+00
1535 3.313950e+00 2.384604e+00
1536 3.313821e+00 2.384792e+00
1537 3.313263e+00 2.386775e+00
1538 3.313664e+00 2.386740e+00
1539 3.311099e+00 2.387955e+00
1540 3.312563e+00 2.377001e+00
1541 3.310583e+00 2.376063e+00
1542 3.310481e+00 2.376556e+00
1543 3.295019e+00 2.369542e+00
1544 3.285688e+00 2.373742e+00
1545 3.297788e+00 2.362544e+00
1546 3.299946e+00 2.362333e+00
1547 3.305838e+00 2.362935e+00
1548 3.299583e+00 2.371150e+00
1549 3.287853e+00 2.376582e+00
1550 3.265692e+00 2.406124e+00
1551 3.277890e+00 2.425870e+00
1552 3.271147e+00 2.389852e+00
1553 3.270562e+00 2.388958e+00
1554 3.277830e+00 2.409705e+00
1555 3.278811e+00 2.405777e+00
1556 3.311776e+00 2.430538e+00
1557 3.316155e+00 2.431395e+00
1558 3.315467e+00 2.431267e+00
1559 3.313624e+00 2.433622e+00
1560 3.338359e+00 2.446122e+00
1561 3.339544e+00 2.455012e+00
1562 3.349325e+00 2.462584e+00
1563 3.336314e+00 2.515788e+00
1564 3.346540e+00 2.475221e+00
1565 3.347416e+00 2.476358e+00
1566 3.373615e+00 2.448461e+00
1567 3.357901e+00 2.494522e+00
1568 3.357226e+00 2.491616e+00
1569 3.345117e+00 2.523925e+00
1570 3.311513e+00 2.512277e+00
1571 3.336550e+00 2.521845e+00
1572 3.322914e+00 2.482197e+00
1573 3.331438e+00 2.481151e+00
1574 3.330180e+00 2.480492e+00
1575 3.331221e+00 2.472540e+00
1576 3.333107e+00 2.462753e+00
1577 3.328859e+00 2.464011e+00
1578 3.328892e+00 2.464392e+00
1579 3.328979e+00 2.461954e+00
1580 3.301117e+00 2.417062e+00
1581 3.295396e+00 2.389234e+00
1582 3.249534e+00 2.347472e+00
1583 3.244127e+00 2.394579e+00
1584 3.217030e+00 2.386483e+00
1585 3.225795e+00 2.389057e+00
1586 3.256439e+00 2.396430e+00
1587 3.256139e+00 2.396611e+00
1588 3.258684e+00 2.401332e+00
1589 3.258878e+00 2.400554e+00
1590 3.291876e+00 2.374720e+00
1591 3.286253e+00 2.382370e+00
1592 3.294725e+00 2.397629e+00
1593 3.311162e+00 2.400100e+00
1594 3.301516e+00 2.380505e+00
1595 3.288627e+00 2.381561e+00
1596 3.274518e+00 2.375007e+00
1597 3.268449e+00 2.372388e+00
1598 3.265705e+00 2.371369e+00
1599 3.286939e+00 2.350114e+00
1600 3.288834e+00 2.353038e+00
1601 3.287097e+00 2.382278e+00
1602 3.267203e+00 2.396193e+00
1603 3.155390e+00 2.352445e+00
1604 3.144702e+00 2.340367e+00
1605 3.103223e+00 2.369231e+00
1606 3.098880e+00 2.380437e+00
1607 3.100039e+00 2.383510e+00
1608 3.124753e+00 2.376804e+00
1609 3.113337e+00 2.370228e+00
1610 3.103825e+00 2.346820e+00
1611 3.116645e+00 2.327232e+00
1612 3.124160e+00 2.331644e+00
1613 3.124210e+00 2.333181e+00
1614 3.125940e+00 2.328654e+00
1615 3.119711e+00 2.326756e+00
1616 3.100213e+00 2.375834e+00
1617 3.127016e+00 2.304396e+00
1618 3.130638e+00 2.310785e+00
1619 3.151290e+00 2.279140e+00
1620 3.153445e+00 2.266359e+00
1621 3.159636e+00 2.286036e+00
1622 3.149195e+00 2.286005e+00
1623 3.155654e+00 2.297779e+00
1624 3.137153e+00 2.344130e+00
1625 3.127193e+00 2.373774e+00
1626 3.127036e+00 2.374841e+00
1627 3.133119e+00 2.363129e+00
1628 3.131411e+00 2.360696e+00
1629 3.135133e+00 2.353447e+00
1630 3.102153e+00 2.354742e+00
1631 3.108440e+00 2.344315e+00
1632 3.098794e+00 2.369498e+00
1633 3.098871e+00 2.369469e+00
1634 3.086509e+00 2.404887e+00
1635 3.086676e+00 2.404851e+00
1636 3.078133e+00 2.376368e+00
1637 3.093176e+00 2.376675e+00
1638 3.075133e+00 2.419130e+00
1639 3.086286e+00 2.408341e+00
1640 3.112028e+00 2.420553e+00
1641 3.092636e+00 2.420365e+00
1642 3.095065e+00 2.418452e+00
1643 3.094578e+00 2.420381e+00
1644 3.053439e+00 2.421776e+00
1645 3.042143e+00 2.403086e+00
1646 3.031259e+00 2.389367e+00
1647 3.032390e+00 2.388674e+00
1648 3.037645e+00 2.382656e+00
1649 3.037872e+00 2.381436e+00
1650 3.052806e+00 2.393651e+00
1651 3.056373e+00 2.384390e+00
1652 3.085741e+00 2.390510e+00
1653 3.084934e+00 2.374510e+00
1654 3.070989e+00 2.386475e+00
1655 3.076168e+00 2.368000e+00
1656 3.051415e+00 2.394641e+00
1657 3.066863e+00 2.402405e+00
1658 3.057036e+00 2.391417e+00
1659 3.038119e+00 2.394308e+00
1660 3.088237e+00 2.398877e+00
1661 3.113412e+00 2.415804e+00
1662 3.109734e+00 2.409272e+00
1663 3.104521e+00 2.408389e+00
1664 3.058280e+00 2.382718e+00
1665 3.058864e+00 2.379438e+00
1666 3.063845e+00 2.355120e+00
1667 3.066193e+00 2.350288e+00
1668 3.064386e+00 2.327679e+00
1669 3.063400e+00 2.330920e+00
1670 3.059821e+00 2.328472e+00
1671 3.060476e+00 2.329625e+00
1672 3.070545e+00 2.338330e+00
1673 3.071671e+00 2.340692e+00
1674 3.070639e+00 2.343928e+00
1675 3.048450e+00 2.356151e+00
1676 3.056835e+00 2.388829e+00
1677 3.024824e+00 2.382466e+00
1678 3.028727e+00 2.379748e+00
1679 3.072505e+00 2.364735e+00
1680 3.050852e+00 2.355266e+00
1681 3.055137e+00 2.336033e+00
1682 3.059627e+00 2.345192e+00
1683 3.057855e+00 2.344629e+00
1684 3.057906e+00 2.348650e+00
1685 3.067915e+00 2.347756e+00
1686 3.089380e+00 2.296416e+00
1687 3.102922e+00 2.311162e+00
1688 3.106497e+00 2.306453e+00
1689 3.104017e+00 2.286096e+00
1690 3.109602e+00 2.284702e+00
1691 3.107270e+00 2.278908e+00
1692 3.104310e+00 2.277088e+00
1693 3.084990e+00 2.280011e+00
1694 3.084602e+00 2.278464e+00
1695 3.074643e+00 2.289144e+00
1696 3.066539e+00 2.272742e+00
1697 3.069215e+00 2.274497e+00
1698 3.067790e+00 2.299816e+00
1699 3.065918e+00 2.288864e+00
1700 3.065843e+00 2.289068e+00
1701 3.075125e+00 2.332165e+00
1702 3.047413e+00 2.333910e+00
1703 3.007494e+00 2.325981e+00
1704 2.988294e+00 2.322628e+00
1705 3.001337e+00 2.345434e+00
1706 2.943846e+00 2.367555e+00
1707 2.951726e+00 2.366368e+00
1708 2.953852e+00 2.367563e+00
1709 2.986466e+00 2.354258e+00
1710 2.972688e+00 2.333507e+00
1711 2.968874e+00 2.346623e+00
1712 2.975223e+00 2.341704e+00
1713 2.995517e+00 2.347097e+00
1714 2.994404e+00 2.323343e+00
1715 2.984033e+00 2.325128e+00
1716 3.010096e+00 2.338248e+00
1717 3.010846e+00 2.335898e+00
1718 3.002499e+00 2.333392e+00
1719 3.002882e+00 2.333346e+00
1720 2.993614e+00 2.327613e+00
1721 2.997398e+00 2.327805e+00
1722 2.998376e+00 2.341605e+00
1723 2.999305e+00 2.341830e+00
1724 2.999178e+00 2.341850e+00
1725 3.001673e+00 2.316391e+00
1726 3.001720e+00 2.319699e+00
1727 2.961994e+00 2.353372e+00
1728 2.952751e+00 2.371606e+00
1729 2.938657e+00 2.350479e+00
1730 2.913205e+00 2.362393e+00
1731 2.917905e+00 2.366913e+00
1732 2.939122e+00 2.366104e+00
1733 2.926392e+00 2.372992e+00
1734 2.978018e+00 2.402433e+00
1735 2.943584e+00 2.359578e+00
1736 2.957739e+00 2.360000e+00
1737 2.956956e+00 2.357904e+00
1738 2.952456e+00 2.361408e+00
1739 2.900124e+00 2.367690e+00
1740 2.907392e+00 2.354341e+00
1741 2.872252e+00 2.385867e+00
1742 2.871977e+00 2.382011e+00
1743 2.871521e+00 2.383392e+00
1744 2.860742e+00 2.404460e+00
1745 2.882734e+00 2.355318e+00
1746 2.880032e+00 2.324245e+00
1747 2.916955e+00 2.346598e+00
1748 2.930020e+00 2.337848e+00
1749 2.938909e+00 2.286133e+00
1750 2.891068e+00 2.318580e+00
1751 2.893266e+00 2.332586e+00
1752 2.891078e+00 2.329708e+00
1753 2.902815e+00 2.375428e+00
1754 2.903996e+00 2.372096e+00
1755 2.904001e+00 2.372092e+00
1756 2.902657e+00 2.372928e+00
1757 2.849933e+00 2.391082e+00
1758 2.831035e+00 2.390582e+00
1759 2.832945e+00 2.390252e+00
1760 2.827027e+00 2.434973e+00
1761 2.806886e+00 2.439666e+00
1762 2.815355e+00 2.433756e+00
1763 2.788381e+00 2.461651e+00
1764 2.831001e+00 2.437709e+00
1765 2.856056e+00 2.408860e+00
1766 2.859456e+00 2.405293e+00
1767 2.858975e+00 2.403424e+00
1768 2.834251e+00 2.396384e+00
1769 2.840144e+00 2.396552e+00
1770 2.836078e+00 2.397459e+00
1771 2.841160e+00 2.390194e+00
1772 2.827724e+00 2.375815e+00
1773 2.841364e+00 2.365950e+00
1774 2.785545e+00 2.373818e+00
1775 2.799365e+00 2.364243e+00
1776 2.777617e+00 2.373067e+00
1777 2.763971e+00 2.394967e+00
1778 2.735399e+00 2.412831e+00
1779 2.758966e+00 2.453314e+00
1780 2.756452e+00 2.452826e+00
1781 2.756978e+00 2.452589e+00
1782 2.767703e+00 2.455826e+00
1783 2.764372e+00 2.467816e+00
1784 2.715378e+00 2.458480e+00
1785 2.693064e+00 2.413102e+00
1786 2.693694e+00 2.414242e+00
1787 2.701056e+00 2.431056e+00
1788 2.669259e+00 2.436148e+00
1789 2.670108e+00 2.435855e+00
1790 2.683004e+00 2.455232e+00
1791 2.687613e+00 2.451739e+00
1792 2.649611e+00 2.445554e+00
1793 2.651897e+00 2.418560e+00
1794 2.700198e+00 2.444285e+00
1795 2.728261e+00 2.449271e+00
1796 2.712327e+00 2.448262e+00
1797 2.682524e+00 2.425921e+00
1798 2.666018e+00 2.389210e+00
1799 2.693778e+00 2.399588e+00
1800 2.694380e+00 2.386634e+00
1801 2.719226e+00 2.381068e+00
1802 2.719705e+00 2.381631e+00
1803 2.721238e+00 2.402687e+00
1804 2.733605e+00 2.399079e+00
1805 2.651241e+00 2.436389e+00
1806 2.650168e+00 2.434331e+00
1807 2.653321e+00 2.416439e+00
1808 2.645385e+00 2.443226e+00
1809 2.647357e+00 2.442573e+00
1810 2.645948e+00 2.444522e+00
1811 2.648476e+00 2.449852e+00
1812 2.650710e+00 2.450221e+00
1813 2.649774e+00 2.449170e+00
1814 2.658337e+00 2.449603e+00
1815 2.658587e+00 2.449300e+00
1816 2.649019e+00 2.442425e+00
1817 2.644545e+00 2.442227e+00
1818 2.644696e+00 2.442326e+00
1819 2.638077e+00 2.453170e+00
1820 2.652148e+00 2.457637e+00
1821 2.658256e+00 2.464404e+00
1822 2.637825e+00 2.473274e+00
1823 2.623749e+00 2.465149e+00
1824 2.624942e+00 2.463605e+00
1825 2.614339e+00 2.479519e+00
1826 2.614147e+00 2.480415e+00
1827 2.613551e+00 2.480907e+00
1828 2.597182e+00 2.477424e+00
1829 2.603882e+00 2.469696e+00
1830 2.615090e+00 2.451329e+00
1831 2.629530e+00 2.446572e+00
1832 2.606525e+00 2.458404e+00
1833 2.617785e+00 2.449988e+00
1834 2.615028e+00 2.467769e+00
1835 2.616333e+00 2.470529e+00
1836 2.614493e+00 2.467888e+00
1837 2.614462e+00 2.467896e+00
1838 2.630019e+00 2.437146e+00
1839 2.629593e+00 2.434510e+00
1840 2.649301e+00 2.441423e+00
1841 2.647970e+00 2.441309e+00
1842 2.646481e+00 2.432720e+00
1843 2.656976e+00 2.430061e+00
1844 2.662617e+00 2.426604e+00
1845 2.665122e+00 2.418082e+00
1846 2.665671e+00 2.418068e+00
1847 2.686933e+00 2.354107e+00
1848 2.687199e+00 2.345067e+00
1849 2.630548e+00 2.336842e+00
1850 2.644830e+00 2.326345e+00
1851 2.607545e+00 2.312540e+00
1852 2.615769e+00 2.314401e+00
1853 2.619670e+00 2.316145e+00
1854 2.603738e+00 2.318635e+00
1855 2.601293e+00 2.316283e+00
1856 2.588943e+00 2.314488e+00
1857 2.591965e+00 2.315720e+00
1858 2.596358e+00 2.322691e+00
1859 2.583022e+00 2.359627e+00
1860 2.565379e+00 2.380181e+00
1861 2.517747e+00 2.439935e+00
1862 2.514682e+00 2.438653e+00
1863 2.511398e+00 2.432189e+00
1864 2.511053e+00 2.433275e+00
1865 2.499132e+00 2.407208e+00
1866 2.490415e+00 2.403947e+00
1867 2.496866e+00 2.400259e+00
1868 2.482547e+00 2.451770e+00
1869 2.513031e+00 2.421459e+00
1870 2.508140e+00 2.417635e+00
1871 2.486959e+00 2.467954e+00
1872 2.487459e+00 2.467091e+00
1873 2.497793e+00 2.472602e+00
1874 2.500738e+00 2.463241e+00
1875 2.488136e+00 2.449703e+00
1876 2.475185e+00 2.445486e+00
1877 2.461052e+00 2.479406e+00
1878 2.455293e+00 2.482241e+00
1879 2.447530e+00 2.487917e+00
1880 2.440926e+00 2.495167e+00
1881 2.421972e+00 2.495826e+00
1882 2.445972e+00 2.504034e+00
1883 2.435571e+00 2.547604e+00
1884 2.425345e+00 2.571212e+00
1885 2.476091e+00 2.572463e+00
1886 2.485641e+00 2.567458e+00
1887 2.485343e+00 2.567392e+00
1888 2.485164e+00 2.568135e+00
1889 2.465501e+00 2.547696e+00
1890 2.460884e+00 2.563829e+00
1891 2.472940e+00 2.615065e+00
1892 2.424399e+00 2.612915e+00
1893 2.452038e+00 2.568211e+00
1894 2.436339e+00 2.542670e+00
1895 2.443765e+00 2.535124e+00
1896 2.447547e+00 2.541489e+00
1897 2.451689e+00 2.544293e+00
1898 2.457493e+00 2.557919e+00
1899 2.467486e+00 2.559787e+00
1900 2.467344e+00 2.552931e+00
1901 2.499846e+00 2.579987e+00
1902 2.489728e+00 2.573088e+00
1903 2.494872e+00 2.539447e+00
1904 2.514639e+00 2.507892e+00
1905 2.516731e+00 2.494786e+00
1906 2.504550e+00 2.456110e+00
1907 2.506811e+00 2.440384e+00
1908 2.508729e+00 2.432718e+00
1909 2.509532e+00 2.400935e+00
1910 2.517043e+00 2.437423e+00
1911 2.517184e+00 2.436951e+00
1912 2.509336e+00 2.438957e+00
1913 2.487474e+00 2.421570e+00
1914 2.547551e+00 2.412594e+00
1915 2.561514e+00 2.408619e+00
1916 2.528195e+00 2.417171e+00
1917 2.488029e+00 2.365485e+00
1918 2.491811e+00 2.348460e+00
1919 2.495562e+00 2.335573e+00
1920 2.475853e+00 2.311359e+00
1921 2.469872e+00 2.304320e+00
1922 2.485732e+00 2.315872e+00
1923 2.466040e+00 2.322914e+00
1924 2.465931e+00 2.323013e+00
1925 2.481173e+00 2.314835e+00
1926 2.461898e+00 2.324593e+00
1927 2.467856e+00 2.329817e+00
1928 2.510785e+00 2.381815e+00
1929 2.502795e+00 2.386942e+00
1930 2.509338e+00 2.374305e+00
1931 2.502932e+00 2.401879e+00
1932 2.521087e+00 2.404959e+00
1933 2.508119e+00 2.404108e+00
1934 2.507534e+00 2.431570e+00
1935 2.517111e+00 2.442867e+00
1936 2.516375e+00 2.438205e+00
1937 2.521846e+00 2.437616e+00
1938 2.505438e+00 2.446560e+00
1939 2.506130e+00 2.445645e+00
1940 2.515633e+00 2.435365e+00
1941 2.513466e+00 2.442506e+00
1942 2.522597e+00 2.424191e+00
1943 2.518511e+00 2.412469e+00
1944 2.545361e+00 2.443513e+00
1945 2.551882e+00 2.457627e+00
1946 2.562183e+00 2.468031e+00
1947 2.567824e+00 2.466365e+00
1948 2.561794e+00 2.449372e+00
1949 2.555343e+00 2.441905e+00
1950 2.541736e+00 2.439269e+00
1951 2.559233e+00 2.450424e+00
1952 2.558907e+00 2.451330e+00
1953 2.561383e+00 2.448058e+00
1954 2.567494e+00 2.446325e+00
1955 2.567620e+00 2.445400e+00
1956 2.548378e+00 2.476041e+00
1957 2.549389e+00 2.477352e+00
1958 2.550811e+00 2.472625e+00
1959 2.550207e+00 2.468511e+00
1960 2.550781e+00 2.474637e+00
1961 2.551685e+00 2.485485e+00
1962 2.556579e+00 2.471212e+00
1963 2.560761e+00 2.410177e+00
1964 2.547190e+00 2.423886e+00
1965 2.558379e+00 2.421101e+00
1966 2.559552e+00 2.422691e+00
1967 2.551176e+00 2.413790e+00
1968 2.553546e+00 2.424389e+00
1969 2.550770e+00 2.401735e+00
1970 2.572007e+00 2.411527e+00
1971 2.577383e+00 2.407355e+00
1972 2.576444e+00 2.406930e+00
1973 2.588256e+00 2.400208e+00
1974 2.566480e+00 2.395938e+00
1975 2.537256e+00 2.454985e+00
1976 2.537201e+00 2.455643e+00
1977 2.535944e+00 2.454065e+00
1978 2.534940e+00 2.456705e+00
1979 2.551297e+00 2.440604e+00
1980 2.567105e+00 2.454161e+00
1981 2.563400e+00 2.461653e+00
1982 2.553879e+00 2.464953e+00
1983 2.558437e+00 2.457970e+00
1984 2.580374e+00 2.454059e+00
1985 2.580034e+00 2.450472e+00
1986 2.562932e+00 2.440117e+00
1987 2.566479e+00 2.450780e+00
1988 2.584095e+00 2.442987e+00
1989 2.566446e+00 2.524763e+00
1990 2.569565e+00 2.512054e+00
1991 2.570309e+00 2.511337e+00
1992 2.571340e+00 2.512871e+00
1993 2.536363e+00 2.478886e+00
1994 2.513566e+00 2.471866e+00
1995 2.520878e+00 2.489946e+00
1996 2.501226e+00 2.476616e+00
1997 2.502799e+00 2.459993e+00
1998 2.501109e+00 2.460701e+00
1999 2.500098e+00 2.463307e+00
2000 2.510441e+00 2.461296e+00
2001 2.500062e+00 2.474379e+00
2002 2.493724e+00 2.479538e+00
2003 2.466789e+00 2.498858e+00
2004 2.463168e+00 2.496154e+00
2005 2.468560e+00 2.486273e+00
2006 2.496555e+00 2.485407e+00
2007 2.494589e+00 2.483548e+00
2008 2.484720e+00 2.490692e+00
2009 2.484081e+00 2.475204e+00
2010 2.483747e+00 2.490404e+00
2011 2.504801e+00 2.490684e+00
2012 2.528881e+00 2.516008e+00
2013 2.528795e+00 2.512205e+00
2014 2.530189e+00 2.533860e+00
2015 2.530990e+00 2.533712e+00
2016 2.530948e+00 2.533840e+00
2017 2.531913e+00 2.540198e+00
2018 2.528325e+00 2.529711e+00
2019 2.561824e+00 2.533702e+00
2020 2.555801e+00 2.535473e+00
2021 2.571182e+00 2.525843e+00
2022 2.573417e+00 2.528805e+00
2023 2.612154e+00 2.501858e+00
2024 2.600848e+00 2.515385e+00
2025 2.596746e+00 2.518738e+00
2026 2.578644e+00 2.579458e+00
2027 2.577221e+00 2.578685e+00
2028 2.560148e+00 2.556290e+00
2029 2.560719e+00 2.550818e+00
2030 2.539512e+00 2.537978e+00
2031 2.548052e+00 2.535860e+00
2032 2.547452e+00 2.533829e+00
2033 2.546221e+00 2.534545e+00
2034 2.531997e+00 2.532326e+00
2035 2.522741e+00 2.530791e+00
2036 2.522524e+00 2.532099e+00
2037 2.545405e+00 2.574321e+00
2038 2.619599e+00 2.589483e+00
2039 2.617987e+00 2.583291e+00
2040 2.628023e+00 2.582098e+00
2041 2.659519e+00 2.587700e+00
2042 2.630245e+00 2.599575e+00
2043 2.636383e+00 2.600926e+00
2044 2.641429e+00 2.616794e+00
2045 2.648490e+00 2.611510e+00
2046 2.648527e+00 2.611477e+00
2047 2.657015e+00 2.606353e+00
2048 2.666395e+00 2.620010e+00
2049 2.669091e+00 2.607044e+00
2050 2.709092e+00 2.557721e+00
2051 2.710481e+00 2.558809e+00
2052 2.706682e+00 2.548025e+00
2053 2.706914e+00 2.549047e+00
2054 2.705181e+00 2.564367e+00
2055 2.713796e+00 2.556745e+00
2056 2.702998e+00 2.568760e+00
2057 2.701018e+00 2.541228e+00
2058 2.730081e+00 2.547305e+00
2059 2.749249e+00 2.556962e+00
2060 2.748878e+00 2.557021e+00
2061 2.745754e+00 2.533805e+00
2062 2.720864e+00 2.564317e+00
2063 2.721113e+00 2.568725e+00
2064 2.709750e+00 2.564333e+00
2065 2.711323e+00 2.561753e+00
2066 2.718461e+00 2.561993e+00
2067 2.705593e+00 2.561924e+00
2068 2.705310e+00 2.562187e+00
2069 2.744687e+00 2.547855e+00
2070 2.719137e+00 2.508988e+00
2071 2.704507e+00 2.499646e+00
2072 2.704031e+00 2.486772e+00
2073 2.700654e+00 2.485516e+00
2074 2.705802e+00 2.493152e+00
2075 2.723273e+00 2.503252e+00
2076 2.742399e+00 2.421148e+00
2077 2.742965e+00 2.423946e+00
2078 2.742342e+00 2.416098e+00
2079 2.754563e+00 2.405906e+00
2080 2.764487e+00 2.413374e+00
2081 2.756648e+00 2.401539e+00
2082 2.731262e+00 2.371856e+00
2083 2.684475e+00 2.382611e+00
2084 2.690916e+00 2.381939e+00
2085 2.694156e+00 2.383187e+00
2086 2.657708e+00 2.427506e+00
2087 2.642536e+00 2.429411e+00
2088 2.637110e+00 2.445100e+00
2089 2.661611e+00 2.458726e+00
2090 2.655717e+00 2.444405e+00
2091 2.689433e+00 2.457943e+00
2092 2.699529e+00 2.465532e+00
2093 2.699898e+00 2.465434e+00
2094 2.718693e+00 2.469438e+00
2095 2.739242e+00 2.477846e+00
2096 2.737608e+00 2.470835e+00
2097 2.728072e+00 2.488497e+00
2098 2.840987e+00 2.509188e+00
2099 2.834495e+00 2.527813e+00
2100 2.810129e+00 2.564198e+00
2101 2.816100e+00 2.584609e+00
2102 2.805648e+00 2.594827e+00
2103 2.859175e+00 2.632839e+00
2104 2.855766e+00 2.634929e+00
2105 2.868788e+00 2.621638e+00
2106 2.891082e+00 2.583429e+00
2107 2.897194e+00 2.579096e+00
2108 2.871989e+00 2.569886e+00
2109 2.843134e+00 2.609570e+00
2110 2.849892e+00 2.602469e+00
2111 2.844954e+00 2.605312e+00
2112 2.855848e+00 2.621693e+00
2113 2.849300e+00 2.624820e+00
2114 2.865763e+00 2.623190e+00
2115 2.876313e+00 2.624974e+00
2116 2.876281e+00 2.624985e+00
2117 2.845013e+00 2.725356e+00
2118 2.847606e+00 2.722200e+00
2119 2.863597e+00 2.722418e+00
2120 2.856659e+00 2.686590e+00
2121 2.858656e+00 2.689177e+00
2122 2.833829e+00 2.674817e+00
2123 2.832242e+00 2.674521e+00
2124 2.833753e+00 2.674171e+00
2125 2.866967e+00 2.749499e+00
2126 2.871586e+00 2.745504e+00
2127 2.871875e+00 2.749570e+00
2128 2.869268e+00 2.793794e+00
2129 2.872927e+00 2.794686e+00
2130 2.956729e+00 2.772062e+00
2131 2.947333e+00 2.766660e+00
2132 2.922094e+00 2.740343e+00
2133 2.875507e+00 2.741129e+00
2134 2.866327e+00 2.681237e+00
2135 2.886020e+00 2.696704e+00
2136 2.884075e+00 2.694749e+00
2137 2.889162e+00 2.728266e+00
2138 2.869783e+00 2.711665e+00
2139 2.858433e+00 2.723604e+00
2140 2.869792e+00 2.708811e+00
2141 2.877157e+00 2.717431e+00
2142 2.875730e+00 2.713542e+00
2143 2.892937e+00 2.723056e+00
2144 2.895311e+00 2.698038e+00
2145 2.897195e+00 2.690655e+00
2146 2.907930e+00 2.678456e+00
2147 2.902612e+00 2.661161e+00
2148 2.899439e+00 2.660258e+00
2149 2.896561e+00 2.664698e+00
2150 2.910642e+00 2.674790e+00
2151 2.910532e+00 2.667219e+00
2152 2.883370e+00 2.634214e+00
2153 2.865762e+00 2.673081e+00
2154 2.922634e+00 2.733684e+00
2155 2.918158e+00 2.723271e+00
2156 2.889094e+00 2.724650e+00
2157 2.882693e+00 2.711458e+00
2158 2.883565e+00 2.710970e+00
2159 2.863604e+00 2.729820e+00
2160 2.861683e+00 2.734290e+00
2161 2.833421e+00 2.742091e+00
2162 2.840963e+00 2.746380e+00
2163 2.844453e+00 2.740299e+00
2164 2.843782e+00 2.740907e+00
2165 2.836026e+00 2.738540e+00
2166 2.882779e+00 2.757110e+00
2167 2.926718e+00 2.751230e+00
2168 2.927569e+00 2.752015e+00
2169 2.928195e+00 2.752159e+00
2170 2.931292e+00 2.757070e+00
2171 2.931991e+00 2.764696e+00
2172 2.900004e+00 2.783972e+00
2173 2.914910e+00 2.769556e+00
2174 2.915547e+00 2.767357e+00
2175 2.885113e+00 2.758144e+00
2176 2.917507e+00 2.770478e+00
2177 2.906005e+00 2.764883e+00
2178 2.911453e+00 2.771843e+00
2179 2.905374e+00 2.759990e+00
2180 2.916137e+00 2.742878e+00
2181 2.921442e+00 2.741684e+00
2182 2.927742e+00 2.772851e+00
2183 2.887831e+00 2.752015e+00
2184 2.914398e+00 2.723850e+00
2185 2.914618e+00 2.726213e+00
2186 2.916370e+00 2.713994e+00
2187 2.933408e+00 2.670377e+00
2188 2.936616e+00 2.669529e+00
2189 2.936396e+00 2.669273e+00
2190 2.948735e+00 2.647493e+00
2191 2.995804e+00 2.655480e+00
2192 2.994510e+00 2.656500e+00
2193 2.990581e+00 2.654320e+00
2194 2.986877e+00 2.650561e+00
2195 2.987763e+00 2.648431e+00
2196 2.986699e+00 2.650099e+00
2197 2.987964e+00 2.653742e+00
2198 2.942628e+00 2.622612e+00
2199 2.940501e+00 2.634287e+00
2200 2.950288e+00 2.648653e+00
2201 2.937462e+00 2.636892e+00
2202 2.936461e+00 2.574764e+00
2203 2.980443e+00 2.602252e+00
2204 2.977799e+00 2.608405e+00
2205 2.982003e+00 2.599720e+00
2206 3.014167e+00 2.609319e+00
2207 3.016018e+00 2.606045e+00
2208 2.990036e+00 2.647649e+00
2209 3.040731e+00 2.658596e+00
2210 3.039667e+00 2.652789e+00
2211 3.041165e+00 2.652277e+00
2212 3.055403e+00 2.654358e+00
2213 3.021974e+00 2.688057e+00
2214 3.016388e+00 2.698018e+00
2215 3.016265e+00 2.695852e+00
2216 2.992883e+00 2.688183e+00
2217 2.990483e+00 2.685555e+00
2218 2.997149e+00 2.701537e+00
2219 2.986647e+00 2.713198e+00
2220 2.889972e+00 2.677238e+00
2221 2.892868e+00 2.669235e+00
2222 2.891462e+00 2.697365e+00
2223 2.903288e+00 2.701105e+00
2224 2.949691e+00 2.708618e+00
2225 2.948670e+00 2.711067e+00
2226 3.004344e+00 2.713937e+00
2227 3.006169e+00 2.724084e+00
2228 3.009395e+00 2.723438e+00
2229 3.001288e+00 2.717915e+00
2230 2.999279e+00 2.711916e+00
2231 2.998757e+00 2.709369e+00
2232 3.005508e+00 2.732524e+00
2233 3.008107e+00 2.736099e+00
2234 3.004456e+00 2.734472e+00
2235 2.989910e+00 2.722560e+00
2236 2.991120e+00 2.726123e+00
2237 3.015961e+00 2.713619e+00
2238 3.058142e+00 2.702036e+00
2239 3.064458e+00 2.687962e+00
2240 3.064584e+00 2.687728e+00
2241 3.052227e+00 2.697942e+00
2242 3.079538e+00 2.680890e+00
2243 3.124832e+00 2.739870e+00
2244 3.130453e+00 2.753766e+00
2245 3.124693e+00 2.752999e+00
2246 3.133019e+00 2.749774e+00
2247 3.160961e+00 2.743449e+00
2248 3.161971e+00 2.743214e+00
2249 3.157999e+00 2.744940e+00
2250 3.157878e+00 2.744133e+00
2251 3.152813e+00 2.749594e+00
2252 3.152091e+00 2.738560e+00
2253 3.140075e+00 2.754970e+00
2254 3.141221e+00 2.766700e+00
2255 3.132400e+00 2.810405e+00
2256 3.127125e+00 2.805382e+00
2257 3.168403e+00 2.846590e+00
2258 3.148524e+00 2.874083e+00
2259 3.139643e+00 2.865607e+00
2260 3.166535e+00 2.836229e+00
2261 3.153718e+00 2.821525e+00
2262 3.134859e+00 2.831168e+00
2263 3.133881e+00 2.832301e+00
2264 3.134600e+00 2.831607e+00
2265 3.135855e+00 2.830596e+00
2266 3.127449e+00 2.853810e+00
2267 3.151405e+00 2.860586e+00
2268 3.147172e+00 2.831530e+00
2269 3.151157e+00 2.826170e+00
2270 3.150260e+00 2.831392e+00
2271 3.191773e+00 2.835654e+00
2272 3.190012e+00 2.832941e+00
2273 3.186423e+00 2.830507e+00
2274 3.187053e+00 2.830859e+00
2275 3.153631e+00 2.817331e+00
2276 3.147410e+00 2.825152e+00
2277 3.133287e+00 2.801788e+00
2278 3.109404e+00 2.783330e+00
2279 3.112693e+00 2.758741e+00
2280 3.086543e+00 2.742047e+00
2281 3.102571e+00 2.754511e+00
2282 3.124843e+00 2.774616e+00
2283 3.147172e+00 2.772325e+00
2284 3.165664e+00 2.724351e+00
2285 3.198329e+00 2.722627e+00
2286 3.215088e+00 2.715254e+00
2287 3.200191e+00 2.723321e+00
2288 3.191718e+00 2.717787e+00
2289 3.203159e+00 2.714993e+00
2290 3.207238e+00 2.753793e+00
2291 3.205824e+00 2.752648e+00
2292 3.205480e+00 2.752831e+00
2293 3.170830e+00 2.707717e+00
2294 3.161163e+00 2.731791e+00
2295 3.166267e+00 2.735069e+00
2296 3.202435e+00 2.762041e+00
2297 3.189843e+00 2.742946e+00
2298 3.190783e+00 2.742739e+00
2299 3.211568e+00 2.735307e+00
2300 3.204115e+00 2.758522e+00
2301 3.211400e+00 2.794876e+00
2302 3.214054e+00 2.791012e+00
2303 3.167747e+00 2.760862e+00
2304 3.168418e+00 2.761434e+00
2305 3.153185e+00 2.776910e+00
2306 3.139986e+00 2.774259e+00
2307 3.126371e+00 2.778577e+00
2308 3.126546e+00 2.813792e+00
2309 3.130837e+00 2.823098e+00
2310 3.131728e+00 2.821836e+00
2311 3.147311e+00 2.828502e+00
2312 3.135585e+00 2.835472e+00
2313 3.136361e+00 2.844881e+00
2314 3.119739e+00 2.856230e+00
2315 3.065293e+00 2.898680e+00
2316 3.065285e+00 2.897932e+00
2317 3.041309e+00 2.922574e+00
2318 3.040010e+00 2.920989e+00
2319 3.052819e+00 2.942043e+00
2320 3.045015e+00 2.902646e+00
2321 3.042528e+00 2.904442e+00
2322 3.042232e+00 2.903210e+00
2323 3.042521e+00 2.906889e+00
2324 3.021635e+00 2.845723e+00
2325 3.018757e+00 2.851528e+00
2326 3.013653e+00 2.854623e+00
2327 3.009266e+00 2.872174e+00
2328 2.965949e+00 2.856410e+00
2329 2.958972e+00 2.855050e+00
2330 2.971078e+00 2.849927e+00
2331 2.985905e+00 2.872163e+00
2332 2.987152e+00 2.872235e+00
2333 2.992207e+00 2.876044e+00
2334 2.987385e+00 2.861721e+00
2335 2.975432e+00 2.850233e+00
2336 2.986924e+00 2.861225e+00
2337 2.974308e+00 2.860744e+00
2338 2.941662e+00 2.824642e+00
2339 2.874234e+00 2.784203e+00
2340 2.871052e+00 2.791788e+00
2341 2.858511e+00 2.776869e+00
2342 2.853794e+00 2.785388e+00
2343 2.859439e+00 2.783797e+00
2344 2.843967e+00 2.785857e+00
2345 2.825549e+00 2.799396e+00
2346 2.843692e+00 2.824981e+00
2347 2.855359e+00 2.817805e+00
2348 2.840323e+00 2.852467e+00
2349 2.830385e+00 2.826951e+00
2350 2.833565e+00 2.826513e+00
2351 2.832754e+00 2.825950e+00
2352 2.836329e+00 2.795767e+00
2353 2.846546e+00 2.799490e+00
2354 2.832168e+00 2.792801e+00
2355 2.812107e+00 2.737564e+00
2356 2.789513e+00 2.722911e+00
2357 2.808113e+00 2.713726e+00
2358 2.806550e+00 2.712603e+00
2359 2.819200e+00 2.682483e+00
2360 2.808197e+00 2.698217e+00
2361 2.812839e+00 2.690831e+00
2362 2.796245e+00 2.729545e+00
2363 2.808799e+00 2.733234e+00
2364 2.812053e+00 2.729216e+00
2365 2.819856e+00 2.698910e+00
2366 2.778689e+00 2.722801e+00
2367 2.757168e+00 2.703519e+00
2368 2.794151e+00 2.705018e+00
2369 2.789177e+00 2.711266e+00
2370 2.796744e+00 2.738738e+00
2371 2.797016e+00 2.738821e+00
2372 2.824562e+00 2.738242e+00
2373 2.849593e+00 2.756082e+00
2374 2.845491e+00 2.811741e+00
2375 2.848339e+00 2.807654e+00
2376 2.820488e+00 2.736614e+00
2377 2.825625e+00 2.780766e+00
2378 2.866533e+00 2.743668e+00
2379 2.861632e+00 2.752041e+00
2380 2.858451e+00 2.755331e+00
2381 2.845799e+00 2.749328e+00
2382 2.840130e+00 2.754212e+00
2383 2.844423e+00 2.747844e+00
2384 2.842078e+00 2.750537e+00
2385 2.842806e+00 2.760407e+00
2386 2.847682e+00 2.750706e+00
2387 2.847969e+00 2.752152e+00
2388 2.848034e+00 2.752761e+00
2389 2.847487e+00 2.750363e+00
2390 2.880765e+00 2.770307e+00
2391 2.881411e+00 2.771949e+00
2392 2.907226e+00 2.762924e+00
2393 2.898715e+00 2.771776e+00
2394 2.893552e+00 2.772561e+00
2395 2.988530e+00 2.767834e+00
2396 2.991211e+00 2.781377e+00
2397 2.991766e+00 2.777988e+00
2398 2.990371e+00 2.766433e+00
2399 2.987128e+00 2.781460e+00
2400 2.978113e+00 2.783133e+00
2401 2.972432e+00 2.774194e+00
2402 2.978380e+00 2.783878e+00
2403 2.975529e+00 2.801357e+00
2404 2.973664e+00 2.814826e+00
2405 2.966827e+00 2.799092e+00
2406 2.969352e+00 2.800178e+00
2407 2.969605e+00 2.786555e+00
2408 2.972008e+00 2.784209e+00
2409 2.981238e+00 2.747566e+00
2410 2.982052e+00 2.743359e+00
2411 2.978103e+00 2.741912e+00
2412 2.955497e+00 2.744983e+00
2413 2.959323e+00 2.754725e+00
2414 2.963017e+00 2.749739e+00
2415 2.973832e+00 2.746619e+00
2416 2.979551e+00 2.750789e+00
2417 2.989085e+00 2.739595e+00
2418 2.979724e+00 2.739958e+00
2419 2.978113e+00 2.749571e+00
2420 2.957334e+00 2.727054e+00
2421 2.947310e+00 2.716447e+00
2422 2.948597e+00 2.727273e+00
2423 2.960269e+00 2.732938e+00
2424 2.958379e+00 2.735076e+00
2425 2.961383e+00 2.730852e+00
2426 3.011840e+00 2.692908e+00
2427 3.042013e+00 2.721970e+00
2428 3.031744e+00 2.718988e+00
2429 3.048163e+00 2.720658e+00
2430 3.027608e+00 2.741202e+00
2431 3.016566e+00 2.737736e+00
2432 3.024719e+00 2.725584e+00
2433 3.017299e+00 2.723255e+00
2434 3.012828e+00 2.727653e+00
2435 3.012126e+00 2.728415e+00
2436 2.994505e+00 2.739554e+00
2437 2.993093e+00 2.740626e+00
2438 2.990876e+00 2.748919e+00
2439 2.999174e+00 2.741808e+00
2440 3.001036e+00 2.743014e+00
2441 3.002088e+00 2.744242e+00
2442 2.980979e+00 2.721019e+00
2443 2.975767e+00 2.723478e+00
2444 2.974568e+00 2.716255e+00
2445 2.968387e+00 2.706588e+00
2446 2.974125e+00 2.701134e+00
2447 2.984667e+00 2.704202e+00
2448 3.012396e+00 2.687635e+00
2449 2.915952e+00 2.615988e+00
2450 2.914813e+00 2.615151e+00
2451 2.927623e+00 2.613756e+00
2452 2.909383e+00 2.604307e+00
2453 2.911632e+00 2.652434e+00
2454 2.909778e+00 2.651517e+00
2455 2.909971e+00 2.651440e+00
2456 2.897070e+00 2.643553e+00
2457 2.874336e+00 2.616080e+00
2458 2.883676e+00 2.679809e+00
2459 2.861665e+00 2.759586e+00
2460 2.841650e+00 2.793643e+00
2461 2.835774e+00 2.796458e+00
2462 2.858254e+00 2.849666e+00
2463 2.878341e+00 2.803866e+00
2464 2.876720e+00 2.803040e+00
2465 2.897463e+00 2.769820e+00
2466 2.900536e+00 2.764291e+00
2467 2.899909e+00 2.763647e+00
2468 2.924513e+00 2.764669e+00
2469 2.934184e+00 2.782778e+00
2470 2.938331e+00 2.766192e+00
2471 2.934355e+00 2.766504e+00
2472 2.945208e+00 2.785979e+00
2473 2.953811e+00 2.809932e+00
2474 2.967429e+00 2.812373e+00
2475 2.989993e+00 2.790465e+00
2476 2.990312e+00 2.789753e+00
2477 2.986505e+00 2.785008e+00
2478 2.982741e+00 2.760353e+00
2479 2.981399e+00 2.757055e+00
2480 2.978043e+00 2.746129e+00
2481 2.966729e+00 2.782458e+00
2482 2.962040e+00 2.784596e+00
2483 2.971831e+00 2.724069e+00
2484 2.972268e+00 2.722162e+00
2485 3.001206e+00 2.710183e+00
2486 3.014821e+00 2.723000e+00
2487 3.031140e+00 2.728991e+00
2488 3.031139e+00 2.730942e+00
2489 3.030620e+00 2.723720e+00
2490 3.022196e+00 2.717131e+00
2491 3.001855e+00 2.754566e+00
2492 2.974526e+00 2.796810e+00
2493 2.973659e+00 2.795696e+00
2494 2.971435e+00 2.796275e+00
2495 2.962037e+00 2.796857e+00
2496 2.973764e+00 2.794985e+00
2497 2.960900e+00 2.789679e+00
2498 2.979278e+00 2.789059e+00
2499 2.977017e+00 2.791924e+00
2500 2.976956e+00 2.794761e+00
2501 2.980134e+00 2.804663e+00
2502 2.998000e+00 2.819949e+00
2503 2.998764e+00 2.819363e+00
2504 2.989200e+00 2.817418e+00
2505 2.991607e+00 2.813171e+00
2506 3.001950e+00 2.783720e+00
2507 3.002358e+00 2.814367e+00
2508 2.935105e+00 2.850055e+00
2509 2.935149e+00 2.850551e+00
2510 2.947054e+00 2.838710e+00
2511 2.917491e+00 2.826816e+00
2512 2.925861e+00 2.847669e+00
2513 2.900338e+00 2.824420e+00
2514 2.913928e+00 2.828534e+00
2515 2.906494e+00 2.840630e+00
2516 2.903029e+00 2.849661e+00
2517 2.902234e+00 2.850742e+00
2518 2.925266e+00 2.832093e+00
2519 2.917117e+00 2.816171e+00
2520 2.899222e+00 2.807123e+00
2521 2.917353e+00 2.804449e+00
2522 2.917874e+00 2.812251e+00
2523 2.916056e+00 2.812157e+00
2524 2.927907e+00 2.814960e+00
2525 2.935967e+00 2.815377e+00
2526 2.898960e+00 2.803752e+00
2527 2.892199e+00 2.686912e+00
2528 2.895665e+00 2.700455e+00
2529 2.895240e+00 2.679009e+00
2530 2.862561e+00 2.687781e+00
2531 2.871007e+00 2.682475e+00
2532 2.852121e+00 2.686600e+00
2533 2.827892e+00 2.688449e+00
2534 2.833986e+00 2.704575e+00
2535 2.841695e+00 2.697975e+00
2536 2.841756e+00 2.699933e+00
2537 2.848235e+00 2.726143e+00
2538 2.846244e+00 2.696642e+00
2539 2.860261e+00 2.690031e+00
2540 2.860076e+00 2.681546e+00
2541 2.892429e+00 2.703501e+00
2542 2.895004e+00 2.677462e+00
2543 2.867606e+00 2.727604e+00
2544 2.868019e+00 2.727722e+00
2545 2.949508e+00 2.705924e+00
2546 2.951857e+00 2.706483e+00
2547 2.954835e+00 2.683136e+00
2548 2.956703e+00 2.686494e+00
2549 2.982758e+00 2.696884e+00
2550 2.960797e+00 2.617315e+00
2551 2.952639e+00 2.617903e+00
2552 2.933865e+00 2.612316e+00
2553 2.923439e+00 2.612505e+00
2554 2.930002e+00 2.646095e+00
2555 2.929718e+00 2.647083e+00
2556 2.924046e+00 2.658684e+00
2557 2.924131e+00 2.658525e+00
2558 2.922237e+00 2.648734e+00
2559 2.914489e+00 2.647824e+00
2560 2.905636e+00 2.645173e+00
2561 2.885084e+00 2.651853e+00
2562 2.900728e+00 2.616836e+00
2563 2.906146e+00 2.616602e+00
2564 2.908092e+00 2.614095e+00
2565 2.906844e+00 2.611883e+00
2566 2.907583e+00 2.666703e+00
2567 2.907617e+00 2.679689e+00
2568 2.904079e+00 2.686969e+00
2569 2.896894e+00 2.693276e+00
2570 2.857352e+00 2.692043e+00
2571 2.857723e+00 2.693522e+00
2572 2.854495e+00 2.696728e+00
2573 2.855823e+00 2.693239e+00
2574 2.856417e+00 2.687647e+00
2575 2.862246e+00 2.667914e+00
2576 2.862230e+00 2.669332e+00
2577 2.860293e+00 2.667775e+00
2578 2.857076e+00 2.667050e+00
2579 2.869436e+00 2.668200e+00
2580 2.860923e+00 2.729393e+00
2581 2.848584e+00 2.727604e+00
2582 2.850070e+00 2.737732e+00
2583 2.848561e+00 2.740229e+00
2584 2.813799e+00 2.791178e+00
2585 2.790386e+00 2.795250e+00
2586 2.786474e+00 2.792644e+00
2587 2.767000e+00 2.830018e+00
2588 2.762188e+00 2.830312e+00
2589 2.765969e+00 2.826740e+00
2590 2.765703e+00 2.837796e+00
2591 2.773185e+00 2.822585e+00
2592 2.791870e+00 2.793382e+00
2593 2.805686e+00 2.796984e+00
2594 2.815565e+00 2.769280e+00
2595 2.822201e+00 2.790811e+00
2596 2.795942e+00 2.781547e+00
2597 2.803311e+00 2.784934e+00
2598 2.842546e+00 2.772833e+00
2599 2.806417e+00 2.742294e+00
2600 2.804022e+00 2.754587e+00
2601 2.804936e+00 2.755687e+00
2602 2.807856e+00 2.752032e+00
2603 2.804313e+00 2.755031e+00
2604 2.771114e+00 2.794309e+00
2605 2.749527e+00 2.791100e+00
2606 2.732301e+00 2.802236e+00
2607 2.732026e+00 2.803442e+00
2608 2.730967e+00 2.795849e+00
2609 2.750968e+00 2.823125e+00
2610 2.723569e+00 2.827832e+00
2611 2.710764e+00 2.825649e+00
2612 2.706628e+00 2.824388e+00
2613 2.705087e+00 2.842459e+00
2614 2.707628e+00 2.890377e+00
2615 2.710435e+00 2.894650e+00
2616 2.721357e+00 2.896640e+00
2617 2.721978e+00 2.896959e+00
2618 2.710590e+00 2.869028e+00
2619 2.690541e+00 2.841370e+00
2620 2.610751e+00 2.874806e+00
2621 2.625025e+00 2.895408e+00
2622 2.634975e+00 2.864307e+00
2623 2.640076e+00 2.888737e+00
2624 2.637169e+00 2.901644e+00
2625 2.636080e+00 2.892421e+00
2626 2.633778e+00 2.887696e+00
2627 2.649948e+00 2.858883e+00
2628 2.651023e+00 2.858002e+00
2629 2.675567e+00 2.861358e+00
2630 2.678593e+00 2.857145e+00
2631 2.622698e+00 2.848920e+00
2632 2.637878e+00 2.843835e+00
2633 2.643282e+00 2.847187e+00
2634 2.678398e+00 2.868017e+00
2635 2.685934e+00 2.875922e+00
2636 2.676044e+00 2.871979e+00
2637 2.677205e+00 2.869740e+00
2638 2.713447e+00 2.824927e+00
2639 2.699548e+00 2.875518e+00
2640 2.709764e+00 2.901006e+00
2641 2.716570e+00 2.907413e+00
2642 2.759105e+00 2.934443e+00
2643 2.760032e+00 2.937208e+00
2644 2.756441e+00 2.942052e+00
2645 2.753510e+00 2.948974e+00
2646 2.761663e+00 2.983281e+00
2647 2.765037e+00 2.992505e+00
2648 2.764785e+00 2.992571e+00
2649 2.758199e+00 2.973029e+00
2650 2.754669e+00 2.965558e+00
2651 2.758302e+00 2.978378e+00
2652 2.780199e+00 2.999865e+00
2653 2.814108e+00 2.958519e+00
2654 2.864658e+00 2.950112e+00
2655 2.859015e+00 2.946144e+00
2656 2.835816e+00 2.962834e+00
2657 2.814000e+00 2.988976e+00
2658 2.829955e+00 2.966974e+00
2659 2.835565e+00 2.963634e+00
2660 2.851508e+00 2.953955e+00
2661 2.833133e+00 2.962648e+00
2662 2.854904e+00 2.964779e+00
2663 2.857694e+00 2.951748e+00
2664 2.783288e+00 2.942794e+00
2665 2.794007e+00 2.944070e+00
2666 2.786846e+00 2.918359e+00
2667 2.797615e+00 2.924284e+00
2668 2.797970e+00 2.925980e+00
2669 2.829435e+00 2.888996e+00
2670 2.822360e+00 2.879594e+00
2671 2.803818e+00 2.899693e+00
2672 2.803489e+00 2.902169e+00
2673 2.812225e+00 2.897256e+00
2674 2.811015e+00 2.893974e+00
2675 2.802044e+00 2.892188e+00
2676 2.803124e+00 2.893177e+00
2677 2.807810e+00 2.889769e+00
2678 2.816213e+00 2.893276e+00
2679 2.808341e+00 2.895988e+00
2680 2.769072e+00 2.899331e+00
2681 2.765093e+00 2.901468e+00
2682 2.752262e+00 2.909143e+00
2683 2.718005e+00 2.894684e+00
2684 2.713305e+00 2.913460e+00
2685 2.671645e+00 2.832433e+00
2686 2.679427e+00 2.869917e+00
2687 2.679432e+00 2.869935e+00
2688 2.676639e+00 2.885176e+00
2689 2.645351e+00 2.900992e+00
2690 2.648427e+00 2.880529e+00
2691 2.636994e+00 2.878646e+00
2692 2.653374e+00 2.905896e+00
2693 2.636400e+00 2.896860e+00
2694 2.649684e+00 2.895059e+00
2695 2.688220e+00 2.900094e+00
2696 2.710525e+00 2.871909e+00
2697 2.708970e+00 2.872046e+00
2698 2.704999e+00 2.874393e+00
2699 2.702083e+00 2.851415e+00
2700 2.707797e+00 2.835389e+00
2701 2.706277e+00 2.828429e+00
2702 2.703341e+00 2.824387e+00
2703 2.700830e+00 2.850412e+00
2704 2.701627e+00 2.849793e+00
2705 2.705127e+00 2.848899e+00
2706 2.687288e+00 2.817942e+00
2707 2.690927e+00 2.819349e+00
2708 2.690524e+00 2.833444e+00
2709 2.628090e+00 2.890718e+00
2710 2.635711e+00 2.924476e+00
2711 2.606049e+00 2.952583e+00
2712 2.605460e+00 2.953146e+00
2713 2.604512e+00 2.942702e+00
2714 2.565940e+00 2.947464e+00
2715 2.610900e+00 2.917615e+00
2716 2.594182e+00 2.928014e+00
2717 2.594357e+00 2.935056e+00
2718 2.598746e+00 2.931659e+00
2719 2.598821e+00 2.931607e+00
2720 2.616241e+00 2.940606e+00
2721 2.606536e+00 2.951906e+00
2722 2.639320e+00 2.969042e+00
2723 2.636355e+00 2.974669e+00
2724 2.628192e+00 2.947298e+00
2725 2.628878e+00 2.949310e+00
2726 2.632764e+00 2.945645e+00
2727 2.626122e+00 2.944784e+00
2728 2.627085e+00 2.945112e+00
2729 2.602233e+00 2.907261e+00
2730 2.599350e+00 2.925773e+00
2731 2.595208e+00 2.925321e+00
2732 2.599060e+00 2.928463e+00
2733 2.610412e+00 2.930992e+00
2734 2.606590e+00 2.940610e+00
2735 2.599990e+00 2.953280e+00
2736 2.626973e+00 2.930231e+00
2737 2.652628e+00 2.945771e+00
2738 2.651735e+00 2.939754e+00
2739 2.706985e+00 2.946613e+00
2740 2.702400e+00 2.962767e+00
2741 2.697235e+00 2.964767e+00
2742 2.709072e+00 2.953902e+00
2743 2.726471e+00 2.935218e+00
2744 2.725446e+00 2.935206e+00
2745 2.718787e+00 2.934826e+00
2746 2.704405e+00 2.932034e+00
2747 2.703359e+00 2.940555e+00
2748 2.743894e+00 2.918199e+00
2749 2.803010e+00 2.895636e+00
2750 2.764820e+00 2.843599e+00
2751 2.764722e+00 2.843397e+00
2752 2.766693e+00 2.790059e+00
2753 2.786695e+00 2.801509e+00
2754 2.793374e+00 2.799031e+00
2755 2.792684e+00 2.799813e+00
2756 2.763246e+00 2.824959e+00
2757 2.763565e+00 2.823326e+00
2758 2.865514e+00 2.738711e+00
2759 2.864124e+00 2.742496e+00
2760 2.864866e+00 2.748439e+00
2761 2.859130e+00 2.752178e+00
2762 2.863859e+00 2.760501e+00
2763 2.870913e+00 2.779116e+00
2764 2.864866e+00 2.776387e+00
2765 2.868056e+00 2.774285e+00
2766 2.871270e+00 2.777270e+00
2767 2.883265e+00 2.789869e+00
2768 2.931582e+00 2.722049e+00
2769 2.948696e+00 2.817396e+00
2770 2.931596e+00 2.824947e+00
2771 2.929420e+00 2.836002e+00
2772 2.927585e+00 2.842586e+00
2773 2.888136e+00 2.837612e+00
2774 2.871269e+00 2.823859e+00
2775 2.866804e+00 2.826442e+00
2776 2.866790e+00 2.827918e+00
2777 2.868149e+00 2.833078e+00
2778 2.899697e+00 2.790282e+00
2779 2.912539e+00 2.791971e+00
2780 2.911305e+00 2.790124e+00
2781 2.942257e+00 2.748330e+00
2782 2.955626e+00 2.748483e+00
2783 2.953854e+00 2.749502e+00
2784 2.963252e+00 2.754954e+00
2785 2.963084e+00 2.688411e+00
2786 2.963106e+00 2.682091e+00
2787 2.983978e+00 2.701547e+00
2788 2.936991e+00 2.742170e+00
2789 2.943987e+00 2.750782e+00
2790 2.954273e+00 2.740427e+00
2791 2.950995e+00 2.741137e+00
2792 2.941802e+00 2.734250e+00
2793 2.921691e+00 2.700559e+00
2794 2.825230e+00 2.706070e+00
2795 2.789958e+00 2.723469e+00
2796 2.819471e+00 2.685578e+00
2797 2.835067e+00 2.684249e+00
2798 2.823658e+00 2.701493e+00
2799 2.814045e+00 2.711161e+00
2800 2.811970e+00 2.728644e+00
2801 2.804665e+00 2.768428e+00
2802 2.816702e+00 2.764649e+00
2803 2.796532e+00 2.763365e+00
2804 2.786640e+00 2.764445e+00
2805 2.771938e+00 2.763615e+00
2806 2.783977e+00 2.768489e+00
2807 2.763925e+00 2.754962e+00
2808 2.771436e+00 2.823346e+00
2809 2.744828e+00 2.851470e+00
2810 2.745071e+00 2.852029e+00
2811 2.734973e+00 2.844635e+00
2812 2.706888e+00 2.827366e+00
2813 2.752734e+00 2.838003e+00
2814 2.753068e+00 2.839224e+00
2815 2.758848e+00 2.836111e+00
2816 2.780084e+00 2.812946e+00
2817 2.799284e+00 2.768740e+00
2818 2.805856e+00 2.766591e+00
2819 2.807788e+00 2.760807e+00
2820 2.820626e+00 2.757926e+00
2821 2.829441e+00 2.833581e+00
2822 2.829434e+00 2.833600e+00
2823 2.826769e+00 2.805598e+00
2824 2.827759e+00 2.799213e+00
2825 2.845245e+00 2.799203e+00
2826 2.860808e+00 2.810625e+00
2827 2.858072e+00 2.805231e+00
2828 2.851063e+00 2.765815e+00
2829 2.852104e+00 2.764675e+00
2830 2.855356e+00 2.764684e+00
2831 2.888163e+00 2.771310e+00
2832 2.894436e+00 2.766664e+00
2833 2.893335e+00 2.769054e+00
2834 2.898747e+00 2.770957e+00
2835 2.893439e+00 2.767178e+00
2836 2.905482e+00 2.787740e+00
2837 2.903920e+00 2.784042e+00
2838 2.928385e+00 2.794658e+00
2839 2.928923e+00 2.777815e+00
2840 2.928613e+00 2.777019e+00
2841 2.923097e+00 2.789391e+00
2842 2.925706e+00 2.781615e+00
2843 2.861837e+00 2.779826e+00
2844 2.863854e+00 2.762390e+00
2845 2.863875e+00 2.762395e+00
2846 2.853488e+00 2.775649e+00
2847 2.870227e+00 2.808354e+00
2848 2.818614e+00 2.823278e+00
2849 2.811145e+00 2.845958e+00
2850 2.826005e+00 2.893429e+00
2851 2.829980e+00 2.890560e+00
2852 2.825663e+00 2.890487e+00
2853 2.828470e+00 2.899686e+00
2854 2.805294e+00 2.908328e+00
2855 2.805279e+00 2.908359e+00
2856 2.802864e+00 2.915467e+00
2857 2.775630e+00 2.918977e+00
2858 2.758824e+00 2.917853e+00
2859 2.750697e+00 2.956099e+00
2860 2.857162e+00 3.013502e+00
