0 3.056639e+00 9.032428e-01
1 3.074711e+00 9.247163e-01
2 3.077540e+00 9.233366e-01
3 3.076693e+00 9.150727e-01
4 3.066714e+00 9.190551e-01
5 3.059300e+00 9.518588e-01
6 3.045300e+00 9.341980e-01
7 3.056096e+00 9.516407e-01
8 3.048741e+00 9.495037e-01
9 3.049451e+00 9.503024e-01
10 3.051431e+00 9.472875e-01
11 3.047855e+00 9.395327e-01
12 3.047689e+00 9.377650e-01
13 3.047572e+00 9.377841e-01
14 3.051313e+00 9.214519e-01
15 3.008246e+00 9.281831e-01
16 3.012044e+00 9.340154e-01
17 3.012182e+00 9.339368e-01
18 2.997873e+00 9.394302e-01
19 2.998540e+00 9.404558e-01
20 3.017842e+00 9.518397e-01
21 3.016306e+00 9.524246e-01
22 3.027983e+00 9.269191e-01
23 3.029281e+00 9.259194e-01
24 3.045371e+00 9.292223e-01
25 3.073645e+00 9.375958e-01
26 3.075575e+00 9.289512e-01
27 3.068777e+00 9.589574e-01
28 3.067374e+00 9.597603e-01
29 3.049232e+00 9.638527e-01
30 3.113001e+00 8.186934e-01
31 3.114771e+00 8.215879e-01
32 3.045435e+00 8.460919e-01
33 3.045203e+00 8.451486e-01
34 3.046466e+00 8.428424e-01
35 3.051832e+00 8.595210e-01
36 3.070285e+00 9.102680e-01
37 3.072464e+00 9.111221e-01
38 3.066402e+00 9.263987e-01
39 3.064695e+00 9.272095e-01
40 3.067291e+00 9.244831e-01
41 3.088477e+00 9.199212e-01
42 3.097989e+00 9.455174e-01
43 3.077445e+00 9.366097e-01
44 3.083007e+00 9.388085e-01
45 3.077688e+00 9.450711e-01
46 3.062403e+00 9.357336e-01
47 3.057473e+00 9.432143e-01
48 3.054779e+00 9.472035e-01
49 3.043377e+00 9.297831e-01
50 3.043700e+00 9.417508e-01
51 3.048651e+00 9.378941e-01
52 3.054345e+00 9.411797e-01
53 3.058189e+00 9.326656e-01
54 3.066896e+00 9.227958e-01
55 3.066286e+00 9.224918e-01
56 3.066085e+00 9.243976e-01
57 3.080121e+00 9.033704e-01
58 3.076940e+00 8.950730e-01
59 3.067570e+00 8.936615e-01
60 3.062183e+00 9.042240e-01
61 3.100084e+00 9.202545e-01
62 3.095044e+00 9.146297e-01
63 3.094271e+00 9.060482e-01
64 3.082512e+00 9.079222e-01
65 3.071159e+00 8.843340e-01
66 3.078184e+00 8.868522e-01
67 3.071938e+00 9.244645e-01
68 3.068255e+00 9.146907e-01
69 3.073732e+00 9.210866e-01
70 3.070337e+00 9.113932e-01
71 3.081031e+00 9.020648e-01
72 3.072367e+00 8.808694e-01
73 3.085470e+00 8.835712e-01
74 3.084208e+00 8.768824e-01
75 3.099728e+00 8.995853e-01
76 3.095295e+00 9.104642e-01
77 3.091140e+00 9.143644e-01
78 3.084843e+00 8.972432e-01
79 3.085645e+00 8.974744e-01
80 3.082480e+00 8.914293e-01
81 3.020995e+00 9.857315e-01
82 3.008594e+00 9.897160e-01
83 2.986759e+00 9.700103e-01
84 3.002561e+00 9.558882e-01
85 2.998278e+00 9.475206e-01
86 3.019796e+00 9.767874e-01
87 2.957336e+00 1.005044e+00
88 2.956971e+00 1.002662e+00
89 2.956543e+00 1.002797e+00
90 2.921669e+00 9.962151e-01
91 2.921365e+00 1.005117e+00
92 2.922958e+00 9.674744e-01
93 2.943446e+00 9.504889e-01
94 2.942698e+00 9.521899e-01
95 2.930077e+00 9.677945e-01
96 2.913401e+00 1.003855e+00
97 2.897927e+00 1.009616e+00
98 2.918338e+00 1.003103e+00
99 2.940992e+00 9.950464e-01
100 2.906853e+00 9.299196e-01
101 2.875627e+00 8.795477e-01
102 2.859668e+00 8.968498e-01
103 2.905217e+00 8.842472e-01
104 2.906124e+00 8.843233e-01
105 2.902463e+00 8.674167e-01
106 2.896051e+00 8.857862e-01
107 2.900620e+00 8.617642e-01
108 2.886550e+00 8.684952e-01
109 2.916147e+00 8.448442e-01
110 2.910000e+00 8.170176e-01
111 2.910728e+00 8.200715e-01
112 2.915202e+00 8.194447e-01
113 2.916061e+00 8.173113e-01
114 2.915525e+00 8.210490e-01
115 2.897498e+00 8.445139e-01
116 2.903978e+00 8.402303e-01
117 2.876473e+00 8.214758e-01
118 2.874318e+00 8.218404e-01
119 2.876764e+00 8.212397e-01
120 2.876390e+00 8.193771e-01
121 2.875480e+00 8.014104e-01
122 2.880447e+00 7.982604e-01
123 2.886467e+00 8.332784e-01
124 2.888460e+00 8.415371e-01
125 2.977243e+00 8.184104e-01
126 2.944970e+00 8.459753e-01
127 2.956778e+00 8.188651e-01
128 2.959275e+00 8.159524e-01
129 2.959758e+00 8.151254e-01
130 2.996373e+00 8.370385e-01
131 2.996258e+00 8.369674e-01
132 3.038158e+00 7.978292e-01
133 3.040255e+00 7.841328e-01
134 3.034764e+00 7.372321e-01
135 3.039841e+00 7.517280e-01
136 3.054406e+00 7.620521e-01
137 3.049841e+00 7.715112e-01
138 3.058290e+00 7.318200e-01
139 3.009086e+00 7.186933e-01
140 3.002897e+00 7.243702e-01
141 2.998464e+00 7.219303e-01
142 3.006655e+00 7.205296e-01
143 3.021834e+00 7.129725e-01
144 3.012481e+00 7.052108e-01
145 3.013452e+00 7.093076e-01
146 3.034856e+00 7.370444e-01
147 3.024891e+00 7.423323e-01
148 3.023192e+00 7.436481e-01
149 3.034651e+00 7.693870e-01
150 3.034884e+00 7.735791e-01
151 3.037583e+00 7.746472e-01
152 3.035023e+00 7.722075e-01
153 3.037912e+00 7.777648e-01
154 3.033259e+00 7.798701e-01
155 3.039692e+00 7.852697e-01
156 3.031548e+00 7.813774e-01
157 3.011151e+00 7.944218e-01
158 3.036379e+00 7.702413e-01
159 3.095751e+00 7.288128e-01
160 3.096390e+00 7.281594e-01
161 3.085811e+00 7.329207e-01
162 3.085074e+00 7.350337e-01
163 3.080458e+00 7.444280e-01
164 3.082083e+00 7.194996e-01
165 3.083255e+00 7.270668e-01
166 3.073655e+00 7.186020e-01
167 3.064447e+00 7.244065e-01
168 3.073360e+00 7.378540e-01
169 3.074843e+00 7.375273e-01
170 3.100238e+00 7.513672e-01
171 3.104284e+00 7.705085e-01
172 3.107138e+00 7.691575e-01
173 3.103425e+00 7.660658e-01
174 3.108653e+00 7.731821e-01
175 3.093326e+00 7.840901e-01
176 3.097558e+00 8.187942e-01
177 3.014817e+00 8.409561e-01
178 3.025497e+00 8.331082e-01
179 3.042095e+00 8.197524e-01
180 3.043102e+00 8.298540e-01
181 3.049119e+00 8.118477e-01
182 3.085425e+00 8.763261e-01
183 3.067934e+00 9.524837e-01
184 3.067097e+00 9.457905e-01
185 3.070572e+00 9.365025e-01
186 3.073235e+00 9.352029e-01
187 3.033817e+00 9.136575e-01
188 3.055343e+00 9.101831e-01
189 3.058025e+00 9.010082e-01
190 3.076370e+00 9.139998e-01
191 3.080307e+00 9.874832e-01
192 3.099225e+00 9.761059e-01
193 3.107379e+00 9.879285e-01
194 3.112560e+00 9.888672e-01
195 3.102277e+00 9.811640e-01
196 3.092149e+00 9.878850e-01
197 3.095176e+00 1.022329e+00
198 3.105727e+00 1.031217e+00
199 3.124754e+00 1.035496e+00
200 3.114860e+00 1.050345e+00
201 3.113778e+00 1.044950e+00
202 3.089651e+00 1.035800e+00
203 3.084241e+00 1.038865e+00
204 3.082549e+00 1.037059e+00
205 3.149010e+00 1.065053e+00
206 3.183882e+00 1.147746e+00
207 3.193233e+00 1.143245e+00
208 3.203028e+00 1.129368e+00
209 3.247668e+00 1.106002e+00
210 3.255926e+00 1.127784e+00
211 3.247890e+00 1.148071e+00
212 3.253648e+00 1.148976e+00
213 3.218648e+00 1.136380e+00
214 3.218963e+00 1.146925e+00
215 3.208006e+00 1.160320e+00
216 3.206110e+00 1.162488e+00
217 3.203637e+00 1.161312e+00
218 3.222616e+00 1.155395e+00
219 3.201008e+00 1.149170e+00
220 3.202891e+00 1.148706e+00
221 3.174601e+00 1.115082e+00
222 3.165431e+00 1.100640e+00
223 3.142658e+00 1.137155e+00
224 3.133856e+00 1.136560e+00
225 3.134928e+00 1.137097e+00
226 3.135543e+00 1.135857e+00
227 3.155061e+00 1.143456e+00
228 3.155778e+00 1.128192e+00
229 3.139860e+00 1.115716e+00
230 3.137029e+00 1.111136e+00
231 3.137513e+00 1.104515e+00
232 3.138463e+00 1.104394e+00
233 3.176165e+00 1.103646e+00
234 3.163475e+00 1.086327e+00
235 3.184559e+00 1.086131e+00
236 3.192861e+00 1.092049e+00
237 3.188360e+00 1.088672e+00
238 3.163865e+00 1.098791e+00
239 3.167382e+00 1.100221e+00
240 3.175064e+00 1.106472e+00
241 3.115700e+00 1.147388e+00
242 3.144133e+00 1.221929e+00
243 3.140666e+00 1.215865e+00
244 3.138063e+00 1.217666e+00
245 3.126367e+00 1.215520e+00
246 3.134731e+00 1.212697e+00
247 3.139045e+00 1.210001e+00
248 3.144392e+00 1.235824e+00
249 3.147246e+00 1.220185e+00
250 3.118072e+00 1.214917e+00
251 3.114106e+00 1.198815e+00
252 3.114851e+00 1.197804e+00
253 3.115234e+00 1.200292e+00
254 3.115900e+00 1.181805e+00
255 3.139786e+00 1.165386e+00
256 3.102980e+00 1.148867e+00
257 3.099547e+00 1.148646e+00
258 3.101183e+00 1.152956e+00
259 3.058112e+00 1.122219e+00
260 3.080333e+00 1.128044e+00
261 3.090683e+00 1.133330e+00
262 3.084887e+00 1.137907e+00
263 3.076663e+00 1.142983e+00
264 3.152222e+00 1.158590e+00
265 3.156794e+00 1.173966e+00
266 3.153822e+00 1.159034e+00
267 3.146180e+00 1.128415e+00
268 3.065566e+00 1.120266e+00
269 3.056894e+00 1.126747e+00
270 3.064033e+00 1.129811e+00
271 3.067382e+00 1.131037e+00
272 3.068737e+00 1.128869e+00
273 3.065331e+00 1.136000e+00
274 3.061730e+00 1.135899e+00
275 3.060823e+00 1.135044e+00
276 3.048949e+00 1.124603e+00
277 3.048375e+00 1.128779e+00
278 3.047110e+00 1.124723e+00
279 3.021366e+00 1.126933e+00
280 3.059226e+00 1.117439e+00
281 3.068593e+00 1.110367e+00
282 3.068731e+00 1.110538e+00
283 3.062982e+00 1.117763e+00
284 3.041062e+00 1.139407e+00
285 3.035294e+00 1.131013e+00
286 3.034817e+00 1.130001e+00
287 2.966891e+00 1.172071e+00
288 2.979935e+00 1.174424e+00
289 2.977488e+00 1.177805e+00
290 2.963776e+00 1.161514e+00
291 2.963558e+00 1.154505e+00
292 2.911603e+00 1.163829e+00
293 2.927536e+00 1.156939e+00
294 2.921400e+00 1.134948e+00
295 2.927509e+00 1.137628e+00
296 2.954675e+00 1.095058e+00
297 2.917990e+00 1.059605e+00
298 2.927819e+00 1.081006e+00
299 2.939711e+00 1.091400e+00
300 2.934073e+00 1.096150e+00
301 2.931802e+00 1.103168e+00
302 2.928287e+00 1.094652e+00
303 2.919547e+00 1.091350e+00
304 2.921750e+00 1.087483e+00
305 2.934422e+00 1.111545e+00
306 2.930080e+00 1.117073e+00
307 2.991193e+00 1.101132e+00
308 2.988926e+00 1.105210e+00
309 2.971848e+00 1.101755e+00
310 2.969174e+00 1.100033e+00
311 2.971157e+00 1.092929e+00
312 2.974431e+00 1.095183e+00
313 2.931070e+00 1.078064e+00
314 2.969034e+00 1.073550e+00
315 2.946182e+00 1.100838e+00
316 2.940314e+00 1.098184e+00
317 2.955281e+00 1.114571e+00
318 2.945155e+00 1.106842e+00
319 2.950803e+00 1.103443e+00
320 2.962032e+00 1.066724e+00
321 2.949974e+00 1.054070e+00
322 2.954670e+00 1.053159e+00
323 2.958850e+00 1.098957e+00
324 2.960832e+00 1.104838e+00
325 2.969010e+00 1.097837e+00
326 2.976312e+00 1.103956e+00
327 2.886327e+00 1.142469e+00
328 2.894829e+00 1.148100e+00
329 2.885355e+00 1.144729e+00
330 2.920307e+00 1.108764e+00
331 2.911823e+00 1.040572e+00
332 2.892859e+00 1.033636e+00
333 2.891169e+00 1.058126e+00
334 2.884180e+00 1.088665e+00
335 2.883960e+00 1.088607e+00
336 2.916129e+00 1.062653e+00
337 2.917524e+00 1.087035e+00
338 2.929191e+00 1.088762e+00
339 2.928961e+00 1.089182e+00
340 2.928136e+00 1.084190e+00
341 2.929079e+00 1.103010e+00
342 2.924398e+00 1.112558e+00
343 2.926151e+00 1.118633e+00
344 2.929325e+00 1.119817e+00
345 2.939657e+00 1.102645e+00
346 2.932932e+00 1.105696e+00
347 2.924070e+00 1.106292e+00
348 2.925142e+00 1.105390e+00
349 2.915162e+00 1.103786e+00
350 2.906077e+00 1.097125e+00
351 2.922089e+00 1.109429e+00
352 2.935188e+00 1.099742e+00
353 2.929764e+00 1.106130e+00
354 2.940546e+00 1.091593e+00
355 3.005077e+00 1.018394e+00
356 3.003273e+00 1.018421e+00
357 3.009631e+00 1.027785e+00
358 2.983651e+00 1.089744e+00
359 2.979308e+00 1.089929e+00
360 2.983758e+00 1.091608e+00
361 2.968572e+00 1.023512e+00
362 2.965632e+00 1.018519e+00
363 2.954416e+00 1.022036e+00
364 2.951263e+00 1.023066e+00
365 2.973337e+00 1.024375e+00
366 2.936935e+00 1.077925e+00
367 2.912056e+00 1.078206e+00
368 2.914404e+00 1.080372e+00
369 2.907586e+00 1.078499e+00
370 2.903241e+00 1.078094e+00
371 2.909659e+00 1.097785e+00
372 2.917824e+00 1.064262e+00
373 2.918004e+00 1.059326e+00
374 2.847868e+00 1.088657e+00
375 2.838295e+00 1.087969e+00
376 2.817735e+00 1.079439e+00
377 2.817721e+00 1.078728e+00
378 2.818519e+00 1.077078e+00
379 2.831995e+00 1.070298e+00
380 2.813335e+00 1.053295e+00
381 2.816351e+00 1.057729e+00
382 2.817779e+00 1.056940e+00
383 2.793692e+00 1.030523e+00
384 2.803159e+00 1.023184e+00
385 2.798060e+00 1.018331e+00
386 2.792403e+00 1.013216e+00
387 2.776001e+00 1.004054e+00
388 2.777443e+00 1.012361e+00
389 2.778454e+00 1.010834e+00
390 2.751704e+00 1.001492e+00
391 2.751353e+00 1.002005e+00
392 2.762053e+00 1.005900e+00
393 2.776842e+00 9.906763e-01
394 2.768447e+00 1.004307e+00
395 2.773609e+00 1.019787e+00
396 2.744499e+00 9.975831e-01
397 2.760529e+00 9.946901e-01
398 2.759512e+00 1.013839e+00
399 2.769343e+00 1.004179e+00
400 2.756262e+00 1.008226e+00
401 2.792882e+00 1.016733e+00
402 2.747080e+00 1.016658e+00
403 2.763617e+00 1.026089e+00
404 2.805904e+00 9.989141e-01
405 2.798370e+00 1.012241e+00
406 2.799058e+00 1.007021e+00
407 2.799573e+00 1.006728e+00
408 2.801715e+00 1.018036e+00
409 2.802231e+00 1.018137e+00
410 2.789477e+00 1.026264e+00
411 2.797177e+00 1.029001e+00
412 2.796539e+00 1.029073e+00
413 2.803332e+00 1.019152e+00
414 2.792748e+00 1.018471e+00
415 2.775946e+00 9.897476e-01
416 2.750376e+00 9.812309e-01
417 2.751979e+00 9.793923e-01
418 2.748789e+00 9.862933e-01
419 2.748802e+00 9.862680e-01
420 2.735346e+00 9.864391e-01
421 2.724855e+00 9.831743e-01
422 2.736261e+00 1.013449e+00
423 2.724036e+00 1.028188e+00
424 2.725587e+00 1.032274e+00
425 2.724322e+00 1.010325e+00
426 2.712565e+00 9.789108e-01
427 2.723988e+00 9.572172e-01
428 2.722580e+00 9.581001e-01
429 2.688910e+00 9.702387e-01
430 2.703556e+00 9.679676e-01
431 2.705034e+00 9.543224e-01
432 2.697690e+00 9.561423e-01
433 2.704195e+00 9.594455e-01
434 2.681767e+00 9.605165e-01
435 2.737048e+00 9.617090e-01
436 2.732880e+00 9.517404e-01
437 2.758869e+00 9.240670e-01
438 2.762468e+00 9.304722e-01
439 2.761643e+00 9.331223e-01
440 2.759616e+00 9.351041e-01
441 2.769623e+00 9.512084e-01
442 2.764757e+00 9.457943e-01
443 2.760921e+00 9.460054e-01
444 2.759712e+00 9.456676e-01
445 2.760024e+00 9.475106e-01
446 2.762198e+00 9.402891e-01
447 2.754380e+00 9.137040e-01
448 2.754219e+00 8.799264e-01
449 2.752874e+00 8.798017e-01
450 2.760794e+00 8.816835e-01
451 2.781896e+00 9.086942e-01
452 2.780372e+00 9.060617e-01
453 2.782436e+00 9.165219e-01
454 2.765295e+00 9.110711e-01
455 2.757696e+00 9.089946e-01
456 2.755506e+00 9.128267e-01
457 2.762567e+00 9.194496e-01
458 2.767386e+00 9.170151e-01
459 2.764608e+00 9.296402e-01
460 2.764915e+00 9.299800e-01
461 2.783043e+00 9.323812e-01
462 2.817599e+00 9.077438e-01
463 2.823345e+00 8.992526e-01
464 2.821238e+00 9.011562e-01
465 2.828768e+00 9.073594e-01
466 2.828146e+00 9.109719e-01
467 2.829904e+00 9.207624e-01
468 2.835809e+00 9.210048e-01
469 2.842659e+00 9.157689e-01
470 2.838913e+00 9.171456e-01
471 2.828887e+00 8.893533e-01
472 2.830092e+00 8.962165e-01
473 2.826472e+00 8.930577e-01
474 2.796356e+00 8.711808e-01
475 2.784042e+00 8.847274e-01
476 2.767037e+00 9.161965e-01
477 2.763427e+00 9.589950e-01
478 2.760960e+00 9.510429e-01
479 2.731105e+00 9.130440e-01
480 2.711018e+00 8.839109e-01
481 2.714857e+00 8.694104e-01
482 2.714041e+00 8.697707e-01
483 2.714990e+00 8.697839e-01
484 2.700863e+00 8.710886e-01
485 2.700691e+00 8.726272e-01
486 2.716545e+00 8.711434e-01
487 2.734567e+00 8.996307e-01
488 2.697923e+00 9.667379e-01
489 2.697749e+00 9.674391e-01
490 2.697794e+00 9.681944e-01
491 2.726048e+00 9.713973e-01
492 2.738783e+00 9.915544e-01
493 2.736554e+00 1.035940e+00
494 2.749086e+00 1.039711e+00
495 2.727242e+00 1.031971e+00
496 2.713169e+00 1.040488e+00
497 2.705893e+00 1.031040e+00
498 2.705091e+00 1.030500e+00
499 2.716412e+00 1.064775e+00
500 2.713442e+00 1.068413e+00
501 2.718777e+00 1.051203e+00
502 2.706666e+00 1.043233e+00
503 2.724217e+00 1.051603e+00
504 2.767037e+00 1.104701e+00
505 2.747513e+00 1.122610e+00
506 2.754915e+00 1.109034e+00
507 2.776210e+00 1.083512e+00
508 2.783731e+00 1.119524e+00
509 2.828997e+00 1.147432e+00
510 2.834104e+00 1.144793e+00
511 2.838380e+00 1.147468e+00
512 2.838826e+00 1.147928e+00
513 2.840112e+00 1.142248e+00
514 2.791910e+00 1.123496e+00
515 2.810774e+00 1.111016e+00
516 2.795706e+00 1.103625e+00
517 2.802559e+00 1.100343e+00
518 2.802721e+00 1.105537e+00
519 2.779512e+00 1.083590e+00
520 2.725461e+00 1.083165e+00
521 2.723389e+00 1.080450e+00
522 2.723341e+00 1.080185e+00
523 2.710095e+00 1.065802e+00
524 2.669573e+00 1.061156e+00
525 2.649305e+00 1.045635e+00
526 2.632038e+00 1.054331e+00
527 2.615961e+00 1.049048e+00
528 2.615963e+00 1.049138e+00
529 2.613161e+00 1.050167e+00
530 2.618698e+00 1.052697e+00
531 2.621294e+00 1.047216e+00
532 2.611424e+00 1.053214e+00
533 2.601488e+00 1.078456e+00
534 2.601350e+00 1.084489e+00
535 2.600797e+00 1.085914e+00
536 2.599988e+00 1.087666e+00
537 2.599499e+00 1.077844e+00
538 2.599729e+00 1.100218e+00
539 2.645343e+00 1.093825e+00
540 2.651326e+00 1.096711e+00
541 2.653489e+00 1.096902e+00
542 2.646879e+00 1.098709e+00
543 2.663802e+00 1.088912e+00
544 2.634315e+00 1.111931e+00
545 2.636759e+00 1.102912e+00
546 2.674302e+00 1.077991e+00
547 2.674090e+00 1.074617e+00
548 2.747894e+00 1.130520e+00
549 2.758773e+00 1.119055e+00
550 2.765874e+00 1.120913e+00
551 2.751812e+00 1.111300e+00
552 2.750691e+00 1.112676e+00
553 2.726148e+00 1.094158e+00
554 2.688528e+00 1.106625e+00
555 2.703372e+00 1.053096e+00
556 2.688190e+00 1.037370e+00
557 2.651894e+00 1.020409e+00
558 2.644521e+00 9.930925e-01
559 2.624519e+00 1.010383e+00
560 2.626184e+00 1.008550e+00
561 2.655031e+00 1.004473e+00
562 2.654348e+00 1.005047e+00
563 2.666471e+00 9.907649e-01
564 2.682673e+00 9.640042e-01
565 2.682820e+00 9.795255e-01
566 2.585893e+00 1.031695e+00
567 2.582715e+00 1.032425e+00
568 2.564632e+00 1.021504e+00
569 2.563686e+00 1.027809e+00
570 2.561297e+00 1.028884e+00
571 2.528780e+00 1.009074e+00
572 2.529433e+00 1.009712e+00
573 2.532382e+00 1.005720e+00
574 2.528756e+00 1.009580e+00
575 2.531458e+00 1.011289e+00
576 2.554984e+00 1.004851e+00
577 2.557739e+00 1.002510e+00
578 2.553396e+00 9.797434e-01
579 2.543629e+00 9.925824e-01
580 2.544758e+00 9.592445e-01
581 2.545265e+00 9.594281e-01
582 2.550640e+00 9.549569e-01
583 2.544875e+00 9.592651e-01
584 2.528982e+00 9.500285e-01
585 2.527180e+00 9.397418e-01
586 2.530953e+00 9.356129e-01
587 2.510365e+00 9.523178e-01
588 2.490707e+00 9.983552e-01
589 2.496895e+00 1.006939e+00
590 2.535052e+00 1.040898e+00
591 2.506674e+00 1.049794e+00
592 2.506622e+00 1.049762e+00
593 2.514595e+00 1.058730e+00
594 2.513398e+00 1.037423e+00
595 2.511648e+00 1.030060e+00
596 2.486313e+00 1.057896e+00
597 2.485466e+00 1.057903e+00
598 2.484938e+00 1.058249e+00
599 2.484643e+00 1.061635e+00
600 2.468270e+00 1.058384e+00
601 2.485016e+00 1.074764e+00
602 2.509975e+00 1.093191e+00
603 2.507960e+00 1.086978e+00
604 2.517170e+00 1.094146e+00
605 2.456161e+00 1.113917e+00
606 2.457720e+00 1.110908e+00
607 2.452574e+00 1.082432e+00
608 2.453980e+00 1.062717e+00
609 2.455040e+00 1.046399e+00
610 2.386205e+00 1.025461e+00
611 2.374054e+00 1.032619e+00
612 2.406790e+00 1.010994e+00
613 2.450132e+00 9.499126e-01
614 2.450200e+00 9.501251e-01
615 2.449690e+00 9.497151e-01
616 2.449645e+00 9.509885e-01
617 2.465878e+00 9.650050e-01
618 2.450724e+00 9.751677e-01
619 2.458377e+00 9.723760e-01
620 2.464783e+00 9.751572e-01
621 2.463838e+00 9.751499e-01
622 2.426536e+00 9.564316e-01
623 2.432536e+00 9.659125e-01
624 2.430458e+00 9.693151e-01
625 2.491919e+00 1.083124e+00
626 2.445550e+00 1.086716e+00
627 2.434470e+00 1.103358e+00
628 2.451640e+00 1.122862e+00
629 2.451663e+00 1.124835e+00
630 2.457094e+00 1.126737e+00
631 2.458111e+00 1.125499e+00
632 2.462612e+00 1.118871e+00
633 2.457673e+00 1.118194e+00
634 2.477203e+00 1.094043e+00
635 2.529528e+00 1.095458e+00
636 2.513653e+00 1.076910e+00
637 2.498576e+00 1.076980e+00
638 2.448296e+00 1.136658e+00
639 2.395398e+00 1.181856e+00
640 2.382844e+00 1.171642e+00
641 2.385180e+00 1.161814e+00
642 2.390661e+00 1.163464e+00
643 2.346231e+00 1.162469e+00
644 2.392255e+00 1.188545e+00
645 2.384133e+00 1.196163e+00
646 2.359365e+00 1.174979e+00
647 2.371568e+00 1.170839e+00
648 2.365348e+00 1.182290e+00
649 2.391920e+00 1.194953e+00
650 2.378321e+00 1.215610e+00
651 2.378181e+00 1.220500e+00
652 2.375053e+00 1.219698e+00
653 2.376388e+00 1.218014e+00
654 2.376675e+00 1.218252e+00
655 2.364817e+00 1.228051e+00
656 2.366538e+00 1.234454e+00
657 2.380165e+00 1.226823e+00
658 2.387864e+00 1.232263e+00
659 2.365639e+00 1.228606e+00
660 2.367946e+00 1.248480e+00
661 2.351562e+00 1.251360e+00
662 2.360468e+00 1.274365e+00
663 2.372696e+00 1.251054e+00
664 2.382291e+00 1.246362e+00
665 2.367217e+00 1.241359e+00
666 2.371167e+00 1.250842e+00
667 2.341104e+00 1.212016e+00
668 2.344159e+00 1.208240e+00
669 2.342625e+00 1.207474e+00
670 2.319455e+00 1.222704e+00
671 2.318517e+00 1.220347e+00
672 2.323544e+00 1.210470e+00
673 2.315660e+00 1.219388e+00
674 2.327445e+00 1.222712e+00
675 2.321518e+00 1.224569e+00
676 2.306645e+00 1.205107e+00
677 2.326133e+00 1.234222e+00
678 2.313097e+00 1.227146e+00
679 2.300240e+00 1.235287e+00
680 2.299373e+00 1.236301e+00
681 2.328347e+00 1.230337e+00
682 2.328740e+00 1.230141e+00
683 2.320325e+00 1.248623e+00
684 2.318926e+00 1.251246e+00
685 2.316636e+00 1.243130e+00
686 2.315627e+00 1.243108e+00
687 2.328697e+00 1.267270e+00
688 2.329676e+00 1.281584e+00
689 2.334577e+00 1.333660e+00
690 2.328645e+00 1.344614e+00
691 2.326853e+00 1.349741e+00
692 2.323661e+00 1.349065e+00
693 2.319969e+00 1.342249e+00
694 2.270743e+00 1.405074e+00
695 2.251212e+00 1.416191e+00
696 2.250545e+00 1.405928e+00
697 2.250877e+00 1.406457e+00
698 2.241135e+00 1.380101e+00
699 2.239795e+00 1.406027e+00
700 2.234723e+00 1.418757e+00
701 2.195724e+00 1.436385e+00
702 2.216144e+00 1.445331e+00
703 2.229592e+00 1.451694e+00
704 2.229693e+00 1.451887e+00
705 2.225992e+00 1.452126e+00
706 2.230712e+00 1.444232e+00
707 2.231637e+00 1.443884e+00
708 2.231915e+00 1.432182e+00
709 2.240601e+00 1.427163e+00
710 2.242080e+00 1.432534e+00
711 2.230468e+00 1.420009e+00
712 2.202749e+00 1.421004e+00
713 2.193692e+00 1.427868e+00
714 2.192612e+00 1.403541e+00
715 2.192599e+00 1.403543e+00
716 2.209496e+00 1.398981e+00
717 2.212585e+00 1.413136e+00
718 2.216381e+00 1.421763e+00
719 2.152004e+00 1.358623e+00
720 2.114949e+00 1.368561e+00
721 2.105607e+00 1.332407e+00
722 2.104457e+00 1.330672e+00
723 2.102392e+00 1.322553e+00
724 2.103373e+00 1.315352e+00
725 2.142437e+00 1.263567e+00
726 2.142344e+00 1.257600e+00
727 2.177189e+00 1.271368e+00
728 2.213546e+00 1.246536e+00
729 2.213063e+00 1.246746e+00
730 2.208085e+00 1.243202e+00
731 2.207396e+00 1.310958e+00
732 2.259345e+00 1.336705e+00
733 2.254709e+00 1.334641e+00
734 2.285115e+00 1.367961e+00
735 2.289903e+00 1.363166e+00
736 2.303459e+00 1.364802e+00
737 2.299370e+00 1.362440e+00
738 2.298969e+00 1.338067e+00
739 2.291808e+00 1.347372e+00
740 2.282527e+00 1.344736e+00
741 2.282444e+00 1.339620e+00
742 2.267928e+00 1.361429e+00
743 2.255628e+00 1.360035e+00
744 2.249862e+00 1.349388e+00
745 2.187061e+00 1.323624e+00
746 2.180721e+00 1.334495e+00
747 2.223660e+00 1.271950e+00
748 2.233337e+00 1.286491e+00
749 2.249409e+00 1.274969e+00
750 2.244698e+00 1.279269e+00
751 2.258669e+00 1.297597e+00
752 2.258884e+00 1.298004e+00
753 2.239944e+00 1.280625e+00
754 2.245852e+00 1.278968e+00
755 2.244980e+00 1.262884e+00
756 2.250289e+00 1.256022e+00
757 2.251190e+00 1.249229e+00
758 2.247248e+00 1.250688e+00
759 2.303627e+00 1.296948e+00
760 2.306057e+00 1.297940e+00
761 2.357577e+00 1.338924e+00
762 2.323139e+00 1.343065e+00
763 2.303745e+00 1.374469e+00
764 2.308472e+00 1.380770e+00
765 2.310528e+00 1.380734e+00
766 2.309856e+00 1.381430e+00
767 2.287694e+00 1.343560e+00
768 2.287016e+00 1.310955e+00
769 2.266699e+00 1.300580e+00
770 2.267082e+00 1.300419e+00
771 2.268888e+00 1.298051e+00
772 2.222472e+00 1.269762e+00
773 2.219545e+00 1.270916e+00
774 2.238282e+00 1.259184e+00
775 2.243846e+00 1.264764e+00
776 2.245353e+00 1.266272e+00
777 2.256575e+00 1.260102e+00
778 2.259070e+00 1.261181e+00
779 2.267684e+00 1.257197e+00
780 2.242005e+00 1.289567e+00
781 2.241917e+00 1.289539e+00
782 2.210977e+00 1.283894e+00
783 2.226248e+00 1.264524e+00
784 2.222329e+00 1.264289e+00
785 2.228524e+00 1.270518e+00
786 2.223402e+00 1.272812e+00
787 2.222815e+00 1.272528e+00
788 2.215272e+00 1.275562e+00
789 2.201743e+00 1.284362e+00
790 2.210221e+00 1.274097e+00
791 2.225402e+00 1.253301e+00
792 2.215495e+00 1.255310e+00
793 2.213755e+00 1.258477e+00
794 2.209914e+00 1.286040e+00
795 2.205472e+00 1.295939e+00
796 2.205515e+00 1.295966e+00
797 2.197292e+00 1.312719e+00
798 2.211350e+00 1.316671e+00
799 2.214689e+00 1.302016e+00
800 2.193943e+00 1.313020e+00
801 2.194374e+00 1.316396e+00
802 2.186678e+00 1.318859e+00
803 2.185321e+00 1.293251e+00
804 2.169449e+00 1.284468e+00
805 2.175461e+00 1.289003e+00
806 2.155489e+00 1.289453e+00
807 2.155858e+00 1.287518e+00
808 2.163787e+00 1.293423e+00
809 2.166553e+00 1.294769e+00
810 2.168781e+00 1.345850e+00
811 2.142723e+00 1.332353e+00
812 2.131386e+00 1.335475e+00
813 2.130211e+00 1.336372e+00
814 2.139188e+00 1.330126e+00
815 2.138819e+00 1.332403e+00
816 2.141510e+00 1.341353e+00
817 2.141106e+00 1.334488e+00
818 2.147486e+00 1.315632e+00
819 2.155863e+00 1.317067e+00
820 2.155858e+00 1.307612e+00
821 2.153356e+00 1.297173e+00
822 2.147426e+00 1.298576e+00
823 2.147046e+00 1.280082e+00
824 2.149636e+00 1.276615e+00
825 2.145507e+00 1.266312e+00
826 2.132682e+00 1.266516e+00
827 2.147369e+00 1.278295e+00
828 2.188405e+00 1.244723e+00
829 2.191282e+00 1.245032e+00
830 2.184924e+00 1.232955e+00
831 2.187223e+00 1.237215e+00
832 2.183182e+00 1.221194e+00
833 2.181472e+00 1.209566e+00
834 2.168144e+00 1.206918e+00
835 2.208446e+00 1.219388e+00
836 2.202818e+00 1.238706e+00
837 2.220010e+00 1.240856e+00
838 2.232460e+00 1.270603e+00
839 2.204480e+00 1.278171e+00
840 2.208412e+00 1.271777e+00
841 2.212142e+00 1.269260e+00
842 2.194938e+00 1.270804e+00
843 2.225543e+00 1.292827e+00
844 2.247845e+00 1.252829e+00
845 2.203594e+00 1.241071e+00
846 2.190391e+00 1.238173e+00
847 2.188200e+00 1.254650e+00
848 2.169727e+00 1.232429e+00
849 2.239088e+00 1.241546e+00
850 2.238818e+00 1.240127e+00
851 2.238652e+00 1.240615e+00
852 2.223236e+00 1.218530e+00
853 2.203127e+00 1.207071e+00
854 2.202803e+00 1.204160e+00
855 2.220455e+00 1.197530e+00
856 2.218710e+00 1.197367e+00
857 2.210866e+00 1.198777e+00
858 2.219854e+00 1.130786e+00
859 2.270435e+00 1.140260e+00
860 2.277528e+00 1.146949e+00
861 2.283567e+00 1.146103e+00
862 2.307582e+00 1.158949e+00
863 2.291598e+00 1.168206e+00
864 2.292844e+00 1.168517e+00
865 2.290976e+00 1.168644e+00
866 2.294707e+00 1.175455e+00
867 2.289416e+00 1.180720e+00
868 2.291354e+00 1.166868e+00
869 2.292721e+00 1.149317e+00
870 2.286337e+00 1.139675e+00
871 2.276620e+00 1.145855e+00
872 2.279171e+00 1.135134e+00
873 2.297919e+00 1.133378e+00
874 2.296532e+00 1.135600e+00
875 2.292011e+00 1.119894e+00
876 2.277641e+00 1.111541e+00
877 2.268176e+00 1.101704e+00
878 2.263363e+00 1.108437e+00
879 2.264273e+00 1.126844e+00
880 2.274758e+00 1.139804e+00
881 2.256273e+00 1.136863e+00
882 2.227386e+00 1.143111e+00
883 2.264576e+00 1.126250e+00
884 2.283566e+00 1.123376e+00
885 2.309569e+00 1.142814e+00
886 2.308529e+00 1.143899e+00
887 2.328680e+00 1.145737e+00
888 2.325061e+00 1.137601e+00
889 2.328345e+00 1.144660e+00
890 2.268824e+00 1.130488e+00
891 2.236077e+00 1.184747e+00
892 2.232230e+00 1.196645e+00
893 2.227103e+00 1.206892e+00
894 2.225131e+00 1.204368e+00
895 2.240104e+00 1.213354e+00
896 2.250370e+00 1.214178e+00
897 2.248668e+00 1.234374e+00
898 2.260004e+00 1.227744e+00
899 2.271294e+00 1.227452e+00
900 2.271347e+00 1.227002e+00
901 2.252805e+00 1.221089e+00
902 2.250388e+00 1.221011e+00
903 2.252093e+00 1.221414e+00
904 2.283393e+00 1.244278e+00
905 2.288232e+00 1.257750e+00
906 2.295633e+00 1.267205e+00
907 2.336653e+00 1.318428e+00
908 2.344837e+00 1.321881e+00
909 2.347897e+00 1.284576e+00
910 2.343565e+00 1.282518e+00
911 2.328290e+00 1.276503e+00
912 2.300150e+00 1.274190e+00
913 2.335694e+00 1.278442e+00
914 2.355418e+00 1.257767e+00
915 2.355599e+00 1.257780e+00
916 2.375907e+00 1.268932e+00
917 2.377155e+00 1.269148e+00
918 2.387853e+00 1.189684e+00
919 2.406702e+00 1.186093e+00
920 2.415385e+00 1.193575e+00
921 2.410172e+00 1.208397e+00
922 2.442775e+00 1.222605e+00
923 2.463493e+00 1.222328e+00
924 2.456314e+00 1.220399e+00
925 2.447338e+00 1.223781e+00
926 2.498673e+00 1.150716e+00
927 2.495194e+00 1.169634e+00
928 2.505456e+00 1.175306e+00
929 2.485914e+00 1.182019e+00
930 2.487938e+00 1.181027e+00
931 2.498701e+00 1.210038e+00
932 2.491806e+00 1.212073e+00
933 2.495095e+00 1.207902e+00
934 2.507031e+00 1.189465e+00
935 2.508636e+00 1.189640e+00
936 2.507481e+00 1.191207e+00
937 2.499829e+00 1.183012e+00
938 2.510976e+00 1.200361e+00
939 2.480415e+00 1.175245e+00
940 2.472930e+00 1.168345e+00
941 2.463742e+00 1.145311e+00
942 2.425779e+00 1.185186e+00
943 2.425585e+00 1.192349e+00
944 2.432648e+00 1.178699e+00
945 2.433975e+00 1.178054e+00
946 2.392289e+00 1.178054e+00
947 2.379444e+00 1.157189e+00
948 2.374972e+00 1.147743e+00
949 2.357160e+00 1.145551e+00
950 2.356899e+00 1.144183e+00
951 2.345546e+00 1.144095e+00
952 2.441277e+00 1.106546e+00
953 2.436538e+00 1.115297e+00
954 2.433191e+00 1.106510e+00
955 2.432522e+00 1.100860e+00
956 2.430510e+00 1.101767e+00
957 2.428968e+00 1.107924e+00
958 2.505818e+00 1.121926e+00
959 2.471934e+00 1.134857e+00
960 2.457786e+00 1.139622e+00
961 2.452237e+00 1.129474e+00
962 2.451432e+00 1.133399e+00
963 2.455067e+00 1.129006e+00
964 2.448336e+00 1.137396e+00
965 2.445397e+00 1.153988e+00
966 2.484328e+00 1.192343e+00
967 2.479035e+00 1.180786e+00
968 2.465865e+00 1.179640e+00
969 2.465514e+00 1.174759e+00
970 2.465994e+00 1.174506e+00
971 2.469090e+00 1.172619e+00
972 2.461945e+00 1.166964e+00
973 2.462790e+00 1.170318e+00
974 2.463622e+00 1.162906e+00
975 2.485355e+00 1.156554e+00
976 2.470603e+00 1.160110e+00
977 2.492657e+00 1.166127e+00
978 2.505773e+00 1.173409e+00
979 2.508005e+00 1.123037e+00
980 2.509337e+00 1.122261e+00
981 2.510633e+00 1.123693e+00
982 2.476885e+00 1.161246e+00
983 2.460382e+00 1.162884e+00
984 2.469299e+00 1.122981e+00
985 2.506987e+00 1.125604e+00
986 2.505507e+00 1.129063e+00
987 2.505044e+00 1.131179e+00
988 2.521412e+00 1.159407e+00
989 2.540483e+00 1.150794e+00
990 2.539510e+00 1.151335e+00
991 2.502331e+00 1.167950e+00
992 2.502356e+00 1.168991e+00
993 2.487904e+00 1.155086e+00
994 2.466233e+00 1.150956e+00
995 2.436641e+00 1.197669e+00
996 2.404055e+00 1.184302e+00
997 2.395174e+00 1.174038e+00
998 2.395327e+00 1.179142e+00
999 2.395098e+00 1.178867e+00
1000 2.400298e+00 1.192357e+00
1001 2.393465e+00 1.165024e+00
1002 2.465846e+00 1.093437e+00
1003 2.466037e+00 1.093244e+00
1004 2.455151e+00 1.077528e+00
1005 2.481164e+00 1.046817e+00
1006 2.482162e+00 1.040251e+00
1007 2.506339e+00 1.052871e+00
1008 2.483469e+00 1.068779e+00
1009 2.447278e+00 1.075516e+00
1010 2.449017e+00 1.079616e+00
1011 2.463150e+00 1.067342e+00
1012 2.454686e+00 1.050261e+00
1013 2.461551e+00 1.052427e+00
1014 2.453241e+00 1.056193e+00
1015 2.451636e+00 1.043019e+00
1016 2.471137e+00 1.057615e+00
1017 2.483520e+00 1.047182e+00
1018 2.505756e+00 1.071823e+00
1019 2.508206e+00 1.071309e+00
1020 2.526097e+00 1.062627e+00
1021 2.525030e+00 1.064002e+00
1022 2.486319e+00 1.087100e+00
1023 2.492156e+00 1.077235e+00
1024 2.523284e+00 1.065291e+00
1025 2.529801e+00 1.072306e+00
1026 2.520118e+00 1.072351e+00
1027 2.471865e+00 1.064909e+00
1028 2.481496e+00 1.078559e+00
1029 2.475259e+00 1.087977e+00
1030 2.485744e+00 1.076887e+00
1031 2.450542e+00 1.025460e+00
1032 2.479709e+00 1.044729e+00
1033 2.486959e+00 1.051969e+00
1034 2.489266e+00 1.068527e+00
1035 2.509767e+00 1.067058e+00
1036 2.510207e+00 1.067776e+00
1037 2.511906e+00 1.064850e+00
1038 2.523023e+00 1.029368e+00
1039 2.521335e+00 1.054944e+00
1040 2.522177e+00 1.048041e+00
1041 2.524456e+00 1.044652e+00
1042 2.536776e+00 1.065353e+00
1043 2.509416e+00 1.050724e+00
1044 2.510877e+00 1.053304e+00
1045 2.505803e+00 1.051285e+00
1046 2.505175e+00 1.050099e+00
1047 2.539814e+00 1.047592e+00
1048 2.541621e+00 1.039828e+00
1049 2.560638e+00 1.046036e+00
1050 2.539638e+00 1.018476e+00
1051 2.539357e+00 1.018598e+00
1052 2.532294e+00 1.017334e+00
1053 2.514128e+00 1.017409e+00
1054 2.518218e+00 1.020316e+00
1055 2.495101e+00 1.017596e+00
1056 2.496627e+00 1.017652e+00
1057 2.486767e+00 1.018003e+00
1058 2.474811e+00 1.033843e+00
1059 2.480894e+00 1.051311e+00
1060 2.483590e+00 1.049620e+00
1061 2.567210e+00 1.053757e+00
1062 2.581640e+00 1.055902e+00
1063 2.583664e+00 1.041080e+00
1064 2.588917e+00 9.626184e-01
1065 2.590970e+00 9.591284e-01
1066 2.613070e+00 9.705577e-01
1067 2.612991e+00 9.707050e-01
1068 2.633831e+00 9.808573e-01
1069 2.652822e+00 1.005412e+00
1070 2.646269e+00 1.028550e+00
1071 2.669492e+00 1.037897e+00
1072 2.644725e+00 1.017277e+00
1073 2.645260e+00 1.013219e+00
1074 2.643711e+00 1.016519e+00
1075 2.644737e+00 1.008154e+00
1076 2.644230e+00 1.002778e+00
1077 2.645611e+00 9.992521e-01
1078 2.613069e+00 9.790112e-01
1079 2.615162e+00 9.845997e-01
1080 2.664313e+00 9.915969e-01
1081 2.667748e+00 9.964209e-01
1082 2.675161e+00 9.904402e-01
1083 2.673595e+00 9.826388e-01
1084 2.673477e+00 9.831512e-01
1085 2.641458e+00 9.689907e-01
1086 2.676004e+00 9.729515e-01
1087 2.669322e+00 9.748278e-01
1088 2.674227e+00 9.655634e-01
1089 2.695749e+00 9.736307e-01
1090 2.708883e+00 9.632701e-01
1091 2.647762e+00 9.009629e-01
1092 2.647247e+00 9.067299e-01
1093 2.645238e+00 9.128831e-01
1094 2.649605e+00 9.106064e-01
1095 2.647492e+00 9.050699e-01
1096 2.569781e+00 8.808677e-01
1097 2.591057e+00 8.992749e-01
1098 2.592511e+00 8.889154e-01
1099 2.591560e+00 8.856206e-01
1100 2.593051e+00 8.839437e-01
1101 2.605960e+00 8.896531e-01
1102 2.593839e+00 8.710721e-01
1103 2.596539e+00 8.686717e-01
1104 2.617178e+00 8.614301e-01
1105 2.610463e+00 8.597303e-01
1106 2.591747e+00 8.882067e-01
1107 2.574471e+00 8.855652e-01
1108 2.575140e+00 8.852726e-01
1109 2.576304e+00 8.765243e-01
1110 2.547858e+00 9.001380e-01
1111 2.551451e+00 8.994000e-01
1112 2.519949e+00 9.257080e-01
1113 2.486984e+00 8.540481e-01
1114 2.510637e+00 8.448784e-01
1115 2.507508e+00 8.446853e-01
1116 2.510288e+00 8.492752e-01
1117 2.457627e+00 8.272864e-01
1118 2.459812e+00 8.354830e-01
1119 2.461286e+00 8.290946e-01
1120 2.465853e+00 8.247681e-01
1121 2.468114e+00 8.253558e-01
1122 2.474341e+00 8.312078e-01
1123 2.461445e+00 8.388396e-01
1124 2.458265e+00 8.392637e-01
1125 2.459422e+00 8.397169e-01
1126 2.473005e+00 8.464005e-01
1127 2.409763e+00 8.927279e-01
1128 2.418871e+00 8.797114e-01
1129 2.420658e+00 8.802335e-01
1130 2.408895e+00 8.770068e-01
1131 2.416479e+00 8.807419e-01
1132 2.422780e+00 8.692397e-01
1133 2.424766e+00 8.616300e-01
1134 2.396376e+00 8.878813e-01
1135 2.397113e+00 8.893970e-01
1136 2.479777e+00 9.195846e-01
1137 2.510445e+00 9.348893e-01
1138 2.522664e+00 9.341478e-01
1139 2.538330e+00 9.345298e-01
1140 2.598395e+00 8.564596e-01
1141 2.584215e+00 8.574718e-01
1142 2.585952e+00 8.634758e-01
1143 2.585419e+00 8.640035e-01
1144 2.588501e+00 8.764705e-01
1145 2.555653e+00 8.808828e-01
1146 2.550241e+00 8.742041e-01
1147 2.543504e+00 8.569170e-01
1148 2.544408e+00 8.581425e-01
1149 2.550525e+00 8.626178e-01
1150 2.517207e+00 8.698519e-01
1151 2.530979e+00 8.834327e-01
1152 2.536412e+00 8.893510e-01
1153 2.522972e+00 8.764757e-01
1154 2.615032e+00 8.950312e-01
1155 2.582551e+00 8.747197e-01
1156 2.614336e+00 9.003745e-01
1157 2.604715e+00 8.862934e-01
1158 2.595397e+00 8.801371e-01
1159 2.614190e+00 8.844810e-01
1160 2.611864e+00 8.834545e-01
1161 2.638208e+00 9.284068e-01
1162 2.637521e+00 9.292945e-01
1163 2.655564e+00 9.725482e-01
1164 2.643591e+00 9.675315e-01
1165 2.632788e+00 9.807951e-01
1166 2.618074e+00 9.858728e-01
1167 2.677020e+00 9.215568e-01
1168 2.683599e+00 9.222780e-01
1169 2.694865e+00 9.352577e-01
1170 2.720639e+00 9.383287e-01
1171 2.720217e+00 9.373155e-01
1172 2.715649e+00 9.264020e-01
1173 2.714930e+00 9.261184e-01
1174 2.713258e+00 9.256228e-01
1175 2.729556e+00 9.166997e-01
1176 2.732881e+00 9.221174e-01
1177 2.732467e+00 9.221195e-01
1178 2.669943e+00 8.699916e-01
1179 2.672194e+00 8.720417e-01
1180 2.687730e+00 8.593776e-01
1181 2.637155e+00 8.786543e-01
1182 2.678057e+00 8.368835e-01
1183 2.689837e+00 8.491450e-01
1184 2.686665e+00 8.330548e-01
1185 2.686318e+00 8.375377e-01
1186 2.686238e+00 8.373520e-01
1187 2.690260e+00 8.359386e-01
1188 2.689122e+00 8.331849e-01
1189 2.686569e+00 8.314393e-01
1190 2.706791e+00 7.823052e-01
1191 2.730833e+00 7.867583e-01
1192 2.743437e+00 7.708802e-01
1193 2.698561e+00 8.294091e-01
1194 2.700680e+00 8.299063e-01
1195 2.660143e+00 8.267741e-01
1196 2.656553e+00 7.873836e-01
1197 2.668016e+00 7.667740e-01
1198 2.706826e+00 7.622312e-01
1199 2.726703e+00 7.684766e-01
1200 2.673761e+00 7.686646e-01
1201 2.674982e+00 7.628567e-01
1202 2.673522e+00 7.645727e-01
1203 2.681774e+00 7.515287e-01
1204 2.633977e+00 7.364956e-01
1205 2.634340e+00 7.361155e-01
1206 2.641615e+00 7.368679e-01
1207 2.649902e+00 7.088111e-01
1208 2.653756e+00 7.122856e-01
1209 2.666920e+00 6.888268e-01
1210 2.661813e+00 6.895313e-01
1211 2.654229e+00 6.788559e-01
1212 2.604405e+00 6.501656e-01
1213 2.609612e+00 6.342296e-01
1214 2.606896e+00 6.328628e-01
1215 2.595552e+00 6.600443e-01
1216 2.596212e+00 6.591744e-01
1217 2.588815e+00 6.891867e-01
1218 2.557385e+00 6.892294e-01
1219 2.547858e+00 6.761234e-01
1220 2.547552e+00 6.754460e-01
1221 2.535499e+00 6.851066e-01
1222 2.563643e+00 7.060999e-01
1223 2.542447e+00 7.107387e-01
1224 2.543440e+00 7.113872e-01
1225 2.582120e+00 7.053585e-01
1226 2.578115e+00 7.002836e-01
1227 2.572052e+00 7.061053e-01
1228 2.604472e+00 7.285337e-01
1229 2.597136e+00 7.006187e-01
1230 2.599639e+00 7.041455e-01
1231 2.612570e+00 6.969316e-01
1232 2.615580e+00 6.876121e-01
1233 2.631137e+00 6.945807e-01
1234 2.610637e+00 6.859080e-01
1235 2.612411e+00 7.029436e-01
1236 2.609084e+00 7.018244e-01
1237 2.555286e+00 6.701163e-01
1238 2.554864e+00 6.725734e-01
1239 2.550846e+00 6.759499e-01
1240 2.550516e+00 6.948085e-01
1241 2.556441e+00 6.934443e-01
1242 2.556051e+00 6.938087e-01
1243 2.546992e+00 6.971965e-01
1244 2.567340e+00 7.111188e-01
1245 2.585029e+00 6.956335e-01
1246 2.587158e+00 6.886839e-01
1247 2.588100e+00 6.894739e-01
1248 2.607309e+00 6.883301e-01
1249 2.603551e+00 6.693361e-01
1250 2.613535e+00 6.454902e-01
1251 2.633217e+00 6.552904e-01
1252 2.628537e+00 6.448297e-01
1253 2.627760e+00 6.434750e-01
1254 2.630978e+00 6.427427e-01
1255 2.624369e+00 6.085022e-01
1256 2.640521e+00 6.192855e-01
1257 2.636080e+00 6.526502e-01
1258 2.667953e+00 6.696139e-01
1259 2.653244e+00 6.821289e-01
1260 2.652573e+00 6.757113e-01
1261 2.626712e+00 6.539157e-01
1262 2.623207e+00 6.618004e-01
1263 2.716235e+00 6.465656e-01
1264 2.718282e+00 6.489100e-01
1265 2.721417e+00 6.487671e-01
1266 2.704139e+00 6.536127e-01
1267 2.707580e+00 6.567129e-01
1268 2.752338e+00 7.020998e-01
1269 2.749382e+00 7.051783e-01
1270 2.748531e+00 7.296068e-01
1271 2.794963e+00 7.382966e-01
1272 2.778241e+00 7.496574e-01
1273 2.777363e+00 7.522520e-01
1274 2.766033e+00 7.159024e-01
1275 2.763048e+00 7.166338e-01
1276 2.742942e+00 7.407737e-01
1277 2.742040e+00 7.377577e-01
1278 2.748202e+00 7.444025e-01
1279 2.748893e+00 7.460877e-01
1280 2.748962e+00 7.482084e-01
1281 2.739003e+00 7.629331e-01
1282 2.738385e+00 7.614661e-01
1283 2.754928e+00 7.486634e-01
1284 2.757169e+00 7.456320e-01
1285 2.744384e+00 7.446336e-01
1286 2.737466e+00 7.521495e-01
1287 2.735116e+00 7.566041e-01
1288 2.703429e+00 7.304958e-01
1289 2.706433e+00 7.305179e-01
1290 2.710629e+00 7.293159e-01
1291 2.711550e+00 7.297772e-01
1292 2.704218e+00 7.256245e-01
1293 2.717717e+00 7.621970e-01
1294 2.707046e+00 7.676293e-01
1295 2.700263e+00 7.702492e-01
1296 2.704681e+00 7.804142e-01
1297 2.704155e+00 7.776597e-01
1298 2.712336e+00 7.831649e-01
1299 2.623058e+00 8.225755e-01
1300 2.603987e+00 8.104358e-01
1301 2.607778e+00 8.076584e-01
1302 2.576720e+00 7.822602e-01
1303 2.578111e+00 7.821883e-01
1304 2.558034e+00 7.473332e-01
1305 2.610569e+00 7.239127e-01
1306 2.628987e+00 7.326363e-01
1307 2.622344e+00 7.669540e-01
1308 2.634556e+00 7.674155e-01
1309 2.621636e+00 7.575319e-01
1310 2.637176e+00 7.623113e-01
1311 2.657668e+00 7.630165e-01
1312 2.669625e+00 7.672382e-01
1313 2.674272e+00 7.690058e-01
1314 2.693016e+00 7.643565e-01
1315 2.681774e+00 7.685797e-01
1316 2.632076e+00 7.235357e-01
1317 2.641844e+00 7.309368e-01
1318 2.634587e+00 7.428027e-01
1319 2.636186e+00 7.441809e-01
1320 2.646816e+00 7.470428e-01
1321 2.641693e+00 7.556027e-01
1322 2.640862e+00 7.501475e-01
1323 2.648601e+00 7.294536e-01
1324 2.652105e+00 7.373344e-01
1325 2.642213e+00 7.574588e-01
1326 2.632966e+00 7.415428e-01
1327 2.640241e+00 7.401286e-01
1328 2.654960e+00 7.251655e-01
1329 2.673982e+00 7.273391e-01
1330 2.723514e+00 7.047708e-01
1331 2.713959e+00 7.376903e-01
1332 2.730250e+00 7.348079e-01
1333 2.714665e+00 7.280311e-01
1334 2.706899e+00 7.313189e-01
1335 2.706720e+00 7.255240e-01
1336 2.707105e+00 7.340960e-01
1337 2.669052e+00 6.846736e-01
1338 2.658214e+00 6.769603e-01
1339 2.663223e+00 6.809181e-01
1340 2.663826e+00 6.895836e-01
1341 2.651439e+00 6.831361e-01
1342 2.646005e+00 6.720458e-01
1343 2.628068e+00 6.519100e-01
1344 2.645264e+00 6.634852e-01
1345 2.634677e+00 6.683775e-01
1346 2.634449e+00 6.682811e-01
1347 2.634259e+00 6.690464e-01
1348 2.632769e+00 6.675577e-01
1349 2.630454e+00 6.666997e-01
1350 2.633917e+00 6.514395e-01
1351 2.629897e+00 6.496521e-01
1352 2.618273e+00 6.557259e-01
1353 2.626586e+00 6.555594e-01
1354 2.636122e+00 6.579134e-01
1355 2.651689e+00 6.530525e-01
1356 2.618973e+00 5.643720e-01
1357 2.609844e+00 5.644241e-01
1358 2.604960e+00 5.697237e-01
1359 2.561851e+00 5.503134e-01
1360 2.544209e+00 5.601007e-01
1361 2.571362e+00 5.549411e-01
1362 2.571182e+00 5.595118e-01
1363 2.567039e+00 5.478525e-01
1364 2.594551e+00 5.632346e-01
1365 2.572759e+00 5.655235e-01
1366 2.576622e+00 6.205053e-01
1367 2.530712e+00 6.339267e-01
1368 2.517087e+00 6.293432e-01
1369 2.520393e+00 6.381300e-01
1370 2.519126e+00 6.393606e-01
1371 2.552924e+00 6.537589e-01
1372 2.558601e+00 6.530174e-01
1373 2.562106e+00 6.423089e-01
1374 2.577647e+00 6.158217e-01
1375 2.582926e+00 6.042480e-01
1376 2.581312e+00 6.048234e-01
1377 2.579429e+00 6.042587e-01
1378 2.627999e+00 6.237771e-01
1379 2.634365e+00 6.280510e-01
1380 2.668323e+00 6.118657e-01
1381 2.807945e+00 6.494201e-01
1382 2.803612e+00 6.460517e-01
1383 2.774462e+00 6.522070e-01
1384 2.773077e+00 6.503928e-01
1385 2.760504e+00 6.332712e-01
1386 2.753812e+00 6.411530e-01
1387 2.742735e+00 7.102202e-01
1388 2.751017e+00 7.206051e-01
1389 2.730685e+00 7.167035e-01
1390 2.741637e+00 7.315838e-01
1391 2.743243e+00 7.256846e-01
1392 2.731328e+00 7.147110e-01
1393 2.748926e+00 7.059847e-01
1394 2.769460e+00 6.831157e-01
1395 2.726939e+00 6.866717e-01
1396 2.730023e+00 6.809749e-01
1397 2.729288e+00 6.772637e-01
1398 2.734699e+00 6.833105e-01
1399 2.731300e+00 6.510592e-01
1400 2.702007e+00 6.353941e-01
1401 2.706465e+00 6.244143e-01
1402 2.715764e+00 6.732901e-01
1403 2.709234e+00 6.285682e-01
1404 2.709802e+00 6.436124e-01
1405 2.702470e+00 6.464128e-01
1406 2.691399e+00 6.905990e-01
1407 2.687386e+00 7.072831e-01
1408 2.689467e+00 7.073627e-01
1409 2.693168e+00 7.092234e-01
1410 2.642400e+00 7.199794e-01
1411 2.632469e+00 6.863932e-01
1412 2.613362e+00 6.937376e-01
1413 2.662427e+00 7.542625e-01
1414 2.665875e+00 7.543381e-01
1415 2.666487e+00 7.445299e-01
1416 2.671680e+00 7.424377e-01
1417 2.663012e+00 7.400438e-01
1418 2.704867e+00 6.840833e-01
1419 2.701339e+00 6.814099e-01
1420 2.712096e+00 6.773840e-01
1421 2.673051e+00 6.893107e-01
1422 2.672952e+00 6.895466e-01
1423 2.684510e+00 7.180024e-01
1424 2.668816e+00 7.314237e-01
1425 2.656060e+00 6.810247e-01
1426 2.658652e+00 6.811051e-01
1427 2.652835e+00 6.772143e-01
1428 2.654256e+00 6.729339e-01
1429 2.655345e+00 6.657557e-01
1430 2.645247e+00 6.889824e-01
1431 2.642987e+00 6.862024e-01
1432 2.640657e+00 6.865523e-01
1433 2.647204e+00 6.860422e-01
1434 2.644781e+00 6.824937e-01
1435 2.645819e+00 6.817382e-01
1436 2.647896e+00 6.709776e-01
1437 2.647131e+00 6.685215e-01
1438 2.646473e+00 6.708591e-01
1439 2.632415e+00 6.994285e-01
1440 2.667580e+00 7.534160e-01
1441 2.627841e+00 7.235376e-01
1442 2.627299e+00 7.252964e-01
1443 2.623856e+00 7.254525e-01
1444 2.529372e+00 6.289181e-01
1445 2.492031e+00 6.381522e-01
1446 2.511582e+00 6.504649e-01
1447 2.507207e+00 6.405475e-01
1448 2.496485e+00 6.333453e-01
1449 2.495749e+00 6.338501e-01
1450 2.376030e+00 6.567140e-01
1451 2.375414e+00 6.523538e-01
1452 2.368298e+00 6.428524e-01
1453 2.358135e+00 6.068154e-01
1454 2.354629e+00 6.067344e-01
1455 2.388469e+00 6.015440e-01
1456 2.368405e+00 5.946564e-01
1457 2.374831e+00 5.976827e-01
1458 2.360395e+00 5.941673e-01
1459 2.287119e+00 6.000059e-01
1460 2.294400e+00 6.038761e-01
1461 2.280943e+00 6.311846e-01
1462 2.281185e+00 6.288208e-01
1463 2.297782e+00 6.220864e-01
1464 2.264697e+00 6.398945e-01
1465 2.254185e+00 6.416552e-01
1466 2.261997e+00 6.552566e-01
1467 2.259171e+00 6.512902e-01
1468 2.351523e+00 6.214129e-01
1469 2.382998e+00 6.487357e-01
1470 2.366711e+00 6.692980e-01
1471 2.309216e+00 6.434039e-01
1472 2.299094e+00 6.210367e-01
1473 2.301368e+00 6.317235e-01
1474 2.308511e+00 6.248000e-01
1475 2.311695e+00 6.239112e-01
1476 2.307391e+00 6.253521e-01
1477 2.283522e+00 6.267730e-01
1478 2.276742e+00 5.998602e-01
1479 2.281912e+00 6.065432e-01
1480 2.297069e+00 6.011421e-01
1481 2.270369e+00 5.869136e-01
1482 2.256424e+00 6.061883e-01
1483 2.200870e+00 5.824552e-01
1484 2.213513e+00 5.792469e-01
1485 2.205066e+00 5.762097e-01
1486 2.201367e+00 5.734988e-01
1487 2.204099e+00 5.732807e-01
1488 2.205061e+00 5.724901e-01
1489 2.194733e+00 5.817358e-01
1490 2.156657e+00 6.146863e-01
1491 2.183549e+00 5.956585e-01
1492 2.182947e+00 5.973008e-01
1493 2.188306e+00 6.129064e-01
1494 2.190633e+00 6.254788e-01
1495 2.169759e+00 6.131532e-01
1496 2.158942e+00 5.675175e-01
1497 2.156027e+00 5.664887e-01
1498 2.151856e+00 5.550168e-01
1499 2.147553e+00 5.520431e-01
1500 2.174932e+00 5.203960e-01
1501 2.194233e+00 5.328446e-01
1502 2.190793e+00 5.654493e-01
1503 2.218417e+00 5.834024e-01
1504 2.242192e+00 5.709690e-01
1505 2.238978e+00 5.770894e-01
1506 2.267681e+00 5.545306e-01
1507 2.235619e+00 5.416359e-01
1508 2.212347e+00 5.312270e-01
1509 2.195876e+00 4.633979e-01
1510 2.188976e+00 4.615985e-01
1511 2.172408e+00 4.860932e-01
1512 2.154765e+00 4.739096e-01
1513 2.121697e+00 4.926583e-01
1514 2.113343e+00 4.974386e-01
1515 2.096545e+00 4.908669e-01
1516 2.163500e+00 4.881882e-01
1517 2.164442e+00 4.750742e-01
1518 2.227982e+00 4.077463e-01
1519 2.229254e+00 4.061904e-01
1520 2.228924e+00 4.063786e-01
1521 2.224093e+00 4.021486e-01
1522 2.226458e+00 4.105319e-01
1523 2.232908e+00 3.931699e-01
1524 2.239114e+00 3.939394e-01
1525 2.233585e+00 3.886125e-01
1526 2.222595e+00 3.994855e-01
1527 2.207351e+00 4.003637e-01
1528 2.211675e+00 4.047926e-01
1529 2.194938e+00 3.978152e-01
1530 2.186255e+00 4.072172e-01
1531 2.174921e+00 4.128408e-01
1532 2.177184e+00 3.834169e-01
1533 2.175942e+00 3.751930e-01
1534 2.159785e+00 3.928991e-01
1535 2.154737e+00 3.748144e-01
1536 2.155610e+00 3.777642e-01
1537 2.155435e+00 3.412940e-01
1538 2.157740e+00 3.490501e-01
1539 2.158144e+00 3.483453e-01
1540 2.160136e+00 3.390111e-01
1541 2.169043e+00 3.369312e-01
1542 2.156556e+00 3.443211e-01
1543 2.153888e+00 3.404857e-01
1544 2.162657e+00 3.337484e-01
1545 2.166331e+00 3.320108e-01
1546 2.166275e+00 3.330796e-01
1547 2.162471e+00 3.385102e-01
1548 2.166278e+00 3.164621e-01
1549 2.148429e+00 3.154345e-01
1550 2.106201e+00 3.633051e-01
1551 2.082909e+00 3.681212e-01
1552 2.084219e+00 3.675030e-01
1553 1.976955e+00 3.587239e-01
1554 1.974598e+00 3.638028e-01
1555 1.972199e+00 3.614374e-01
1556 1.977876e+00 3.849067e-01
1557 1.970920e+00 3.636163e-01
1558 1.964189e+00 3.725447e-01
1559 1.940590e+00 3.696733e-01
1560 1.930133e+00 3.684627e-01
1561 1.920715e+00 3.555104e-01
1562 1.918141e+00 3.553678e-01
1563 1.917911e+00 3.547202e-01
1564 1.905348e+00 3.364839e-01
1565 1.920444e+00 3.116243e-01
1566 1.927895e+00 3.158795e-01
1567 1.915178e+00 3.137170e-01
1568 1.885225e+00 3.151956e-01
1569 1.887147e+00 3.156026e-01
1570 1.892803e+00 3.108939e-01
1571 1.875085e+00 2.450495e-01
1572 1.874564e+00 2.380998e-01
1573 1.885310e+00 2.413552e-01
1574 1.912498e+00 2.261995e-01
1575 1.911183e+00 2.084351e-01
1576 1.899046e+00 1.870365e-01
1577 1.890546e+00 1.733409e-01
1578 1.892520e+00 1.968895e-01
1579 1.874182e+00 1.689892e-01
1580 1.881822e+00 1.698341e-01
1581 1.878202e+00 1.679776e-01
1582 1.848424e+00 1.534980e-01
1583 1.845076e+00 1.504023e-01
1584 1.850031e+00 1.329713e-01
1585 1.850903e+00 1.333997e-01
1586 1.858577e+00 1.273264e-01
1587 1.858326e+00 1.265526e-01
1588 1.865322e+00 1.371234e-01
1589 1.867620e+00 1.401580e-01
1590 1.795929e+00 1.856503e-01
1591 1.795375e+00 1.794118e-01
1592 1.789967e+00 1.689622e-01
1593 1.790044e+00 1.687148e-01
1594 1.802571e+00 1.544721e-01
1595 1.819112e+00 1.313170e-01
1596 1.831656e+00 1.669056e-01
1597 1.831301e+00 1.705717e-01
1598 1.828427e+00 1.635699e-01
1599 1.831044e+00 1.514939e-01
1600 1.830234e+00 1.534329e-01
1601 1.846887e+00 1.579004e-01
1602 1.844803e+00 1.570329e-01
1603 1.848697e+00 1.608623e-01
1604 1.858228e+00 1.486257e-01
1605 1.820236e+00 1.248158e-01
1606 1.822080e+00 1.362716e-01
1607 1.837185e+00 1.301923e-01
1608 1.837975e+00 1.321176e-01
1609 1.846486e+00 1.198306e-01
1610 1.852047e+00 1.132520e-01
1611 1.761188e+00 1.294726e-01
1612 1.802172e+00 1.617297e-01
1613 1.802443e+00 1.512175e-01
1614 1.784261e+00 1.943992e-01
1615 1.805920e+00 1.925434e-01
1616 1.806467e+00 1.924980e-01
1617 1.813485e+00 2.586390e-01
1618 1.796300e+00 2.759039e-01
1619 1.800297e+00 2.765221e-01
1620 1.705904e+00 2.893202e-01
1621 1.705832e+00 2.897166e-01
1622 1.740303e+00 2.660500e-01
1623 1.750761e+00 2.594562e-01
1624 1.750538e+00 2.595882e-01
1625 1.763679e+00 2.675599e-01
1626 1.768726e+00 2.717651e-01
1627 1.706518e+00 2.694456e-01
1628 1.715407e+00 2.530296e-01
1629 1.659067e+00 2.814448e-01
1630 1.650476e+00 2.952117e-01
1631 1.658360e+00 2.887565e-01
1632 1.682509e+00 2.747865e-01
1633 1.688680e+00 2.422849e-01
1634 1.690703e+00 2.412142e-01
1635 1.720475e+00 2.068632e-01
1636 1.703879e+00 2.025473e-01
1637 1.722200e+00 2.286953e-01
1638 1.724096e+00 2.325077e-01
1639 1.734440e+00 2.243253e-01
1640 1.730720e+00 2.266634e-01
1641 1.731670e+00 2.232377e-01
1642 1.684735e+00 2.541760e-01
1643 1.659040e+00 2.658590e-01
1644 1.618328e+00 3.048124e-01
1645 1.609605e+00 3.032284e-01
1646 1.618542e+00 2.963306e-01
1647 1.617924e+00 2.982165e-01
1648 1.594012e+00 3.193485e-01
1649 1.597821e+00 3.128903e-01
1650 1.611787e+00 3.368394e-01
1651 1.612890e+00 3.402165e-01
1652 1.579703e+00 3.455726e-01
1653 1.580234e+00 3.615723e-01
1654 1.568812e+00 3.613685e-01
1655 1.568803e+00 3.614547e-01
1656 1.618245e+00 3.448148e-01
1657 1.619803e+00 3.517290e-01
1658 1.594899e+00 3.365961e-01
1659 1.642379e+00 3.349693e-01
1660 1.657263e+00 3.585617e-01
1661 1.665964e+00 3.649858e-01
1662 1.629262e+00 4.210155e-01
1663 1.629619e+00 4.074657e-01
1664 1.613899e+00 3.666747e-01
1665 1.597583e+00 3.693525e-01
1666 1.580291e+00 3.625912e-01
1667 1.579462e+00 3.613887e-01
1668 1.571728e+00 3.535491e-01
1669 1.565016e+00 3.489393e-01
1670 1.558251e+00 3.417381e-01
1671 1.553390e+00 3.446868e-01
1672 1.534707e+00 3.511129e-01
1673 1.522463e+00 3.489321e-01
1674 1.528781e+00 3.153722e-01
1675 1.527761e+00 3.153948e-01
1676 1.526412e+00 3.140798e-01
1677 1.528760e+00 3.140000e-01
1678 1.521275e+00 3.136459e-01
1679 1.524031e+00 3.014327e-01
1680 1.523684e+00 3.023992e-01
1681 1.527210e+00 2.951980e-01
1682 1.465881e+00 2.712482e-01
1683 1.462580e+00 2.659579e-01
1684 1.461204e+00 2.626996e-01
1685 1.448640e+00 2.615750e-01
1686 1.444929e+00 2.567588e-01
1687 1.437582e+00 2.573289e-01
1688 1.421247e+00 2.602801e-01
1689 1.417903e+00 3.112517e-01
1690 1.398295e+00 3.787675e-01
1691 1.399951e+00 3.805530e-01
1692 1.370366e+00 3.593515e-01
1693 1.367764e+00 3.594633e-01
1694 1.359022e+00 3.400058e-01
1695 1.347949e+00 3.577793e-01
1696 1.350785e+00 3.526541e-01
1697 1.385832e+00 3.276452e-01
1698 1.397102e+00 3.284489e-01
1699 1.386566e+00 3.280099e-01
1700 1.402722e+00 3.353587e-01
1701 1.397651e+00 3.241536e-01
1702 1.469818e+00 3.413388e-01
1703 1.447540e+00 3.228444e-01
1704 1.438643e+00 3.547025e-01
1705 1.432234e+00 3.392868e-01
1706 1.430905e+00 3.377688e-01
1707 1.437413e+00 3.285186e-01
1708 1.437416e+00 3.285139e-01
1709 1.451998e+00 3.315848e-01
1710 1.479487e+00 3.031839e-01
1711 1.485436e+00 2.949048e-01
1712 1.484885e+00 2.968279e-01
1713 1.482588e+00 2.897825e-01
1714 1.501620e+00 2.785926e-01
1715 1.506043e+00 2.844075e-01
1716 1.505043e+00 2.789892e-01
1717 1.479101e+00 2.571760e-01
1718 1.478436e+00 2.740360e-01
1719 1.487076e+00 2.717172e-01
1720 1.487355e+00 2.717579e-01
1721 1.487050e+00 2.707797e-01
1722 1.503760e+00 2.907993e-01
1723 1.503620e+00 2.977071e-01
1724 1.503870e+00 3.009786e-01
1725 1.501792e+00 3.007433e-01
1726 1.532539e+00 1.971804e-01
1727 1.515574e+00 1.993196e-01
1728 1.515589e+00 1.998031e-01
1729 1.552390e+00 1.923162e-01
1730 1.560003e+00 1.958947e-01
1731 1.557514e+00 2.016487e-01
1732 1.578212e+00 1.848907e-01
1733 1.583386e+00 1.829531e-01
1734 1.582389e+00 1.874770e-01
1735 1.581532e+00 1.934356e-01
1736 1.585956e+00 1.814636e-01
1737 1.572818e+00 1.614580e-01
1738 1.572916e+00 1.373625e-01
1739 1.584495e+00 1.410634e-01
1740 1.584727e+00 1.572391e-01
1741 1.581469e+00 1.271040e-01
1742 1.584116e+00 1.305111e-01
1743 1.604500e+00 1.332670e-01
1744 1.613621e+00 1.499816e-01
1745 1.616381e+00 1.763591e-01
1746 1.645930e+00 1.964924e-01
1747 1.642903e+00 1.982679e-01
1748 1.640009e+00 2.042546e-01
1749 1.660323e+00 2.190852e-01
1750 1.658509e+00 2.127803e-01
1751 1.657040e+00 2.222138e-01
1752 1.598112e+00 1.867916e-01
1753 1.589090e+00 1.667999e-01
1754 1.583702e+00 1.697224e-01
1755 1.581348e+00 1.696813e-01
1756 1.593268e+00 1.688486e-01
1757 1.576184e+00 1.908078e-01
1758 1.567980e+00 1.853722e-01
1759 1.585808e+00 1.794193e-01
1760 1.584695e+00 1.700292e-01
1761 1.583351e+00 1.696904e-01
1762 1.581776e+00 1.723383e-01
1763 1.575240e+00 1.530545e-01
1764 1.573340e+00 1.546493e-01
1765 1.588476e+00 8.666255e-02
1766 1.588983e+00 8.392345e-02
1767 1.582033e+00 8.432549e-02
1768 1.630380e+00 6.268861e-02
1769 1.670315e+00 5.453951e-02
1770 1.667495e+00 5.125024e-02
1771 1.638074e+00 6.003441e-02
1772 1.637943e+00 5.999413e-02
1773 1.658209e+00 6.860056e-02
1774 1.667288e+00 7.229489e-02
1775 1.671352e+00 7.731695e-02
1776 1.664181e+00 9.507580e-02
1777 1.661164e+00 9.708046e-02
1778 1.671776e+00 1.098828e-01
1779 1.672169e+00 1.119564e-01
1780 1.668993e+00 1.039612e-01
1781 1.684812e+00 7.120809e-02
1782 1.725022e+00 7.662559e-02
1783 1.729833e+00 7.634563e-02
1784 1.721414e+00 7.965031e-02
1785 1.717732e+00 7.900023e-02
1786 1.709588e+00 7.448707e-02
1787 1.694744e+00 9.309999e-02
1788 1.706397e+00 9.057901e-02
1789 1.706788e+00 1.052363e-01
1790 1.703849e+00 7.194917e-02
1791 1.704483e+00 6.436270e-02
1792 1.678232e+00 8.795940e-02
1793 1.614608e+00 8.073778e-02
1794 1.630789e+00 8.305550e-02
1795 1.659858e+00 1.028750e-01
1796 1.635010e+00 9.242119e-02
1797 1.635079e+00 9.232919e-02
1798 1.642355e+00 6.077621e-02
1799 1.627084e+00 5.759027e-02
1800 1.627839e+00 5.939968e-02
1801 1.635030e+00 5.612304e-02
1802 1.627870e+00 6.050068e-02
1803 1.628726e+00 5.945854e-02
1804 1.595579e+00 7.613439e-02
1805 1.601749e+00 5.706318e-02
1806 1.596470e+00 6.537790e-02
1807 1.603321e+00 4.357867e-02
1808 1.604399e+00 4.652324e-02
1809 1.574633e+00 1.707769e-02
1810 1.577383e+00 2.587196e-02
1811 1.542025e+00 2.053782e-02
1812 1.581913e+00 3.515074e-02
1813 1.567476e+00 4.938033e-02
1814 1.527038e+00 1.032626e-01
1815 1.517088e+00 9.384091e-02
1816 1.520022e+00 6.369882e-02
1817 1.515509e+00 6.336320e-02
1818 1.518729e+00 7.178307e-02
1819 1.484125e+00 9.314772e-02
1820 1.485030e+00 9.399243e-02
1821 1.478020e+00 9.223075e-02
1822 1.479119e+00 9.397878e-02
1823 1.479969e+00 5.935926e-02
1824 1.479457e+00 6.690134e-02
1825 1.492299e+00 9.163932e-02
1826 1.533256e+00 9.595237e-02
1827 1.568016e+00 1.252708e-01
1828 1.571369e+00 1.189517e-01
1829 1.564900e+00 1.113963e-01
1830 1.570919e+00 1.119745e-01
1831 1.578418e+00 1.105850e-01
1832 1.574409e+00 1.145089e-01
1833 1.547921e+00 1.079687e-01
1834 1.557470e+00 1.025372e-01
1835 1.543787e+00 1.103496e-01
1836 1.539675e+00 1.195881e-01
1837 1.533532e+00 1.038707e-01
1838 1.522853e+00 1.236616e-01
1839 1.528612e+00 1.242819e-01
1840 1.538644e+00 1.488270e-01
1841 1.541418e+00 1.535527e-01
1842 1.540911e+00 1.503314e-01
1843 1.548400e+00 1.489690e-01
1844 1.449545e+00 1.484388e-01
1845 1.454709e+00 1.423169e-01
1846 1.444389e+00 1.206332e-01
1847 1.456324e+00 1.106352e-01
1848 1.439050e+00 1.114624e-01
1849 1.442411e+00 1.080540e-01
1850 1.450215e+00 1.346446e-01
1851 1.447510e+00 1.362850e-01
1852 1.454423e+00 1.427109e-01
1853 1.474017e+00 1.417192e-01
1854 1.516220e+00 8.553016e-02
1855 1.482528e+00 1.188385e-01
1856 1.482409e+00 1.191960e-01
1857 1.481440e+00 1.136658e-01
1858 1.484522e+00 1.200655e-01
1859 1.512640e+00 1.438141e-01
1860 1.548819e+00 1.317985e-01
1861 1.546425e+00 1.356118e-01
1862 1.540894e+00 1.371011e-01
1863 1.576437e+00 1.505228e-01
1864 1.562530e+00 1.426563e-01
1865 1.559231e+00 1.404448e-01
1866 1.565240e+00 1.439633e-01
1867 1.568090e+00 1.325709e-01
1868 1.564202e+00 1.350588e-01
1869 1.570946e+00 1.292069e-01
1870 1.588943e+00 1.171261e-01
1871 1.601384e+00 1.542562e-01
1872 1.585456e+00 1.438397e-01
1873 1.615780e+00 1.186531e-01
1874 1.663418e+00 7.200523e-02
1875 1.657518e+00 6.720566e-02
1876 1.672480e+00 6.980937e-02
1877 1.684663e+00 5.448952e-02
1878 1.689813e+00 2.344619e-02
1879 1.709260e+00 1.976311e-01
1880 1.682432e+00 2.153591e-01
1881 1.709112e+00 2.311972e-01
1882 1.687352e+00 2.402073e-01
1883 1.674626e+00 2.369782e-01
1884 1.664065e+00 2.377337e-01
1885 1.657738e+00 2.523298e-01
1886 1.681681e+00 2.268566e-01
1887 1.686906e+00 1.911811e-01
1888 1.625087e+00 1.962835e-01
1889 1.629468e+00 2.026919e-01
1890 1.631387e+00 2.013124e-01
1891 1.644924e+00 2.071765e-01
1892 1.645061e+00 2.123824e-01
1893 1.665614e+00 2.092449e-01
1894 1.642890e+00 2.128594e-01
1895 1.638425e+00 2.189288e-01
1896 1.632444e+00 2.243797e-01
1897 1.654544e+00 2.435091e-01
1898 1.650036e+00 2.419173e-01
1899 1.648587e+00 2.414157e-01
1900 1.650927e+00 2.398843e-01
1901 1.648107e+00 2.375991e-01
1902 1.620867e+00 2.088975e-01
1903 1.620384e+00 2.101647e-01
1904 1.639916e+00 2.002579e-01
1905 1.644606e+00 2.118915e-01
1906 1.646806e+00 2.264707e-01
1907 1.661723e+00 2.066232e-01
1908 1.691783e+00 1.788728e-01
1909 1.689383e+00 1.751567e-01
1910 1.679960e+00 1.800956e-01
1911 1.674214e+00 1.782395e-01
1912 1.641727e+00 1.777674e-01
1913 1.624688e+00 1.969635e-01
1914 1.622918e+00 2.006060e-01
1915 1.649166e+00 1.891093e-01
1916 1.666720e+00 1.878821e-01
1917 1.675074e+00 1.864068e-01
1918 1.670456e+00 1.820782e-01
1919 1.723172e+00 2.162402e-01
1920 1.722751e+00 2.233551e-01
1921 1.720872e+00 2.276862e-01
1922 1.733458e+00 2.200430e-01
1923 1.728008e+00 2.133914e-01
1924 1.733124e+00 2.145019e-01
1925 1.730964e+00 1.614928e-01
1926 1.759598e+00 1.924191e-01
1927 1.744282e+00 1.824799e-01
1928 1.743337e+00 1.840846e-01
1929 1.746950e+00 1.832279e-01
1930 1.737292e+00 1.803479e-01
1931 1.753359e+00 1.616795e-01
1932 1.748747e+00 1.605403e-01
1933 1.760179e+00 1.662946e-01
1934 1.781182e+00 1.900961e-01
1935 1.780464e+00 1.918150e-01
1936 1.777750e+00 1.923779e-01
1937 1.783132e+00 2.068155e-01
1938 1.778005e+00 1.963908e-01
1939 1.774050e+00 1.808527e-01
1940 1.782859e+00 1.894166e-01
1941 1.788127e+00 1.359861e-01
1942 1.807640e+00 1.147245e-01
1943 1.812825e+00 1.322478e-01
1944 1.793763e+00 1.216861e-01
1945 1.758443e+00 1.333085e-01
1946 1.837989e+00 7.140516e-02
1947 1.836923e+00 7.148624e-02
1948 1.836004e+00 1.378026e-01
1949 1.843022e+00 1.861151e-01
1950 1.835414e+00 1.932056e-01
1951 1.836137e+00 1.934033e-01
1952 1.841244e+00 2.050888e-01
1953 1.842752e+00 2.185869e-01
1954 1.838929e+00 2.247591e-01
1955 1.815007e+00 2.166793e-01
1956 1.808227e+00 2.303513e-01
1957 1.781707e+00 2.030849e-01
1958 1.784866e+00 1.888988e-01
1959 1.802099e+00 1.564751e-01
1960 1.800265e+00 1.508041e-01
1961 1.800257e+00 1.214243e-01
1962 1.808420e+00 1.201694e-01
1963 1.805642e+00 1.237705e-01
1964 1.803161e+00 1.299949e-01
1965 1.782444e+00 9.297143e-02
1966 1.787388e+00 7.260001e-02
1967 1.797435e+00 6.217854e-02
1968 1.798619e+00 6.255545e-02
1969 1.802567e+00 8.615837e-02
1970 1.799118e+00 8.153284e-02
1971 1.799237e+00 1.220081e-01
1972 1.796728e+00 1.228701e-01
1973 1.764393e+00 9.464972e-02
1974 1.753241e+00 9.188561e-02
1975 1.752996e+00 9.353977e-02
1976 1.758929e+00 9.821501e-02
1977 1.744960e+00 8.762869e-02
1978 1.753540e+00 8.990709e-02
1979 1.765852e+00 7.682145e-02
1980 1.763034e+00 7.199948e-02
1981 1.710834e+00 9.201774e-02
1982 1.744884e+00 1.101190e-01
1983 1.743092e+00 1.017571e-01
1984 1.787009e+00 5.320103e-02
1985 1.773678e+00 1.500658e-02
1986 1.777682e+00 1.493990e-02
1987 1.780036e+00 1.819139e-02
1988 1.780820e+00 8.745751e-03
1989 1.780573e+00 1.223499e-02
1990 1.788785e+00 7.955770e-03
1991 1.794951e+00 -1.511376e-02
