0 9.827971e-01 1.673775e+00
1 9.949263e-01 1.666843e+00
2 9.755575e-01 1.684248e+00
3 9.787090e-01 1.705737e+00
4 9.801812e-01 1.705014e+00
5 9.824071e-01 1.712241e+00
6 9.749659e-01 1.714251e+00
7 9.672359e-01 1.721491e+00
8 9.963171e-01 1.722894e+00
9 9.851165e-01 1.727724e+00
10 9.419754e-01 1.738704e+00
11 9.516184e-01 1.758408e+00
12 1.009699e+00 1.788578e+00
13 1.024516e+00 1.788698e+00
14 1.020182e+00 1.788500e+00
15 1.025891e+00 1.768705e+00
16 1.059256e+00 1.723696e+00
17 1.073515e+00 1.736280e+00
18 1.069002e+00 1.750041e+00
19 1.064476e+00 1.739139e+00
20 1.063918e+00 1.738714e+00
21 1.080590e+00 1.743982e+00
22 1.053449e+00 1.716059e+00
23 1.080640e+00 1.682585e+00
24 1.035861e+00 1.707181e+00
25 1.052449e+00 1.718770e+00
26 1.030186e+00 1.729898e+00
27 1.045883e+00 1.734608e+00
28 1.040353e+00 1.762562e+00
29 1.026294e+00 1.724648e+00
30 1.022607e+00 1.746718e+00
31 1.019500e+00 1.746760e+00
32 1.013001e+00 1.754899e+00
33 9.780208e-01 1.760548e+00
34 1.013588e+00 1.753141e+00
35 1.012709e+00 1.760926e+00
36 1.012619e+00 1.775716e+00
37 9.958617e-01 1.774986e+00
38 9.987062e-01 1.772534e+00
39 1.005292e+00 1.746252e+00
40 1.005856e+00 1.746259e+00
41 9.933439e-01 1.766845e+00
42 9.734676e-01 1.808526e+00
43 9.772408e-01 1.795056e+00
44 9.736843e-01 1.793881e+00
45 9.775641e-01 1.793849e+00
46 9.687820e-01 1.799707e+00
47 9.595420e-01 1.797486e+00
48 9.681661e-01 1.798157e+00
49 9.654656e-01 1.795340e+00
50 9.621128e-01 1.797920e+00
51 9.506737e-01 1.773873e+00
52 9.222027e-01 1.764676e+00
53 9.280753e-01 1.758363e+00
54 9.282044e-01 1.758455e+00
55 9.399391e-01 1.765725e+00
56 9.413405e-01 1.763994e+00
57 9.423970e-01 1.761956e+00
58 9.563820e-01 1.742978e+00
59 9.563074e-01 1.743113e+00
60 9.549993e-01 1.752812e+00
61 9.573732e-01 1.751656e+00
62 9.773983e-01 1.773839e+00
63 9.590859e-01 1.766383e+00
64 9.525286e-01 1.800781e+00
65 9.492183e-01 1.791948e+00
66 9.682656e-01 1.790716e+00
67 9.719466e-01 1.793253e+00
68 9.749105e-01 1.787414e+00
69 9.792719e-01 1.788993e+00
70 9.806776e-01 1.767551e+00
71 9.824213e-01 1.767032e+00
72 1.010740e+00 1.778191e+00
73 9.893025e-01 1.761115e+00
74 9.898021e-01 1.763340e+00
75 9.851853e-01 1.777128e+00
76 9.269027e-01 1.810658e+00
77 9.470733e-01 1.778630e+00
78 9.565686e-01 1.784831e+00
79 9.583317e-01 1.779057e+00
80 9.488712e-01 1.746207e+00
81 9.500538e-01 1.753327e+00
82 9.704232e-01 1.838309e+00
83 9.626794e-01 1.837416e+00
84 9.254109e-01 1.771087e+00
85 9.266136e-01 1.757411e+00
86 9.285554e-01 1.748807e+00
87 9.253231e-01 1.756345e+00
88 9.368640e-01 1.747047e+00
89 9.352998e-01 1.747318e+00
90 9.351795e-01 1.748340e+00
91 9.488052e-01 1.768190e+00
92 9.499073e-01 1.772130e+00
93 9.544248e-01 1.774520e+00
94 9.684279e-01 1.796260e+00
95 9.679716e-01 1.800238e+00
96 9.703386e-01 1.765923e+00
97 9.733126e-01 1.769709e+00
98 9.681923e-01 1.774485e+00
99 9.547580e-01 1.750240e+00
100 9.548813e-01 1.746895e+00
101 9.510187e-01 1.724277e+00
102 9.503967e-01 1.724166e+00
103 9.778970e-01 1.712850e+00
104 9.344812e-01 1.736060e+00
105 9.044984e-01 1.722266e+00
106 9.070154e-01 1.723535e+00
107 9.188005e-01 1.722735e+00
108 9.289387e-01 1.755463e+00
109 9.291448e-01 1.755407e+00
110 9.301766e-01 1.751786e+00
111 9.380368e-01 1.747573e+00
112 9.378316e-01 1.751796e+00
113 9.410165e-01 1.755904e+00
114 9.494936e-01 1.761062e+00
115 9.648807e-01 1.753712e+00
116 9.573514e-01 1.764059e+00
117 8.627216e-01 1.741958e+00
118 8.183762e-01 1.720540e+00
119 8.166588e-01 1.715045e+00
120 8.260779e-01 1.706050e+00
121 8.226519e-01 1.689389e+00
122 8.108735e-01 1.712693e+00
123 8.105294e-01 1.711664e+00
124 7.901943e-01 1.740537e+00
125 7.821992e-01 1.734738e+00
126 7.694020e-01 1.745119e+00
127 7.962407e-01 1.790750e+00
128 8.108547e-01 1.761173e+00
129 8.268864e-01 1.767552e+00
130 8.276635e-01 1.741699e+00
131 8.348388e-01 1.719746e+00
132 8.583764e-01 1.719847e+00
133 8.550591e-01 1.716356e+00
134 8.562286e-01 1.702210e+00
135 8.126765e-01 1.695885e+00
136 8.032687e-01 1.708267e+00
137 8.056730e-01 1.707771e+00
138 8.235043e-01 1.731446e+00
139 8.254423e-01 1.729831e+00
140 8.134828e-01 1.733737e+00
141 8.213182e-01 1.740366e+00
142 8.237336e-01 1.742944e+00
143 8.201755e-01 1.751203e+00
144 8.340610e-01 1.746189e+00
145 8.335000e-01 1.743928e+00
146 8.403464e-01 1.728812e+00
147 8.257113e-01 1.737723e+00
148 8.400307e-01 1.731197e+00
149 8.407025e-01 1.728508e+00
150 8.508867e-01 1.728975e+00
151 8.132279e-01 1.741956e+00
152 8.054075e-01 1.760536e+00
153 8.141816e-01 1.750046e+00
154 8.212434e-01 1.722112e+00
155 8.379918e-01 1.732927e+00
156 8.320098e-01 1.728565e+00
157 8.110945e-01 1.710151e+00
158 8.184018e-01 1.697069e+00
159 8.136877e-01 1.698584e+00
160 8.524185e-01 1.720619e+00
161 8.500183e-01 1.704291e+00
162 8.539147e-01 1.705053e+00
163 8.521581e-01 1.704334e+00
164 8.473192e-01 1.699577e+00
165 8.479391e-01 1.697954e+00
166 8.436107e-01 1.708643e+00
167 8.327020e-01 1.716643e+00
168 7.755210e-01 1.741965e+00
169 8.043289e-01 1.727801e+00
170 7.979906e-01 1.714605e+00
171 7.978804e-01 1.686322e+00
172 8.211410e-01 1.692222e+00
173 8.107666e-01 1.682141e+00
174 8.064115e-01 1.691856e+00
175 8.342244e-01 1.757752e+00
176 8.201214e-01 1.779100e+00
177 8.210793e-01 1.777455e+00
178 8.082189e-01 1.785674e+00
179 8.119017e-01 1.766166e+00
180 8.212575e-01 1.771511e+00
181 8.204581e-01 1.767380e+00
182 7.952859e-01 1.752660e+00
183 7.982100e-01 1.754604e+00
184 7.985036e-01 1.763199e+00
185 8.310430e-01 1.739465e+00
186 8.287941e-01 1.742008e+00
187 7.933983e-01 1.741258e+00
188 7.955920e-01 1.740715e+00
189 7.951431e-01 1.745665e+00
190 7.963265e-01 1.738742e+00
191 8.021626e-01 1.730355e+00
192 8.087111e-01 1.772986e+00
193 8.207025e-01 1.784664e+00
194 8.051823e-01 1.834387e+00
195 8.117902e-01 1.832050e+00
196 8.114311e-01 1.833029e+00
197 8.264654e-01 1.849810e+00
198 8.247848e-01 1.845471e+00
199 8.111209e-01 1.835116e+00
200 8.181711e-01 1.839980e+00
201 8.268161e-01 1.852172e+00
202 8.440869e-01 1.825431e+00
203 8.440848e-01 1.826188e+00
204 8.470417e-01 1.776801e+00
205 8.687395e-01 1.749391e+00
206 8.686948e-01 1.749342e+00
207 8.674698e-01 1.748906e+00
208 9.198287e-01 1.724855e+00
209 9.204020e-01 1.722152e+00
210 9.230789e-01 1.723342e+00
211 9.354974e-01 1.717486e+00
212 9.232468e-01 1.722724e+00
213 9.421033e-01 1.757390e+00
214 9.412176e-01 1.771209e+00
215 9.704790e-01 1.790432e+00
216 9.963390e-01 1.779899e+00
217 1.019918e+00 1.750986e+00
218 1.019068e+00 1.736842e+00
219 1.011723e+00 1.737112e+00
220 1.012259e+00 1.739533e+00
221 1.011514e+00 1.741044e+00
222 9.630465e-01 1.769825e+00
223 9.619220e-01 1.761414e+00
224 9.618210e-01 1.760013e+00
225 9.672445e-01 1.747227e+00
226 9.815261e-01 1.741192e+00
227 9.832194e-01 1.727736e+00
228 9.917238e-01 1.734295e+00
229 9.853419e-01 1.734634e+00
230 9.834890e-01 1.688537e+00
231 9.919479e-01 1.718228e+00
232 9.869446e-01 1.721033e+00
233 9.549279e-01 1.750730e+00
234 1.017292e+00 1.714179e+00
235 9.724688e-01 1.720355e+00
236 9.802326e-01 1.728324e+00
237 1.008792e+00 1.721207e+00
238 1.016435e+00 1.729440e+00
239 9.991332e-01 1.730028e+00
240 1.023949e+00 1.721248e+00
241 1.028664e+00 1.737399e+00
242 1.006294e+00 1.746988e+00
243 1.013874e+00 1.740480e+00
244 1.006398e+00 1.741734e+00
245 1.015673e+00 1.737128e+00
246 1.017768e+00 1.757209e+00
247 1.011875e+00 1.751726e+00
248 1.016642e+00 1.735077e+00
249 1.007562e+00 1.744854e+00
250 1.015462e+00 1.738785e+00
251 1.012548e+00 1.736512e+00
252 1.018261e+00 1.731172e+00
253 1.026375e+00 1.734260e+00
254 1.014234e+00 1.716864e+00
255 9.877872e-01 1.716976e+00
256 1.006504e+00 1.699812e+00
257 1.028065e+00 1.713936e+00
258 1.097554e+00 1.706267e+00
259 1.098694e+00 1.704317e+00
260 1.085082e+00 1.707751e+00
261 1.090504e+00 1.725038e+00
262 1.066383e+00 1.720363e+00
263 1.065986e+00 1.763187e+00
264 1.080049e+00 1.786428e+00
265 1.092628e+00 1.794839e+00
266 1.092204e+00 1.792500e+00
267 1.091043e+00 1.791062e+00
268 1.077659e+00 1.794474e+00
269 1.085311e+00 1.784094e+00
270 1.065462e+00 1.770257e+00
271 1.062873e+00 1.767023e+00
272 1.014718e+00 1.773123e+00
273 1.005311e+00 1.781293e+00
274 1.016830e+00 1.789505e+00
275 1.040086e+00 1.802326e+00
276 1.035261e+00 1.794608e+00
277 1.034049e+00 1.811461e+00
278 1.049986e+00 1.808121e+00
279 1.030211e+00 1.785771e+00
280 1.002429e+00 1.784048e+00
281 9.965545e-01 1.784183e+00
282 9.893828e-01 1.772904e+00
283 1.001643e+00 1.816485e+00
284 9.973872e-01 1.819391e+00
285 9.737971e-01 1.856502e+00
286 9.750398e-01 1.861411e+00
287 9.753584e-01 1.862809e+00
288 9.836094e-01 1.858295e+00
289 9.645184e-01 1.878637e+00
290 9.644997e-01 1.869845e+00
291 9.405502e-01 1.913918e+00
292 9.352411e-01 1.915326e+00
293 9.345452e-01 1.913521e+00
294 9.327865e-01 1.913692e+00
295 9.894977e-01 1.893761e+00
296 9.994596e-01 1.898211e+00
297 9.984762e-01 1.898445e+00
298 9.946608e-01 1.910720e+00
299 1.007809e+00 1.914483e+00
300 1.008884e+00 1.917725e+00
301 1.003813e+00 1.919608e+00
302 1.004225e+00 1.915432e+00
303 1.025418e+00 1.907669e+00
304 1.028258e+00 1.903093e+00
305 1.031364e+00 1.882335e+00
306 1.007857e+00 1.935121e+00
307 1.022071e+00 1.920993e+00
308 1.028450e+00 1.909297e+00
309 1.027931e+00 1.903078e+00
310 1.013550e+00 1.906437e+00
311 1.017538e+00 1.918594e+00
312 9.930105e-01 1.919295e+00
313 9.958368e-01 1.913370e+00
314 9.839115e-01 1.912231e+00
315 9.833371e-01 1.911876e+00
316 9.830978e-01 1.911671e+00
317 9.885196e-01 1.911809e+00
318 9.940740e-01 1.910112e+00
319 9.819887e-01 1.913239e+00
320 9.509394e-01 1.890864e+00
321 9.610371e-01 1.869117e+00
322 9.549810e-01 1.852293e+00
323 9.015031e-01 1.854752e+00
324 8.991207e-01 1.858767e+00
325 8.268025e-01 1.899234e+00
326 8.346802e-01 1.878915e+00
327 8.422422e-01 1.884144e+00
328 8.409103e-01 1.885395e+00
329 8.230586e-01 1.878535e+00
330 8.379901e-01 1.853121e+00
331 8.367157e-01 1.856922e+00
332 8.104773e-01 1.860792e+00
333 8.278975e-01 1.882571e+00
334 8.288474e-01 1.877713e+00
335 8.275327e-01 1.875738e+00
336 8.467683e-01 1.898820e+00
337 8.455592e-01 1.881991e+00
338 8.586247e-01 1.883872e+00
339 8.567429e-01 1.886176e+00
340 8.579563e-01 1.883117e+00
341 8.580540e-01 1.960990e+00
342 8.724503e-01 1.902761e+00
343 8.792074e-01 1.904392e+00
344 8.664702e-01 1.901126e+00
345 8.674218e-01 1.891841e+00
346 8.583489e-01 1.878803e+00
347 8.513746e-01 1.896725e+00
348 8.403313e-01 1.904538e+00
349 8.350539e-01 1.905960e+00
350 8.323530e-01 1.906313e+00
351 8.288601e-01 1.906826e+00
352 8.290764e-01 1.906604e+00
353 8.278880e-01 1.919508e+00
354 8.080777e-01 1.914686e+00
355 7.111625e-01 1.904327e+00
356 7.116591e-01 1.910566e+00
357 7.127859e-01 1.910891e+00
358 7.466381e-01 1.945169e+00
359 7.508803e-01 1.931105e+00
360 7.481911e-01 1.926975e+00
361 7.511548e-01 1.918283e+00
362 7.533395e-01 1.915334e+00
363 7.550690e-01 1.911134e+00
364 7.585836e-01 1.909766e+00
365 7.567948e-01 1.908838e+00
366 7.659341e-01 1.902763e+00
367 7.444451e-01 1.887291e+00
368 7.451838e-01 1.888582e+00
369 7.142168e-01 1.867748e+00
370 7.221189e-01 1.871159e+00
371 7.184404e-01 1.875143e+00
372 7.134906e-01 1.885972e+00
373 6.877156e-01 1.932109e+00
374 6.946365e-01 1.922123e+00
375 6.783114e-01 1.944690e+00
376 6.759013e-01 1.929270e+00
377 6.891632e-01 1.956911e+00
378 6.890375e-01 1.957555e+00
379 6.912039e-01 1.948791e+00
380 6.808549e-01 1.923400e+00
381 6.715028e-01 1.920675e+00
382 6.980799e-01 1.913860e+00
383 6.655357e-01 1.905789e+00
384 6.706739e-01 1.901056e+00
385 6.582021e-01 1.925635e+00
386 6.455528e-01 1.912411e+00
387 6.445794e-01 1.908970e+00
388 6.502938e-01 1.958931e+00
389 6.530853e-01 1.955388e+00
390 6.421533e-01 1.965969e+00
391 6.380743e-01 1.970352e+00
392 6.392114e-01 1.966939e+00
393 6.317943e-01 1.952966e+00
394 6.312940e-01 1.952430e+00
395 6.277317e-01 1.952925e+00
396 6.283658e-01 1.951688e+00
397 6.177995e-01 1.945900e+00
398 5.825022e-01 1.947937e+00
399 5.719337e-01 1.932291e+00
400 5.716976e-01 1.932329e+00
401 5.835892e-01 1.918367e+00
402 5.616269e-01 1.851830e+00
403 5.646548e-01 1.833879e+00
404 5.933445e-01 1.851296e+00
405 5.510823e-01 1.739878e+00
406 5.346913e-01 1.751217e+00
407 5.610393e-01 1.725265e+00
408 5.535070e-01 1.720362e+00
409 5.674101e-01 1.741183e+00
410 5.702730e-01 1.746787e+00
411 5.805832e-01 1.761482e+00
412 5.666005e-01 1.750868e+00
413 5.371194e-01 1.708874e+00
414 5.515243e-01 1.792729e+00
415 5.390857e-01 1.786305e+00
416 5.664382e-01 1.842873e+00
417 5.727794e-01 1.824716e+00
418 5.592359e-01 1.818846e+00
419 5.865867e-01 1.794218e+00
420 5.769891e-01 1.790143e+00
421 5.541410e-01 1.799340e+00
422 5.744492e-01 1.795960e+00
423 5.720242e-01 1.795139e+00
424 5.707497e-01 1.797052e+00
425 5.654742e-01 1.789166e+00
426 5.751807e-01 1.781729e+00
427 5.682041e-01 1.768477e+00
428 5.665336e-01 1.781286e+00
429 5.500832e-01 1.788674e+00
430 5.614830e-01 1.811283e+00
431 5.606733e-01 1.811170e+00
432 5.594582e-01 1.797694e+00
433 5.632001e-01 1.782853e+00
434 5.614555e-01 1.785859e+00
435 5.627033e-01 1.786026e+00
436 5.626684e-01 1.800655e+00
437 5.725188e-01 1.802163e+00
438 5.610400e-01 1.815394e+00
439 5.658467e-01 1.834922e+00
440 5.389506e-01 1.825616e+00
441 5.508647e-01 1.837877e+00
442 5.315446e-01 1.839208e+00
443 5.077970e-01 1.883625e+00
444 5.301218e-01 1.874733e+00
445 5.521392e-01 1.885620e+00
446 5.955763e-01 1.913295e+00
447 6.098460e-01 1.918180e+00
448 6.105144e-01 1.920668e+00
449 6.096313e-01 1.922231e+00
450 6.764186e-01 1.950115e+00
451 6.951618e-01 1.955941e+00
452 7.041450e-01 1.971288e+00
453 6.982912e-01 1.966980e+00
454 7.059992e-01 1.987350e+00
455 7.122575e-01 1.984709e+00
456 7.417201e-01 1.983617e+00
457 7.178399e-01 1.990479e+00
458 7.173850e-01 1.977579e+00
459 6.960542e-01 1.982647e+00
460 7.058362e-01 1.975146e+00
461 7.045371e-01 1.977092e+00
462 7.015226e-01 1.980722e+00
463 6.958254e-01 1.957419e+00
464 6.773700e-01 1.983626e+00
465 6.981909e-01 2.001659e+00
466 6.968647e-01 2.001487e+00
467 7.309694e-01 1.973181e+00
468 7.792465e-01 1.966653e+00
469 7.804959e-01 1.967010e+00
470 7.792349e-01 1.971747e+00
471 7.667918e-01 1.985471e+00
472 7.006329e-01 1.958919e+00
473 7.762631e-01 2.119935e+00
474 7.767284e-01 2.118734e+00
475 7.592616e-01 2.133607e+00
476 7.697797e-01 2.118749e+00
477 7.450799e-01 2.097076e+00
478 7.777525e-01 2.089984e+00
479 8.211474e-01 2.118358e+00
480 8.358424e-01 2.121613e+00
481 8.355085e-01 2.127193e+00
482 8.432932e-01 2.130992e+00
483 8.317237e-01 2.186215e+00
484 8.179534e-01 2.194303e+00
485 7.593279e-01 2.177683e+00
486 8.018354e-01 2.099010e+00
487 7.978008e-01 2.092902e+00
488 7.617365e-01 2.110861e+00
489 7.520602e-01 2.114687e+00
490 7.530281e-01 2.112827e+00
491 7.731596e-01 2.123227e+00
492 7.659629e-01 2.116480e+00
493 7.698582e-01 2.125500e+00
494 7.862464e-01 2.115462e+00
495 7.914374e-01 2.100558e+00
496 7.853598e-01 2.128306e+00
497 7.918321e-01 2.131951e+00
498 8.037121e-01 2.168317e+00
499 7.760544e-01 2.159337e+00
500 7.694567e-01 2.167278e+00
501 7.807628e-01 2.128524e+00
502 7.831660e-01 2.134297e+00
503 7.606983e-01 2.121001e+00
504 7.741355e-01 2.122721e+00
505 7.624376e-01 2.108197e+00
506 7.460049e-01 2.112719e+00
507 7.476697e-01 2.114851e+00
508 7.489929e-01 2.108595e+00
509 7.110557e-01 2.118089e+00
510 6.961010e-01 2.089939e+00
511 7.123594e-01 2.068709e+00
512 7.118238e-01 2.069899e+00
513 7.132761e-01 2.065059e+00
514 7.502449e-01 2.113550e+00
515 7.591056e-01 2.108049e+00
516 7.977762e-01 2.158615e+00
517 7.954876e-01 2.168109e+00
518 8.037242e-01 2.173701e+00
519 7.961980e-01 2.187531e+00
520 7.930876e-01 2.194270e+00
521 7.856417e-01 2.204251e+00
522 7.858355e-01 2.203097e+00
523 7.452775e-01 2.164352e+00
524 7.351711e-01 2.073729e+00
525 7.269091e-01 2.074801e+00
526 7.374524e-01 2.086139e+00
527 7.494524e-01 2.081615e+00
528 7.557779e-01 2.100324e+00
529 7.518629e-01 2.082979e+00
530 7.530185e-01 2.086034e+00
531 7.604697e-01 2.073044e+00
532 7.561604e-01 2.072017e+00
533 7.609826e-01 2.084569e+00
534 7.591328e-01 2.084431e+00
535 7.527675e-01 2.088992e+00
536 7.727451e-01 2.083219e+00
537 7.845296e-01 2.075586e+00
538 7.901731e-01 2.077446e+00
539 7.983620e-01 2.077276e+00
540 7.921531e-01 2.058102e+00
541 7.913977e-01 2.061810e+00
542 7.817334e-01 2.059538e+00
543 7.823288e-01 2.060459e+00
544 7.820227e-01 2.060381e+00
545 7.449874e-01 2.085790e+00
546 7.735679e-01 2.097038e+00
547 8.257239e-01 2.061862e+00
548 8.290428e-01 2.059575e+00
549 8.233435e-01 2.068331e+00
550 8.238296e-01 2.064213e+00
551 8.246223e-01 2.074774e+00
552 8.222892e-01 2.071803e+00
553 8.192635e-01 2.121633e+00
554 8.247911e-01 2.117303e+00
555 8.347180e-01 2.121237e+00
556 8.353863e-01 2.124251e+00
557 8.063335e-01 2.091624e+00
558 8.299583e-01 2.084920e+00
559 8.095090e-01 2.071228e+00
560 8.133083e-01 2.044751e+00
561 8.097975e-01 2.051595e+00
562 8.149338e-01 2.049698e+00
563 8.169845e-01 2.027690e+00
564 8.437964e-01 2.044155e+00
565 8.447519e-01 2.042094e+00
566 8.409160e-01 2.043066e+00
567 8.601869e-01 2.037961e+00
568 8.139523e-01 2.062341e+00
569 7.977644e-01 2.060104e+00
570 7.960993e-01 2.064791e+00
571 8.454728e-01 2.071806e+00
572 8.229146e-01 2.071700e+00
573 8.083150e-01 2.061905e+00
574 8.052025e-01 2.038249e+00
575 7.855077e-01 2.060843e+00
576 7.832777e-01 2.061045e+00
577 7.763226e-01 2.063877e+00
578 7.750334e-01 2.061297e+00
579 7.510308e-01 2.054903e+00
580 7.478735e-01 2.055760e+00
581 7.127043e-01 2.018556e+00
582 7.102805e-01 2.016937e+00
583 7.115287e-01 2.009456e+00
584 7.139688e-01 2.018897e+00
585 7.149006e-01 2.006360e+00
586 7.197994e-01 2.008842e+00
587 6.979382e-01 2.020207e+00
588 6.934015e-01 2.030823e+00
589 6.897670e-01 2.032613e+00
590 6.736862e-01 2.039746e+00
591 6.107159e-01 2.023352e+00
592 5.906939e-01 2.062342e+00
593 5.882774e-01 2.073269e+00
594 4.951966e-01 2.063973e+00
595 4.848011e-01 2.078390e+00
596 4.823880e-01 2.074570e+00
597 5.152110e-01 2.070689e+00
598 5.022724e-01 2.071714e+00
599 4.991985e-01 2.070202e+00
600 4.998389e-01 2.071530e+00
601 4.897110e-01 2.071480e+00
602 4.935506e-01 2.073854e+00
603 4.884467e-01 2.083930e+00
604 4.871222e-01 2.073626e+00
605 4.862145e-01 2.074589e+00
606 4.916587e-01 2.066947e+00
607 4.883390e-01 2.067117e+00
608 4.939851e-01 2.066017e+00
609 5.432949e-01 2.078433e+00
610 5.821368e-01 2.095993e+00
611 5.757109e-01 2.112779e+00
612 5.124659e-01 2.088942e+00
613 4.978687e-01 2.066105e+00
614 4.998933e-01 2.065128e+00
615 5.063988e-01 2.072365e+00
616 5.021104e-01 2.073810e+00
617 4.652726e-01 2.087916e+00
618 4.962992e-01 2.085739e+00
619 4.869783e-01 2.127649e+00
620 4.788790e-01 2.137471e+00
621 4.779580e-01 2.119248e+00
622 4.557088e-01 2.130551e+00
623 4.610251e-01 2.136665e+00
624 4.538016e-01 2.125225e+00
625 4.720706e-01 2.129627e+00
626 4.801010e-01 2.115373e+00
627 4.660789e-01 2.105143e+00
628 5.052072e-01 2.056792e+00
629 5.335270e-01 2.056441e+00
630 5.420919e-01 2.061164e+00
631 5.140773e-01 2.053621e+00
632 4.762171e-01 2.029106e+00
633 4.796153e-01 2.027219e+00
634 4.728835e-01 1.967014e+00
635 4.607551e-01 1.954836e+00
636 4.463609e-01 1.952943e+00
637 4.474396e-01 1.952171e+00
638 4.480017e-01 1.943025e+00
639 4.472132e-01 1.942431e+00
640 4.478213e-01 1.940909e+00
641 4.458076e-01 1.954364e+00
642 4.580047e-01 1.943049e+00
643 4.802034e-01 1.952556e+00
644 4.859739e-01 1.950368e+00
645 4.883037e-01 1.949604e+00
646 4.802093e-01 1.939071e+00
647 4.855001e-01 1.991232e+00
648 4.757390e-01 1.993949e+00
649 4.750450e-01 1.993614e+00
650 4.735525e-01 1.993474e+00
651 4.733959e-01 1.993497e+00
652 4.966975e-01 1.955857e+00
653 4.855027e-01 1.951965e+00
654 4.560585e-01 1.937905e+00
655 4.780745e-01 1.877042e+00
656 4.841023e-01 1.887992e+00
657 4.699348e-01 1.902898e+00
658 4.869784e-01 1.932769e+00
659 4.946019e-01 1.917316e+00
660 4.700942e-01 1.942605e+00
661 4.701423e-01 1.940211e+00
662 4.736963e-01 1.923956e+00
663 4.769845e-01 1.937887e+00
664 4.920569e-01 1.899418e+00
665 4.918940e-01 1.897590e+00
666 4.842693e-01 1.893220e+00
667 4.862419e-01 1.894869e+00
668 4.954117e-01 1.862294e+00
669 5.118108e-01 1.851049e+00
670 5.078922e-01 1.842600e+00
671 4.444307e-01 1.875895e+00
672 4.487073e-01 1.877669e+00
673 4.131333e-01 1.871597e+00
674 4.173904e-01 1.870435e+00
675 4.068121e-01 1.874206e+00
676 4.002304e-01 1.869361e+00
677 4.000617e-01 1.868850e+00
678 3.984290e-01 1.876829e+00
679 4.168199e-01 1.867530e+00
680 4.156269e-01 1.872529e+00
681 4.157758e-01 1.872594e+00
682 3.624292e-01 1.902586e+00
683 3.741717e-01 1.907378e+00
684 3.731374e-01 1.902925e+00
685 3.797533e-01 1.913675e+00
686 3.617365e-01 1.913580e+00
687 3.647794e-01 1.903059e+00
688 3.804559e-01 1.941402e+00
689 3.919333e-01 1.935914e+00
690 4.052833e-01 1.925745e+00
691 4.180125e-01 1.942581e+00
692 4.126539e-01 1.948597e+00
693 3.889440e-01 1.949719e+00
694 3.769158e-01 1.951455e+00
695 3.754470e-01 1.956531e+00
696 3.812918e-01 1.967775e+00
697 3.947237e-01 1.953904e+00
698 3.974089e-01 1.946792e+00
699 3.800966e-01 1.943926e+00
700 3.769328e-01 1.934286e+00
701 3.812898e-01 1.930480e+00
702 3.800602e-01 1.930327e+00
703 3.872540e-01 1.968638e+00
704 3.815021e-01 1.968970e+00
705 3.847658e-01 1.973134e+00
706 3.957084e-01 2.007366e+00
707 3.875256e-01 2.006282e+00
708 3.745503e-01 2.076432e+00
709 3.732915e-01 2.071210e+00
710 3.666792e-01 2.073952e+00
711 3.510711e-01 2.082798e+00
712 3.482480e-01 2.083035e+00
713 3.429767e-01 2.070592e+00
714 3.416144e-01 2.077028e+00
715 3.410332e-01 2.076824e+00
716 3.488531e-01 2.076763e+00
717 3.483987e-01 2.075770e+00
718 3.450809e-01 2.086604e+00
719 3.647713e-01 2.125064e+00
720 3.581453e-01 2.120661e+00
721 3.585807e-01 2.120608e+00
722 3.469086e-01 2.121976e+00
723 3.447826e-01 2.127500e+00
724 3.916681e-01 2.164638e+00
725 3.987478e-01 2.157219e+00
726 4.120944e-01 2.146630e+00
727 3.736889e-01 2.167664e+00
728 3.773584e-01 2.164397e+00
729 3.612097e-01 2.159855e+00
730 3.521116e-01 2.162738e+00
731 3.299505e-01 2.159963e+00
732 3.230283e-01 2.175225e+00
733 3.229706e-01 2.162640e+00
734 3.219976e-01 2.162884e+00
735 3.378902e-01 2.155379e+00
736 3.323637e-01 2.172682e+00
737 3.232302e-01 2.191441e+00
738 3.084985e-01 2.151349e+00
739 2.996543e-01 2.123196e+00
740 2.997929e-01 2.125146e+00
741 2.984793e-01 2.124525e+00
742 2.927492e-01 2.127492e+00
743 3.392494e-01 2.119041e+00
744 3.426000e-01 2.116149e+00
745 3.354389e-01 2.116371e+00
746 3.195268e-01 2.074918e+00
747 3.044082e-01 2.088228e+00
748 2.687504e-01 2.069734e+00
749 2.694599e-01 2.064618e+00
750 2.749093e-01 2.084064e+00
751 2.750988e-01 2.084183e+00
752 2.736963e-01 2.081980e+00
753 2.457542e-01 2.093960e+00
754 2.417622e-01 2.073979e+00
755 2.397135e-01 2.069463e+00
756 2.413401e-01 2.067303e+00
757 2.411910e-01 2.076699e+00
758 2.287957e-01 2.085972e+00
759 2.490532e-01 2.080909e+00
760 2.629710e-01 2.072635e+00
761 2.794360e-01 2.045125e+00
762 2.793124e-01 2.042734e+00
763 2.801767e-01 2.055004e+00
764 2.685541e-01 2.046316e+00
765 2.658159e-01 2.042147e+00
766 2.722213e-01 2.023592e+00
767 2.663402e-01 2.022497e+00
768 3.060495e-01 2.054666e+00
769 3.059976e-01 2.076865e+00
770 3.093799e-01 2.078434e+00
771 3.135305e-01 2.075278e+00
772 3.133017e-01 2.077436e+00
773 3.779317e-01 2.100474e+00
774 3.943263e-01 2.128638e+00
775 3.972665e-01 2.123653e+00
776 3.917719e-01 2.116655e+00
777 3.795354e-01 2.111817e+00
778 3.744648e-01 2.104255e+00
779 3.268775e-01 2.054707e+00
780 3.263138e-01 2.059212e+00
781 3.195965e-01 2.052459e+00
782 3.056444e-01 2.042230e+00
783 3.049046e-01 2.060845e+00
784 3.063981e-01 2.063231e+00
785 3.082974e-01 2.064829e+00
786 3.092692e-01 2.072635e+00
787 2.967417e-01 2.067327e+00
788 2.967981e-01 2.067322e+00
789 2.953275e-01 2.118094e+00
790 3.347119e-01 2.120942e+00
791 3.567941e-01 2.135073e+00
792 3.612986e-01 2.144235e+00
793 3.337536e-01 2.137857e+00
794 3.305196e-01 2.133643e+00
795 3.340828e-01 2.140414e+00
796 3.098024e-01 2.127621e+00
797 3.515756e-01 2.179368e+00
798 3.562418e-01 2.180710e+00
799 3.535628e-01 2.176076e+00
800 3.586200e-01 2.187355e+00
801 3.538001e-01 2.187254e+00
802 3.742696e-01 2.207649e+00
803 3.860601e-01 2.201252e+00
804 3.860903e-01 2.201239e+00
805 3.984680e-01 2.174809e+00
806 3.952080e-01 2.179319e+00
807 3.943616e-01 2.179688e+00
808 3.858623e-01 2.178034e+00
809 3.894769e-01 2.175658e+00
810 3.849869e-01 2.189952e+00
811 4.129913e-01 2.183541e+00
812 4.160522e-01 2.188812e+00
813 4.238729e-01 2.214323e+00
814 4.296870e-01 2.228962e+00
815 4.296166e-01 2.228564e+00
816 4.275179e-01 2.216689e+00
817 4.275407e-01 2.225297e+00
818 4.374559e-01 2.262131e+00
819 4.312686e-01 2.242296e+00
820 3.947761e-01 2.271866e+00
821 3.911369e-01 2.270705e+00
822 3.860500e-01 2.258941e+00
823 4.639531e-01 2.313916e+00
824 4.762455e-01 2.308897e+00
825 4.823973e-01 2.334107e+00
826 4.762984e-01 2.322320e+00
827 4.763375e-01 2.340878e+00
828 4.775537e-01 2.335313e+00
829 4.635968e-01 2.338593e+00
830 4.668164e-01 2.357046e+00
831 4.224826e-01 2.347317e+00
832 4.228757e-01 2.347064e+00
833 3.949559e-01 2.286083e+00
834 3.897339e-01 2.271865e+00
835 3.970402e-01 2.282274e+00
836 4.015869e-01 2.285778e+00
837 3.902445e-01 2.311348e+00
838 3.998727e-01 2.291244e+00
839 4.040312e-01 2.281258e+00
840 3.931650e-01 2.283117e+00
841 3.919523e-01 2.274573e+00
842 3.967445e-01 2.251142e+00
843 4.285782e-01 2.228939e+00
844 4.292022e-01 2.230405e+00
845 4.254442e-01 2.212378e+00
846 4.177546e-01 2.213168e+00
847 4.222453e-01 2.207621e+00
848 3.936441e-01 2.222769e+00
849 3.900827e-01 2.239762e+00
850 3.710134e-01 2.252465e+00
851 3.730079e-01 2.253570e+00
852 3.869377e-01 2.263828e+00
853 3.990409e-01 2.256021e+00
854 3.991788e-01 2.255744e+00
855 4.050153e-01 2.253857e+00
856 3.935326e-01 2.255117e+00
857 3.574172e-01 2.246062e+00
858 3.631655e-01 2.243658e+00
859 3.639932e-01 2.245392e+00
860 3.747833e-01 2.243894e+00
861 3.784226e-01 2.264339e+00
862 3.267919e-01 2.265094e+00
863 3.307745e-01 2.265013e+00
864 3.022015e-01 2.261007e+00
865 2.964422e-01 2.277362e+00
866 2.974335e-01 2.265281e+00
867 2.605266e-01 2.279947e+00
868 2.571620e-01 2.271060e+00
869 2.685681e-01 2.268440e+00
870 2.698366e-01 2.284420e+00
871 2.487794e-01 2.332302e+00
872 2.314705e-01 2.358395e+00
873 3.042730e-01 2.220820e+00
874 2.803065e-01 2.222086e+00
875 2.803058e-01 2.222118e+00
876 2.817004e-01 2.221163e+00
877 2.762352e-01 2.226870e+00
878 2.605947e-01 2.226500e+00
879 2.591519e-01 2.225229e+00
880 2.464667e-01 2.208269e+00
881 2.500283e-01 2.203441e+00
882 2.486678e-01 2.204636e+00
883 2.521255e-01 2.203544e+00
884 2.541482e-01 2.207040e+00
885 2.277774e-01 2.206151e+00
886 2.657471e-01 2.221203e+00
887 2.749701e-01 2.228623e+00
888 2.937040e-01 2.232075e+00
889 3.224698e-01 2.205770e+00
890 3.221977e-01 2.205856e+00
891 3.252742e-01 2.206822e+00
892 3.500233e-01 2.219011e+00
893 3.525354e-01 2.231494e+00
894 3.608738e-01 2.231097e+00
895 3.983319e-01 2.222706e+00
896 4.191940e-01 2.234904e+00
897 4.382473e-01 2.228450e+00
898 4.510541e-01 2.207999e+00
899 4.503736e-01 2.221404e+00
900 4.463136e-01 2.213679e+00
901 4.437374e-01 2.212396e+00
902 4.464937e-01 2.211780e+00
903 4.460722e-01 2.211691e+00
904 4.828359e-01 2.211253e+00
905 4.764134e-01 2.221980e+00
906 4.582391e-01 2.226201e+00
907 4.642154e-01 2.217094e+00
908 4.616094e-01 2.214534e+00
909 4.611318e-01 2.215270e+00
910 4.601323e-01 2.183544e+00
911 4.668994e-01 2.184435e+00
912 4.679230e-01 2.187177e+00
913 4.809586e-01 2.193152e+00
914 4.983837e-01 2.193526e+00
915 5.168989e-01 2.209974e+00
916 5.170188e-01 2.209602e+00
917 4.571559e-01 2.226080e+00
918 4.455113e-01 2.283371e+00
919 4.383354e-01 2.279054e+00
920 4.559696e-01 2.265394e+00
921 4.704681e-01 2.279445e+00
922 4.677957e-01 2.272255e+00
923 4.791220e-01 2.291850e+00
924 4.763748e-01 2.296259e+00
925 4.629426e-01 2.290618e+00
926 4.747980e-01 2.279115e+00
927 4.900622e-01 2.281370e+00
928 4.694315e-01 2.198005e+00
929 4.646046e-01 2.191928e+00
930 4.542607e-01 2.187185e+00
931 4.625362e-01 2.194726e+00
932 4.500212e-01 2.214371e+00
933 4.542679e-01 2.214918e+00
934 4.566968e-01 2.233743e+00
935 4.508309e-01 2.234294e+00
936 4.491277e-01 2.233495e+00
937 4.462712e-01 2.229178e+00
938 4.515782e-01 2.231592e+00
939 4.492159e-01 2.231820e+00
940 4.446644e-01 2.219596e+00
941 4.477608e-01 2.219845e+00
942 4.384469e-01 2.227762e+00
943 4.490243e-01 2.223188e+00
944 4.320901e-01 2.208205e+00
945 4.366876e-01 2.209361e+00
946 4.380368e-01 2.211544e+00
947 4.129611e-01 2.218531e+00
948 4.129742e-01 2.218018e+00
949 4.079950e-01 2.212870e+00
950 4.119045e-01 2.210147e+00
951 4.111866e-01 2.215761e+00
952 4.525064e-01 2.190437e+00
953 4.516703e-01 2.179170e+00
954 4.234292e-01 2.197428e+00
955 4.403410e-01 2.223859e+00
956 4.493628e-01 2.211078e+00
957 4.670088e-01 2.215377e+00
958 4.668026e-01 2.214606e+00
959 4.621999e-01 2.227236e+00
960 5.100232e-01 2.243330e+00
961 4.639995e-01 2.240114e+00
962 4.564106e-01 2.234230e+00
963 4.644833e-01 2.277291e+00
964 4.673836e-01 2.270706e+00
965 4.683993e-01 2.272483e+00
966 4.673063e-01 2.272379e+00
967 4.726670e-01 2.274570e+00
968 5.165739e-01 2.276114e+00
969 5.089668e-01 2.261255e+00
970 5.210123e-01 2.256266e+00
971 5.352663e-01 2.303158e+00
972 5.942454e-01 2.336660e+00
973 5.802780e-01 2.339771e+00
974 5.807346e-01 2.332744e+00
975 6.222017e-01 2.345448e+00
976 6.273077e-01 2.336843e+00
977 6.045565e-01 2.313961e+00
978 6.047525e-01 2.313314e+00
979 6.020001e-01 2.297635e+00
980 6.021711e-01 2.297590e+00
981 5.987625e-01 2.291179e+00
982 5.380216e-01 2.341400e+00
983 5.312903e-01 2.342354e+00
984 5.385018e-01 2.347039e+00
985 5.684815e-01 2.380025e+00
986 5.518612e-01 2.352408e+00
987 5.495935e-01 2.357750e+00
988 5.875115e-01 2.427620e+00
989 5.846102e-01 2.417610e+00
990 6.421258e-01 2.422482e+00
991 6.402160e-01 2.420678e+00
992 6.657108e-01 2.422646e+00
993 6.412625e-01 2.385214e+00
994 6.408181e-01 2.382017e+00
995 6.177043e-01 2.407288e+00
996 6.187735e-01 2.404515e+00
997 6.238494e-01 2.405734e+00
998 6.239851e-01 2.406316e+00
999 6.214154e-01 2.395874e+00
1000 6.480546e-01 2.362842e+00
1001 6.628239e-01 2.415700e+00
1002 6.645814e-01 2.418105e+00
1003 6.622199e-01 2.411207e+00
1004 6.693566e-01 2.432931e+00
1005 6.728709e-01 2.446148e+00
1006 7.054975e-01 2.456648e+00
1007 7.213032e-01 2.473340e+00
1008 7.267244e-01 2.473027e+00
1009 6.871803e-01 2.482434e+00
1010 7.053334e-01 2.500101e+00
1011 6.709143e-01 2.487356e+00
1012 6.542111e-01 2.498745e+00
1013 6.533357e-01 2.500183e+00
1014 7.094649e-01 2.512778e+00
1015 7.114673e-01 2.498380e+00
1016 6.957370e-01 2.494630e+00
1017 7.035022e-01 2.527956e+00
1018 7.145880e-01 2.544030e+00
1019 7.242556e-01 2.562471e+00
1020 7.231135e-01 2.564779e+00
1021 7.280373e-01 2.522221e+00
1022 7.585351e-01 2.554467e+00
1023 7.617392e-01 2.548445e+00
1024 7.616582e-01 2.547438e+00
1025 7.613825e-01 2.548069e+00
1026 7.630408e-01 2.554637e+00
1027 7.681480e-01 2.559274e+00
1028 7.575208e-01 2.549095e+00
1029 7.584165e-01 2.559876e+00
1030 7.575223e-01 2.559739e+00
1031 7.500586e-01 2.566775e+00
1032 7.480040e-01 2.570817e+00
1033 7.473965e-01 2.568552e+00
1034 7.263174e-01 2.537027e+00
1035 7.895406e-01 2.564592e+00
1036 8.241506e-01 2.557024e+00
1037 8.343145e-01 2.575134e+00
1038 8.335129e-01 2.584221e+00
1039 8.282534e-01 2.583022e+00
1040 7.854874e-01 2.572276e+00
1041 7.872845e-01 2.584880e+00
1042 7.884792e-01 2.586090e+00
1043 7.902047e-01 2.577562e+00
1044 7.896690e-01 2.581231e+00
1045 7.952370e-01 2.581451e+00
1046 8.571484e-01 2.574330e+00
1047 8.837672e-01 2.578881e+00
1048 8.798846e-01 2.575556e+00
1049 8.837664e-01 2.597965e+00
1050 8.854194e-01 2.565764e+00
1051 8.796072e-01 2.571146e+00
1052 8.851191e-01 2.569766e+00
1053 8.821289e-01 2.563052e+00
1054 8.795684e-01 2.573214e+00
1055 8.726389e-01 2.574782e+00
1056 8.757954e-01 2.569443e+00
1057 8.828836e-01 2.637532e+00
1058 8.808139e-01 2.638385e+00
1059 8.877711e-01 2.655881e+00
1060 8.823681e-01 2.659178e+00
1061 8.787787e-01 2.655485e+00
1062 8.602786e-01 2.641444e+00
1063 8.577168e-01 2.634152e+00
1064 8.461622e-01 2.631247e+00
1065 8.463586e-01 2.632602e+00
1066 8.598969e-01 2.629574e+00
1067 8.601509e-01 2.627665e+00
1068 8.714044e-01 2.640356e+00
1069 8.751139e-01 2.638346e+00
1070 8.161049e-01 2.659476e+00
1071 8.396975e-01 2.652567e+00
1072 8.317641e-01 2.646056e+00
1073 8.343651e-01 2.649757e+00
1074 8.252208e-01 2.674126e+00
1075 8.349470e-01 2.669697e+00
1076 8.073739e-01 2.724394e+00
1077 7.904961e-01 2.724353e+00
1078 7.737121e-01 2.724511e+00
1079 7.735379e-01 2.721982e+00
1080 7.643869e-01 2.733671e+00
1081 7.801429e-01 2.696833e+00
1082 7.540974e-01 2.735058e+00
1083 7.544049e-01 2.733280e+00
1084 7.615333e-01 2.719913e+00
1085 7.580382e-01 2.719522e+00
1086 7.613255e-01 2.718651e+00
1087 7.437016e-01 2.701929e+00
1088 7.513531e-01 2.692166e+00
1089 7.411601e-01 2.713739e+00
1090 7.419968e-01 2.708327e+00
1091 7.448748e-01 2.711281e+00
1092 7.399913e-01 2.695223e+00
1093 7.399915e-01 2.695275e+00
1094 7.551843e-01 2.691651e+00
1095 7.337787e-01 2.704291e+00
1096 7.408969e-01 2.710142e+00
1097 7.259106e-01 2.698284e+00
1098 7.383756e-01 2.704110e+00
1099 7.458846e-01 2.695617e+00
1100 7.569218e-01 2.682879e+00
1101 7.595929e-01 2.688354e+00
1102 7.895797e-01 2.720292e+00
1103 7.865190e-01 2.722248e+00
1104 7.724221e-01 2.711332e+00
1105 7.725536e-01 2.710877e+00
1106 7.515498e-01 2.669689e+00
1107 7.553126e-01 2.670502e+00
1108 7.344818e-01 2.666587e+00
1109 7.422898e-01 2.674252e+00
1110 7.347827e-01 2.674088e+00
1111 7.232537e-01 2.666616e+00
1112 7.253443e-01 2.669243e+00
1113 7.069893e-01 2.685504e+00
1114 7.087885e-01 2.682177e+00
1115 7.077977e-01 2.664121e+00
1116 6.498626e-01 2.682410e+00
1117 6.257852e-01 2.672580e+00
1118 5.838047e-01 2.694509e+00
1119 6.148541e-01 2.708089e+00
1120 6.197230e-01 2.708687e+00
1121 5.900384e-01 2.702036e+00
1122 5.632935e-01 2.641533e+00
1123 5.643893e-01 2.644837e+00
1124 5.752703e-01 2.657115e+00
1125 5.536128e-01 2.657678e+00
1126 5.810875e-01 2.683573e+00
1127 5.856916e-01 2.687019e+00
1128 5.924434e-01 2.682709e+00
1129 6.219143e-01 2.671096e+00
1130 6.016767e-01 2.649399e+00
1131 5.991957e-01 2.650116e+00
1132 5.925624e-01 2.648580e+00
1133 5.497792e-01 2.642546e+00
1134 5.513808e-01 2.643202e+00
1135 5.379022e-01 2.642417e+00
1136 5.416570e-01 2.643797e+00
1137 5.753169e-01 2.655072e+00
1138 5.791248e-01 2.654812e+00
1139 5.672320e-01 2.640516e+00
1140 5.725720e-01 2.638956e+00
1141 6.186122e-01 2.627673e+00
1142 6.043998e-01 2.650437e+00
1143 6.028800e-01 2.664074e+00
1144 5.994358e-01 2.661384e+00
1145 5.963680e-01 2.657122e+00
1146 5.468305e-01 2.665259e+00
1147 5.509558e-01 2.648247e+00
1148 6.129768e-01 2.686575e+00
1149 6.174820e-01 2.697577e+00
1150 6.133151e-01 2.693391e+00
1151 5.405021e-01 2.622297e+00
1152 5.414538e-01 2.624823e+00
1153 5.480917e-01 2.626068e+00
1154 5.530317e-01 2.629442e+00
1155 5.260685e-01 2.618629e+00
1156 5.002354e-01 2.621817e+00
1157 4.950072e-01 2.620716e+00
1158 4.470253e-01 2.621114e+00
1159 4.513256e-01 2.623278e+00
1160 4.620664e-01 2.633201e+00
1161 4.620657e-01 2.633205e+00
1162 4.493095e-01 2.641778e+00
1163 4.449099e-01 2.644045e+00
1164 4.453891e-01 2.643202e+00
1165 4.266784e-01 2.657775e+00
1166 4.289858e-01 2.661093e+00
1167 4.293880e-01 2.660962e+00
1168 4.252589e-01 2.636986e+00
1169 3.980882e-01 2.650558e+00
1170 3.970453e-01 2.694544e+00
1171 4.012447e-01 2.697965e+00
1172 4.224309e-01 2.681432e+00
1173 3.931853e-01 2.695037e+00
1174 3.943791e-01 2.690943e+00
1175 3.856346e-01 2.690151e+00
1176 3.918310e-01 2.667976e+00
1177 3.696032e-01 2.670811e+00
1178 3.506529e-01 2.676694e+00
1179 3.255494e-01 2.692311e+00
1180 3.869759e-01 2.659274e+00
1181 3.875091e-01 2.659149e+00
1182 3.875021e-01 2.661315e+00
1183 3.939359e-01 2.640805e+00
1184 3.948916e-01 2.641665e+00
1185 3.822111e-01 2.638497e+00
1186 4.017361e-01 2.641386e+00
1187 3.951437e-01 2.631061e+00
1188 5.026984e-01 2.555801e+00
1189 5.060906e-01 2.555265e+00
1190 5.009795e-01 2.552661e+00
1191 4.805049e-01 2.540272e+00
1192 4.346665e-01 2.536935e+00
1193 3.974846e-01 2.519288e+00
1194 4.246259e-01 2.506842e+00
1195 4.241590e-01 2.507174e+00
1196 4.564564e-01 2.517607e+00
1197 4.512914e-01 2.527427e+00
1198 4.480150e-01 2.517824e+00
1199 4.424881e-01 2.580504e+00
1200 4.451523e-01 2.579587e+00
1201 4.364413e-01 2.576957e+00
1202 4.280840e-01 2.579100e+00
1203 4.417733e-01 2.595896e+00
1204 4.409065e-01 2.619459e+00
1205 4.451696e-01 2.621581e+00
1206 4.385783e-01 2.627328e+00
1207 4.246567e-01 2.631316e+00
1208 3.778884e-01 2.601285e+00
1209 4.042967e-01 2.595948e+00
1210 3.808982e-01 2.565192e+00
1211 3.877545e-01 2.579958e+00
1212 3.777097e-01 2.579512e+00
1213 3.844201e-01 2.579778e+00
1214 4.214747e-01 2.595849e+00
1215 4.205602e-01 2.594529e+00
1216 4.238724e-01 2.591597e+00
1217 4.303788e-01 2.592602e+00
1218 4.106745e-01 2.601190e+00
1219 4.340459e-01 2.582538e+00
1220 4.159905e-01 2.586936e+00
1221 4.186088e-01 2.579817e+00
1222 4.158020e-01 2.594500e+00
1223 4.133820e-01 2.611462e+00
1224 4.640082e-01 2.610952e+00
1225 5.059637e-01 2.577148e+00
1226 4.922619e-01 2.581343e+00
1227 4.954059e-01 2.580986e+00
1228 4.822242e-01 2.554704e+00
1229 4.795482e-01 2.555983e+00
1230 4.805878e-01 2.554120e+00
1231 4.870935e-01 2.541294e+00
1232 4.868625e-01 2.547806e+00
1233 4.916325e-01 2.545562e+00
1234 4.665239e-01 2.531790e+00
1235 4.388656e-01 2.521195e+00
1236 4.427775e-01 2.531444e+00
1237 3.443228e-01 2.451448e+00
1238 3.545943e-01 2.440737e+00
1239 3.908164e-01 2.494596e+00
1240 3.754831e-01 2.508709e+00
1241 3.779510e-01 2.489836e+00
1242 3.686035e-01 2.454582e+00
1243 3.786438e-01 2.460437e+00
1244 3.539336e-01 2.465266e+00
1245 3.306065e-01 2.448087e+00
1246 3.181672e-01 2.447857e+00
1247 3.578660e-01 2.430291e+00
1248 3.434356e-01 2.404172e+00
1249 3.321671e-01 2.399396e+00
1250 3.265305e-01 2.405656e+00
1251 2.588246e-01 2.399478e+00
1252 2.758597e-01 2.382449e+00
1253 2.421894e-01 2.370723e+00
1254 2.396838e-01 2.367363e+00
1255 2.420468e-01 2.363141e+00
1256 1.825637e-01 2.398347e+00
1257 2.317287e-01 2.349827e+00
1258 2.574884e-01 2.369463e+00
1259 2.596656e-01 2.375550e+00
1260 2.641134e-01 2.392458e+00
1261 2.672153e-01 2.395480e+00
1262 2.673630e-01 2.399374e+00
1263 2.955859e-01 2.418199e+00
1264 3.089859e-01 2.472928e+00
1265 3.372830e-01 2.473003e+00
1266 3.551790e-01 2.426722e+00
1267 3.403828e-01 2.451440e+00
1268 3.404795e-01 2.451431e+00
1269 3.481329e-01 2.505491e+00
1270 3.687252e-01 2.510080e+00
1271 3.619556e-01 2.513092e+00
1272 3.853347e-01 2.507634e+00
1273 3.743425e-01 2.484620e+00
1274 3.454222e-01 2.517893e+00
1275 3.488997e-01 2.521282e+00
1276 3.473124e-01 2.521826e+00
1277 3.489808e-01 2.522426e+00
1278 3.485922e-01 2.522421e+00
1279 3.400107e-01 2.525646e+00
1280 3.342425e-01 2.507252e+00
1281 3.169818e-01 2.507911e+00
1282 3.161068e-01 2.510832e+00
1283 3.184407e-01 2.502370e+00
1284 2.934340e-01 2.498441e+00
1285 2.887082e-01 2.480117e+00
1286 2.793812e-01 2.437647e+00
1287 3.348853e-01 2.425691e+00
1288 3.190361e-01 2.419120e+00
1289 3.156751e-01 2.420742e+00
1290 3.084866e-01 2.432238e+00
1291 3.129544e-01 2.462434e+00
1292 3.147069e-01 2.475482e+00
1293 3.872995e-01 2.552088e+00
1294 3.888395e-01 2.554041e+00
1295 4.006553e-01 2.565608e+00
1296 3.695453e-01 2.561893e+00
1297 3.638274e-01 2.569252e+00
1298 3.829945e-01 2.576713e+00
1299 4.138354e-01 2.550006e+00
1300 4.139216e-01 2.550207e+00
1301 4.262987e-01 2.565800e+00
1302 4.255378e-01 2.563242e+00
1303 4.441329e-01 2.553672e+00
1304 4.377115e-01 2.525891e+00
1305 4.325593e-01 2.527498e+00
1306 4.467115e-01 2.524437e+00
1307 4.713948e-01 2.562324e+00
1308 4.642034e-01 2.588685e+00
1309 4.645290e-01 2.587866e+00
1310 4.572709e-01 2.583148e+00
1311 4.509859e-01 2.571761e+00
1312 4.404413e-01 2.572075e+00
1313 4.482618e-01 2.548899e+00
1314 4.497423e-01 2.517403e+00
1315 4.389129e-01 2.523588e+00
1316 4.362891e-01 2.510497e+00
1317 4.194683e-01 2.521575e+00
1318 4.101425e-01 2.504220e+00
1319 4.049452e-01 2.501604e+00
1320 3.954893e-01 2.501713e+00
1321 3.953536e-01 2.501425e+00
1322 3.761566e-01 2.484737e+00
1323 3.761533e-01 2.484740e+00
1324 3.759591e-01 2.483781e+00
1325 3.724021e-01 2.472337e+00
1326 3.330417e-01 2.480863e+00
1327 3.292605e-01 2.490778e+00
1328 3.289168e-01 2.491133e+00
1329 3.249693e-01 2.510920e+00
1330 2.995152e-01 2.426558e+00
1331 2.654114e-01 2.404612e+00
1332 3.618405e-01 2.395083e+00
1333 3.585497e-01 2.397914e+00
1334 3.655952e-01 2.399162e+00
1335 3.634742e-01 2.400795e+00
1336 3.821418e-01 2.401298e+00
1337 3.888838e-01 2.395937e+00
1338 3.865255e-01 2.402548e+00
1339 3.967538e-01 2.402762e+00
1340 3.910487e-01 2.402322e+00
1341 3.953206e-01 2.390231e+00
1342 3.958423e-01 2.394261e+00
1343 3.858680e-01 2.377559e+00
1344 3.745091e-01 2.399031e+00
1345 3.783600e-01 2.361677e+00
1346 3.894936e-01 2.404332e+00
1347 4.132664e-01 2.439980e+00
1348 4.139021e-01 2.441805e+00
1349 3.566773e-01 2.533145e+00
1350 3.557961e-01 2.556374e+00
1351 3.681351e-01 2.584034e+00
1352 3.979984e-01 2.599111e+00
1353 4.153930e-01 2.643247e+00
1354 4.139475e-01 2.646570e+00
1355 4.107743e-01 2.652665e+00
1356 3.918812e-01 2.631269e+00
1357 3.955904e-01 2.634499e+00
1358 3.899000e-01 2.643867e+00
1359 3.875741e-01 2.645930e+00
1360 4.129298e-01 2.656488e+00
1361 4.118525e-01 2.656333e+00
1362 4.086007e-01 2.654873e+00
1363 4.019374e-01 2.651119e+00
1364 4.180109e-01 2.631439e+00
1365 4.313303e-01 2.614723e+00
1366 4.626492e-01 2.614820e+00
1367 4.602336e-01 2.621101e+00
1368 4.633697e-01 2.617584e+00
1369 4.660233e-01 2.623354e+00
1370 4.581736e-01 2.611186e+00
1371 4.691958e-01 2.526312e+00
1372 4.773312e-01 2.524722e+00
1373 5.105352e-01 2.542623e+00
1374 5.085593e-01 2.544301e+00
1375 5.106089e-01 2.547679e+00
1376 5.337277e-01 2.542485e+00
1377 5.356765e-01 2.539804e+00
1378 5.379739e-01 2.543175e+00
1379 5.417638e-01 2.499395e+00
1380 5.521256e-01 2.491008e+00
1381 5.738792e-01 2.481242e+00
1382 5.684828e-01 2.484656e+00
1383 5.684062e-01 2.484562e+00
1384 5.661427e-01 2.467008e+00
1385 5.529776e-01 2.476351e+00
1386 5.541229e-01 2.475915e+00
1387 5.162413e-01 2.471759e+00
1388 5.154423e-01 2.464631e+00
1389 4.979143e-01 2.478725e+00
1390 4.987530e-01 2.474924e+00
1391 4.920926e-01 2.459968e+00
1392 4.933116e-01 2.457656e+00
1393 4.872733e-01 2.478093e+00
1394 4.897482e-01 2.482769e+00
1395 4.921509e-01 2.466680e+00
1396 4.886247e-01 2.467812e+00
1397 4.865950e-01 2.465989e+00
1398 4.878942e-01 2.479657e+00
1399 4.854888e-01 2.477027e+00
1400 4.990483e-01 2.467719e+00
1401 3.845923e-01 2.505504e+00
1402 3.967401e-01 2.514905e+00
1403 3.857931e-01 2.517388e+00
1404 3.953192e-01 2.498926e+00
1405 3.826875e-01 2.483230e+00
1406 3.754807e-01 2.489072e+00
1407 4.052571e-01 2.482581e+00
1408 3.883084e-01 2.461733e+00
1409 4.097530e-01 2.428125e+00
1410 3.881396e-01 2.427013e+00
1411 4.104540e-01 2.452802e+00
1412 4.460315e-01 2.437921e+00
1413 4.466533e-01 2.433754e+00
1414 4.703016e-01 2.480492e+00
1415 4.946345e-01 2.489176e+00
1416 4.534829e-01 2.481926e+00
1417 4.521398e-01 2.483924e+00
1418 4.002371e-01 2.471971e+00
1419 4.063693e-01 2.470431e+00
1420 3.937030e-01 2.456830e+00
1421 3.867591e-01 2.476842e+00
1422 3.866446e-01 2.476477e+00
1423 3.847683e-01 2.474493e+00
1424 3.907065e-01 2.472690e+00
1425 3.834991e-01 2.469998e+00
1426 3.854253e-01 2.485949e+00
1427 3.925554e-01 2.495436e+00
1428 3.906525e-01 2.489684e+00
1429 3.667851e-01 2.499065e+00
1430 3.766756e-01 2.498325e+00
1431 3.787638e-01 2.496948e+00
1432 3.730254e-01 2.498254e+00
1433 3.472549e-01 2.476388e+00
1434 3.952989e-01 2.499091e+00
1435 4.253215e-01 2.442290e+00
1436 4.251897e-01 2.440047e+00
1437 4.162512e-01 2.435253e+00
1438 4.210388e-01 2.435371e+00
1439 4.133022e-01 2.432276e+00
1440 4.089550e-01 2.451276e+00
1441 4.089659e-01 2.451484e+00
1442 4.108873e-01 2.459807e+00
1443 4.101712e-01 2.455797e+00
1444 4.331254e-01 2.444157e+00
1445 4.294721e-01 2.466011e+00
1446 4.422661e-01 2.446614e+00
1447 4.482058e-01 2.445731e+00
1448 4.419945e-01 2.447804e+00
1449 4.407186e-01 2.447013e+00
1450 4.391960e-01 2.448803e+00
1451 4.583026e-01 2.480054e+00
1452 4.720099e-01 2.496400e+00
1453 4.301177e-01 2.470456e+00
1454 4.337610e-01 2.471814e+00
1455 4.237659e-01 2.472224e+00
1456 4.538468e-01 2.504261e+00
1457 4.173754e-01 2.499939e+00
1458 3.674954e-01 2.543128e+00
1459 3.594221e-01 2.583515e+00
1460 3.606164e-01 2.591952e+00
1461 3.567755e-01 2.588588e+00
1462 3.557415e-01 2.589034e+00
1463 3.454797e-01 2.585027e+00
1464 3.787519e-01 2.594895e+00
1465 3.628215e-01 2.600418e+00
1466 3.683703e-01 2.607161e+00
1467 3.165006e-01 2.630104e+00
1468 3.153043e-01 2.632850e+00
1469 2.975116e-01 2.644536e+00
1470 2.979613e-01 2.639519e+00
1471 3.322512e-01 2.639626e+00
1472 3.494708e-01 2.639547e+00
1473 3.835185e-01 2.619838e+00
1474 4.157227e-01 2.647955e+00
1475 4.229689e-01 2.662111e+00
1476 3.923869e-01 2.679415e+00
1477 3.905276e-01 2.677892e+00
1478 3.203017e-01 2.771477e+00
1479 3.264829e-01 2.762459e+00
1480 3.399937e-01 2.755907e+00
1481 2.989844e-01 2.769189e+00
1482 3.483136e-01 2.691362e+00
1483 3.371953e-01 2.706251e+00
1484 3.375551e-01 2.705550e+00
1485 3.283500e-01 2.708595e+00
1486 3.073468e-01 2.735129e+00
1487 3.052731e-01 2.736790e+00
1488 3.272011e-01 2.744302e+00
1489 3.026184e-01 2.758470e+00
1490 3.092565e-01 2.783787e+00
1491 3.600358e-01 2.840392e+00
1492 3.716461e-01 2.838580e+00
1493 3.856251e-01 2.837028e+00
1494 4.079240e-01 2.897378e+00
1495 3.896226e-01 2.901827e+00
1496 4.225341e-01 2.895110e+00
1497 4.421039e-01 2.884719e+00
1498 4.450842e-01 2.887305e+00
1499 4.522334e-01 2.888900e+00
1500 4.565021e-01 2.872537e+00
1501 4.521711e-01 2.860124e+00
1502 4.472048e-01 2.857612e+00
1503 4.757124e-01 2.862950e+00
1504 4.759271e-01 2.861924e+00
1505 4.783733e-01 2.861573e+00
1506 5.104754e-01 2.876122e+00
1507 5.102002e-01 2.879144e+00
1508 5.029655e-01 2.855013e+00
1509 5.039840e-01 2.853874e+00
1510 5.125156e-01 2.850688e+00
1511 5.101493e-01 2.846090e+00
1512 4.759307e-01 2.800522e+00
1513 4.676783e-01 2.803481e+00
1514 4.676251e-01 2.803168e+00
1515 4.714058e-01 2.801978e+00
1516 4.743286e-01 2.797352e+00
1517 4.737721e-01 2.799987e+00
1518 4.676546e-01 2.807605e+00
1519 4.630211e-01 2.806379e+00
1520 4.611325e-01 2.819608e+00
1521 4.096984e-01 2.811179e+00
1522 4.048217e-01 2.813173e+00
1523 4.081302e-01 2.814840e+00
1524 4.126186e-01 2.817386e+00
1525 4.135000e-01 2.840413e+00
1526 4.249282e-01 2.848533e+00
1527 4.250494e-01 2.832612e+00
1528 4.209177e-01 2.851431e+00
1529 4.273300e-01 2.813756e+00
1530 4.129712e-01 2.851726e+00
1531 4.281603e-01 2.873851e+00
1532 4.355441e-01 2.873493e+00
1533 4.705714e-01 2.854078e+00
1534 4.684074e-01 2.853573e+00
1535 4.516384e-01 2.858092e+00
1536 4.465186e-01 2.857610e+00
1537 4.826463e-01 2.840064e+00
1538 4.715661e-01 2.864724e+00
1539 4.766669e-01 2.865782e+00
1540 4.775666e-01 2.863356e+00
1541 4.725719e-01 2.863688e+00
1542 5.008881e-01 2.873179e+00
1543 5.099594e-01 2.872461e+00
1544 4.919570e-01 2.863409e+00
1545 5.220827e-01 2.861970e+00
1546 5.104310e-01 2.859620e+00
1547 5.083999e-01 2.866454e+00
1548 5.319710e-01 2.863942e+00
1549 5.312000e-01 2.862574e+00
1550 5.561936e-01 2.867110e+00
1551 5.563214e-01 2.859120e+00
1552 5.553063e-01 2.862113e+00
1553 5.225395e-01 2.878304e+00
1554 5.123652e-01 2.879936e+00
1555 5.315743e-01 2.913795e+00
1556 5.600712e-01 2.917705e+00
1557 5.589498e-01 2.917687e+00
1558 5.638647e-01 2.948872e+00
1559 5.691579e-01 2.944361e+00
1560 5.703330e-01 2.943969e+00
1561 5.567762e-01 2.963065e+00
1562 5.584577e-01 2.964524e+00
1563 5.752457e-01 2.956779e+00
1564 5.464208e-01 2.951668e+00
1565 5.163402e-01 2.938103e+00
1566 5.184105e-01 2.938612e+00
1567 5.223713e-01 2.923078e+00
1568 5.253218e-01 2.929258e+00
1569 5.314351e-01 2.931499e+00
1570 5.938446e-01 2.981854e+00
1571 5.955580e-01 2.987089e+00
1572 5.955221e-01 2.985715e+00
1573 6.145247e-01 2.978647e+00
1574 5.787961e-01 2.987462e+00
1575 5.890773e-01 2.988128e+00
1576 5.889619e-01 3.000805e+00
