0 2.387200e-01 1.735057e+00
1 2.278810e-01 1.733056e+00
2 2.172940e-01 1.735832e+00
3 2.154745e-01 1.684485e+00
4 2.145580e-01 1.683968e+00
5 2.214192e-01 1.676652e+00
6 2.209771e-01 1.672542e+00
7 2.199329e-01 1.668765e+00
8 2.318104e-01 1.708977e+00
9 2.359423e-01 1.703419e+00
10 2.795891e-01 1.701425e+00
11 3.044917e-01 1.700254e+00
12 2.984715e-01 1.712579e+00
13 3.081964e-01 1.717254e+00
14 3.140960e-01 1.717658e+00
15 3.153199e-01 1.745197e+00
16 3.152734e-01 1.745857e+00
17 3.106933e-01 1.715621e+00
18 2.845077e-01 1.732562e+00
19 2.871710e-01 1.732868e+00
20 2.999921e-01 1.716580e+00
21 3.085527e-01 1.725849e+00
22 3.093302e-01 1.727508e+00
23 3.304611e-01 1.740583e+00
24 3.413049e-01 1.753591e+00
25 3.425250e-01 1.733582e+00
26 3.640734e-01 1.718699e+00
27 3.553676e-01 1.712292e+00
28 3.591467e-01 1.734617e+00
29 3.793021e-01 1.748533e+00
30 3.837973e-01 1.740354e+00
31 3.977889e-01 1.731270e+00
32 4.001618e-01 1.734198e+00
33 3.982223e-01 1.747004e+00
34 4.132992e-01 1.786559e+00
35 4.287351e-01 1.788394e+00
36 4.283613e-01 1.787173e+00
37 4.043765e-01 1.802217e+00
38 4.061861e-01 1.767600e+00
39 3.474693e-01 1.714000e+00
40 3.437401e-01 1.684801e+00
41 3.523133e-01 1.659404e+00
42 3.622550e-01 1.647735e+00
43 3.601608e-01 1.650810e+00
44 3.124225e-01 1.679619e+00
45 3.089209e-01 1.675476e+00
46 3.099648e-01 1.674587e+00
47 2.834384e-01 1.665128e+00
48 3.298569e-01 1.626985e+00
49 3.259519e-01 1.602364e+00
50 2.629541e-01 1.618356e+00
51 2.769207e-01 1.627045e+00
52 2.761717e-01 1.626690e+00
53 2.759806e-01 1.623125e+00
54 2.595728e-01 1.634276e+00
55 2.472106e-01 1.593194e+00
56 2.473149e-01 1.593446e+00
57 2.946703e-01 1.581036e+00
58 2.993385e-01 1.575424e+00
59 2.913060e-01 1.564603e+00
60 3.111498e-01 1.567330e+00
61 3.341838e-01 1.561821e+00
62 3.357991e-01 1.558259e+00
63 3.271436e-01 1.554535e+00
64 3.266578e-01 1.572497e+00
65 3.350400e-01 1.560859e+00
66 3.348822e-01 1.557820e+00
67 3.323244e-01 1.564530e+00
68 3.549607e-01 1.556986e+00
69 3.460180e-01 1.551622e+00
70 3.817105e-01 1.513216e+00
71 3.767569e-01 1.512748e+00
72 3.756961e-01 1.502298e+00
73 3.710292e-01 1.491858e+00
74 3.744192e-01 1.540908e+00
75 3.721755e-01 1.507815e+00
76 3.774878e-01 1.501124e+00
77 3.782985e-01 1.501867e+00
78 3.329335e-01 1.501363e+00
79 3.342137e-01 1.482604e+00
80 3.470187e-01 1.474979e+00
81 3.347884e-01 1.476183e+00
82 3.424811e-01 1.480451e+00
83 3.435402e-01 1.497743e+00
84 3.440012e-01 1.502384e+00
85 3.373808e-01 1.490037e+00
86 3.332558e-01 1.500035e+00
87 3.343177e-01 1.508121e+00
88 3.299586e-01 1.506069e+00
89 3.387323e-01 1.505856e+00
90 3.428207e-01 1.486059e+00
91 3.587026e-01 1.519421e+00
92 3.537018e-01 1.519067e+00
93 3.473862e-01 1.515213e+00
94 3.479814e-01 1.516677e+00
95 4.233556e-01 1.514316e+00
96 4.236057e-01 1.507871e+00
97 4.771958e-01 1.512205e+00
98 4.694626e-01 1.479333e+00
99 4.686753e-01 1.480201e+00
100 4.696846e-01 1.483007e+00
101 4.677008e-01 1.481934e+00
102 5.568325e-01 1.523928e+00
103 5.623072e-01 1.527510e+00
104 5.520297e-01 1.522875e+00
105 5.370853e-01 1.525459e+00
106 5.713413e-01 1.549796e+00
107 5.504392e-01 1.586671e+00
108 5.425250e-01 1.606037e+00
109 5.718531e-01 1.594136e+00
110 5.744226e-01 1.594518e+00
111 5.872864e-01 1.559845e+00
112 5.895008e-01 1.561640e+00
113 5.968778e-01 1.560243e+00
114 5.951658e-01 1.570136e+00
115 5.949171e-01 1.568970e+00
116 5.501024e-01 1.559510e+00
117 5.464534e-01 1.557386e+00
118 6.134874e-01 1.591300e+00
119 6.136694e-01 1.590706e+00
120 6.329245e-01 1.633911e+00
121 6.247306e-01 1.628100e+00
122 6.285707e-01 1.609775e+00
123 6.265277e-01 1.623511e+00
124 5.964640e-01 1.596152e+00
125 6.154202e-01 1.594332e+00
126 5.529722e-01 1.599096e+00
127 5.377585e-01 1.579198e+00
128 5.363642e-01 1.579576e+00
129 5.319789e-01 1.601969e+00
130 5.441235e-01 1.606524e+00
131 5.509052e-01 1.620936e+00
132 5.865032e-01 1.630954e+00
133 5.859318e-01 1.649243e+00
134 5.820883e-01 1.650879e+00
135 5.796124e-01 1.645632e+00
136 5.893438e-01 1.652468e+00
137 6.459592e-01 1.654832e+00
138 7.044006e-01 1.593325e+00
139 7.016581e-01 1.589847e+00
140 7.593158e-01 1.577462e+00
141 7.806067e-01 1.569376e+00
142 7.807385e-01 1.585636e+00
143 7.988935e-01 1.616791e+00
144 8.062574e-01 1.625136e+00
145 7.968457e-01 1.616003e+00
146 7.992518e-01 1.588865e+00
147 8.301320e-01 1.593558e+00
148 8.398245e-01 1.583575e+00
149 8.202263e-01 1.640211e+00
150 8.170508e-01 1.632858e+00
151 8.173128e-01 1.634736e+00
152 8.282193e-01 1.640087e+00
153 8.381792e-01 1.647160e+00
154 8.591912e-01 1.657268e+00
155 8.696635e-01 1.653148e+00
156 8.511533e-01 1.644687e+00
157 8.825532e-01 1.666587e+00
158 8.970889e-01 1.658400e+00
159 9.120466e-01 1.666254e+00
160 8.736121e-01 1.673034e+00
161 8.534676e-01 1.683858e+00
162 8.470750e-01 1.692438e+00
163 8.498501e-01 1.694218e+00
164 8.414797e-01 1.702939e+00
165 8.453139e-01 1.711921e+00
166 8.472916e-01 1.715844e+00
167 8.347337e-01 1.723787e+00
168 8.190533e-01 1.720134e+00
169 8.064892e-01 1.717324e+00
170 8.037809e-01 1.728561e+00
171 8.041212e-01 1.711281e+00
172 7.919138e-01 1.695150e+00
173 7.688656e-01 1.699145e+00
174 7.709494e-01 1.712083e+00
175 7.725266e-01 1.712838e+00
176 7.732344e-01 1.712538e+00
177 8.190325e-01 1.704980e+00
178 8.113400e-01 1.713440e+00
179 8.179752e-01 1.730618e+00
180 8.256684e-01 1.733170e+00
181 8.487589e-01 1.728167e+00
182 8.517059e-01 1.732051e+00
183 8.400411e-01 1.757046e+00
184 8.192454e-01 1.774883e+00
185 8.283964e-01 1.782989e+00
186 8.330862e-01 1.780544e+00
187 8.254869e-01 1.783552e+00
188 8.427823e-01 1.801633e+00
189 8.498184e-01 1.801805e+00
190 8.906454e-01 1.827949e+00
191 8.781342e-01 1.858741e+00
192 8.757367e-01 1.838975e+00
193 8.759271e-01 1.839545e+00
194 8.746017e-01 1.841746e+00
195 8.778838e-01 1.849970e+00
196 8.866898e-01 1.859250e+00
197 8.921189e-01 1.856425e+00
198 9.228357e-01 1.845452e+00
199 9.213529e-01 1.843814e+00
200 9.041624e-01 1.841506e+00
201 8.793950e-01 1.837080e+00
202 8.511462e-01 1.841745e+00
203 8.511446e-01 1.841700e+00
204 8.536054e-01 1.846814e+00
205 8.463160e-01 1.816769e+00
206 8.539100e-01 1.824415e+00
207 8.588562e-01 1.824048e+00
208 8.585550e-01 1.824350e+00
209 8.253012e-01 1.820723e+00
210 8.145191e-01 1.796310e+00
211 8.136880e-01 1.800968e+00
212 8.232507e-01 1.821878e+00
213 8.135663e-01 1.827077e+00
214 8.144776e-01 1.826497e+00
215 8.135860e-01 1.827247e+00
216 7.843079e-01 1.810199e+00
217 7.831882e-01 1.810305e+00
218 7.958085e-01 1.801249e+00
219 7.986666e-01 1.797557e+00
220 8.155627e-01 1.807726e+00
221 7.875167e-01 1.832006e+00
222 7.980157e-01 1.833633e+00
223 7.892884e-01 1.837040e+00
224 7.893135e-01 1.829687e+00
225 7.539436e-01 1.870279e+00
226 7.483095e-01 1.855723e+00
227 7.485704e-01 1.855630e+00
228 7.316275e-01 1.870290e+00
229 7.132313e-01 1.867272e+00
230 7.086351e-01 1.870102e+00
231 6.872380e-01 1.858451e+00
232 6.849042e-01 1.859335e+00
233 6.825366e-01 1.838491e+00
234 6.810771e-01 1.843532e+00
235 6.680649e-01 1.852523e+00
236 6.692376e-01 1.852492e+00
237 6.642983e-01 1.896270e+00
238 6.488572e-01 1.910898e+00
239 6.317115e-01 1.935618e+00
240 6.325124e-01 1.936431e+00
241 6.330863e-01 1.935291e+00
242 6.624448e-01 1.932852e+00
243 6.869682e-01 1.960170e+00
244 6.993524e-01 1.946440e+00
245 7.320046e-01 1.915518e+00
246 7.126724e-01 1.907659e+00
247 7.204886e-01 1.910795e+00
248 7.246166e-01 1.907000e+00
249 7.048336e-01 1.914835e+00
250 6.954461e-01 1.934563e+00
251 7.122276e-01 1.924008e+00
252 7.176600e-01 1.923572e+00
253 7.183536e-01 1.932526e+00
254 6.924236e-01 1.951493e+00
255 6.920052e-01 1.951556e+00
256 6.876022e-01 1.945465e+00
257 6.958616e-01 1.939559e+00
258 6.971841e-01 1.940205e+00
259 7.034657e-01 1.944171e+00
260 6.991940e-01 1.939465e+00
261 6.942736e-01 1.948507e+00
262 6.995531e-01 1.950883e+00
263 6.965770e-01 1.967466e+00
264 7.027328e-01 1.968364e+00
265 7.019088e-01 1.968500e+00
266 7.031858e-01 1.968081e+00
267 7.037936e-01 1.969099e+00
268 7.154727e-01 1.969281e+00
269 7.333336e-01 1.970345e+00
270 7.479190e-01 1.974365e+00
271 7.229200e-01 1.972009e+00
272 7.271127e-01 1.963031e+00
273 7.304813e-01 1.960987e+00
274 6.978983e-01 1.989884e+00
275 6.834260e-01 1.999660e+00
276 6.746666e-01 1.991507e+00
277 6.748488e-01 1.991041e+00
278 6.766687e-01 1.969115e+00
279 6.727354e-01 1.979233e+00
280 6.792721e-01 1.977782e+00
281 6.827179e-01 1.978692e+00
282 7.517462e-01 1.967856e+00
283 7.840582e-01 1.977883e+00
284 7.931764e-01 1.986551e+00
285 8.073160e-01 1.958903e+00
286 8.348073e-01 1.969081e+00
287 8.300068e-01 1.970603e+00
288 7.903292e-01 1.993140e+00
289 7.677802e-01 1.990560e+00
290 7.623799e-01 1.994917e+00
291 7.624781e-01 1.980340e+00
292 7.462101e-01 2.013188e+00
293 7.469515e-01 2.013069e+00
294 7.285489e-01 2.084751e+00
295 7.283145e-01 2.083503e+00
296 7.303516e-01 2.086239e+00
297 7.336137e-01 2.102388e+00
298 7.371031e-01 2.094476e+00
299 7.313881e-01 2.110642e+00
300 6.974803e-01 2.035975e+00
301 7.087257e-01 2.052623e+00
302 6.979338e-01 2.057850e+00
303 7.202448e-01 2.062100e+00
304 7.059549e-01 2.068860e+00
305 7.087178e-01 2.065834e+00
306 7.131210e-01 2.095740e+00
307 7.173914e-01 2.082229e+00
308 7.135644e-01 2.081341e+00
309 7.144369e-01 2.081907e+00
310 6.796625e-01 2.095678e+00
311 6.792328e-01 2.080632e+00
312 7.050799e-01 2.070291e+00
313 7.134520e-01 2.059870e+00
314 7.226600e-01 2.066740e+00
315 7.221807e-01 2.055688e+00
316 7.232025e-01 2.026509e+00
317 7.837205e-01 1.984185e+00
318 7.835959e-01 1.974537e+00
319 7.886369e-01 1.942054e+00
320 7.843854e-01 1.944207e+00
321 7.749174e-01 1.951961e+00
322 7.671087e-01 1.962486e+00
323 7.738639e-01 1.951591e+00
324 7.418492e-01 1.886236e+00
325 7.271502e-01 1.854462e+00
326 7.199135e-01 1.842962e+00
327 7.063838e-01 1.932348e+00
328 7.105249e-01 1.930813e+00
329 6.952320e-01 1.946669e+00
330 6.701750e-01 1.939158e+00
331 6.591219e-01 1.948180e+00
332 6.517018e-01 1.950142e+00
333 6.495887e-01 1.948385e+00
334 6.715506e-01 1.945460e+00
335 6.720119e-01 1.945687e+00
336 6.968899e-01 1.931743e+00
337 6.958905e-01 1.928337e+00
338 6.965672e-01 1.919439e+00
339 6.835575e-01 1.911811e+00
340 6.852466e-01 1.921246e+00
341 6.752750e-01 1.927109e+00
342 6.872607e-01 1.987067e+00
343 6.879644e-01 1.988183e+00
344 6.670076e-01 1.983726e+00
345 6.921434e-01 1.965097e+00
346 6.716170e-01 1.949518e+00
347 6.734545e-01 1.950530e+00
348 6.669999e-01 1.944208e+00
349 6.701439e-01 1.950154e+00
350 6.732997e-01 1.953950e+00
351 6.775712e-01 1.946445e+00
352 6.784678e-01 1.949068e+00
353 6.960019e-01 1.975260e+00
354 7.019529e-01 2.011218e+00
355 6.862803e-01 1.980757e+00
356 6.827431e-01 1.956171e+00
357 6.836522e-01 1.949020e+00
358 6.795748e-01 1.948392e+00
359 6.660036e-01 1.967336e+00
360 6.676670e-01 1.968625e+00
361 6.648391e-01 1.973028e+00
362 6.351378e-01 1.991768e+00
363 6.515811e-01 1.989701e+00
364 6.418573e-01 2.015617e+00
365 6.276466e-01 2.010838e+00
366 6.009157e-01 2.031448e+00
367 6.066107e-01 2.048297e+00
368 6.094463e-01 2.051222e+00
369 5.927188e-01 2.052104e+00
370 6.017551e-01 2.054751e+00
371 6.015493e-01 2.055005e+00
372 6.032002e-01 2.054576e+00
373 6.174223e-01 2.047723e+00
374 6.279188e-01 2.057090e+00
375 6.278150e-01 2.057338e+00
376 6.106559e-01 2.051245e+00
377 6.142177e-01 2.038067e+00
378 5.425816e-01 2.030889e+00
379 5.160270e-01 2.018120e+00
380 5.132217e-01 2.013930e+00
381 5.700323e-01 2.012676e+00
382 5.759686e-01 2.015066e+00
383 5.802187e-01 2.008458e+00
384 5.494203e-01 2.023627e+00
385 5.678428e-01 2.050809e+00
386 5.781953e-01 2.041689e+00
387 6.470103e-01 1.977178e+00
388 6.289099e-01 1.961432e+00
389 6.236124e-01 1.963496e+00
390 6.352194e-01 1.930881e+00
391 6.204031e-01 1.966292e+00
392 6.008510e-01 1.969098e+00
393 6.251102e-01 1.927454e+00
394 6.340884e-01 1.920175e+00
395 6.243476e-01 1.916385e+00
396 6.106218e-01 1.904682e+00
397 6.097414e-01 1.913144e+00
398 6.133459e-01 1.913405e+00
399 6.117178e-01 1.917560e+00
400 6.433020e-01 1.899503e+00
401 6.418330e-01 1.892653e+00
402 6.668836e-01 1.909608e+00
403 6.700313e-01 1.910630e+00
404 6.743343e-01 1.915552e+00
405 6.746551e-01 1.915925e+00
406 6.694664e-01 1.916656e+00
407 6.731908e-01 1.915954e+00
408 6.368558e-01 1.892246e+00
409 6.369878e-01 1.892883e+00
410 6.358911e-01 1.883894e+00
411 6.391067e-01 1.908205e+00
412 6.698194e-01 1.902445e+00
413 6.682043e-01 1.904431e+00
414 6.872589e-01 1.905184e+00
415 7.691749e-01 1.878130e+00
416 7.692541e-01 1.879678e+00
417 7.715990e-01 1.878511e+00
418 7.766596e-01 1.882044e+00
419 7.164135e-01 1.878888e+00
420 7.179022e-01 1.880617e+00
421 7.214066e-01 1.868168e+00
422 7.306009e-01 1.872219e+00
423 7.291902e-01 1.870110e+00
424 7.309990e-01 1.868489e+00
425 7.250449e-01 1.871739e+00
426 7.129263e-01 1.869356e+00
427 7.128562e-01 1.867124e+00
428 7.114991e-01 1.873935e+00
429 7.129013e-01 1.894062e+00
430 6.931772e-01 1.904907e+00
431 7.400731e-01 1.865487e+00
432 7.334501e-01 1.862786e+00
433 7.448583e-01 1.854931e+00
434 7.333093e-01 1.891394e+00
435 7.337608e-01 1.892374e+00
436 7.383077e-01 1.889567e+00
437 8.179390e-01 1.917937e+00
438 8.212610e-01 1.923696e+00
439 8.219168e-01 1.925659e+00
440 8.333310e-01 1.923679e+00
441 8.259320e-01 1.919283e+00
442 8.368462e-01 1.916669e+00
443 8.425058e-01 1.911791e+00
444 8.524927e-01 1.919377e+00
445 8.809279e-01 1.934364e+00
446 9.036671e-01 1.914559e+00
447 9.032692e-01 1.914302e+00
448 9.015666e-01 1.905056e+00
449 9.027911e-01 1.904649e+00
450 9.051037e-01 1.905235e+00
451 8.846740e-01 1.915290e+00
452 8.778334e-01 1.913032e+00
453 8.851935e-01 1.918742e+00
454 8.969886e-01 1.897102e+00
455 8.887678e-01 1.902656e+00
456 8.959923e-01 1.927220e+00
457 8.822989e-01 1.950394e+00
458 8.991275e-01 1.952744e+00
459 8.982893e-01 1.945893e+00
460 9.031860e-01 1.949559e+00
461 8.987304e-01 1.949938e+00
462 8.824435e-01 1.972732e+00
463 8.773614e-01 1.973603e+00
464 8.746414e-01 1.975934e+00
465 8.713342e-01 1.976235e+00
466 8.726296e-01 1.976887e+00
467 8.588645e-01 1.990617e+00
468 8.675657e-01 2.002348e+00
469 8.294700e-01 1.974218e+00
470 8.340591e-01 1.974261e+00
471 8.616590e-01 1.954893e+00
472 8.721772e-01 1.952406e+00
473 8.756392e-01 1.951700e+00
474 8.778312e-01 1.951285e+00
475 8.807280e-01 1.928807e+00
476 8.448376e-01 1.929440e+00
477 8.439561e-01 1.938220e+00
478 8.952361e-01 1.947017e+00
479 9.449715e-01 1.977971e+00
480 9.315857e-01 1.956248e+00
481 9.200898e-01 1.943205e+00
482 9.293235e-01 1.949282e+00
483 9.394820e-01 1.946287e+00
484 9.350237e-01 1.942405e+00
485 9.327769e-01 1.945429e+00
486 9.498846e-01 1.964453e+00
487 9.630218e-01 1.913951e+00
488 9.597703e-01 1.902394e+00
489 9.583863e-01 1.902105e+00
490 9.375693e-01 1.894455e+00
491 9.394691e-01 1.894220e+00
492 9.308818e-01 1.905206e+00
493 9.411854e-01 1.918908e+00
494 9.482738e-01 1.888801e+00
495 9.394057e-01 1.896938e+00
496 9.368123e-01 1.892460e+00
497 9.446607e-01 1.887879e+00
498 9.483101e-01 1.862260e+00
499 9.510974e-01 1.864715e+00
500 9.226260e-01 1.849955e+00
501 9.224494e-01 1.856798e+00
502 9.030675e-01 1.863826e+00
503 8.983603e-01 1.859650e+00
504 9.012912e-01 1.877895e+00
505 8.896968e-01 1.937889e+00
506 9.051712e-01 1.940395e+00
507 8.869574e-01 1.979356e+00
508 8.888682e-01 1.999876e+00
509 9.357969e-01 2.013987e+00
510 9.118225e-01 2.026308e+00
511 9.064712e-01 2.026192e+00
512 9.028131e-01 2.023624e+00
513 8.460831e-01 1.995056e+00
514 9.191262e-01 1.916070e+00
515 9.179784e-01 1.896726e+00
516 9.370857e-01 1.880147e+00
517 1.048404e+00 1.869856e+00
518 1.036655e+00 1.886223e+00
519 1.038623e+00 1.889257e+00
520 1.004906e+00 1.856963e+00
521 1.046972e+00 1.855955e+00
522 1.046109e+00 1.856460e+00
523 1.060230e+00 1.885082e+00
524 1.034107e+00 1.834665e+00
525 1.022913e+00 1.859603e+00
526 1.015980e+00 1.867957e+00
527 1.009295e+00 1.849307e+00
528 1.009910e+00 1.837361e+00
529 1.021374e+00 1.840478e+00
530 1.025097e+00 1.834400e+00
531 1.025517e+00 1.804898e+00
532 1.027337e+00 1.814478e+00
533 1.028774e+00 1.813968e+00
534 9.966056e-01 1.805399e+00
535 9.814743e-01 1.801581e+00
536 9.659651e-01 1.799848e+00
537 9.595858e-01 1.774471e+00
538 9.449835e-01 1.758175e+00
539 9.449332e-01 1.759053e+00
540 9.600846e-01 1.761652e+00
541 9.487233e-01 1.760923e+00
542 9.488088e-01 1.762603e+00
543 9.484994e-01 1.757441e+00
544 9.555132e-01 1.760246e+00
545 9.609692e-01 1.761145e+00
546 9.314773e-01 1.762079e+00
547 9.550342e-01 1.745732e+00
548 9.545748e-01 1.748497e+00
549 9.741915e-01 1.743025e+00
550 9.753329e-01 1.769006e+00
551 9.801536e-01 1.774737e+00
552 1.010928e+00 1.770248e+00
553 1.004921e+00 1.793871e+00
554 1.008439e+00 1.786507e+00
555 1.002350e+00 1.789973e+00
556 1.011641e+00 1.803204e+00
557 1.024150e+00 1.817536e+00
558 1.040653e+00 1.813100e+00
559 1.022645e+00 1.815274e+00
560 1.002012e+00 1.815285e+00
561 9.974248e-01 1.789480e+00
562 1.001474e+00 1.806288e+00
563 1.002474e+00 1.796750e+00
564 1.015750e+00 1.803237e+00
565 1.022809e+00 1.833498e+00
566 1.041603e+00 1.848696e+00
567 1.057657e+00 1.821521e+00
568 1.051435e+00 1.812317e+00
569 1.039293e+00 1.820977e+00
570 1.026504e+00 1.820763e+00
571 1.028489e+00 1.819670e+00
572 1.014350e+00 1.824880e+00
573 1.029609e+00 1.817690e+00
574 1.020701e+00 1.813974e+00
575 1.044441e+00 1.796673e+00
576 1.045272e+00 1.797302e+00
577 1.039348e+00 1.787598e+00
578 1.044571e+00 1.794336e+00
579 1.020770e+00 1.809150e+00
580 1.024552e+00 1.803161e+00
581 1.026582e+00 1.803037e+00
582 1.011453e+00 1.860613e+00
583 1.031959e+00 1.868493e+00
584 1.029983e+00 1.864734e+00
585 1.000490e+00 1.897929e+00
586 1.004172e+00 1.898458e+00
587 1.001239e+00 1.893840e+00
588 1.000081e+00 1.889341e+00
589 1.003781e+00 1.893022e+00
590 9.995753e-01 1.889597e+00
591 9.994288e-01 1.890658e+00
592 1.029664e+00 1.848546e+00
593 1.028704e+00 1.846072e+00
594 1.043653e+00 1.845814e+00
595 1.040134e+00 1.869163e+00
596 1.051184e+00 1.870164e+00
597 1.040925e+00 1.862705e+00
598 1.041454e+00 1.863681e+00
599 1.083224e+00 1.931192e+00
600 1.076321e+00 1.905759e+00
601 1.061015e+00 1.920331e+00
602 1.061192e+00 1.918153e+00
603 1.065158e+00 1.908279e+00
604 1.060636e+00 1.911408e+00
605 1.061678e+00 1.917282e+00
606 1.035847e+00 1.938194e+00
607 1.049254e+00 1.925487e+00
608 1.071874e+00 1.934687e+00
609 1.061380e+00 1.930266e+00
610 1.063448e+00 1.926011e+00
611 1.062434e+00 1.921149e+00
612 1.077471e+00 1.892627e+00
613 1.107599e+00 1.917082e+00
614 1.107934e+00 1.922994e+00
615 1.088911e+00 1.907836e+00
616 1.095518e+00 1.892025e+00
617 1.091908e+00 1.888622e+00
618 1.079728e+00 1.872198e+00
619 1.016155e+00 1.907759e+00
620 1.014162e+00 1.901920e+00
621 1.018220e+00 1.874017e+00
622 9.588850e-01 1.827959e+00
623 9.609908e-01 1.820555e+00
624 9.686038e-01 1.772164e+00
625 9.638101e-01 1.761609e+00
626 9.348367e-01 1.798453e+00
627 9.409199e-01 1.771004e+00
628 9.426130e-01 1.770901e+00
629 9.402208e-01 1.778036e+00
630 9.394406e-01 1.776911e+00
631 9.322369e-01 1.778360e+00
632 9.143923e-01 1.783392e+00
633 9.121543e-01 1.759155e+00
634 8.932419e-01 1.767001e+00
635 8.188210e-01 1.796912e+00
636 8.529319e-01 1.774381e+00
637 8.521713e-01 1.773209e+00
638 8.549584e-01 1.771295e+00
639 8.569924e-01 1.785457e+00
640 8.460688e-01 1.780076e+00
641 8.208607e-01 1.787157e+00
642 8.001795e-01 1.804251e+00
643 7.921564e-01 1.794270e+00
644 7.956812e-01 1.793875e+00
645 7.520900e-01 1.822956e+00
646 7.739047e-01 1.812284e+00
647 7.744847e-01 1.764961e+00
648 7.712830e-01 1.780578e+00
649 7.733821e-01 1.786930e+00
650 7.697961e-01 1.798864e+00
651 7.686861e-01 1.794251e+00
652 7.728686e-01 1.735456e+00
653 7.698573e-01 1.738445e+00
654 7.735333e-01 1.735042e+00
655 8.112841e-01 1.721175e+00
656 7.929825e-01 1.734570e+00
657 7.961481e-01 1.723001e+00
658 7.867551e-01 1.704881e+00
659 7.885387e-01 1.712674e+00
660 7.609291e-01 1.725704e+00
661 7.626180e-01 1.726467e+00
662 7.468118e-01 1.762117e+00
663 7.578288e-01 1.764355e+00
664 8.356395e-01 1.818766e+00
665 8.425230e-01 1.821422e+00
666 8.542507e-01 1.840154e+00
667 8.416319e-01 1.851579e+00
668 8.949047e-01 1.859038e+00
669 8.982066e-01 1.852854e+00
670 9.110781e-01 1.848599e+00
671 9.112250e-01 1.853389e+00
672 9.240074e-01 1.833920e+00
673 9.324196e-01 1.869048e+00
674 9.676428e-01 1.824809e+00
675 9.618079e-01 1.824458e+00
676 9.867701e-01 1.840002e+00
677 1.004266e+00 1.849002e+00
678 1.000954e+00 1.854643e+00
679 1.007890e+00 1.849789e+00
680 9.995758e-01 1.845439e+00
681 9.811417e-01 1.839088e+00
682 9.443624e-01 1.873338e+00
683 9.437209e-01 1.885472e+00
684 9.544136e-01 1.882030e+00
685 9.815423e-01 1.907205e+00
686 9.771163e-01 1.901987e+00
687 9.940583e-01 1.903671e+00
688 9.852121e-01 1.910980e+00
689 1.005031e+00 1.925871e+00
690 1.062969e+00 1.912633e+00
691 1.063065e+00 1.912748e+00
692 1.072777e+00 1.907447e+00
693 1.068671e+00 1.913047e+00
694 1.090414e+00 1.905247e+00
695 1.090311e+00 1.894491e+00
696 1.095362e+00 1.908842e+00
697 1.110521e+00 1.921907e+00
698 1.120743e+00 1.936026e+00
699 1.110740e+00 1.927626e+00
700 1.129774e+00 1.945488e+00
701 1.149503e+00 1.918118e+00
702 1.154692e+00 1.901766e+00
703 1.154619e+00 1.901882e+00
704 1.155327e+00 1.902996e+00
705 1.144103e+00 1.895993e+00
706 1.196134e+00 1.861296e+00
707 1.191309e+00 1.860428e+00
708 1.193119e+00 1.845101e+00
709 1.192106e+00 1.842972e+00
710 1.203672e+00 1.835474e+00
711 1.203573e+00 1.835663e+00
712 1.207385e+00 1.832212e+00
713 1.208260e+00 1.850168e+00
714 1.210585e+00 1.865075e+00
715 1.213997e+00 1.863211e+00
716 1.235203e+00 1.874703e+00
717 1.221347e+00 1.882443e+00
718 1.222018e+00 1.885925e+00
719 1.234049e+00 1.911194e+00
720 1.233999e+00 1.911158e+00
721 1.231633e+00 1.910490e+00
722 1.227115e+00 1.909738e+00
723 1.226583e+00 1.911065e+00
724 1.237302e+00 1.922654e+00
725 1.236922e+00 1.921327e+00
726 1.248233e+00 1.875758e+00
727 1.242706e+00 1.865204e+00
728 1.246063e+00 1.862514e+00
729 1.248678e+00 1.842688e+00
730 1.230527e+00 1.852161e+00
731 1.232094e+00 1.852737e+00
732 1.220877e+00 1.866298e+00
733 1.231778e+00 1.847030e+00
734 1.294249e+00 1.933487e+00
735 1.291747e+00 1.930982e+00
736 1.287404e+00 1.923575e+00
737 1.290452e+00 1.939973e+00
738 1.287439e+00 1.933602e+00
739 1.284034e+00 1.935276e+00
740 1.276324e+00 1.933753e+00
741 1.266515e+00 1.914103e+00
742 1.285704e+00 1.932759e+00
743 1.303522e+00 1.891706e+00
744 1.299662e+00 1.894285e+00
745 1.299684e+00 1.894284e+00
746 1.288090e+00 1.901644e+00
747 1.266074e+00 1.916779e+00
748 1.264217e+00 1.919878e+00
749 1.243570e+00 1.919018e+00
750 1.243586e+00 1.919249e+00
751 1.256932e+00 1.967847e+00
752 1.341493e+00 1.947221e+00
753 1.346536e+00 1.947762e+00
754 1.356288e+00 1.934670e+00
755 1.354594e+00 1.935802e+00
756 1.357104e+00 1.935561e+00
757 1.322365e+00 1.949574e+00
758 1.322663e+00 1.972786e+00
759 1.325129e+00 1.966576e+00
760 1.312468e+00 1.983396e+00
761 1.312897e+00 1.984507e+00
762 1.309110e+00 2.014740e+00
763 1.306392e+00 2.015945e+00
764 1.275215e+00 2.031717e+00
765 1.265898e+00 2.025946e+00
766 1.264806e+00 2.027019e+00
767 1.265035e+00 2.025694e+00
768 1.209134e+00 2.086901e+00
769 1.232112e+00 2.061290e+00
770 1.245539e+00 2.026538e+00
771 1.244799e+00 2.027724e+00
772 1.246786e+00 2.028633e+00
773 1.255733e+00 2.053696e+00
774 1.253731e+00 2.061381e+00
775 1.225789e+00 2.042444e+00
776 1.227851e+00 2.041782e+00
777 1.240880e+00 2.042656e+00
778 1.212999e+00 2.074802e+00
779 1.213379e+00 2.076076e+00
780 1.213381e+00 2.076079e+00
781 1.210951e+00 2.099590e+00
782 1.223294e+00 2.095865e+00
783 1.216357e+00 2.097958e+00
784 1.197359e+00 2.078715e+00
785 1.197864e+00 2.071071e+00
786 1.199381e+00 2.063897e+00
787 1.207309e+00 2.066195e+00
788 1.209011e+00 2.067140e+00
789 1.178944e+00 2.065631e+00
790 1.184086e+00 2.053586e+00
791 1.191076e+00 2.063518e+00
792 1.179990e+00 2.065267e+00
793 1.179917e+00 2.069884e+00
794 1.183675e+00 2.069161e+00
795 1.168460e+00 2.104245e+00
796 1.154432e+00 2.103483e+00
797 1.149690e+00 2.100220e+00
798 1.164226e+00 2.102609e+00
799 1.165782e+00 2.104361e+00
800 1.156964e+00 2.110053e+00
801 1.162235e+00 2.106167e+00
802 1.156377e+00 2.089071e+00
803 1.179941e+00 2.078338e+00
804 1.194056e+00 2.039311e+00
805 1.216847e+00 2.048347e+00
806 1.210034e+00 2.041228e+00
807 1.209826e+00 2.041232e+00
808 1.208956e+00 1.995840e+00
809 1.189981e+00 1.993904e+00
810 1.193760e+00 2.008760e+00
811 1.194243e+00 2.007224e+00
812 1.193286e+00 2.013096e+00
813 1.166852e+00 2.067404e+00
814 1.184792e+00 2.052870e+00
815 1.187156e+00 2.054147e+00
816 1.186400e+00 2.055120e+00
817 1.191315e+00 2.054123e+00
818 1.191632e+00 2.053947e+00
819 1.224344e+00 2.063012e+00
820 1.208593e+00 2.080144e+00
821 1.188709e+00 2.043617e+00
822 1.188461e+00 2.048738e+00
823 1.193614e+00 2.047825e+00
824 1.210749e+00 2.022111e+00
825 1.211979e+00 2.033042e+00
826 1.213303e+00 2.018184e+00
827 1.193091e+00 2.024914e+00
828 1.151572e+00 2.012513e+00
829 1.159544e+00 2.043067e+00
830 1.127546e+00 2.026506e+00
831 1.135637e+00 2.029164e+00
832 1.133157e+00 2.027767e+00
833 1.144514e+00 2.031449e+00
834 1.147614e+00 2.032563e+00
835 1.150039e+00 2.024699e+00
836 1.147333e+00 2.016996e+00
837 1.158206e+00 2.021507e+00
838 1.148269e+00 2.016832e+00
839 1.139930e+00 2.025756e+00
840 1.139330e+00 2.025629e+00
841 1.107958e+00 2.010362e+00
842 1.128208e+00 1.986800e+00
843 1.160386e+00 2.009598e+00
844 1.167717e+00 2.033896e+00
845 1.155155e+00 2.046578e+00
846 1.155044e+00 2.045743e+00
847 1.136553e+00 2.042105e+00
848 1.146600e+00 2.059032e+00
849 1.124678e+00 2.025579e+00
850 1.123133e+00 2.035514e+00
851 1.127005e+00 2.033501e+00
852 1.137296e+00 2.038284e+00
853 1.176521e+00 2.003640e+00
854 1.183573e+00 2.006750e+00
855 1.178689e+00 2.012623e+00
856 1.186508e+00 2.009053e+00
857 1.185817e+00 2.000258e+00
858 1.188570e+00 2.001646e+00
859 1.174512e+00 2.026952e+00
860 1.168266e+00 2.005661e+00
861 1.188311e+00 2.024941e+00
862 1.177401e+00 2.029909e+00
863 1.136856e+00 2.030478e+00
864 1.150448e+00 2.039953e+00
865 1.145491e+00 2.043427e+00
866 1.112803e+00 1.977619e+00
867 1.133369e+00 1.989074e+00
868 1.132335e+00 1.996023e+00
869 1.115070e+00 1.997252e+00
870 1.105130e+00 2.015617e+00
871 1.103047e+00 1.952411e+00
872 1.110909e+00 1.945263e+00
873 1.174663e+00 2.011277e+00
874 1.146299e+00 2.041991e+00
875 1.157665e+00 2.055717e+00
876 1.155000e+00 2.042036e+00
877 1.160110e+00 2.020373e+00
878 1.136946e+00 2.034295e+00
879 1.133403e+00 2.062394e+00
880 1.134460e+00 2.067058e+00
881 1.138853e+00 2.049361e+00
882 1.157436e+00 2.091654e+00
883 1.152960e+00 2.082825e+00
884 1.191544e+00 2.030126e+00
885 1.194893e+00 2.029214e+00
886 1.200214e+00 2.035087e+00
887 1.207917e+00 2.035951e+00
888 1.194994e+00 2.031058e+00
889 1.243899e+00 1.988755e+00
890 1.270211e+00 1.984057e+00
891 1.283208e+00 1.986191e+00
892 1.341326e+00 2.037675e+00
893 1.345840e+00 2.040064e+00
894 1.354807e+00 2.058751e+00
895 1.410999e+00 2.027427e+00
896 1.397106e+00 2.017460e+00
897 1.378607e+00 1.996364e+00
898 1.369417e+00 1.997671e+00
899 1.366960e+00 2.000434e+00
900 1.402427e+00 1.987590e+00
901 1.414308e+00 1.977988e+00
902 1.413859e+00 1.976087e+00
903 1.414542e+00 1.905754e+00
904 1.415362e+00 1.901864e+00
905 1.399091e+00 1.932682e+00
906 1.396412e+00 1.932628e+00
907 1.400886e+00 1.933626e+00
908 1.403646e+00 1.923361e+00
909 1.368088e+00 1.941649e+00
910 1.367035e+00 1.941358e+00
911 1.366304e+00 1.902070e+00
912 1.385075e+00 1.896019e+00
913 1.380965e+00 1.891581e+00
914 1.378364e+00 1.892202e+00
915 1.381908e+00 1.839649e+00
916 1.382153e+00 1.855703e+00
917 1.362793e+00 1.862659e+00
918 1.358827e+00 1.851482e+00
919 1.342718e+00 1.908682e+00
920 1.330608e+00 1.901368e+00
921 1.330190e+00 1.895730e+00
922 1.395750e+00 1.846839e+00
923 1.396095e+00 1.852414e+00
924 1.397174e+00 1.851121e+00
925 1.414324e+00 1.821171e+00
926 1.417906e+00 1.823195e+00
927 1.373510e+00 1.903313e+00
928 1.340829e+00 1.917901e+00
929 1.326229e+00 1.916610e+00
930 1.327063e+00 1.911063e+00
931 1.331661e+00 1.899073e+00
932 1.325320e+00 1.897408e+00
933 1.330922e+00 1.902512e+00
934 1.335254e+00 1.912954e+00
935 1.334408e+00 1.917077e+00
936 1.329750e+00 1.918070e+00
937 1.329988e+00 1.918173e+00
938 1.297695e+00 1.889391e+00
939 1.316362e+00 1.920461e+00
940 1.315901e+00 1.919549e+00
941 1.312263e+00 1.868724e+00
942 1.320694e+00 1.868087e+00
943 1.300642e+00 1.846333e+00
944 1.290039e+00 1.846615e+00
945 1.213713e+00 1.915764e+00
946 1.231525e+00 1.871691e+00
947 1.230589e+00 1.872620e+00
948 1.224986e+00 1.881890e+00
949 1.228764e+00 1.870515e+00
950 1.203146e+00 1.866392e+00
951 1.136686e+00 1.876094e+00
952 1.144966e+00 1.868908e+00
953 1.175419e+00 1.863839e+00
954 1.152079e+00 1.837808e+00
955 1.145228e+00 1.829421e+00
956 1.155794e+00 1.868754e+00
957 1.146520e+00 1.878764e+00
958 1.160447e+00 1.856251e+00
959 1.159944e+00 1.855279e+00
960 1.181380e+00 1.889811e+00
961 1.152364e+00 1.856604e+00
962 1.159384e+00 1.840382e+00
963 1.156723e+00 1.840027e+00
964 1.177116e+00 1.857854e+00
965 1.176330e+00 1.857433e+00
966 1.182834e+00 1.873206e+00
967 1.147659e+00 1.896454e+00
968 1.137974e+00 1.897200e+00
969 1.138403e+00 1.895590e+00
970 1.137638e+00 1.890935e+00
971 1.081151e+00 1.835224e+00
972 1.078056e+00 1.856717e+00
973 1.114002e+00 1.884824e+00
974 1.119252e+00 1.846142e+00
975 1.106593e+00 1.897565e+00
976 1.104734e+00 1.904205e+00
977 1.136663e+00 1.912083e+00
978 1.132166e+00 1.912836e+00
979 1.151881e+00 1.907461e+00
980 1.136489e+00 1.883980e+00
981 1.139360e+00 1.867259e+00
982 1.139055e+00 1.867611e+00
983 1.115437e+00 1.907268e+00
984 1.091567e+00 1.902582e+00
985 1.123356e+00 1.841741e+00
986 1.108010e+00 1.839900e+00
987 1.072690e+00 1.856791e+00
988 1.074367e+00 1.857965e+00
989 1.072508e+00 1.860406e+00
990 9.820143e-01 1.812786e+00
991 9.740136e-01 1.817184e+00
992 9.515787e-01 1.857779e+00
993 9.142708e-01 1.877721e+00
994 8.906970e-01 1.867200e+00
995 8.970562e-01 1.890009e+00
996 9.190824e-01 1.888122e+00
997 9.200045e-01 1.882762e+00
998 9.199773e-01 1.882700e+00
999 9.772891e-01 1.897144e+00
1000 9.940123e-01 1.902972e+00
1001 9.935703e-01 1.902770e+00
1002 9.979468e-01 1.897358e+00
1003 1.007738e+00 1.892324e+00
1004 1.006561e+00 1.864595e+00
1005 1.004327e+00 1.865962e+00
1006 1.006234e+00 1.871006e+00
1007 1.003810e+00 1.870910e+00
1008 1.013151e+00 1.870734e+00
1009 9.687860e-01 1.868728e+00
1010 9.840076e-01 1.888344e+00
1011 1.006678e+00 1.880178e+00
1012 9.953262e-01 1.889822e+00
1013 1.010348e+00 1.897088e+00
1014 9.910444e-01 1.880619e+00
1015 1.002765e+00 1.872831e+00
1016 1.002220e+00 1.891641e+00
1017 9.935072e-01 1.992774e+00
1018 1.006858e+00 1.985787e+00
1019 1.009299e+00 1.989590e+00
1020 1.015364e+00 1.983383e+00
1021 1.052967e+00 1.933521e+00
1022 1.067650e+00 1.945903e+00
1023 1.058426e+00 1.951022e+00
1024 1.047872e+00 1.951954e+00
1025 1.021054e+00 1.983791e+00
1026 1.020707e+00 1.976205e+00
1027 1.050560e+00 1.984108e+00
1028 1.105256e+00 2.000134e+00
1029 1.138411e+00 2.019107e+00
1030 1.178807e+00 2.017749e+00
1031 1.197146e+00 1.992600e+00
1032 1.186605e+00 1.984811e+00
1033 1.169918e+00 2.001488e+00
1034 1.158251e+00 1.984012e+00
1035 1.203025e+00 1.964209e+00
1036 1.195801e+00 1.972432e+00
1037 1.236206e+00 1.941030e+00
1038 1.245625e+00 1.971897e+00
1039 1.170261e+00 1.984016e+00
1040 1.168801e+00 1.982769e+00
1041 1.192007e+00 1.979963e+00
1042 1.195686e+00 1.983784e+00
1043 1.204043e+00 1.946660e+00
1044 1.204058e+00 1.946493e+00
1045 1.213304e+00 2.019164e+00
1046 1.212755e+00 2.023233e+00
1047 1.151846e+00 2.008781e+00
1048 1.156318e+00 2.015469e+00
1049 1.138785e+00 2.025752e+00
1050 1.183887e+00 2.015494e+00
1051 1.202932e+00 1.969189e+00
1052 1.198370e+00 1.999798e+00
1053 1.194509e+00 2.013757e+00
1054 1.159164e+00 2.028095e+00
1055 1.193612e+00 2.029543e+00
1056 1.182010e+00 2.033974e+00
1057 1.180410e+00 2.033936e+00
1058 1.182054e+00 2.034929e+00
1059 1.193107e+00 2.006102e+00
1060 1.184029e+00 2.037874e+00
1061 1.184054e+00 2.036737e+00
1062 1.203600e+00 2.009162e+00
1063 1.168335e+00 2.024571e+00
1064 1.168232e+00 2.024462e+00
1065 1.143326e+00 1.983018e+00
1066 1.143571e+00 1.983943e+00
1067 1.159499e+00 1.992077e+00
1068 1.151008e+00 1.981378e+00
1069 1.151336e+00 1.983279e+00
1070 1.168153e+00 1.986826e+00
1071 1.175471e+00 1.987335e+00
1072 1.212448e+00 1.956738e+00
1073 1.189290e+00 1.948839e+00
1074 1.187382e+00 1.916430e+00
1075 1.190591e+00 1.925212e+00
1076 1.190643e+00 1.923404e+00
1077 1.194071e+00 1.910788e+00
1078 1.278920e+00 1.997965e+00
1079 1.294596e+00 2.027674e+00
1080 1.270441e+00 1.993136e+00
1081 1.269137e+00 2.020583e+00
1082 1.241108e+00 2.024324e+00
1083 1.242842e+00 2.025862e+00
1084 1.233285e+00 2.010144e+00
1085 1.223852e+00 1.992336e+00
1086 1.166628e+00 1.995483e+00
1087 1.166122e+00 1.996157e+00
1088 1.174587e+00 1.967253e+00
1089 1.181438e+00 1.989463e+00
1090 1.188644e+00 1.984529e+00
1091 1.186934e+00 1.992644e+00
1092 1.177548e+00 1.979914e+00
1093 1.184409e+00 2.008513e+00
1094 1.178771e+00 1.991715e+00
1095 1.164894e+00 1.906421e+00
1096 1.168294e+00 1.885459e+00
1097 1.172796e+00 1.893146e+00
1098 1.175164e+00 1.896530e+00
1099 1.175673e+00 1.893090e+00
1100 1.171601e+00 1.885289e+00
1101 1.172890e+00 1.883212e+00
1102 1.174188e+00 1.883806e+00
1103 1.175028e+00 1.884018e+00
1104 1.203279e+00 1.877747e+00
1105 1.204652e+00 1.878543e+00
1106 1.220499e+00 1.875829e+00
1107 1.219567e+00 1.874258e+00
1108 1.226358e+00 1.873587e+00
1109 1.214868e+00 1.841866e+00
1110 1.231103e+00 1.884145e+00
1111 1.251923e+00 1.868820e+00
1112 1.241825e+00 1.845718e+00
1113 1.228698e+00 1.842342e+00
1114 1.229023e+00 1.848313e+00
1115 1.229977e+00 1.849153e+00
1116 1.223786e+00 1.848413e+00
1117 1.288292e+00 1.858238e+00
1118 1.292677e+00 1.863427e+00
1119 1.314950e+00 1.873146e+00
1120 1.309214e+00 1.857678e+00
1121 1.339128e+00 1.881575e+00
1122 1.341981e+00 1.877514e+00
1123 1.353878e+00 1.864144e+00
1124 1.396902e+00 1.860162e+00
1125 1.341192e+00 1.833571e+00
1126 1.339146e+00 1.842071e+00
1127 1.331312e+00 1.830432e+00
1128 1.338880e+00 1.840212e+00
1129 1.343143e+00 1.838696e+00
1130 1.346188e+00 1.839042e+00
1131 1.365706e+00 1.866136e+00
1132 1.365608e+00 1.849685e+00
1133 1.362749e+00 1.848892e+00
1134 1.393546e+00 1.843841e+00
1135 1.393146e+00 1.844738e+00
1136 1.393096e+00 1.851035e+00
1137 1.374036e+00 1.889111e+00
1138 1.367641e+00 1.894079e+00
1139 1.377656e+00 1.958439e+00
1140 1.392226e+00 1.948620e+00
1141 1.401729e+00 1.943222e+00
1142 1.390960e+00 1.952094e+00
1143 1.385744e+00 1.909112e+00
1144 1.387371e+00 1.911961e+00
1145 1.396590e+00 1.910167e+00
1146 1.386162e+00 1.914730e+00
1147 1.401815e+00 1.914335e+00
1148 1.409044e+00 1.926818e+00
1149 1.414471e+00 1.932341e+00
1150 1.406996e+00 1.935505e+00
1151 1.436092e+00 1.944127e+00
1152 1.436962e+00 1.942938e+00
1153 1.429628e+00 1.947667e+00
1154 1.447616e+00 1.940996e+00
1155 1.443855e+00 1.941826e+00
1156 1.440468e+00 1.943214e+00
1157 1.423909e+00 1.954753e+00
1158 1.392418e+00 1.963019e+00
1159 1.392900e+00 1.963294e+00
1160 1.416685e+00 1.944030e+00
1161 1.413482e+00 1.931925e+00
1162 1.420034e+00 1.918013e+00
1163 1.466184e+00 1.910185e+00
1164 1.466892e+00 1.914342e+00
1165 1.455197e+00 1.934593e+00
1166 1.468929e+00 1.941373e+00
1167 1.452070e+00 1.951819e+00
1168 1.433168e+00 1.941443e+00
1169 1.432343e+00 1.946110e+00
1170 1.431663e+00 1.947740e+00
1171 1.419340e+00 1.951807e+00
1172 1.428297e+00 2.002143e+00
1173 1.398838e+00 2.027770e+00
1174 1.368382e+00 2.027615e+00
1175 1.365267e+00 2.023191e+00
1176 1.361345e+00 2.011315e+00
1177 1.312884e+00 1.953866e+00
1178 1.294905e+00 1.973448e+00
1179 1.316591e+00 2.005269e+00
1180 1.316682e+00 2.004241e+00
1181 1.283843e+00 2.011333e+00
1182 1.287419e+00 2.015133e+00
1183 1.276297e+00 2.008363e+00
1184 1.298460e+00 1.956098e+00
1185 1.298010e+00 1.956909e+00
1186 1.298421e+00 1.956520e+00
1187 1.258885e+00 1.912264e+00
1188 1.264884e+00 1.910227e+00
1189 1.268058e+00 1.886659e+00
1190 1.282282e+00 1.966368e+00
1191 1.283490e+00 1.965908e+00
1192 1.314603e+00 1.974936e+00
1193 1.312406e+00 1.977729e+00
1194 1.323180e+00 1.970511e+00
1195 1.328698e+00 1.962675e+00
1196 1.283138e+00 1.920708e+00
1197 1.279809e+00 1.920943e+00
1198 1.290129e+00 1.918957e+00
1199 1.319443e+00 1.905364e+00
1200 1.308284e+00 1.897934e+00
1201 1.344687e+00 1.825170e+00
1202 1.372278e+00 1.881473e+00
1203 1.366024e+00 1.855213e+00
1204 1.352215e+00 1.849672e+00
1205 1.401195e+00 1.894243e+00
1206 1.397937e+00 1.899281e+00
1207 1.407391e+00 1.893083e+00
1208 1.375118e+00 1.890611e+00
1209 1.371803e+00 1.878557e+00
1210 1.363725e+00 1.881154e+00
1211 1.344081e+00 1.878720e+00
1212 1.343059e+00 1.878465e+00
1213 1.322432e+00 1.885196e+00
1214 1.318150e+00 1.888184e+00
1215 1.312525e+00 1.846610e+00
1216 1.306564e+00 1.847322e+00
1217 1.307245e+00 1.846621e+00
1218 1.223301e+00 1.828407e+00
1219 1.235767e+00 1.824324e+00
1220 1.241757e+00 1.826676e+00
1221 1.231385e+00 1.826726e+00
1222 1.271049e+00 1.843361e+00
1223 1.267150e+00 1.836296e+00
1224 1.241378e+00 1.819771e+00
1225 1.242331e+00 1.815996e+00
1226 1.247506e+00 1.817645e+00
1227 1.217358e+00 1.765365e+00
1228 1.218372e+00 1.765288e+00
1229 1.297955e+00 1.713706e+00
1230 1.281411e+00 1.721771e+00
1231 1.288792e+00 1.721649e+00
1232 1.287538e+00 1.722735e+00
1233 1.275291e+00 1.715818e+00
1234 1.275522e+00 1.719721e+00
1235 1.273148e+00 1.711628e+00
1236 1.231191e+00 1.743760e+00
1237 1.210664e+00 1.723744e+00
1238 1.230499e+00 1.799656e+00
1239 1.215731e+00 1.795862e+00
1240 1.201397e+00 1.766587e+00
1241 1.182773e+00 1.798627e+00
1242 1.178264e+00 1.801651e+00
1243 1.185154e+00 1.808298e+00
1244 1.183815e+00 1.817871e+00
1245 1.205727e+00 1.793216e+00
1246 1.232754e+00 1.767901e+00
1247 1.237753e+00 1.761768e+00
1248 1.244235e+00 1.754540e+00
1249 1.252032e+00 1.732720e+00
1250 1.252468e+00 1.724980e+00
1251 1.248456e+00 1.719382e+00
1252 1.288940e+00 1.711557e+00
1253 1.280963e+00 1.688429e+00
1254 1.250335e+00 1.686014e+00
1255 1.275793e+00 1.656927e+00
1256 1.276385e+00 1.655087e+00
1257 1.318709e+00 1.646387e+00
1258 1.324992e+00 1.623721e+00
1259 1.324912e+00 1.623937e+00
1260 1.296902e+00 1.619571e+00
1261 1.288910e+00 1.596067e+00
1262 1.239313e+00 1.597587e+00
1263 1.249183e+00 1.596198e+00
1264 1.228710e+00 1.611730e+00
1265 1.259532e+00 1.617973e+00
1266 1.237617e+00 1.623243e+00
1267 1.268742e+00 1.694162e+00
1268 1.274137e+00 1.723828e+00
1269 1.271692e+00 1.722936e+00
1270 1.267023e+00 1.720752e+00
1271 1.272323e+00 1.732494e+00
1272 1.160816e+00 1.688531e+00
1273 1.199118e+00 1.638810e+00
1274 1.197259e+00 1.560278e+00
1275 1.225995e+00 1.544188e+00
1276 1.243177e+00 1.547933e+00
1277 1.238265e+00 1.544565e+00
1278 1.257258e+00 1.526016e+00
1279 1.241015e+00 1.518726e+00
1280 1.252050e+00 1.528704e+00
1281 1.255418e+00 1.526530e+00
1282 1.252597e+00 1.528265e+00
1283 1.216909e+00 1.523563e+00
1284 1.223977e+00 1.509574e+00
1285 1.218416e+00 1.508296e+00
1286 1.226348e+00 1.505985e+00
1287 1.235095e+00 1.534988e+00
1288 1.255553e+00 1.478977e+00
1289 1.259121e+00 1.493939e+00
1290 1.272109e+00 1.497900e+00
1291 1.265116e+00 1.494547e+00
1292 1.236163e+00 1.509835e+00
1293 1.254061e+00 1.510491e+00
1294 1.254721e+00 1.509872e+00
1295 1.247539e+00 1.511721e+00
1296 1.228793e+00 1.505931e+00
1297 1.243546e+00 1.492397e+00
1298 1.237732e+00 1.481970e+00
1299 1.269783e+00 1.480122e+00
1300 1.278795e+00 1.478576e+00
1301 1.275927e+00 1.476192e+00
1302 1.356221e+00 1.472807e+00
1303 1.361232e+00 1.476345e+00
1304 1.309218e+00 1.469589e+00
1305 1.310434e+00 1.475019e+00
1306 1.303402e+00 1.475488e+00
1307 1.326893e+00 1.447735e+00
1308 1.335619e+00 1.463648e+00
1309 1.332110e+00 1.461792e+00
1310 1.339846e+00 1.456238e+00
1311 1.339290e+00 1.429761e+00
1312 1.339514e+00 1.428596e+00
1313 1.337617e+00 1.428916e+00
1314 1.324710e+00 1.413362e+00
1315 1.330160e+00 1.414036e+00
1316 1.328736e+00 1.426527e+00
1317 1.328220e+00 1.430276e+00
1318 1.324610e+00 1.420375e+00
1319 1.272751e+00 1.378982e+00
1320 1.219200e+00 1.401443e+00
1321 1.220067e+00 1.391804e+00
1322 1.220265e+00 1.391712e+00
1323 1.211576e+00 1.398765e+00
1324 1.224114e+00 1.397757e+00
1325 1.226659e+00 1.399908e+00
1326 1.210850e+00 1.391505e+00
1327 1.192567e+00 1.393774e+00
1328 1.180730e+00 1.379556e+00
1329 1.176744e+00 1.370144e+00
1330 1.199135e+00 1.364290e+00
1331 1.194251e+00 1.378614e+00
1332 1.178663e+00 1.328445e+00
1333 1.173188e+00 1.318023e+00
1334 1.171474e+00 1.320518e+00
1335 1.116219e+00 1.331666e+00
1336 1.116846e+00 1.331022e+00
1337 1.113702e+00 1.326651e+00
1338 1.120097e+00 1.333454e+00
1339 1.122153e+00 1.344558e+00
1340 1.116822e+00 1.343354e+00
1341 1.144622e+00 1.346165e+00
1342 1.134569e+00 1.353160e+00
1343 1.163081e+00 1.343254e+00
1344 1.155229e+00 1.360078e+00
1345 1.168749e+00 1.363194e+00
1346 1.158493e+00 1.369910e+00
1347 1.142992e+00 1.341950e+00
1348 1.143262e+00 1.346179e+00
1349 1.122781e+00 1.343564e+00
1350 1.120378e+00 1.365336e+00
1351 1.116308e+00 1.359348e+00
1352 1.114441e+00 1.366208e+00
1353 1.100519e+00 1.357838e+00
1354 1.100678e+00 1.357666e+00
1355 1.096243e+00 1.394405e+00
1356 1.107055e+00 1.394056e+00
1357 1.107767e+00 1.384511e+00
1358 1.106635e+00 1.345834e+00
1359 1.109033e+00 1.345864e+00
1360 1.124489e+00 1.344971e+00
1361 1.120079e+00 1.325936e+00
1362 1.107126e+00 1.341146e+00
1363 1.112218e+00 1.347593e+00
1364 1.089588e+00 1.347859e+00
1365 1.095784e+00 1.380404e+00
1366 1.097752e+00 1.393167e+00
1367 1.103788e+00 1.390600e+00
1368 1.110893e+00 1.394814e+00
1369 1.085638e+00 1.371714e+00
1370 1.116395e+00 1.333687e+00
1371 1.117974e+00 1.335983e+00
1372 1.129649e+00 1.334534e+00
1373 1.145772e+00 1.311148e+00
1374 1.145830e+00 1.310834e+00
1375 1.147611e+00 1.310560e+00
1376 1.176004e+00 1.284407e+00
1377 1.130660e+00 1.329081e+00
1378 1.130286e+00 1.330758e+00
1379 1.128626e+00 1.326714e+00
1380 1.129629e+00 1.326857e+00
1381 1.130199e+00 1.323962e+00
1382 1.179232e+00 1.326090e+00
1383 1.179377e+00 1.360273e+00
1384 1.216048e+00 1.378386e+00
1385 1.195329e+00 1.389471e+00
1386 1.197071e+00 1.388704e+00
1387 1.261495e+00 1.378038e+00
1388 1.258720e+00 1.385898e+00
1389 1.259741e+00 1.362446e+00
1390 1.263853e+00 1.354819e+00
1391 1.245939e+00 1.332770e+00
1392 1.237744e+00 1.347602e+00
1393 1.244263e+00 1.350458e+00
1394 1.244091e+00 1.345619e+00
1395 1.250901e+00 1.354503e+00
1396 1.241031e+00 1.338598e+00
1397 1.243274e+00 1.338140e+00
1398 1.238292e+00 1.331016e+00
1399 1.233764e+00 1.334630e+00
1400 1.236146e+00 1.360578e+00
1401 1.241258e+00 1.359725e+00
1402 1.300044e+00 1.371158e+00
1403 1.291398e+00 1.369533e+00
1404 1.295986e+00 1.372303e+00
1405 1.245602e+00 1.391022e+00
1406 1.239098e+00 1.384994e+00
1407 1.239350e+00 1.370955e+00
1408 1.238226e+00 1.373670e+00
1409 1.238441e+00 1.369828e+00
1410 1.211665e+00 1.374143e+00
1411 1.221567e+00 1.363875e+00
1412 1.213888e+00 1.361912e+00
1413 1.216903e+00 1.374263e+00
1414 1.219519e+00 1.370875e+00
1415 1.206654e+00 1.368313e+00
1416 1.233625e+00 1.410890e+00
1417 1.239645e+00 1.415260e+00
1418 1.203089e+00 1.428200e+00
1419 1.175793e+00 1.429950e+00
1420 1.174373e+00 1.423549e+00
1421 1.179555e+00 1.402593e+00
1422 1.181275e+00 1.401886e+00
1423 1.180734e+00 1.401175e+00
1424 1.181671e+00 1.400793e+00
1425 1.242798e+00 1.418194e+00
1426 1.253215e+00 1.415979e+00
1427 1.242716e+00 1.412185e+00
1428 1.243098e+00 1.412575e+00
1429 1.245512e+00 1.395449e+00
1430 1.249744e+00 1.395646e+00
1431 1.254793e+00 1.396291e+00
1432 1.253859e+00 1.392087e+00
1433 1.226732e+00 1.410001e+00
1434 1.234538e+00 1.403426e+00
1435 1.246941e+00 1.403144e+00
1436 1.253933e+00 1.412914e+00
1437 1.252929e+00 1.412301e+00
1438 1.259108e+00 1.435867e+00
1439 1.253917e+00 1.439083e+00
1440 1.229768e+00 1.451415e+00
1441 1.218811e+00 1.456751e+00
1442 1.222237e+00 1.459154e+00
1443 1.215907e+00 1.404530e+00
1444 1.219162e+00 1.402310e+00
1445 1.209057e+00 1.387652e+00
1446 1.192364e+00 1.396079e+00
1447 1.222753e+00 1.405022e+00
1448 1.204706e+00 1.411623e+00
1449 1.254943e+00 1.443577e+00
1450 1.269769e+00 1.407090e+00
1451 1.270493e+00 1.410019e+00
1452 1.294151e+00 1.423366e+00
1453 1.280784e+00 1.421125e+00
1454 1.262867e+00 1.424102e+00
1455 1.268603e+00 1.429814e+00
1456 1.273602e+00 1.431056e+00
1457 1.275248e+00 1.418066e+00
1458 1.272818e+00 1.427073e+00
1459 1.259798e+00 1.427801e+00
1460 1.285187e+00 1.456374e+00
1461 1.285219e+00 1.456192e+00
1462 1.289820e+00 1.478511e+00
1463 1.244777e+00 1.453795e+00
1464 1.253561e+00 1.473689e+00
1465 1.263456e+00 1.482960e+00
1466 1.254314e+00 1.481266e+00
1467 1.249056e+00 1.495563e+00
1468 1.244318e+00 1.498042e+00
1469 1.228477e+00 1.468492e+00
1470 1.224775e+00 1.485838e+00
1471 1.213744e+00 1.470233e+00
1472 1.213730e+00 1.470232e+00
1473 1.187339e+00 1.507327e+00
1474 1.186646e+00 1.503324e+00
1475 1.191284e+00 1.498583e+00
1476 1.192724e+00 1.505415e+00
1477 1.194497e+00 1.504211e+00
1478 1.172447e+00 1.550100e+00
1479 1.174008e+00 1.552409e+00
1480 1.167937e+00 1.556573e+00
1481 1.167703e+00 1.557176e+00
1482 1.162894e+00 1.552547e+00
1483 1.158359e+00 1.556289e+00
1484 1.150400e+00 1.541926e+00
1485 1.155683e+00 1.540392e+00
1486 1.179876e+00 1.540854e+00
1487 1.139823e+00 1.536121e+00
1488 1.116567e+00 1.545357e+00
1489 1.137051e+00 1.552229e+00
1490 1.143460e+00 1.553970e+00
1491 1.141170e+00 1.554623e+00
1492 1.153006e+00 1.572053e+00
1493 1.161502e+00 1.553019e+00
1494 1.170054e+00 1.578739e+00
1495 1.172783e+00 1.577909e+00
1496 1.175718e+00 1.557253e+00
1497 1.175810e+00 1.555035e+00
1498 1.179444e+00 1.558627e+00
1499 1.219760e+00 1.522615e+00
1500 1.214804e+00 1.519533e+00
1501 1.219346e+00 1.527603e+00
1502 1.219542e+00 1.527632e+00
1503 1.216637e+00 1.532047e+00
1504 1.218148e+00 1.533542e+00
1505 1.220508e+00 1.540941e+00
1506 1.236362e+00 1.563288e+00
1507 1.233330e+00 1.559884e+00
1508 1.227450e+00 1.554969e+00
1509 1.227961e+00 1.571402e+00
1510 1.212177e+00 1.529227e+00
1511 1.203682e+00 1.497969e+00
1512 1.190216e+00 1.503572e+00
1513 1.196632e+00 1.515988e+00
1514 1.205757e+00 1.515829e+00
1515 1.209004e+00 1.509970e+00
1516 1.210471e+00 1.496797e+00
1517 1.239868e+00 1.489367e+00
1518 1.239046e+00 1.490093e+00
1519 1.231215e+00 1.503125e+00
1520 1.211275e+00 1.513026e+00
1521 1.196435e+00 1.512857e+00
1522 1.103555e+00 1.509590e+00
1523 1.135836e+00 1.530813e+00
1524 1.146420e+00 1.535124e+00
1525 1.183065e+00 1.549606e+00
1526 1.177603e+00 1.548135e+00
1527 1.180685e+00 1.546706e+00
1528 1.161397e+00 1.541983e+00
1529 1.154925e+00 1.538101e+00
1530 1.147629e+00 1.544157e+00
1531 1.136685e+00 1.529038e+00
1532 1.113658e+00 1.528335e+00
1533 1.099537e+00 1.551292e+00
1534 1.096503e+00 1.558946e+00
1535 1.090559e+00 1.564994e+00
1536 1.110526e+00 1.573863e+00
1537 1.059127e+00 1.523405e+00
1538 1.056142e+00 1.524391e+00
1539 1.060287e+00 1.523495e+00
1540 1.060034e+00 1.523407e+00
1541 1.063520e+00 1.536807e+00
1542 1.072256e+00 1.539979e+00
1543 1.116409e+00 1.525092e+00
1544 1.093148e+00 1.534905e+00
1545 1.097008e+00 1.532546e+00
1546 1.104595e+00 1.548747e+00
1547 1.106726e+00 1.545211e+00
1548 1.091549e+00 1.540374e+00
1549 1.098986e+00 1.553554e+00
1550 1.105147e+00 1.561725e+00
1551 1.111886e+00 1.568519e+00
1552 1.135423e+00 1.551933e+00
1553 1.143726e+00 1.546492e+00
1554 1.151541e+00 1.551720e+00
1555 1.157679e+00 1.568711e+00
1556 1.153457e+00 1.567282e+00
1557 1.166966e+00 1.559202e+00
1558 1.154768e+00 1.563070e+00
1559 1.154756e+00 1.563467e+00
1560 1.156891e+00 1.567250e+00
1561 1.166469e+00 1.562831e+00
1562 1.152663e+00 1.599673e+00
1563 1.154984e+00 1.601178e+00
1564 1.176717e+00 1.653662e+00
1565 1.191309e+00 1.691266e+00
1566 1.201578e+00 1.753637e+00
1567 1.202780e+00 1.733115e+00
1568 1.202192e+00 1.731775e+00
1569 1.185556e+00 1.673080e+00
1570 1.188770e+00 1.693808e+00
1571 1.182126e+00 1.690742e+00
1572 1.179032e+00 1.693242e+00
1573 1.175356e+00 1.690017e+00
1574 1.173840e+00 1.692101e+00
1575 1.157165e+00 1.652777e+00
1576 1.131484e+00 1.628265e+00
1577 1.212765e+00 1.699522e+00
1578 1.198623e+00 1.712448e+00
1579 1.196801e+00 1.713650e+00
1580 1.198373e+00 1.717021e+00
1581 1.249425e+00 1.726287e+00
1582 1.264143e+00 1.738692e+00
1583 1.251669e+00 1.695585e+00
1584 1.258684e+00 1.658213e+00
1585 1.272306e+00 1.638782e+00
1586 1.272259e+00 1.626235e+00
1587 1.295156e+00 1.621081e+00
1588 1.297306e+00 1.616682e+00
1589 1.300393e+00 1.622595e+00
1590 1.307593e+00 1.619401e+00
1591 1.316902e+00 1.613152e+00
1592 1.363715e+00 1.592473e+00
1593 1.382791e+00 1.566394e+00
1594 1.399440e+00 1.577093e+00
1595 1.387197e+00 1.570159e+00
1596 1.390488e+00 1.571109e+00
1597 1.386663e+00 1.558661e+00
1598 1.393277e+00 1.537028e+00
1599 1.440722e+00 1.534203e+00
1600 1.430486e+00 1.545113e+00
1601 1.429304e+00 1.534477e+00
1602 1.429476e+00 1.534788e+00
1603 1.426117e+00 1.556824e+00
1604 1.430645e+00 1.563218e+00
1605 1.434262e+00 1.556776e+00
1606 1.433644e+00 1.567791e+00
1607 1.423088e+00 1.527049e+00
1608 1.412802e+00 1.517866e+00
1609 1.392466e+00 1.512793e+00
1610 1.437733e+00 1.468418e+00
1611 1.431531e+00 1.454211e+00
1612 1.431535e+00 1.454220e+00
1613 1.442874e+00 1.470857e+00
1614 1.441222e+00 1.483949e+00
1615 1.441116e+00 1.483822e+00
1616 1.432675e+00 1.475656e+00
1617 1.418079e+00 1.470004e+00
1618 1.412072e+00 1.465486e+00
1619 1.376150e+00 1.460446e+00
1620 1.374514e+00 1.460551e+00
1621 1.369353e+00 1.463513e+00
1622 1.369938e+00 1.470569e+00
1623 1.362039e+00 1.460326e+00
1624 1.362298e+00 1.460124e+00
1625 1.368035e+00 1.462738e+00
1626 1.351814e+00 1.473025e+00
1627 1.376193e+00 1.465872e+00
1628 1.369332e+00 1.473858e+00
1629 1.366307e+00 1.496537e+00
1630 1.407795e+00 1.500066e+00
1631 1.400772e+00 1.491872e+00
1632 1.378658e+00 1.530963e+00
1633 1.385040e+00 1.543316e+00
1634 1.398181e+00 1.519305e+00
1635 1.387663e+00 1.497158e+00
1636 1.386408e+00 1.496412e+00
1637 1.363541e+00 1.553865e+00
1638 1.364717e+00 1.543240e+00
1639 1.334080e+00 1.553071e+00
1640 1.334403e+00 1.551310e+00
1641 1.340371e+00 1.562156e+00
1642 1.334206e+00 1.571255e+00
1643 1.330212e+00 1.565887e+00
1644 1.345117e+00 1.569936e+00
1645 1.358116e+00 1.561632e+00
1646 1.361925e+00 1.559250e+00
1647 1.403013e+00 1.550359e+00
1648 1.358418e+00 1.539589e+00
1649 1.359103e+00 1.539851e+00
1650 1.372689e+00 1.526960e+00
1651 1.361067e+00 1.507784e+00
1652 1.362343e+00 1.494518e+00
1653 1.337382e+00 1.455238e+00
1654 1.333386e+00 1.454265e+00
1655 1.334053e+00 1.452403e+00
1656 1.319921e+00 1.471353e+00
1657 1.361584e+00 1.532214e+00
1658 1.371536e+00 1.519682e+00
1659 1.371218e+00 1.520331e+00
1660 1.394529e+00 1.526651e+00
1661 1.387833e+00 1.529684e+00
1662 1.397442e+00 1.533468e+00
1663 1.397975e+00 1.535141e+00
1664 1.393361e+00 1.531269e+00
1665 1.394048e+00 1.530964e+00
1666 1.393285e+00 1.529940e+00
1667 1.395639e+00 1.530419e+00
1668 1.387702e+00 1.532042e+00
1669 1.350905e+00 1.579340e+00
1670 1.354473e+00 1.578865e+00
1671 1.357226e+00 1.576857e+00
1672 1.359537e+00 1.565297e+00
1673 1.339429e+00 1.562445e+00
1674 1.332684e+00 1.563728e+00
1675 1.334405e+00 1.564441e+00
1676 1.346139e+00 1.569846e+00
1677 1.346742e+00 1.581546e+00
1678 1.369713e+00 1.580857e+00
1679 1.374213e+00 1.589865e+00
1680 1.370501e+00 1.598159e+00
1681 1.362430e+00 1.597808e+00
1682 1.363432e+00 1.598183e+00
1683 1.365680e+00 1.595772e+00
1684 1.388255e+00 1.573510e+00
1685 1.388190e+00 1.581235e+00
1686 1.399979e+00 1.570425e+00
1687 1.397192e+00 1.575876e+00
1688 1.389955e+00 1.573282e+00
1689 1.394283e+00 1.572099e+00
1690 1.387401e+00 1.560159e+00
1691 1.387970e+00 1.560944e+00
1692 1.367405e+00 1.549440e+00
1693 1.367499e+00 1.549241e+00
1694 1.370010e+00 1.544435e+00
1695 1.371754e+00 1.552846e+00
1696 1.368284e+00 1.557797e+00
1697 1.403818e+00 1.499215e+00
1698 1.405111e+00 1.521487e+00
1699 1.392708e+00 1.536098e+00
1700 1.395875e+00 1.540284e+00
1701 1.403952e+00 1.551170e+00
1702 1.410639e+00 1.564676e+00
1703 1.413408e+00 1.544446e+00
1704 1.403118e+00 1.548726e+00
1705 1.406659e+00 1.559035e+00
1706 1.407820e+00 1.553483e+00
1707 1.406947e+00 1.551827e+00
1708 1.373892e+00 1.550064e+00
1709 1.376369e+00 1.533708e+00
1710 1.379672e+00 1.517122e+00
1711 1.368186e+00 1.521747e+00
1712 1.374389e+00 1.510057e+00
1713 1.380486e+00 1.499243e+00
1714 1.378544e+00 1.512130e+00
1715 1.359766e+00 1.503861e+00
1716 1.359281e+00 1.496618e+00
1717 1.370642e+00 1.498408e+00
1718 1.333583e+00 1.538131e+00
1719 1.400223e+00 1.559091e+00
1720 1.396205e+00 1.553435e+00
1721 1.387952e+00 1.592754e+00
1722 1.386445e+00 1.589045e+00
1723 1.374891e+00 1.583152e+00
1724 1.373385e+00 1.586741e+00
1725 1.371612e+00 1.588409e+00
1726 1.348910e+00 1.552655e+00
1727 1.321858e+00 1.530490e+00
1728 1.320891e+00 1.533739e+00
1729 1.309443e+00 1.544884e+00
1730 1.314782e+00 1.542416e+00
1731 1.322801e+00 1.533565e+00
1732 1.307797e+00 1.557319e+00
1733 1.332499e+00 1.561153e+00
1734 1.349258e+00 1.581197e+00
1735 1.359851e+00 1.575368e+00
1736 1.360440e+00 1.572433e+00
1737 1.334888e+00 1.510587e+00
1738 1.334929e+00 1.509225e+00
1739 1.288275e+00 1.444023e+00
1740 1.307408e+00 1.430708e+00
1741 1.324303e+00 1.450705e+00
1742 1.324221e+00 1.450440e+00
1743 1.324242e+00 1.450452e+00
1744 1.303747e+00 1.420346e+00
1745 1.265749e+00 1.395912e+00
1746 1.291259e+00 1.393347e+00
1747 1.269546e+00 1.369893e+00
1748 1.274889e+00 1.365142e+00
1749 1.259082e+00 1.319002e+00
1750 1.230747e+00 1.299343e+00
1751 1.228876e+00 1.346660e+00
1752 1.247212e+00 1.332660e+00
1753 1.260565e+00 1.306344e+00
1754 1.260002e+00 1.305915e+00
1755 1.285699e+00 1.302431e+00
1756 1.291532e+00 1.297669e+00
1757 1.293714e+00 1.293573e+00
1758 1.284554e+00 1.304458e+00
1759 1.278946e+00 1.327466e+00
1760 1.261575e+00 1.315654e+00
1761 1.259757e+00 1.308916e+00
1762 1.235803e+00 1.304100e+00
1763 1.218605e+00 1.299013e+00
1764 1.220321e+00 1.302704e+00
1765 1.287529e+00 1.300658e+00
1766 1.280461e+00 1.278122e+00
1767 1.290574e+00 1.278256e+00
1768 1.239509e+00 1.315544e+00
1769 1.175525e+00 1.343805e+00
1770 1.176058e+00 1.344486e+00
1771 1.160126e+00 1.401418e+00
1772 1.159970e+00 1.400931e+00
1773 1.151354e+00 1.397221e+00
1774 1.146996e+00 1.397472e+00
1775 1.137001e+00 1.421999e+00
1776 1.140214e+00 1.421860e+00
1777 1.172242e+00 1.443270e+00
1778 1.175888e+00 1.439206e+00
1779 1.178010e+00 1.442306e+00
1780 1.151380e+00 1.415501e+00
1781 1.119532e+00 1.411674e+00
1782 1.114694e+00 1.419089e+00
1783 1.061934e+00 1.432419e+00
1784 1.077451e+00 1.443784e+00
1785 1.066848e+00 1.459126e+00
1786 1.066688e+00 1.459249e+00
1787 1.068048e+00 1.455634e+00
1788 1.086478e+00 1.458240e+00
1789 1.077541e+00 1.468266e+00
1790 1.037720e+00 1.484243e+00
1791 1.074615e+00 1.485963e+00
1792 1.077046e+00 1.473584e+00
1793 1.093042e+00 1.459722e+00
1794 1.091027e+00 1.461707e+00
1795 1.115703e+00 1.475474e+00
1796 1.109851e+00 1.474724e+00
1797 1.071903e+00 1.469118e+00
1798 1.069069e+00 1.467761e+00
1799 1.050432e+00 1.482289e+00
1800 1.057261e+00 1.482575e+00
1801 1.058010e+00 1.483369e+00
1802 1.054771e+00 1.481296e+00
1803 1.062561e+00 1.479555e+00
1804 1.090669e+00 1.504287e+00
1805 1.089513e+00 1.498856e+00
1806 1.071778e+00 1.492270e+00
1807 1.078489e+00 1.514847e+00
1808 1.079675e+00 1.509934e+00
1809 1.080760e+00 1.500412e+00
1810 1.093559e+00 1.498851e+00
1811 1.077593e+00 1.504488e+00
1812 1.069469e+00 1.505231e+00
1813 1.097762e+00 1.558061e+00
1814 1.064873e+00 1.556708e+00
1815 1.058565e+00 1.559036e+00
1816 1.052932e+00 1.567914e+00
1817 1.071445e+00 1.583339e+00
1818 1.074079e+00 1.584586e+00
1819 1.070811e+00 1.580401e+00
1820 1.051771e+00 1.585901e+00
1821 1.026007e+00 1.554210e+00
1822 9.565549e-01 1.496677e+00
1823 9.284446e-01 1.502919e+00
1824 9.495930e-01 1.510613e+00
1825 9.413982e-01 1.519854e+00
1826 9.267247e-01 1.508808e+00
1827 9.293935e-01 1.508376e+00
1828 9.278106e-01 1.508662e+00
1829 9.274294e-01 1.508544e+00
1830 9.183769e-01 1.516125e+00
1831 9.077100e-01 1.529349e+00
1832 9.074309e-01 1.531021e+00
1833 9.001024e-01 1.572946e+00
1834 8.980959e-01 1.573476e+00
1835 8.977875e-01 1.574481e+00
1836 8.986353e-01 1.584560e+00
1837 9.059074e-01 1.544607e+00
1838 9.044311e-01 1.543375e+00
1839 9.161643e-01 1.536887e+00
1840 9.311059e-01 1.552107e+00
1841 9.316896e-01 1.548882e+00
1842 9.733740e-01 1.631318e+00
1843 9.722898e-01 1.635062e+00
1844 9.913825e-01 1.614118e+00
1845 9.948869e-01 1.612178e+00
1846 9.856120e-01 1.640170e+00
1847 9.715777e-01 1.635785e+00
1848 9.815452e-01 1.629139e+00
1849 9.677391e-01 1.623545e+00
1850 9.433977e-01 1.598848e+00
1851 9.405249e-01 1.598275e+00
1852 9.437960e-01 1.612246e+00
1853 9.765772e-01 1.603856e+00
1854 9.653309e-01 1.600277e+00
1855 9.629177e-01 1.596666e+00
1856 9.721299e-01 1.570081e+00
1857 9.719335e-01 1.567376e+00
1858 9.639679e-01 1.549097e+00
1859 9.974884e-01 1.533307e+00
1860 1.005707e+00 1.564278e+00
1861 1.006789e+00 1.541501e+00
1862 1.010548e+00 1.542598e+00
1863 9.929738e-01 1.548071e+00
1864 9.944523e-01 1.547259e+00
1865 9.953722e-01 1.547230e+00
1866 1.022089e+00 1.535622e+00
1867 1.000671e+00 1.511593e+00
1868 9.087158e-01 1.583866e+00
1869 9.173015e-01 1.553032e+00
1870 9.005576e-01 1.548460e+00
1871 9.037254e-01 1.556026e+00
1872 9.084039e-01 1.551707e+00
1873 9.090834e-01 1.551179e+00
1874 9.088384e-01 1.543344e+00
1875 8.986688e-01 1.544747e+00
1876 9.278147e-01 1.540918e+00
1877 9.317511e-01 1.541103e+00
1878 9.304531e-01 1.538126e+00
1879 9.315504e-01 1.543335e+00
1880 8.939119e-01 1.540254e+00
1881 8.927492e-01 1.599946e+00
1882 8.854040e-01 1.651780e+00
1883 8.719339e-01 1.648481e+00
1884 8.751172e-01 1.650272e+00
1885 8.743835e-01 1.592874e+00
1886 8.908515e-01 1.579440e+00
1887 8.764429e-01 1.581757e+00
1888 8.695321e-01 1.590524e+00
1889 8.675365e-01 1.573575e+00
1890 8.701592e-01 1.584851e+00
1891 8.645961e-01 1.585290e+00
1892 8.651007e-01 1.585338e+00
1893 9.002921e-01 1.616793e+00
1894 9.010644e-01 1.630127e+00
1895 9.100332e-01 1.657793e+00
1896 9.475234e-01 1.661621e+00
1897 9.688133e-01 1.671515e+00
1898 9.393454e-01 1.703238e+00
1899 9.312147e-01 1.645708e+00
1900 9.328070e-01 1.625061e+00
1901 9.330620e-01 1.641367e+00
1902 9.123055e-01 1.635298e+00
1903 9.457153e-01 1.641417e+00
1904 9.391743e-01 1.636667e+00
1905 9.300969e-01 1.629139e+00
1906 9.200889e-01 1.645691e+00
1907 9.062450e-01 1.643971e+00
1908 9.190300e-01 1.644289e+00
1909 9.177467e-01 1.647458e+00
1910 9.544613e-01 1.660414e+00
1911 9.574158e-01 1.646491e+00
1912 9.570081e-01 1.613597e+00
1913 9.623930e-01 1.614716e+00
1914 9.752792e-01 1.605358e+00
1915 9.587665e-01 1.595470e+00
1916 9.554107e-01 1.600694e+00
1917 9.546773e-01 1.609878e+00
1918 9.307270e-01 1.612589e+00
1919 8.896749e-01 1.594348e+00
1920 8.947956e-01 1.594765e+00
1921 8.447325e-01 1.612383e+00
1922 8.948468e-01 1.589528e+00
1923 9.260984e-01 1.568805e+00
1924 8.508278e-01 1.526809e+00
1925 8.367674e-01 1.510663e+00
1926 8.355556e-01 1.514221e+00
1927 8.427303e-01 1.514464e+00
1928 8.304592e-01 1.506786e+00
1929 8.265716e-01 1.551828e+00
1930 8.279299e-01 1.550433e+00
1931 8.259985e-01 1.545966e+00
1932 8.274725e-01 1.555132e+00
1933 8.354783e-01 1.550079e+00
1934 7.996813e-01 1.551736e+00
1935 7.990670e-01 1.541594e+00
1936 7.913409e-01 1.531343e+00
1937 7.832245e-01 1.530894e+00
1938 8.568910e-01 1.589945e+00
1939 8.385583e-01 1.535158e+00
1940 7.779531e-01 1.525519e+00
1941 7.784924e-01 1.531794e+00
1942 7.812883e-01 1.537865e+00
1943 7.785636e-01 1.537678e+00
1944 7.837981e-01 1.509299e+00
1945 7.504591e-01 1.515921e+00
1946 7.562161e-01 1.498601e+00
1947 7.419952e-01 1.497089e+00
1948 7.439532e-01 1.421946e+00
1949 7.132245e-01 1.410675e+00
1950 7.132832e-01 1.410620e+00
1951 7.100115e-01 1.412094e+00
1952 6.988273e-01 1.444491e+00
1953 7.398523e-01 1.390965e+00
1954 7.524989e-01 1.392086e+00
1955 7.518874e-01 1.393913e+00
1956 7.403971e-01 1.390122e+00
1957 7.265129e-01 1.399788e+00
1958 7.270166e-01 1.414381e+00
1959 7.244961e-01 1.420221e+00
1960 7.179671e-01 1.422914e+00
1961 7.402316e-01 1.400154e+00
1962 7.640452e-01 1.438534e+00
1963 7.654113e-01 1.440831e+00
1964 7.570050e-01 1.441763e+00
1965 7.759891e-01 1.431220e+00
1966 7.617156e-01 1.425153e+00
1967 7.798691e-01 1.441356e+00
1968 7.711328e-01 1.435265e+00
1969 7.723261e-01 1.434208e+00
1970 7.861985e-01 1.449538e+00
1971 7.810236e-01 1.462965e+00
1972 7.866144e-01 1.479531e+00
1973 8.064011e-01 1.457880e+00
1974 7.946386e-01 1.466124e+00
1975 8.056476e-01 1.456299e+00
1976 8.033753e-01 1.462381e+00
1977 7.759673e-01 1.456463e+00
1978 7.746216e-01 1.454870e+00
1979 7.521121e-01 1.467839e+00
1980 7.556952e-01 1.457108e+00
1981 7.515680e-01 1.447532e+00
1982 7.719653e-01 1.463094e+00
1983 7.745261e-01 1.449900e+00
1984 7.727618e-01 1.449851e+00
1985 7.661267e-01 1.448202e+00
1986 7.598267e-01 1.443645e+00
1987 7.944121e-01 1.448481e+00
1988 7.898890e-01 1.457859e+00
1989 7.979406e-01 1.447013e+00
1990 8.367470e-01 1.469823e+00
1991 8.828268e-01 1.480070e+00
1992 8.887997e-01 1.507565e+00
1993 8.764174e-01 1.505205e+00
1994 8.713916e-01 1.498255e+00
1995 8.727546e-01 1.495454e+00
1996 8.504424e-01 1.508554e+00
1997 8.540415e-01 1.511819e+00
1998 8.948684e-01 1.550482e+00
1999 9.084426e-01 1.543795e+00
2000 9.154320e-01 1.536658e+00
2001 9.153674e-01 1.536606e+00
2002 9.408456e-01 1.547131e+00
2003 9.427848e-01 1.550463e+00
2004 9.422887e-01 1.549505e+00
2005 9.089510e-01 1.585229e+00
2006 9.150782e-01 1.587517e+00
2007 9.230064e-01 1.598052e+00
2008 9.257180e-01 1.576573e+00
2009 9.250783e-01 1.576435e+00
2010 9.222149e-01 1.571571e+00
2011 9.397954e-01 1.612652e+00
2012 9.752813e-01 1.672357e+00
2013 9.793724e-01 1.680480e+00
2014 9.495037e-01 1.644943e+00
2015 9.685296e-01 1.664568e+00
2016 9.236394e-01 1.692737e+00
2017 9.211509e-01 1.686531e+00
2018 8.667130e-01 1.658706e+00
2019 8.627700e-01 1.673668e+00
2020 8.727072e-01 1.680049e+00
2021 8.661643e-01 1.707421e+00
2022 8.646757e-01 1.708433e+00
2023 8.720817e-01 1.729364e+00
2024 8.741959e-01 1.697017e+00
2025 8.733072e-01 1.712908e+00
2026 8.773303e-01 1.700064e+00
2027 8.971141e-01 1.700927e+00
2028 8.948835e-01 1.695020e+00
2029 8.919003e-01 1.691431e+00
2030 8.976214e-01 1.681346e+00
2031 8.862752e-01 1.665730e+00
2032 8.802732e-01 1.658195e+00
2033 8.802845e-01 1.683974e+00
2034 8.813546e-01 1.684159e+00
2035 8.652208e-01 1.701387e+00
2036 8.657081e-01 1.697705e+00
2037 8.525323e-01 1.683074e+00
2038 8.633429e-01 1.703814e+00
2039 8.790940e-01 1.714667e+00
2040 8.818611e-01 1.705813e+00
2041 8.780567e-01 1.721076e+00
2042 8.796705e-01 1.725612e+00
2043 8.795283e-01 1.725786e+00
2044 8.773976e-01 1.726272e+00
2045 8.767243e-01 1.720244e+00
2046 8.728855e-01 1.711625e+00
2047 8.603431e-01 1.693698e+00
2048 8.371558e-01 1.726941e+00
2049 8.193754e-01 1.753618e+00
2050 7.313675e-01 1.684018e+00
2051 7.388819e-01 1.688475e+00
2052 7.785116e-01 1.746262e+00
2053 7.758299e-01 1.741849e+00
2054 7.806520e-01 1.750271e+00
2055 7.822233e-01 1.748552e+00
2056 7.761324e-01 1.737450e+00
2057 7.802180e-01 1.718347e+00
2058 7.759885e-01 1.704267e+00
2059 7.725148e-01 1.691201e+00
2060 7.567439e-01 1.674108e+00
2061 7.570774e-01 1.627891e+00
2062 8.215419e-01 1.649574e+00
2063 8.180622e-01 1.650882e+00
2064 8.184681e-01 1.650766e+00
2065 8.146130e-01 1.652336e+00
2066 8.164343e-01 1.646538e+00
2067 7.867539e-01 1.723316e+00
2068 7.949046e-01 1.717301e+00
2069 8.156117e-01 1.760551e+00
2070 7.961090e-01 1.772607e+00
2071 8.079079e-01 1.783134e+00
2072 8.105106e-01 1.781642e+00
2073 7.760268e-01 1.766754e+00
2074 7.649254e-01 1.789281e+00
2075 7.711039e-01 1.802232e+00
2076 7.713467e-01 1.808276e+00
2077 7.723711e-01 1.811515e+00
2078 7.660442e-01 1.802599e+00
2079 7.577414e-01 1.827809e+00
2080 7.500047e-01 1.831099e+00
2081 7.630523e-01 1.819034e+00
2082 7.629686e-01 1.819079e+00
2083 7.592554e-01 1.847650e+00
2084 7.576104e-01 1.848144e+00
2085 7.562128e-01 1.847091e+00
2086 7.579852e-01 1.836068e+00
2087 7.530100e-01 1.845814e+00
2088 7.599918e-01 1.853812e+00
2089 7.673961e-01 1.857985e+00
2090 7.928916e-01 1.849308e+00
2091 7.932662e-01 1.829452e+00
2092 7.834554e-01 1.854440e+00
2093 7.857244e-01 1.853421e+00
2094 6.881498e-01 1.890340e+00
2095 6.864733e-01 1.892052e+00
2096 6.915044e-01 1.897933e+00
2097 6.775591e-01 1.898950e+00
2098 6.787122e-01 1.902019e+00
2099 6.834386e-01 1.899478e+00
2100 6.830516e-01 1.896287e+00
2101 6.472305e-01 1.999820e+00
2102 6.472616e-01 2.005364e+00
2103 6.059348e-01 2.012310e+00
2104 5.664501e-01 2.011777e+00
2105 5.668682e-01 1.990062e+00
2106 5.725181e-01 1.985422e+00
2107 5.734496e-01 1.984886e+00
2108 5.751253e-01 1.990546e+00
2109 5.774713e-01 1.979200e+00
2110 5.804670e-01 1.977678e+00
2111 6.047374e-01 2.004203e+00
2112 6.285873e-01 2.025513e+00
2113 6.300953e-01 2.011453e+00
2114 5.993152e-01 2.060430e+00
2115 6.017441e-01 2.060209e+00
2116 5.974375e-01 2.064555e+00
2117 5.936297e-01 2.057007e+00
2118 5.697560e-01 2.076924e+00
2119 5.396392e-01 2.084417e+00
2120 5.434379e-01 2.084860e+00
2121 5.462438e-01 2.092071e+00
2122 5.443832e-01 2.087278e+00
2123 5.444039e-01 2.089329e+00
2124 5.462291e-01 2.088389e+00
2125 5.486596e-01 2.100595e+00
2126 5.533776e-01 2.094401e+00
2127 5.555532e-01 2.092754e+00
2128 5.533732e-01 2.093781e+00
2129 5.521652e-01 2.107654e+00
2130 5.507870e-01 2.096189e+00
2131 5.589149e-01 2.124107e+00
2132 5.833570e-01 2.149068e+00
2133 5.772557e-01 2.149890e+00
2134 5.693488e-01 2.154313e+00
2135 5.967961e-01 2.119287e+00
2136 6.020109e-01 2.118709e+00
2137 6.029122e-01 2.116010e+00
2138 6.000832e-01 2.104535e+00
2139 5.988162e-01 2.105013e+00
2140 5.935544e-01 2.091315e+00
2141 5.823961e-01 2.091941e+00
2142 5.963529e-01 2.073288e+00
2143 6.143790e-01 2.064532e+00
2144 6.259508e-01 2.056836e+00
2145 6.146813e-01 2.053652e+00
2146 6.255290e-01 2.057855e+00
2147 6.195484e-01 2.095423e+00
2148 6.279141e-01 2.065636e+00
2149 6.310004e-01 2.063966e+00
2150 6.234969e-01 2.064507e+00
2151 6.116774e-01 2.068010e+00
2152 6.135672e-01 2.071962e+00
2153 6.111903e-01 2.097923e+00
2154 6.175101e-01 2.098580e+00
2155 6.173776e-01 2.099228e+00
2156 5.678349e-01 2.133655e+00
2157 5.693206e-01 2.126625e+00
2158 5.520549e-01 2.132704e+00
2159 5.429474e-01 2.127452e+00
2160 5.472000e-01 2.123669e+00
2161 5.468728e-01 2.124738e+00
2162 5.368744e-01 2.121877e+00
2163 5.569529e-01 2.118417e+00
2164 5.504186e-01 2.136330e+00
2165 5.959872e-01 2.137751e+00
2166 5.722856e-01 2.120626e+00
2167 5.724404e-01 2.120872e+00
2168 5.716831e-01 2.123469e+00
2169 5.444558e-01 2.144716e+00
2170 5.515049e-01 2.146423e+00
2171 5.527168e-01 2.146791e+00
2172 5.511208e-01 2.147533e+00
2173 5.680190e-01 2.129455e+00
2174 5.685758e-01 2.129455e+00
2175 5.939836e-01 2.136280e+00
2176 5.917362e-01 2.137423e+00
2177 5.920120e-01 2.137565e+00
2178 5.801419e-01 2.110336e+00
2179 5.935901e-01 2.108135e+00
2180 5.622017e-01 2.138219e+00
2181 5.352812e-01 2.112117e+00
2182 5.334078e-01 2.107768e+00
2183 5.260686e-01 2.091778e+00
2184 5.422960e-01 2.097848e+00
2185 5.597653e-01 2.080777e+00
2186 5.434305e-01 2.078194e+00
2187 5.487768e-01 2.072248e+00
2188 5.479603e-01 2.080985e+00
2189 5.501384e-01 2.068413e+00
2190 5.668672e-01 2.076130e+00
2191 5.703064e-01 2.078454e+00
2192 5.548545e-01 2.078321e+00
2193 5.564575e-01 2.080777e+00
2194 5.504115e-01 2.079529e+00
2195 5.506968e-01 2.079205e+00
2196 5.506345e-01 2.079717e+00
2197 5.562628e-01 2.075950e+00
2198 5.508379e-01 2.083099e+00
2199 5.505999e-01 2.083044e+00
2200 5.273555e-01 2.068373e+00
2201 5.177784e-01 2.076762e+00
2202 5.163340e-01 2.084241e+00
2203 4.938653e-01 2.082398e+00
2204 4.865609e-01 2.081909e+00
2205 4.918399e-01 2.080186e+00
2206 4.774163e-01 2.058733e+00
2207 4.611005e-01 2.058605e+00
2208 4.606564e-01 2.057961e+00
2209 4.608436e-01 2.058012e+00
2210 4.801733e-01 2.059486e+00
2211 4.854937e-01 2.051302e+00
2212 5.004182e-01 2.067803e+00
2213 4.896152e-01 2.086749e+00
2214 5.001377e-01 2.043757e+00
2215 5.235736e-01 2.023181e+00
2216 5.056750e-01 2.023201e+00
2217 4.945065e-01 2.017142e+00
2218 4.955175e-01 2.019288e+00
2219 4.964123e-01 2.020311e+00
2220 4.952678e-01 2.012099e+00
2221 4.705525e-01 2.026441e+00
2222 4.750267e-01 2.022458e+00
2223 3.712662e-01 2.085687e+00
2224 3.623845e-01 2.076932e+00
2225 3.809920e-01 2.085701e+00
2226 3.818310e-01 2.079018e+00
2227 3.762043e-01 2.074633e+00
2228 3.721597e-01 2.075299e+00
2229 3.760180e-01 2.077456e+00
2230 3.712977e-01 2.088595e+00
2231 3.426243e-01 2.034370e+00
2232 3.483779e-01 2.046837e+00
2233 3.348004e-01 2.048950e+00
2234 3.483705e-01 2.047129e+00
2235 3.365914e-01 2.052031e+00
2236 3.303071e-01 2.046081e+00
2237 3.259760e-01 2.047068e+00
2238 3.201000e-01 2.044001e+00
2239 3.200027e-01 2.044116e+00
2240 3.087400e-01 2.047280e+00
2241 3.014253e-01 2.032033e+00
2242 3.165024e-01 2.037962e+00
2243 3.200991e-01 2.036655e+00
2244 3.305032e-01 2.066715e+00
2245 3.358605e-01 2.073742e+00
2246 3.478828e-01 2.084463e+00
2247 3.356821e-01 2.077023e+00
2248 3.649297e-01 2.032171e+00
2249 3.636622e-01 2.027790e+00
2250 3.165620e-01 2.061089e+00
2251 3.223163e-01 2.039333e+00
2252 3.479518e-01 2.052038e+00
2253 3.468636e-01 2.054504e+00
2254 3.472252e-01 2.065708e+00
2255 3.374096e-01 2.087438e+00
2256 3.204864e-01 2.078453e+00
2257 3.321562e-01 2.018689e+00
2258 3.431557e-01 2.037013e+00
2259 2.864172e-01 2.032788e+00
2260 2.876180e-01 1.990466e+00
2261 2.810769e-01 1.968913e+00
2262 2.630712e-01 1.950858e+00
2263 2.370724e-01 1.992292e+00
2264 2.377567e-01 1.972864e+00
2265 2.412874e-01 1.977392e+00
2266 2.544730e-01 1.979141e+00
2267 2.586320e-01 1.966502e+00
2268 2.480230e-01 1.964120e+00
2269 2.419655e-01 1.979661e+00
2270 2.489910e-01 1.979279e+00
2271 2.357436e-01 2.013489e+00
2272 2.341694e-01 2.015839e+00
2273 2.346186e-01 2.012801e+00
2274 2.386401e-01 2.007278e+00
2275 2.383913e-01 2.008229e+00
2276 2.710723e-01 1.982241e+00
2277 2.727143e-01 1.993602e+00
2278 2.866436e-01 1.999143e+00
2279 2.866744e-01 1.997581e+00
2280 2.893833e-01 2.024295e+00
2281 2.692156e-01 2.034252e+00
2282 2.563975e-01 2.041942e+00
2283 2.689141e-01 2.002286e+00
2284 2.680681e-01 2.050223e+00
2285 2.874009e-01 2.060923e+00
2286 2.920789e-01 2.050797e+00
2287 2.960750e-01 2.054220e+00
2288 2.541651e-01 2.036494e+00
2289 2.516915e-01 2.031398e+00
2290 2.501794e-01 2.033189e+00
2291 2.501208e-01 2.035446e+00
2292 2.416746e-01 2.035653e+00
2293 2.582022e-01 2.017754e+00
2294 2.242867e-01 1.981387e+00
2295 2.292466e-01 1.991462e+00
2296 2.372517e-01 1.975232e+00
2297 2.373743e-01 1.975019e+00
2298 2.444279e-01 1.981086e+00
2299 2.482142e-01 1.966365e+00
2300 2.633877e-01 1.945238e+00
2301 2.629719e-01 1.958572e+00
2302 2.684506e-01 1.951192e+00
2303 2.340216e-01 1.949075e+00
2304 2.319965e-01 1.949174e+00
2305 2.348684e-01 1.947276e+00
2306 2.140599e-01 1.954937e+00
2307 2.082260e-01 1.929573e+00
2308 2.291741e-01 1.932894e+00
2309 2.249608e-01 1.930577e+00
2310 2.321973e-01 1.925316e+00
2311 2.283258e-01 1.910589e+00
2312 2.298977e-01 1.919225e+00
2313 2.478766e-01 1.926407e+00
2314 2.786811e-01 1.874411e+00
2315 2.745236e-01 1.881517e+00
2316 2.747376e-01 1.842148e+00
2317 2.803694e-01 1.848751e+00
2318 2.873758e-01 1.847239e+00
2319 2.846317e-01 1.845104e+00
2320 2.884695e-01 1.833102e+00
2321 2.975669e-01 1.847418e+00
2322 3.033845e-01 1.843551e+00
2323 3.035116e-01 1.843403e+00
2324 3.344579e-01 1.855170e+00
2325 3.152600e-01 1.855488e+00
2326 3.183380e-01 1.847725e+00
2327 3.165481e-01 1.823109e+00
2328 3.113725e-01 1.825882e+00
2329 2.918966e-01 1.846216e+00
2330 2.864725e-01 1.846256e+00
2331 2.904052e-01 1.842060e+00
2332 2.957003e-01 1.840824e+00
2333 3.032968e-01 1.835964e+00
2334 2.896289e-01 1.859985e+00
2335 2.857167e-01 1.841152e+00
2336 3.225210e-01 1.843075e+00
2337 3.349689e-01 1.838898e+00
2338 3.370240e-01 1.849722e+00
2339 3.415223e-01 1.849920e+00
2340 2.971238e-01 1.872413e+00
2341 3.126730e-01 1.880497e+00
2342 3.267127e-01 1.864364e+00
2343 3.248691e-01 1.869443e+00
2344 2.927955e-01 1.853303e+00
2345 2.632850e-01 1.825240e+00
2346 2.231165e-01 1.818568e+00
2347 2.255991e-01 1.818263e+00
2348 2.195753e-01 1.801872e+00
2349 2.256052e-01 1.790480e+00
2350 2.000806e-01 1.819633e+00
2351 1.756985e-01 1.862859e+00
2352 1.856312e-01 1.856546e+00
2353 1.854580e-01 1.877866e+00
2354 1.589655e-01 1.842741e+00
2355 1.596375e-01 1.842694e+00
2356 1.305802e-01 1.853107e+00
2357 1.247121e-01 1.853806e+00
2358 1.257280e-01 1.853611e+00
2359 1.285428e-01 1.836366e+00
2360 1.492058e-01 1.846582e+00
2361 1.384452e-01 1.829254e+00
2362 1.499665e-01 1.823804e+00
2363 1.872165e-01 1.851809e+00
2364 1.859473e-01 1.854481e+00
2365 2.075004e-01 1.844155e+00
2366 1.839646e-01 1.830672e+00
2367 1.756652e-01 1.822698e+00
2368 1.640243e-01 1.826762e+00
2369 1.692269e-01 1.809407e+00
2370 1.514423e-01 1.820697e+00
2371 1.498218e-01 1.825176e+00
2372 1.498983e-01 1.821560e+00
2373 1.476612e-01 1.805245e+00
2374 1.270676e-01 1.812645e+00
2375 1.251876e-01 1.815952e+00
2376 1.221991e-01 1.819307e+00
2377 1.186615e-01 1.815581e+00
2378 1.171418e-01 1.812119e+00
2379 1.333878e-01 1.843130e+00
2380 1.408657e-01 1.873297e+00
2381 1.376169e-01 1.828543e+00
2382 1.461178e-01 1.821051e+00
2383 1.810403e-01 1.829186e+00
2384 1.731884e-01 1.825444e+00
2385 1.605596e-01 1.827602e+00
2386 1.504270e-01 1.835708e+00
2387 1.353240e-01 1.845120e+00
2388 1.355846e-01 1.847587e+00
2389 1.721040e-01 1.868770e+00
2390 1.574743e-01 1.837562e+00
2391 1.584564e-01 1.832872e+00
2392 1.968512e-01 1.829204e+00
2393 1.919644e-01 1.825338e+00
2394 2.180336e-01 1.802151e+00
2395 2.083577e-01 1.749875e+00
2396 2.094240e-01 1.748984e+00
2397 1.860551e-01 1.751862e+00
2398 1.806482e-01 1.713240e+00
2399 1.699703e-01 1.716474e+00
2400 1.591654e-01 1.710904e+00
2401 1.481281e-01 1.722214e+00
2402 1.492373e-01 1.721147e+00
2403 1.467767e-01 1.707762e+00
2404 1.462383e-01 1.707613e+00
2405 1.500050e-01 1.723751e+00
2406 1.688416e-01 1.719330e+00
2407 1.692037e-01 1.720160e+00
2408 1.651623e-01 1.732086e+00
2409 1.661693e-01 1.733821e+00
2410 1.704390e-01 1.744013e+00
2411 1.833853e-01 1.734215e+00
2412 1.984046e-01 1.738613e+00
2413 1.707245e-01 1.835403e+00
2414 1.685219e-01 1.824263e+00
2415 1.301752e-01 1.852647e+00
2416 1.240306e-01 1.857203e+00
2417 1.399760e-01 1.853094e+00
2418 1.415500e-01 1.849806e+00
2419 1.490902e-01 1.824545e+00
2420 1.471303e-01 1.796189e+00
2421 1.180427e-01 1.777782e+00
2422 1.574402e-01 1.768774e+00
2423 1.608738e-01 1.753195e+00
2424 1.607502e-01 1.753191e+00
2425 1.545996e-01 1.775761e+00
2426 1.594896e-01 1.776963e+00
2427 1.648287e-01 1.775162e+00
2428 1.665691e-01 1.773901e+00
2429 1.838806e-01 1.768742e+00
2430 2.020418e-01 1.785531e+00
2431 2.190867e-01 1.756418e+00
2432 2.130930e-01 1.761029e+00
2433 2.264264e-01 1.746391e+00
2434 2.267472e-01 1.746864e+00
2435 2.308387e-01 1.775202e+00
2436 2.196786e-01 1.775206e+00
2437 2.126958e-01 1.765721e+00
2438 1.870945e-01 1.789965e+00
2439 1.874427e-01 1.787927e+00
2440 1.844151e-01 1.797214e+00
2441 2.009724e-01 1.832682e+00
2442 2.013386e-01 1.833569e+00
2443 1.904064e-01 1.821643e+00
2444 1.742514e-01 1.831650e+00
2445 1.654112e-01 1.825949e+00
2446 1.657381e-01 1.807722e+00
2447 1.734450e-01 1.808212e+00
2448 1.737640e-01 1.808421e+00
2449 1.745980e-01 1.806866e+00
2450 1.330497e-01 1.758868e+00
2451 1.290442e-01 1.744696e+00
2452 1.214742e-01 1.747435e+00
2453 1.344850e-01 1.792244e+00
2454 1.351065e-01 1.799348e+00
2455 1.241811e-01 1.810059e+00
2456 1.387971e-01 1.782993e+00
2457 1.359104e-01 1.784628e+00
2458 1.434329e-01 1.783877e+00
2459 1.495706e-01 1.786798e+00
2460 1.560045e-01 1.775411e+00
2461 1.842022e-01 1.760667e+00
2462 1.953818e-01 1.741514e+00
2463 2.193218e-01 1.719872e+00
2464 1.899494e-01 1.740290e+00
2465 1.946625e-01 1.775414e+00
2466 1.937903e-01 1.770786e+00
2467 1.967643e-01 1.759380e+00
2468 2.100281e-01 1.763797e+00
2469 2.050797e-01 1.759381e+00
2470 1.961086e-01 1.770495e+00
2471 1.897674e-01 1.746523e+00
2472 1.609414e-01 1.809473e+00
2473 1.610487e-01 1.809502e+00
2474 1.665903e-01 1.808095e+00
2475 1.465528e-01 1.801545e+00
2476 1.598478e-01 1.812554e+00
2477 1.461403e-01 1.813917e+00
2478 1.463548e-01 1.814514e+00
2479 1.269560e-01 1.799857e+00
2480 1.314467e-01 1.791246e+00
2481 1.373634e-01 1.771024e+00
2482 1.772499e-01 1.764903e+00
2483 1.790217e-01 1.762727e+00
2484 1.740241e-01 1.753554e+00
2485 1.790119e-01 1.770651e+00
2486 1.706074e-01 1.771189e+00
2487 1.718299e-01 1.771311e+00
2488 1.744608e-01 1.770400e+00
2489 1.929480e-01 1.767609e+00
2490 2.024603e-01 1.797291e+00
2491 2.041601e-01 1.762942e+00
2492 2.031060e-01 1.761581e+00
2493 1.888010e-01 1.779015e+00
2494 1.831044e-01 1.781658e+00
2495 1.789030e-01 1.779844e+00
2496 1.820442e-01 1.782442e+00
2497 1.823944e-01 1.782215e+00
2498 1.787376e-01 1.781450e+00
2499 1.788984e-01 1.777448e+00
2500 1.828845e-01 1.782331e+00
2501 1.395294e-01 1.801401e+00
2502 1.310329e-01 1.796578e+00
2503 1.202907e-01 1.773879e+00
2504 9.563813e-02 1.784650e+00
2505 9.552908e-02 1.784803e+00
2506 1.202944e-01 1.783854e+00
2507 1.312529e-01 1.781193e+00
2508 1.481918e-01 1.766067e+00
2509 1.628617e-01 1.758590e+00
2510 9.061251e-02 1.781284e+00
2511 8.714763e-02 1.780692e+00
2512 8.781433e-02 1.780147e+00
2513 1.281590e-01 1.792111e+00
2514 1.569038e-01 1.804837e+00
2515 1.402580e-01 1.785947e+00
2516 1.242264e-01 1.786200e+00
2517 1.010391e-01 1.825925e+00
2518 1.004785e-01 1.818807e+00
2519 7.983853e-02 1.810547e+00
2520 1.089776e-01 1.773230e+00
2521 1.343759e-01 1.830972e+00
2522 1.327840e-01 1.842043e+00
2523 1.240721e-01 1.832237e+00
2524 1.214972e-01 1.853809e+00
2525 1.252490e-01 1.856223e+00
2526 1.333148e-01 1.853342e+00
2527 1.223402e-01 1.890569e+00
2528 1.320937e-01 1.864764e+00
2529 1.593569e-01 1.829424e+00
2530 1.658730e-01 1.814269e+00
2531 1.649322e-01 1.814379e+00
2532 1.647641e-01 1.815258e+00
2533 1.631225e-01 1.811414e+00
2534 1.629826e-01 1.811735e+00
2535 1.705427e-01 1.822651e+00
2536 1.831505e-01 1.847470e+00
2537 2.452290e-01 1.840202e+00
2538 2.450577e-01 1.840484e+00
2539 2.484924e-01 1.840739e+00
2540 2.593409e-01 1.842925e+00
2541 2.270897e-01 1.832916e+00
2542 2.269954e-01 1.841469e+00
2543 2.262611e-01 1.841577e+00
2544 2.137342e-01 1.834332e+00
2545 1.991595e-01 1.853948e+00
2546 2.011409e-01 1.856140e+00
2547 2.013771e-01 1.855760e+00
2548 2.037139e-01 1.854834e+00
2549 2.024080e-01 1.855200e+00
2550 2.004544e-01 1.849455e+00
2551 2.009547e-01 1.849652e+00
2552 2.078883e-01 1.849970e+00
2553 2.071999e-01 1.848824e+00
2554 1.755962e-01 1.886372e+00
2555 1.769374e-01 1.887361e+00
2556 1.590571e-01 1.917310e+00
2557 1.529205e-01 1.916635e+00
2558 1.921086e-01 1.966737e+00
2559 1.994566e-01 1.940681e+00
2560 1.798478e-01 1.929072e+00
2561 1.804423e-01 1.908013e+00
2562 1.828793e-01 1.909409e+00
2563 1.859869e-01 1.924839e+00
2564 1.960778e-01 1.909496e+00
2565 1.976148e-01 1.909408e+00
2566 2.071177e-01 1.953041e+00
2567 2.026254e-01 1.981605e+00
2568 2.095920e-01 1.986362e+00
2569 1.662383e-01 2.013149e+00
2570 1.791877e-01 2.047097e+00
2571 1.706197e-01 2.038585e+00
2572 1.646390e-01 2.097957e+00
2573 1.622205e-01 2.097844e+00
2574 2.846191e-01 2.117013e+00
2575 2.735621e-01 2.119088e+00
2576 2.713266e-01 2.122116e+00
2577 2.597872e-01 2.126765e+00
2578 2.560659e-01 2.125415e+00
2579 2.483011e-01 2.098941e+00
2580 2.271772e-01 2.121715e+00
2581 1.728018e-01 2.137785e+00
2582 1.711622e-01 2.120758e+00
2583 1.717434e-01 2.118702e+00
2584 2.217451e-01 2.123833e+00
2585 2.315194e-01 2.113906e+00
2586 2.402275e-01 2.109332e+00
2587 2.226181e-01 2.121072e+00
2588 2.367794e-01 2.145541e+00
2589 2.076276e-01 2.131803e+00
2590 2.079095e-01 2.131849e+00
2591 2.262761e-01 2.172861e+00
2592 2.218502e-01 2.169826e+00
2593 2.098955e-01 2.167703e+00
2594 1.984907e-01 2.172951e+00
2595 1.985408e-01 2.181516e+00
2596 1.969583e-01 2.180129e+00
2597 2.058996e-01 2.181898e+00
2598 2.008019e-01 2.185585e+00
2599 2.063893e-01 2.186742e+00
2600 1.896843e-01 2.173495e+00
2601 1.896147e-01 2.175619e+00
2602 1.926434e-01 2.135930e+00
2603 1.851797e-01 2.111846e+00
2604 1.862589e-01 2.109734e+00
2605 1.762563e-01 2.105417e+00
2606 1.487369e-01 2.101048e+00
2607 1.600238e-01 2.106863e+00
2608 1.812099e-01 2.153640e+00
2609 1.630646e-01 2.139195e+00
2610 1.624011e-01 2.143382e+00
2611 1.742134e-01 2.161421e+00
2612 1.900740e-01 2.198110e+00
2613 1.875363e-01 2.200590e+00
2614 1.886163e-01 2.200908e+00
2615 1.857689e-01 2.199686e+00
2616 1.648272e-01 2.181941e+00
2617 1.650915e-01 2.180856e+00
2618 1.528815e-01 2.155049e+00
2619 1.587481e-01 2.153836e+00
2620 1.830858e-01 2.154857e+00
2621 1.997187e-01 2.146305e+00
2622 1.782580e-01 2.136275e+00
2623 1.778013e-01 2.136948e+00
2624 1.445196e-01 2.120552e+00
2625 1.613798e-01 2.128546e+00
2626 1.738103e-01 2.133809e+00
2627 1.702359e-01 2.164018e+00
2628 1.471349e-01 2.149081e+00
2629 1.498276e-01 2.143701e+00
2630 1.510497e-01 2.114965e+00
2631 1.289558e-01 2.071072e+00
2632 1.690768e-01 2.086178e+00
2633 1.894273e-01 2.096936e+00
2634 1.820646e-01 2.108006e+00
2635 1.755363e-01 2.104928e+00
2636 1.798827e-01 2.097350e+00
2637 1.794113e-01 2.097589e+00
2638 1.783987e-01 2.093760e+00
2639 1.844770e-01 2.088627e+00
2640 1.848523e-01 2.110976e+00
2641 1.660439e-01 2.098077e+00
2642 1.590001e-01 2.100232e+00
2643 1.537811e-01 2.110983e+00
2644 1.533418e-01 2.103549e+00
2645 1.539617e-01 2.102585e+00
2646 2.020255e-01 2.137510e+00
2647 2.029477e-01 2.147055e+00
2648 2.165798e-01 2.126447e+00
2649 2.512374e-01 2.061742e+00
2650 2.663279e-01 2.037361e+00
2651 2.804337e-01 2.031963e+00
2652 2.758630e-01 2.031650e+00
2653 2.120281e-01 2.047236e+00
2654 2.108508e-01 2.029342e+00
2655 1.201385e-01 2.017021e+00
2656 7.646341e-02 1.986458e+00
2657 7.678429e-02 2.000026e+00
2658 9.880191e-02 2.011231e+00
2659 1.000174e-01 2.011381e+00
2660 1.047714e-01 2.012162e+00
2661 1.050877e-01 2.031900e+00
2662 8.231474e-02 2.030718e+00
2663 8.072144e-02 2.032236e+00
2664 8.713728e-02 2.034798e+00
2665 7.450365e-02 2.038848e+00
2666 7.201200e-02 2.034253e+00
2667 6.650348e-02 2.023759e+00
2668 7.257457e-02 2.019835e+00
2669 6.580210e-02 2.033211e+00
2670 6.749405e-02 2.031158e+00
2671 6.177711e-02 2.124936e+00
2672 6.543984e-02 2.111030e+00
2673 5.520274e-02 2.076386e+00
2674 5.286066e-02 2.078705e+00
2675 5.130459e-02 2.087251e+00
2676 3.552539e-02 2.085936e+00
2677 3.253193e-02 2.079568e+00
2678 2.264186e-02 2.098108e+00
2679 9.790689e-03 2.096602e+00
2680 7.790816e-03 2.096193e+00
2681 8.719939e-02 2.118567e+00
2682 6.088763e-02 2.108066e+00
2683 1.293276e-01 2.129370e+00
2684 1.279874e-01 2.129551e+00
2685 1.922974e-01 2.122200e+00
2686 1.902718e-01 2.103018e+00
2687 2.054736e-01 2.129666e+00
2688 2.157410e-01 2.138483e+00
2689 2.200927e-01 2.143206e+00
2690 2.156083e-01 2.143667e+00
2691 2.185465e-01 2.149391e+00
2692 2.137083e-01 2.117256e+00
2693 2.141245e-01 2.116294e+00
2694 2.165653e-01 2.116703e+00
2695 2.214288e-01 2.123964e+00
2696 2.918334e-01 2.159219e+00
2697 2.913979e-01 2.166948e+00
2698 2.355989e-01 2.162364e+00
2699 1.804318e-01 2.154833e+00
2700 1.831418e-01 2.155322e+00
2701 1.935867e-01 2.143648e+00
2702 2.679186e-01 2.126859e+00
2703 2.634743e-01 2.156471e+00
2704 2.601509e-01 2.178566e+00
2705 2.729534e-01 2.198556e+00
2706 2.696384e-01 2.195630e+00
2707 2.820926e-01 2.202060e+00
2708 1.946271e-01 2.186276e+00
2709 1.988923e-01 2.179837e+00
2710 2.022102e-01 2.181118e+00
2711 2.284852e-01 2.184741e+00
2712 2.518148e-01 2.181726e+00
2713 2.513091e-01 2.181589e+00
2714 2.483601e-01 2.175040e+00
2715 2.481763e-01 2.174825e+00
2716 2.492104e-01 2.173187e+00
2717 2.590091e-01 2.189434e+00
2718 2.379421e-01 2.191610e+00
2719 2.546378e-01 2.197408e+00
2720 2.583068e-01 2.207528e+00
2721 2.503299e-01 2.207143e+00
2722 2.411334e-01 2.206279e+00
2723 2.382375e-01 2.206810e+00
2724 2.309829e-01 2.201299e+00
2725 2.250863e-01 2.183508e+00
2726 2.495860e-01 2.164495e+00
2727 3.227856e-01 2.176939e+00
2728 3.240831e-01 2.186609e+00
2729 3.240104e-01 2.189587e+00
2730 2.997004e-01 2.187068e+00
2731 3.117110e-01 2.176917e+00
2732 2.980069e-01 2.161494e+00
2733 3.012395e-01 2.164100e+00
2734 2.880919e-01 2.184765e+00
2735 3.063481e-01 2.181873e+00
2736 3.067652e-01 2.176946e+00
2737 3.036459e-01 2.148040e+00
2738 2.620469e-01 2.166864e+00
2739 2.631979e-01 2.166767e+00
2740 2.713114e-01 2.168438e+00
2741 2.587437e-01 2.164816e+00
2742 2.568025e-01 2.157535e+00
2743 2.556446e-01 2.157303e+00
2744 2.739742e-01 2.146790e+00
2745 2.880877e-01 2.172509e+00
2746 2.834348e-01 2.161674e+00
2747 3.161875e-01 2.164950e+00
2748 3.291421e-01 2.154100e+00
2749 3.332743e-01 2.130896e+00
2750 2.847955e-01 2.161785e+00
2751 2.789313e-01 2.156494e+00
2752 2.940198e-01 2.162887e+00
2753 2.848751e-01 2.155846e+00
2754 2.925131e-01 2.164144e+00
2755 3.025547e-01 2.171002e+00
2756 2.337866e-01 2.184375e+00
2757 2.441702e-01 2.184758e+00
2758 2.474718e-01 2.204017e+00
2759 2.385784e-01 2.208155e+00
2760 2.252019e-01 2.216772e+00
2761 2.535357e-01 2.182567e+00
2762 2.485087e-01 2.197864e+00
2763 2.483963e-01 2.202034e+00
2764 2.519190e-01 2.201945e+00
2765 2.574995e-01 2.197859e+00
2766 2.377797e-01 2.196840e+00
2767 2.378903e-01 2.196679e+00
2768 2.255451e-01 2.190216e+00
2769 2.240821e-01 2.188996e+00
2770 2.094602e-01 2.195043e+00
2771 2.102381e-01 2.195132e+00
2772 1.929330e-01 2.205396e+00
2773 1.607468e-01 2.151828e+00
2774 1.654596e-01 2.176734e+00
2775 1.457206e-01 2.169507e+00
2776 1.449542e-01 2.166289e+00
2777 1.078565e-01 2.179814e+00
2778 1.349192e-01 2.163425e+00
2779 1.647104e-01 2.165983e+00
2780 1.666573e-01 2.152547e+00
2781 1.714107e-01 2.159069e+00
2782 1.661951e-01 2.162032e+00
2783 1.644348e-01 2.161242e+00
2784 1.746817e-01 2.148078e+00
2785 1.965646e-01 2.162537e+00
2786 2.055223e-01 2.142641e+00
2787 2.016894e-01 2.151462e+00
2788 2.082054e-01 2.155322e+00
2789 1.960103e-01 2.192899e+00
2790 1.965707e-01 2.195004e+00
2791 1.999900e-01 2.192265e+00
2792 1.977294e-01 2.191025e+00
2793 1.981715e-01 2.194733e+00
2794 2.114197e-01 2.155975e+00
2795 1.705224e-01 2.154645e+00
2796 1.714191e-01 2.152733e+00
2797 1.620996e-01 2.154615e+00
2798 1.378386e-01 2.204489e+00
2799 8.810073e-02 2.193347e+00
2800 9.226051e-02 2.201027e+00
2801 7.602531e-02 2.200019e+00
2802 2.894716e-02 2.201204e+00
2803 -4.583424e-03 2.139951e+00
