0 3.861771e+00 8.796443e-01
1 3.827748e+00 8.610486e-01
2 3.826522e+00 8.660647e-01
3 3.838659e+00 8.614911e-01
4 3.809904e+00 8.485318e-01
5 3.811996e+00 8.461253e-01
6 3.781821e+00 9.129548e-01
7 3.782352e+00 9.203877e-01
8 3.782715e+00 9.211580e-01
9 3.786524e+00 9.202624e-01
10 3.804378e+00 9.194489e-01
11 3.789492e+00 9.142293e-01
12 3.783070e+00 9.171243e-01
13 3.784202e+00 9.199089e-01
14 3.695340e+00 9.699262e-01
15 3.685794e+00 1.000865e+00
16 3.686088e+00 1.013697e+00
17 3.676975e+00 1.018960e+00
18 3.687826e+00 1.016887e+00
19 3.669724e+00 9.998527e-01
20 3.603605e+00 9.146929e-01
21 3.595347e+00 9.310759e-01
22 3.614775e+00 8.914751e-01
23 3.609605e+00 8.907856e-01
24 3.613893e+00 8.860710e-01
25 3.612951e+00 8.601627e-01
26 3.642107e+00 8.482703e-01
27 3.663289e+00 8.424380e-01
28 3.661589e+00 8.411830e-01
29 3.651810e+00 8.376145e-01
30 3.654296e+00 8.484668e-01
31 3.654027e+00 8.668985e-01
32 3.653245e+00 8.753281e-01
33 3.622916e+00 8.740137e-01
34 3.620554e+00 8.747094e-01
35 3.610370e+00 8.653699e-01
36 3.607292e+00 8.685207e-01
37 3.605284e+00 8.663110e-01
38 3.603026e+00 8.706815e-01
39 3.615398e+00 8.585750e-01
40 3.665618e+00 9.283657e-01
41 3.662588e+00 9.287664e-01
42 3.552118e+00 9.453760e-01
43 3.543315e+00 9.432521e-01
44 3.542766e+00 9.401535e-01
45 3.543558e+00 9.417587e-01
46 3.531053e+00 9.373776e-01
47 3.531696e+00 9.420477e-01
48 3.524593e+00 9.466777e-01
49 3.500043e+00 9.445591e-01
50 3.558964e+00 9.260545e-01
51 3.562571e+00 9.287051e-01
52 3.563573e+00 9.277778e-01
53 3.535489e+00 9.192790e-01
54 3.533686e+00 9.092576e-01
55 3.533618e+00 9.510967e-01
56 3.533644e+00 9.511680e-01
57 3.582123e+00 9.437642e-01
58 3.582619e+00 9.625939e-01
59 3.573979e+00 9.732305e-01
60 3.595632e+00 9.709030e-01
61 3.591040e+00 9.726776e-01
62 3.640664e+00 9.531798e-01
63 3.642829e+00 9.182645e-01
64 3.636412e+00 9.193333e-01
65 3.640370e+00 9.251544e-01
66 3.621918e+00 9.278171e-01
67 3.648741e+00 8.969088e-01
68 3.645704e+00 9.348034e-01
69 3.656783e+00 8.855664e-01
70 3.656259e+00 8.465982e-01
71 3.646673e+00 8.525607e-01
72 3.648033e+00 8.708328e-01
73 3.636553e+00 8.971735e-01
74 3.643356e+00 9.006364e-01
75 3.592213e+00 9.706690e-01
76 3.583096e+00 9.760517e-01
77 3.581492e+00 9.729486e-01
78 3.590603e+00 9.715743e-01
79 3.590945e+00 9.728699e-01
80 3.592411e+00 9.719010e-01
81 3.586962e+00 9.899755e-01
82 3.588967e+00 9.920352e-01
83 3.588836e+00 9.910981e-01
84 3.588433e+00 9.871499e-01
85 3.584631e+00 9.892997e-01
86 3.595284e+00 9.916733e-01
87 3.597906e+00 9.959981e-01
88 3.596644e+00 9.935483e-01
89 3.598104e+00 9.905239e-01
90 3.577485e+00 1.025598e+00
91 3.610667e+00 1.054318e+00
92 3.672150e+00 1.016757e+00
93 3.684240e+00 1.014339e+00
94 3.657065e+00 1.005119e+00
95 3.663504e+00 1.002715e+00
96 3.669993e+00 9.817762e-01
97 3.682276e+00 9.755262e-01
98 3.671041e+00 9.624508e-01
99 3.679616e+00 9.540050e-01
100 3.676024e+00 9.497714e-01
101 3.673854e+00 9.772538e-01
102 3.667092e+00 9.743417e-01
103 3.665954e+00 9.733172e-01
104 3.674928e+00 9.788653e-01
105 3.692401e+00 1.006743e+00
106 3.709147e+00 9.755230e-01
107 3.711092e+00 9.743364e-01
108 3.708534e+00 9.778864e-01
109 3.708300e+00 9.797048e-01
110 3.706388e+00 9.737838e-01
111 3.771484e+00 8.581057e-01
112 3.775358e+00 8.609074e-01
113 3.772342e+00 8.609319e-01
114 3.771559e+00 8.555680e-01
115 3.769711e+00 8.535649e-01
116 3.781509e+00 8.170574e-01
117 3.786854e+00 7.908094e-01
118 3.791124e+00 7.919060e-01
119 3.809452e+00 7.955956e-01
120 3.811155e+00 7.862500e-01
121 3.830896e+00 7.956452e-01
122 3.824945e+00 7.669517e-01
123 3.820253e+00 7.724044e-01
124 3.818607e+00 7.784122e-01
125 3.821691e+00 7.927033e-01
126 3.784328e+00 7.633489e-01
127 3.759441e+00 7.540883e-01
128 3.745251e+00 7.472118e-01
129 3.761151e+00 7.798588e-01
130 3.760763e+00 7.765755e-01
131 3.766483e+00 7.877616e-01
132 3.758922e+00 7.403859e-01
133 3.769692e+00 7.396492e-01
134 3.748874e+00 7.052404e-01
135 3.746613e+00 6.911405e-01
136 3.746711e+00 7.047233e-01
137 3.755051e+00 7.436688e-01
138 3.765332e+00 7.424081e-01
139 3.761224e+00 7.534436e-01
140 3.781396e+00 7.073760e-01
141 3.781972e+00 7.112031e-01
142 3.779053e+00 7.270814e-01
143 3.779117e+00 7.283981e-01
144 3.844921e+00 7.041986e-01
145 3.831391e+00 7.101302e-01
146 3.837959e+00 7.107100e-01
147 3.831791e+00 6.887368e-01
148 3.847348e+00 7.098249e-01
149 3.851751e+00 7.040084e-01
150 3.873216e+00 6.632166e-01
151 3.856545e+00 6.586118e-01
152 3.861720e+00 6.678734e-01
153 3.860085e+00 6.645245e-01
154 3.863699e+00 6.622031e-01
155 3.851698e+00 6.731873e-01
156 3.857163e+00 6.696136e-01
157 3.841854e+00 6.904403e-01
158 3.821220e+00 7.084544e-01
159 3.822483e+00 7.075174e-01
160 3.823488e+00 7.046149e-01
161 3.809894e+00 7.012295e-01
162 3.789257e+00 6.643615e-01
163 3.785563e+00 6.632222e-01
164 3.757322e+00 6.758014e-01
165 3.738232e+00 6.007941e-01
166 3.758536e+00 6.851337e-01
167 3.757486e+00 6.858567e-01
168 3.753284e+00 6.960106e-01
169 3.743712e+00 6.919869e-01
170 3.770663e+00 7.235356e-01
171 3.771124e+00 7.213719e-01
172 3.809057e+00 7.168177e-01
173 3.791175e+00 7.356344e-01
174 3.789467e+00 7.010396e-01
175 3.812557e+00 7.516561e-01
176 3.809166e+00 7.403241e-01
177 3.758075e+00 7.647653e-01
178 3.775367e+00 7.652292e-01
179 3.771876e+00 7.573625e-01
180 3.769128e+00 7.644036e-01
181 3.796882e+00 8.226583e-01
182 3.798851e+00 8.165452e-01
183 3.772790e+00 8.346939e-01
184 3.775773e+00 8.340321e-01
185 3.775490e+00 8.424893e-01
186 3.772343e+00 8.307052e-01
187 3.768426e+00 8.141948e-01
188 3.771502e+00 8.137105e-01
189 3.769736e+00 8.112164e-01
190 3.812873e+00 8.016074e-01
191 3.904858e+00 7.866175e-01
192 3.914511e+00 7.866443e-01
193 3.899179e+00 7.911850e-01
194 3.890515e+00 8.112902e-01
195 3.890598e+00 8.185920e-01
196 3.883148e+00 8.200906e-01
197 3.887426e+00 8.224128e-01
198 3.885683e+00 8.296182e-01
199 3.905688e+00 8.279076e-01
200 3.881674e+00 8.926708e-01
201 3.885340e+00 8.744289e-01
202 3.883750e+00 8.713569e-01
203 3.907073e+00 8.747103e-01
204 3.897095e+00 8.706877e-01
205 3.897031e+00 8.750158e-01
206 3.897510e+00 8.729123e-01
207 3.890723e+00 9.150099e-01
208 3.901114e+00 9.077431e-01
209 3.900313e+00 9.077386e-01
210 3.899317e+00 9.081630e-01
211 3.817893e+00 9.343745e-01
212 3.806011e+00 9.341795e-01
213 3.823204e+00 9.113847e-01
214 3.822346e+00 9.118209e-01
215 3.814236e+00 8.914469e-01
216 3.811560e+00 9.241495e-01
217 3.811597e+00 9.240662e-01
218 3.807718e+00 8.922344e-01
219 3.771052e+00 8.803735e-01
220 3.772569e+00 8.797742e-01
221 3.772997e+00 8.778929e-01
222 3.743502e+00 8.739160e-01
223 3.748394e+00 8.709702e-01
224 3.748316e+00 8.743239e-01
225 3.777980e+00 8.736345e-01
226 3.767377e+00 8.673320e-01
227 3.762718e+00 8.691298e-01
228 3.760131e+00 8.625865e-01
229 3.799602e+00 8.608833e-01
230 3.799545e+00 8.494756e-01
231 3.824547e+00 8.405008e-01
232 3.816529e+00 8.539320e-01
233 3.836063e+00 8.108947e-01
234 3.833899e+00 8.126590e-01
235 3.831480e+00 8.096848e-01
236 3.831264e+00 8.046622e-01
237 3.829322e+00 8.042146e-01
238 3.837906e+00 8.369783e-01
239 3.827449e+00 8.318335e-01
240 3.822065e+00 8.308352e-01
241 3.821107e+00 8.344894e-01
242 3.827868e+00 8.340272e-01
243 3.824714e+00 8.309385e-01
244 3.835332e+00 8.422181e-01
245 3.844036e+00 8.407427e-01
246 3.844161e+00 8.422614e-01
247 3.818214e+00 8.501019e-01
248 3.843510e+00 8.314862e-01
249 3.843644e+00 8.305981e-01
250 3.851014e+00 8.490984e-01
251 3.832605e+00 8.682250e-01
252 3.802071e+00 8.633358e-01
253 3.796398e+00 8.737839e-01
254 3.873163e+00 8.171313e-01
255 3.852432e+00 7.937897e-01
256 3.845394e+00 7.908848e-01
257 3.852604e+00 7.868991e-01
258 3.858730e+00 7.644820e-01
259 3.889250e+00 7.422958e-01
260 3.887021e+00 7.289506e-01
261 3.894111e+00 7.443570e-01
262 3.886182e+00 7.532671e-01
263 3.882080e+00 7.493230e-01
264 3.872010e+00 7.510352e-01
265 3.878337e+00 7.558613e-01
266 3.873559e+00 7.583469e-01
267 3.886521e+00 7.543205e-01
268 3.861241e+00 7.850660e-01
269 3.848967e+00 7.670065e-01
270 3.838019e+00 7.584886e-01
271 3.812604e+00 7.995270e-01
272 3.787546e+00 8.013240e-01
273 3.788002e+00 8.118749e-01
274 3.788326e+00 8.035738e-01
275 3.774112e+00 8.190830e-01
276 3.758408e+00 8.185026e-01
277 3.753117e+00 8.250194e-01
278 3.757892e+00 8.278045e-01
279 3.721851e+00 8.105751e-01
280 3.717263e+00 8.114965e-01
281 3.718597e+00 8.139152e-01
282 3.732194e+00 8.075198e-01
283 3.736319e+00 7.997647e-01
284 3.756173e+00 8.032715e-01
285 3.735271e+00 7.970525e-01
286 3.726667e+00 8.016062e-01
287 3.727432e+00 7.852135e-01
288 3.716783e+00 7.915397e-01
289 3.720135e+00 7.908162e-01
290 3.720944e+00 8.018833e-01
291 3.729256e+00 7.992215e-01
292 3.763864e+00 7.261023e-01
293 3.784105e+00 7.314693e-01
294 3.785731e+00 7.357380e-01
295 3.801913e+00 7.908558e-01
296 3.816322e+00 7.807531e-01
297 3.830206e+00 7.735659e-01
298 3.797940e+00 7.980277e-01
299 3.848858e+00 7.890938e-01
300 3.844411e+00 8.004257e-01
301 3.842801e+00 7.943449e-01
302 3.841005e+00 8.002321e-01
303 3.853707e+00 8.083940e-01
304 3.843608e+00 8.342237e-01
305 3.850351e+00 8.357921e-01
306 3.857171e+00 8.340766e-01
307 3.854747e+00 8.345161e-01
308 3.868208e+00 8.148735e-01
309 3.859695e+00 8.144855e-01
310 3.857949e+00 8.125540e-01
311 3.858591e+00 8.116529e-01
312 3.854616e+00 8.090877e-01
313 3.855813e+00 8.117805e-01
314 3.836330e+00 7.367999e-01
315 3.843424e+00 7.291095e-01
316 3.854606e+00 7.168413e-01
317 3.840815e+00 7.256563e-01
318 3.883130e+00 7.152091e-01
319 3.883381e+00 7.134251e-01
320 3.875175e+00 7.059790e-01
321 3.874770e+00 7.061982e-01
322 3.882645e+00 7.093555e-01
323 3.874693e+00 6.947392e-01
324 3.880940e+00 6.934415e-01
325 3.878752e+00 6.792808e-01
326 3.881607e+00 6.871020e-01
327 3.908523e+00 6.792498e-01
328 3.901230e+00 6.978273e-01
329 3.923516e+00 7.027478e-01
330 3.930129e+00 6.913538e-01
331 3.928347e+00 6.873595e-01
332 3.934148e+00 7.409617e-01
333 3.921458e+00 7.300260e-01
334 3.921274e+00 7.299934e-01
335 3.930635e+00 7.226781e-01
336 3.993135e+00 7.656232e-01
337 3.992433e+00 7.735830e-01
338 4.008040e+00 7.659834e-01
339 4.004725e+00 7.605686e-01
340 3.923058e+00 7.611509e-01
341 3.938953e+00 7.214092e-01
342 3.945747e+00 7.276814e-01
343 3.943370e+00 7.301264e-01
344 3.942033e+00 7.307703e-01
345 3.947711e+00 7.244225e-01
346 3.942779e+00 6.828440e-01
347 3.955747e+00 6.970419e-01
348 3.934472e+00 7.158013e-01
349 3.961969e+00 6.891486e-01
350 3.962077e+00 6.913441e-01
351 3.930076e+00 7.013606e-01
352 3.918950e+00 7.126710e-01
353 3.930273e+00 7.063491e-01
354 3.925716e+00 7.150555e-01
355 3.924107e+00 7.178212e-01
356 3.924135e+00 7.209420e-01
357 3.875048e+00 7.273363e-01
358 3.875998e+00 7.282976e-01
359 3.863784e+00 6.997552e-01
360 3.863623e+00 6.997321e-01
361 3.817794e+00 6.907091e-01
362 3.822694e+00 6.789516e-01
363 3.814453e+00 6.769538e-01
364 3.812865e+00 6.776729e-01
365 3.802281e+00 6.777112e-01
366 3.810089e+00 6.719117e-01
367 3.818915e+00 6.652622e-01
368 3.817657e+00 6.534994e-01
369 3.813766e+00 6.579150e-01
370 3.813708e+00 6.580810e-01
371 3.816062e+00 6.634340e-01
372 3.807267e+00 6.671853e-01
373 3.864079e+00 6.722069e-01
374 3.840608e+00 7.068733e-01
375 3.844689e+00 7.104543e-01
376 3.844560e+00 7.104959e-01
377 3.850788e+00 7.177181e-01
378 3.824912e+00 7.307866e-01
379 3.748011e+00 6.903959e-01
380 3.748976e+00 6.895811e-01
381 3.738642e+00 6.955262e-01
382 3.720230e+00 7.068629e-01
383 3.716267e+00 7.064285e-01
384 3.698889e+00 6.913546e-01
385 3.687069e+00 6.914819e-01
386 3.683857e+00 6.945491e-01
387 3.695709e+00 7.039754e-01
388 3.689959e+00 7.056733e-01
389 3.697644e+00 7.579066e-01
390 3.684772e+00 7.392159e-01
391 3.682622e+00 7.393680e-01
392 3.676216e+00 7.436608e-01
393 3.700713e+00 7.383495e-01
394 3.722120e+00 7.169297e-01
395 3.723602e+00 7.248821e-01
396 3.731820e+00 7.273704e-01
397 3.722401e+00 7.382397e-01
398 3.735810e+00 7.431671e-01
399 3.740690e+00 7.478979e-01
400 3.740603e+00 7.480350e-01
401 3.740811e+00 7.474481e-01
402 3.722603e+00 7.446257e-01
403 3.676904e+00 7.051433e-01
404 3.711653e+00 7.013059e-01
405 3.719356e+00 6.976575e-01
406 3.739699e+00 6.889065e-01
407 3.744703e+00 6.637176e-01
408 3.718610e+00 6.723112e-01
409 3.761850e+00 6.790076e-01
410 3.725952e+00 6.828831e-01
411 3.706058e+00 7.053136e-01
412 3.709067e+00 7.043941e-01
413 3.711299e+00 6.918757e-01
414 3.715364e+00 6.865244e-01
415 3.703844e+00 6.824480e-01
416 3.644432e+00 6.533435e-01
417 3.660462e+00 6.429260e-01
418 3.653748e+00 6.461988e-01
419 3.671083e+00 6.457550e-01
420 3.684631e+00 6.406308e-01
421 3.667144e+00 6.520573e-01
422 3.663560e+00 6.144438e-01
423 3.662415e+00 6.097058e-01
424 3.668286e+00 6.097154e-01
425 3.668178e+00 6.091753e-01
426 3.670970e+00 6.151430e-01
427 3.665200e+00 6.065508e-01
428 3.656356e+00 6.080176e-01
429 3.693673e+00 6.000153e-01
430 3.686065e+00 5.915601e-01
431 3.683021e+00 5.914021e-01
432 3.694857e+00 5.896136e-01
433 3.676633e+00 5.891281e-01
434 3.673712e+00 5.884177e-01
435 3.674876e+00 5.879074e-01
436 3.696164e+00 5.298420e-01
437 3.666792e+00 5.519085e-01
438 3.675331e+00 5.376151e-01
439 3.681419e+00 5.341909e-01
440 3.696378e+00 4.976878e-01
441 3.768193e+00 6.141288e-01
442 3.782802e+00 6.307825e-01
443 3.788449e+00 6.307216e-01
444 3.799326e+00 6.284131e-01
445 3.800174e+00 6.285154e-01
446 3.800724e+00 6.494942e-01
447 3.804190e+00 6.563472e-01
448 3.798881e+00 6.513862e-01
449 3.807288e+00 6.653970e-01
450 3.805962e+00 6.663641e-01
451 3.806388e+00 6.664803e-01
452 3.806351e+00 6.631746e-01
453 3.826980e+00 6.722483e-01
454 3.828227e+00 6.926737e-01
455 3.831904e+00 7.016625e-01
456 3.837554e+00 6.982855e-01
457 3.778563e+00 6.487360e-01
458 3.816672e+00 6.265948e-01
459 3.816204e+00 6.311281e-01
460 3.821396e+00 6.325581e-01
461 3.856854e+00 6.285123e-01
462 3.848990e+00 6.318461e-01
463 3.851474e+00 6.390638e-01
464 3.843308e+00 6.338138e-01
465 3.833805e+00 6.323657e-01
466 3.835503e+00 6.198448e-01
467 3.862755e+00 5.858296e-01
468 3.872818e+00 5.996165e-01
469 3.817257e+00 6.003314e-01
470 3.832801e+00 6.068409e-01
471 3.831482e+00 6.220453e-01
472 3.866237e+00 6.288144e-01
473 3.852514e+00 6.262809e-01
474 3.842632e+00 6.015361e-01
475 3.841663e+00 5.986884e-01
476 3.865458e+00 5.876366e-01
477 3.872040e+00 5.534321e-01
478 3.918594e+00 5.101515e-01
479 3.914879e+00 5.116607e-01
480 3.903170e+00 5.305877e-01
481 3.891808e+00 5.458125e-01
482 3.900465e+00 5.473883e-01
483 3.902854e+00 5.281060e-01
484 3.920287e+00 5.217975e-01
485 3.923620e+00 5.293675e-01
486 3.927043e+00 5.234434e-01
487 3.922305e+00 5.050307e-01
488 3.924290e+00 5.046105e-01
489 3.926746e+00 4.911098e-01
490 3.937813e+00 4.878059e-01
491 3.917699e+00 4.900336e-01
492 3.935338e+00 4.827178e-01
493 3.931886e+00 4.853019e-01
494 3.943764e+00 4.744508e-01
495 3.945337e+00 4.752802e-01
496 3.949998e+00 5.175397e-01
497 3.965571e+00 5.167115e-01
498 3.955717e+00 5.298733e-01
499 3.921879e+00 5.567992e-01
500 3.902895e+00 5.978132e-01
501 3.917528e+00 5.990626e-01
502 3.917368e+00 5.984726e-01
503 3.913003e+00 6.046010e-01
504 3.872928e+00 6.114779e-01
505 3.843434e+00 6.221095e-01
506 3.836233e+00 6.409420e-01
507 3.886231e+00 6.544385e-01
508 3.861286e+00 6.536028e-01
509 3.863870e+00 6.468938e-01
510 3.864944e+00 6.535581e-01
511 3.858321e+00 6.531753e-01
512 3.859412e+00 6.517493e-01
513 3.853810e+00 6.384987e-01
514 3.869764e+00 6.903521e-01
515 3.871369e+00 6.888274e-01
516 3.871323e+00 6.910359e-01
517 3.868369e+00 7.123937e-01
518 3.890094e+00 7.270766e-01
519 3.890790e+00 7.158722e-01
520 3.921914e+00 7.325093e-01
521 3.926155e+00 7.140138e-01
522 3.926403e+00 7.070230e-01
523 3.913362e+00 7.069649e-01
524 3.905033e+00 7.159479e-01
525 3.916500e+00 7.350120e-01
526 3.915104e+00 7.315181e-01
527 3.913069e+00 7.305486e-01
528 3.874685e+00 7.306720e-01
529 3.859083e+00 8.043832e-01
530 3.852251e+00 8.007675e-01
531 3.819054e+00 7.399024e-01
532 3.806578e+00 7.471308e-01
533 3.809140e+00 7.502568e-01
534 3.815274e+00 7.643851e-01
535 3.781306e+00 8.108536e-01
536 3.770139e+00 8.192521e-01
537 3.776295e+00 8.043122e-01
538 3.778187e+00 8.048324e-01
539 3.795658e+00 7.801964e-01
540 3.795492e+00 7.806312e-01
541 3.791706e+00 7.475018e-01
542 3.789174e+00 7.254882e-01
543 3.776563e+00 7.188860e-01
544 3.768103e+00 7.239351e-01
545 3.779270e+00 6.975470e-01
546 3.755442e+00 6.885706e-01
547 3.767252e+00 7.225314e-01
548 3.767940e+00 7.220579e-01
549 3.768429e+00 7.236692e-01
550 3.801264e+00 6.990697e-01
551 3.791124e+00 6.999048e-01
552 3.724962e+00 7.409713e-01
553 3.740096e+00 7.406147e-01
554 3.714332e+00 7.352424e-01
555 3.707112e+00 7.614653e-01
556 3.724659e+00 7.613442e-01
557 3.733249e+00 7.669693e-01
558 3.740799e+00 7.495803e-01
559 3.731518e+00 7.312452e-01
560 3.731642e+00 7.356388e-01
561 3.730070e+00 7.360950e-01
562 3.727997e+00 7.337916e-01
563 3.744223e+00 7.349187e-01
564 3.742872e+00 7.374908e-01
565 3.735162e+00 7.398976e-01
566 3.733352e+00 7.229199e-01
567 3.733787e+00 7.241641e-01
568 3.741934e+00 7.668426e-01
569 3.738235e+00 7.637978e-01
570 3.756748e+00 7.802365e-01
571 3.753977e+00 7.876459e-01
572 3.749073e+00 7.888236e-01
573 3.755990e+00 7.928449e-01
574 3.804095e+00 7.618508e-01
575 3.885573e+00 7.718714e-01
576 3.891159e+00 7.991152e-01
577 3.871566e+00 8.200901e-01
578 3.861739e+00 8.402171e-01
579 3.865361e+00 8.363105e-01
580 3.865327e+00 8.350880e-01
581 3.847950e+00 8.864315e-01
582 3.866928e+00 8.907553e-01
583 3.876119e+00 8.867121e-01
584 3.876375e+00 8.840376e-01
585 3.880665e+00 8.948144e-01
586 3.880107e+00 8.940287e-01
587 3.900497e+00 8.706063e-01
588 3.849467e+00 8.274776e-01
589 3.851245e+00 8.275509e-01
590 3.832269e+00 8.035410e-01
591 3.831934e+00 8.176582e-01
592 3.810029e+00 8.130059e-01
593 3.814712e+00 8.105582e-01
594 3.810110e+00 8.085476e-01
595 3.810217e+00 8.178327e-01
596 3.811381e+00 8.174815e-01
597 3.811874e+00 8.178742e-01
598 3.836738e+00 8.620364e-01
599 3.842544e+00 8.586071e-01
600 3.883996e+00 8.668053e-01
601 3.882377e+00 8.649626e-01
602 3.870944e+00 8.685015e-01
603 3.869142e+00 8.705242e-01
604 3.859601e+00 8.779384e-01
605 3.859459e+00 8.778629e-01
606 3.853937e+00 8.721450e-01
607 3.858108e+00 8.631760e-01
608 3.804243e+00 8.657031e-01
609 3.809228e+00 8.424500e-01
610 3.797809e+00 8.492853e-01
611 3.821874e+00 7.878017e-01
612 3.782430e+00 7.566900e-01
613 3.773214e+00 7.370884e-01
614 3.791374e+00 7.497402e-01
615 3.772252e+00 7.478421e-01
616 3.774342e+00 7.567173e-01
617 3.772804e+00 7.574302e-01
618 3.769783e+00 7.684447e-01
619 3.770098e+00 7.644274e-01
620 3.798201e+00 7.712228e-01
621 3.826612e+00 8.059907e-01
622 3.825583e+00 8.065171e-01
623 3.798874e+00 7.932387e-01
624 3.807226e+00 7.798879e-01
625 3.806065e+00 7.807868e-01
626 3.787516e+00 7.809872e-01
627 3.758698e+00 8.709283e-01
628 3.755593e+00 8.610045e-01
629 3.748232e+00 8.775751e-01
630 3.772321e+00 8.558605e-01
631 3.773588e+00 8.736677e-01
632 3.747260e+00 9.047602e-01
633 3.734395e+00 9.047593e-01
634 3.691010e+00 9.148990e-01
635 3.659620e+00 9.514213e-01
636 3.687912e+00 9.257928e-01
637 3.679668e+00 9.169080e-01
638 3.668532e+00 8.892935e-01
639 3.668708e+00 8.904988e-01
640 3.671912e+00 8.842915e-01
641 3.670272e+00 8.870490e-01
642 3.670328e+00 8.867763e-01
643 3.641114e+00 9.095339e-01
644 3.642778e+00 9.083848e-01
645 3.656771e+00 8.803246e-01
646 3.656715e+00 8.802886e-01
647 3.656473e+00 8.713154e-01
648 3.671183e+00 8.711106e-01
649 3.671676e+00 8.722975e-01
650 3.660252e+00 8.870132e-01
651 3.664224e+00 8.805394e-01
652 3.662892e+00 8.830983e-01
653 3.663594e+00 8.803680e-01
654 3.739091e+00 8.626083e-01
655 3.743586e+00 8.657471e-01
656 3.678456e+00 8.633553e-01
657 3.690848e+00 8.672873e-01
658 3.690880e+00 8.673119e-01
659 3.694072e+00 8.670557e-01
660 3.694491e+00 8.690277e-01
661 3.749435e+00 8.875225e-01
662 3.775155e+00 9.057633e-01
663 3.763065e+00 9.091500e-01
664 3.765655e+00 9.172586e-01
665 3.766489e+00 9.163718e-01
666 3.770893e+00 9.187070e-01
667 3.785088e+00 9.098580e-01
668 3.769829e+00 9.300350e-01
669 3.788509e+00 9.526475e-01
670 3.787881e+00 9.519300e-01
671 3.773806e+00 9.234183e-01
672 3.773104e+00 9.069736e-01
673 3.760079e+00 9.103093e-01
674 3.772490e+00 9.105346e-01
675 3.759688e+00 9.185259e-01
676 3.756682e+00 9.184144e-01
677 3.737376e+00 9.274679e-01
678 3.735431e+00 9.313304e-01
679 3.738848e+00 9.462798e-01
680 3.738064e+00 9.448414e-01
681 3.721530e+00 8.962173e-01
682 3.719008e+00 8.939519e-01
683 3.719198e+00 9.227508e-01
684 3.732910e+00 9.471144e-01
685 3.738252e+00 9.668726e-01
686 3.712753e+00 9.574692e-01
687 3.693820e+00 9.547924e-01
688 3.691886e+00 9.554374e-01
689 3.700029e+00 9.536398e-01
690 3.696151e+00 9.612229e-01
691 3.719274e+00 9.805833e-01
692 3.707590e+00 9.935485e-01
693 3.731113e+00 9.946985e-01
694 3.722937e+00 1.004250e+00
695 3.690198e+00 1.000753e+00
696 3.689860e+00 1.005804e+00
697 3.709407e+00 1.000935e+00
698 3.780715e+00 1.011199e+00
699 3.822835e+00 1.019726e+00
700 3.812650e+00 1.024610e+00
701 3.804684e+00 1.024383e+00
702 3.811357e+00 1.009195e+00
703 3.823283e+00 1.005567e+00
704 3.815603e+00 1.003733e+00
705 3.759349e+00 1.162665e+00
706 3.764769e+00 1.168052e+00
707 3.764392e+00 1.224430e+00
708 3.780462e+00 1.199366e+00
709 3.740751e+00 1.200452e+00
710 3.751465e+00 1.202296e+00
711 3.772746e+00 1.153847e+00
712 3.727722e+00 1.158274e+00
713 3.676250e+00 1.125587e+00
714 3.691192e+00 1.143374e+00
715 3.689632e+00 1.133466e+00
716 3.687346e+00 1.132405e+00
717 3.690716e+00 1.065878e+00
718 3.694837e+00 1.074960e+00
719 3.707152e+00 1.080977e+00
720 3.707682e+00 1.081405e+00
721 3.708072e+00 1.080385e+00
722 3.706955e+00 1.082150e+00
723 3.710703e+00 1.047620e+00
724 3.702876e+00 1.048626e+00
725 3.746543e+00 9.485929e-01
726 3.735539e+00 9.784825e-01
727 3.723748e+00 9.895570e-01
728 3.675274e+00 9.912148e-01
729 3.674642e+00 9.944911e-01
730 3.664998e+00 1.006292e+00
731 3.664402e+00 1.006147e+00
732 3.664053e+00 1.003611e+00
733 3.670303e+00 9.991418e-01
734 3.641881e+00 9.150698e-01
735 3.635866e+00 9.105662e-01
736 3.631456e+00 9.168644e-01
737 3.604337e+00 9.115395e-01
738 3.604381e+00 9.109606e-01
739 3.597362e+00 9.195993e-01
740 3.596106e+00 9.477951e-01
741 3.587548e+00 9.358666e-01
742 3.588276e+00 9.412366e-01
743 3.589044e+00 9.464843e-01
744 3.609224e+00 9.509385e-01
745 3.609098e+00 9.230972e-01
746 3.629329e+00 9.129326e-01
747 3.634239e+00 9.153386e-01
748 3.636642e+00 8.976231e-01
749 3.634419e+00 9.030322e-01
750 3.663602e+00 8.913483e-01
751 3.664800e+00 8.916167e-01
752 3.659020e+00 8.832528e-01
753 3.659807e+00 8.540966e-01
754 3.661400e+00 8.469825e-01
755 3.687985e+00 8.327748e-01
756 3.688260e+00 8.322597e-01
757 3.684888e+00 8.321968e-01
758 3.680132e+00 8.265287e-01
759 3.678748e+00 8.252290e-01
760 3.680751e+00 8.229006e-01
761 3.663460e+00 8.065993e-01
762 3.662811e+00 8.161191e-01
763 3.647077e+00 7.881865e-01
764 3.648398e+00 7.873693e-01
765 3.648553e+00 7.869696e-01
766 3.633391e+00 7.937826e-01
767 3.632323e+00 7.929948e-01
768 3.621725e+00 7.938337e-01
769 3.618123e+00 7.973838e-01
770 3.607268e+00 8.015440e-01
771 3.628909e+00 7.907672e-01
772 3.620336e+00 7.810692e-01
773 3.620315e+00 7.764863e-01
774 3.618472e+00 7.781558e-01
775 3.596389e+00 7.538030e-01
776 3.596494e+00 7.539496e-01
777 3.581786e+00 7.601698e-01
778 3.582837e+00 7.582770e-01
779 3.584721e+00 7.574463e-01
780 3.581055e+00 7.592270e-01
781 3.623449e+00 7.282772e-01
782 3.622625e+00 7.200348e-01
783 3.608574e+00 7.150838e-01
784 3.582835e+00 7.253413e-01
785 3.578208e+00 7.162780e-01
786 3.579811e+00 7.265572e-01
787 3.590916e+00 8.196964e-01
788 3.578569e+00 8.339468e-01
789 3.595078e+00 8.943928e-01
790 3.526862e+00 9.419549e-01
791 3.525166e+00 9.514207e-01
792 3.515944e+00 9.640311e-01
793 3.514848e+00 9.672555e-01
794 3.516356e+00 9.677342e-01
795 3.533849e+00 9.646682e-01
796 3.583336e+00 9.585756e-01
797 3.591066e+00 9.221359e-01
798 3.588734e+00 9.180937e-01
799 3.585371e+00 9.445769e-01
800 3.594879e+00 9.462044e-01
801 3.618295e+00 9.392661e-01
802 3.643691e+00 1.011310e+00
803 3.651524e+00 9.993182e-01
804 3.651761e+00 1.006931e+00
805 3.644979e+00 9.847633e-01
806 3.645718e+00 1.009636e+00
807 3.644515e+00 1.005398e+00
808 3.664223e+00 1.010299e+00
809 3.660670e+00 1.005023e+00
810 3.653057e+00 9.734182e-01
811 3.666873e+00 9.286653e-01
812 3.669136e+00 9.290223e-01
813 3.667801e+00 9.279485e-01
814 3.669917e+00 9.388770e-01
815 3.665505e+00 9.311438e-01
816 3.658921e+00 9.071876e-01
817 3.650243e+00 9.033684e-01
818 3.671984e+00 8.808938e-01
819 3.690951e+00 8.971198e-01
820 3.675186e+00 8.431923e-01
821 3.694192e+00 8.655712e-01
822 3.647431e+00 8.733287e-01
823 3.687715e+00 8.643264e-01
824 3.694828e+00 9.255725e-01
825 3.683236e+00 9.050052e-01
826 3.682822e+00 9.050767e-01
827 3.679890e+00 9.061909e-01
828 3.686390e+00 8.931178e-01
829 3.684040e+00 8.934149e-01
830 3.677405e+00 8.881792e-01
831 3.672509e+00 8.901757e-01
832 3.664439e+00 8.827307e-01
833 3.668354e+00 8.733488e-01
834 3.653992e+00 8.827006e-01
835 3.654969e+00 8.818268e-01
836 3.672890e+00 8.604059e-01
837 3.663721e+00 8.561263e-01
838 3.619973e+00 8.565709e-01
839 3.625226e+00 8.474488e-01
840 3.607987e+00 8.153711e-01
841 3.609280e+00 8.067728e-01
842 3.619668e+00 7.912395e-01
843 3.618296e+00 8.274123e-01
844 3.617129e+00 8.270018e-01
845 3.614528e+00 8.062055e-01
846 3.635983e+00 8.040222e-01
847 3.631730e+00 8.009444e-01
848 3.593815e+00 7.911252e-01
849 3.594247e+00 7.943956e-01
850 3.592044e+00 7.936107e-01
851 3.634100e+00 8.124598e-01
852 3.628974e+00 8.179534e-01
853 3.631224e+00 8.081432e-01
854 3.623140e+00 8.285664e-01
855 3.623791e+00 8.312988e-01
856 3.611571e+00 8.237381e-01
857 3.633527e+00 7.814037e-01
858 3.636029e+00 8.373531e-01
859 3.636798e+00 8.367752e-01
860 3.658387e+00 8.389279e-01
861 3.674599e+00 8.313512e-01
862 3.667858e+00 8.433870e-01
863 3.681719e+00 8.265216e-01
864 3.672687e+00 8.217244e-01
865 3.672226e+00 8.143484e-01
866 3.679719e+00 8.093718e-01
867 3.681918e+00 8.132246e-01
868 3.685384e+00 8.163700e-01
869 3.701828e+00 8.028503e-01
870 3.692231e+00 7.929214e-01
871 3.650222e+00 7.651415e-01
872 3.649740e+00 7.653640e-01
873 3.644349e+00 7.700000e-01
874 3.640314e+00 7.681463e-01
875 3.636304e+00 7.677837e-01
876 3.630607e+00 7.702314e-01
877 3.634264e+00 7.765717e-01
878 3.668140e+00 7.742068e-01
879 3.660342e+00 7.983090e-01
880 3.668355e+00 8.019773e-01
881 3.671830e+00 8.131042e-01
882 3.679251e+00 8.099922e-01
883 3.679392e+00 8.386223e-01
884 3.677613e+00 8.616395e-01
885 3.661058e+00 8.756434e-01
886 3.674877e+00 8.716523e-01
887 3.679656e+00 8.742134e-01
888 3.690777e+00 8.799412e-01
889 3.670739e+00 8.554785e-01
890 3.671807e+00 8.529106e-01
891 3.629772e+00 8.141465e-01
892 3.638182e+00 8.048216e-01
893 3.666261e+00 8.170550e-01
894 3.653774e+00 8.325931e-01
895 3.662015e+00 8.244553e-01
896 3.671806e+00 8.642988e-01
897 3.688848e+00 8.271227e-01
898 3.688117e+00 8.289473e-01
899 3.692312e+00 8.225265e-01
900 3.708002e+00 8.376083e-01
901 3.704672e+00 8.574898e-01
902 3.751260e+00 8.719293e-01
903 3.739383e+00 8.731635e-01
904 3.791146e+00 8.733841e-01
905 3.790931e+00 8.734692e-01
906 3.797941e+00 8.995049e-01
907 3.833075e+00 9.476110e-01
908 3.830758e+00 9.415569e-01
909 3.833365e+00 9.428413e-01
910 3.832459e+00 9.594777e-01
911 3.835640e+00 9.882294e-01
912 3.842972e+00 9.842634e-01
913 3.848054e+00 9.822016e-01
914 3.863711e+00 9.813042e-01
915 3.863424e+00 9.824429e-01
916 3.846007e+00 9.936767e-01
917 3.827072e+00 9.711196e-01
918 3.825654e+00 9.767742e-01
919 3.879683e+00 9.751752e-01
920 3.905192e+00 9.650449e-01
921 3.916127e+00 9.635496e-01
922 3.905696e+00 9.700628e-01
923 3.907508e+00 9.854288e-01
924 3.904275e+00 9.699355e-01
925 3.842528e+00 9.739169e-01
926 3.837515e+00 9.754731e-01
927 3.836564e+00 9.770879e-01
928 3.807212e+00 9.987872e-01
929 3.806313e+00 9.909992e-01
930 3.800526e+00 9.852766e-01
931 3.801668e+00 9.855467e-01
932 3.801651e+00 9.855851e-01
933 3.801714e+00 9.874733e-01
934 3.794947e+00 9.883974e-01
935 3.805609e+00 9.806294e-01
936 3.791274e+00 9.801650e-01
937 3.760325e+00 9.594795e-01
938 3.761369e+00 9.648421e-01
939 3.765128e+00 9.683394e-01
940 3.755570e+00 9.785640e-01
941 3.755605e+00 9.779316e-01
942 3.776890e+00 9.309407e-01
943 3.739377e+00 9.522649e-01
944 3.740478e+00 9.517690e-01
945 3.741367e+00 9.684728e-01
946 3.738110e+00 9.541959e-01
947 3.735931e+00 9.566817e-01
948 3.739009e+00 9.554991e-01
949 3.733133e+00 9.473675e-01
950 3.686925e+00 9.391976e-01
951 3.697153e+00 9.292245e-01
952 3.695665e+00 9.362671e-01
953 3.698752e+00 9.456351e-01
954 3.697722e+00 9.476644e-01
955 3.702102e+00 9.407403e-01
956 3.647414e+00 9.449612e-01
957 3.597187e+00 9.428202e-01
958 3.596056e+00 9.397264e-01
959 3.596384e+00 9.017231e-01
960 3.591075e+00 9.047669e-01
961 3.575118e+00 9.385292e-01
962 3.583779e+00 9.433331e-01
963 3.606812e+00 9.520067e-01
964 3.604492e+00 9.507371e-01
965 3.592463e+00 9.833168e-01
966 3.575658e+00 9.754056e-01
967 3.565850e+00 9.870589e-01
968 3.586683e+00 9.726466e-01
969 3.592835e+00 9.634621e-01
970 3.574994e+00 9.502285e-01
971 3.582034e+00 9.511238e-01
972 3.585379e+00 9.651708e-01
973 3.606548e+00 9.316310e-01
974 3.616030e+00 9.226798e-01
975 3.615573e+00 9.201809e-01
976 3.638529e+00 9.358549e-01
977 3.705404e+00 9.096332e-01
978 3.705721e+00 9.098646e-01
979 3.672365e+00 9.056863e-01
980 3.672281e+00 9.058266e-01
981 3.679704e+00 9.186369e-01
982 3.681710e+00 9.183248e-01
983 3.669670e+00 9.207235e-01
984 3.666608e+00 9.190003e-01
985 3.745308e+00 8.628920e-01
986 3.744133e+00 8.634464e-01
987 3.742000e+00 8.647908e-01
988 3.714764e+00 8.688850e-01
989 3.701382e+00 8.795927e-01
990 3.702532e+00 8.752313e-01
991 3.686275e+00 7.668453e-01
992 3.694074e+00 7.680557e-01
993 3.685777e+00 7.752242e-01
994 3.693102e+00 8.742182e-01
995 3.698050e+00 8.653292e-01
996 3.672912e+00 8.462254e-01
997 3.657126e+00 8.920889e-01
998 3.659254e+00 8.810580e-01
999 3.662792e+00 8.808313e-01
1000 3.634329e+00 8.502086e-01
1001 3.630625e+00 8.533222e-01
1002 3.595103e+00 8.408885e-01
1003 3.583484e+00 8.327738e-01
1004 3.582135e+00 8.319718e-01
1005 3.575771e+00 8.248779e-01
1006 3.573898e+00 8.331316e-01
1007 3.552484e+00 8.500072e-01
1008 3.553090e+00 8.431905e-01
1009 3.567168e+00 8.153482e-01
1010 3.543073e+00 8.450846e-01
1011 3.544933e+00 8.736105e-01
1012 3.546435e+00 8.723899e-01
1013 3.547663e+00 8.725695e-01
1014 3.552628e+00 8.733429e-01
1015 3.589525e+00 8.614104e-01
1016 3.583818e+00 8.632158e-01
1017 3.587314e+00 8.610868e-01
1018 3.596344e+00 8.596374e-01
1019 3.592866e+00 8.619581e-01
1020 3.577722e+00 8.720945e-01
1021 3.581439e+00 8.700688e-01
1022 3.573055e+00 8.599275e-01
1023 3.534628e+00 8.285915e-01
1024 3.537237e+00 8.174265e-01
1025 3.537327e+00 8.042519e-01
1026 3.525564e+00 8.275834e-01
1027 3.525319e+00 8.273960e-01
1028 3.519626e+00 8.278689e-01
1029 3.541905e+00 8.268894e-01
1030 3.529801e+00 8.268996e-01
1031 3.532176e+00 8.546132e-01
1032 3.482192e+00 8.583210e-01
1033 3.481580e+00 8.228368e-01
1034 3.480983e+00 8.233890e-01
1035 3.441030e+00 8.229665e-01
1036 3.405781e+00 7.779072e-01
1037 3.421604e+00 7.398468e-01
1038 3.436648e+00 7.797364e-01
1039 3.453293e+00 7.601646e-01
1040 3.466048e+00 7.707647e-01
1041 3.467338e+00 7.681031e-01
1042 3.450467e+00 7.835074e-01
1043 3.442554e+00 8.494808e-01
1044 3.434409e+00 8.507611e-01
1045 3.436814e+00 8.479050e-01
1046 3.429908e+00 8.524268e-01
1047 3.433365e+00 8.384181e-01
1048 3.433257e+00 8.382358e-01
1049 3.427325e+00 8.368761e-01
1050 3.425543e+00 8.353641e-01
1051 3.421302e+00 8.276367e-01
1052 3.416521e+00 7.987893e-01
1053 3.423988e+00 8.073440e-01
1054 3.432042e+00 8.174237e-01
1055 3.380615e+00 8.487912e-01
1056 3.321682e+00 7.604783e-01
1057 3.315703e+00 7.582095e-01
1058 3.318174e+00 7.537122e-01
1059 3.350148e+00 7.266260e-01
1060 3.337501e+00 7.168324e-01
1061 3.345122e+00 7.105519e-01
1062 3.319118e+00 7.231616e-01
1063 3.319310e+00 7.229277e-01
1064 3.321081e+00 7.152873e-01
1065 3.322609e+00 7.168674e-01
1066 3.317846e+00 7.098940e-01
1067 3.314477e+00 7.199505e-01
1068 3.315302e+00 7.096553e-01
1069 3.309734e+00 7.263374e-01
1070 3.313085e+00 7.266018e-01
1071 3.318823e+00 6.773788e-01
1072 3.327564e+00 6.605237e-01
1073 3.307309e+00 6.699050e-01
1074 3.290262e+00 6.730152e-01
1075 3.280750e+00 6.510874e-01
1076 3.268329e+00 6.511417e-01
1077 3.276317e+00 6.561113e-01
1078 3.265395e+00 6.239258e-01
1079 3.287302e+00 5.894892e-01
1080 3.269720e+00 5.994346e-01
1081 3.276622e+00 6.011631e-01
1082 3.274983e+00 5.976337e-01
1083 3.253961e+00 5.895550e-01
1084 3.255562e+00 5.916737e-01
1085 3.253070e+00 5.940335e-01
1086 3.248183e+00 6.371442e-01
1087 3.316903e+00 6.290110e-01
1088 3.332375e+00 5.847378e-01
1089 3.375476e+00 5.059260e-01
1090 3.374406e+00 5.073056e-01
1091 3.372454e+00 5.043868e-01
1092 3.367617e+00 4.812661e-01
1093 3.349657e+00 5.062628e-01
1094 3.362362e+00 5.449986e-01
1095 3.366077e+00 5.502419e-01
1096 3.362969e+00 5.160293e-01
1097 3.407466e+00 5.290615e-01
1098 3.382856e+00 5.073747e-01
1099 3.382246e+00 4.992052e-01
1100 3.387223e+00 5.152493e-01
1101 3.351157e+00 5.334037e-01
1102 3.348463e+00 5.314491e-01
1103 3.348418e+00 5.321324e-01
1104 3.361224e+00 5.389978e-01
1105 3.359627e+00 5.401393e-01
1106 3.357057e+00 5.481336e-01
1107 3.358723e+00 5.561467e-01
1108 3.365090e+00 5.661979e-01
1109 3.373719e+00 5.717190e-01
1110 3.399449e+00 5.818928e-01
1111 3.393745e+00 5.627044e-01
1112 3.396735e+00 5.584214e-01
1113 3.389884e+00 5.633079e-01
1114 3.388036e+00 5.364735e-01
1115 3.363547e+00 5.842372e-01
1116 3.333859e+00 5.914647e-01
1117 3.282142e+00 5.698978e-01
1118 3.278723e+00 5.737396e-01
1119 3.259150e+00 5.876600e-01
1120 3.246862e+00 5.547190e-01
1121 3.243628e+00 5.751913e-01
1122 3.238858e+00 5.597087e-01
1123 3.239245e+00 5.581349e-01
1124 3.233540e+00 5.687942e-01
1125 3.238003e+00 5.656471e-01
1126 3.237232e+00 5.786618e-01
1127 3.226002e+00 5.849248e-01
1128 3.255812e+00 6.035221e-01
1129 3.264237e+00 6.251783e-01
1130 3.267579e+00 6.192934e-01
1131 3.270525e+00 6.547352e-01
1132 3.280951e+00 6.571146e-01
1133 3.280216e+00 6.588382e-01
1134 3.270116e+00 6.329499e-01
1135 3.261836e+00 6.312828e-01
1136 3.261714e+00 6.307714e-01
1137 3.256527e+00 6.222121e-01
1138 3.266852e+00 6.339712e-01
1139 3.287323e+00 5.913038e-01
1140 3.313340e+00 5.776065e-01
1141 3.303039e+00 5.497402e-01
1142 3.303026e+00 5.516891e-01
1143 3.301334e+00 5.550857e-01
1144 3.306150e+00 5.380160e-01
1145 3.303186e+00 5.462546e-01
1146 3.295244e+00 5.578616e-01
1147 3.297021e+00 5.157392e-01
1148 3.283485e+00 5.091643e-01
1149 3.280379e+00 5.008718e-01
1150 3.279947e+00 4.974004e-01
1151 3.263907e+00 4.678657e-01
1152 3.260017e+00 4.701609e-01
1153 3.246365e+00 4.910342e-01
1154 3.259764e+00 5.708539e-01
1155 3.263551e+00 5.393420e-01
1156 3.217780e+00 6.873878e-01
1157 3.234192e+00 6.639973e-01
1158 3.234711e+00 6.639643e-01
1159 3.218420e+00 6.068037e-01
1160 3.239466e+00 6.110808e-01
1161 3.204670e+00 6.000808e-01
1162 3.206068e+00 6.012684e-01
1163 3.193457e+00 5.801042e-01
1164 3.186058e+00 5.955566e-01
1165 3.179222e+00 5.935636e-01
1166 3.170065e+00 5.876572e-01
1167 3.167921e+00 5.858606e-01
1168 3.151849e+00 5.267683e-01
1169 3.112065e+00 5.242419e-01
1170 3.108987e+00 5.318278e-01
1171 3.099219e+00 5.320285e-01
1172 3.098812e+00 5.414421e-01
1173 3.101423e+00 5.388717e-01
1174 3.113361e+00 5.265242e-01
1175 3.125195e+00 5.077692e-01
1176 3.138665e+00 4.807857e-01
1177 3.106142e+00 5.120484e-01
1178 3.126833e+00 5.255705e-01
1179 3.131680e+00 5.272490e-01
1180 3.153718e+00 4.508005e-01
1181 3.153328e+00 4.502945e-01
1182 3.138180e+00 4.593827e-01
1183 3.116431e+00 4.413361e-01
1184 3.106204e+00 5.658381e-01
1185 3.092889e+00 5.636274e-01
1186 3.028451e+00 6.032641e-01
1187 3.026816e+00 6.014653e-01
1188 3.025140e+00 5.961891e-01
1189 3.046604e+00 6.087486e-01
1190 3.096589e+00 6.387076e-01
1191 3.105437e+00 5.816716e-01
1192 3.099635e+00 5.928542e-01
1193 3.101925e+00 5.679372e-01
1194 3.097596e+00 5.617065e-01
1195 3.082431e+00 5.859193e-01
1196 3.039458e+00 5.796459e-01
1197 3.058585e+00 5.855775e-01
1198 3.076465e+00 6.014225e-01
1199 3.039672e+00 6.269138e-01
1200 3.044954e+00 6.219156e-01
1201 3.081628e+00 6.282576e-01
1202 3.082043e+00 6.281054e-01
1203 3.063862e+00 6.496728e-01
1204 3.056086e+00 6.422691e-01
1205 3.054450e+00 6.284927e-01
1206 3.060301e+00 6.221983e-01
1207 3.060274e+00 6.221261e-01
1208 3.047735e+00 6.227782e-01
1209 3.041391e+00 6.070676e-01
1210 3.071401e+00 5.810401e-01
1211 3.080664e+00 5.789174e-01
1212 3.068538e+00 5.865829e-01
1213 3.072323e+00 5.961359e-01
1214 3.069031e+00 6.088308e-01
1215 3.076768e+00 6.103443e-01
1216 3.071952e+00 6.083213e-01
1217 3.076761e+00 6.058181e-01
1218 3.076763e+00 5.970946e-01
1219 3.100744e+00 6.347847e-01
1220 3.152894e+00 6.139493e-01
1221 3.154848e+00 6.201721e-01
1222 3.164993e+00 6.422325e-01
1223 3.143642e+00 6.798517e-01
1224 3.125186e+00 6.237202e-01
1225 3.126306e+00 6.112830e-01
1226 3.126167e+00 6.113235e-01
1227 3.116400e+00 6.514666e-01
1228 3.125028e+00 6.719942e-01
1229 3.124944e+00 6.846820e-01
1230 3.126502e+00 6.747518e-01
1231 3.133869e+00 6.738156e-01
1232 3.135738e+00 6.706351e-01
1233 3.136520e+00 6.654651e-01
1234 3.143615e+00 6.605625e-01
1235 3.174801e+00 6.548732e-01
1236 3.166798e+00 6.306063e-01
1237 3.153396e+00 6.033677e-01
1238 3.151412e+00 6.128572e-01
1239 3.161454e+00 6.113257e-01
1240 3.214541e+00 5.464169e-01
1241 3.209518e+00 5.467994e-01
1242 3.203944e+00 5.473967e-01
1243 3.227438e+00 5.917075e-01
1244 3.180609e+00 6.039585e-01
1245 3.180052e+00 6.101496e-01
1246 3.171101e+00 6.199296e-01
1247 3.171152e+00 6.199970e-01
1248 3.171284e+00 6.151028e-01
1249 3.172206e+00 6.153315e-01
1250 3.182632e+00 5.837124e-01
1251 3.180383e+00 5.881650e-01
1252 3.193454e+00 5.977524e-01
1253 3.202630e+00 5.761061e-01
1254 3.200005e+00 5.596176e-01
1255 3.190031e+00 5.590994e-01
1256 3.159785e+00 5.613966e-01
1257 3.146456e+00 5.486220e-01
1258 3.257098e+00 5.302009e-01
1259 3.259064e+00 4.863580e-01
1260 3.279014e+00 4.621817e-01
1261 3.270519e+00 4.631139e-01
1262 3.274092e+00 4.794952e-01
1263 3.315970e+00 5.170906e-01
1264 3.319837e+00 5.247268e-01
1265 3.313992e+00 4.998828e-01
1266 3.330883e+00 5.035266e-01
1267 3.346540e+00 4.908442e-01
1268 3.347104e+00 4.903504e-01
1269 3.368605e+00 4.787503e-01
1270 3.368511e+00 4.984816e-01
1271 3.401371e+00 5.062601e-01
1272 3.401151e+00 5.097747e-01
1273 3.413053e+00 5.476583e-01
1274 3.412708e+00 5.508489e-01
1275 3.446617e+00 5.340554e-01
1276 3.454798e+00 5.024013e-01
1277 3.453404e+00 5.024123e-01
1278 3.450035e+00 5.068378e-01
1279 3.450054e+00 5.076699e-01
1280 3.446178e+00 4.900070e-01
1281 3.453009e+00 4.790642e-01
1282 3.444421e+00 4.759776e-01
1283 3.452871e+00 4.754012e-01
1284 3.417388e+00 4.589827e-01
1285 3.420034e+00 4.625381e-01
1286 3.422304e+00 4.643163e-01
1287 3.421295e+00 4.637436e-01
1288 3.386203e+00 4.575600e-01
1289 3.382811e+00 4.507446e-01
1290 3.397854e+00 4.536777e-01
1291 3.402621e+00 4.527537e-01
1292 3.401476e+00 4.639520e-01
1293 3.387362e+00 4.508764e-01
1294 3.391614e+00 4.481414e-01
1295 3.411163e+00 4.597894e-01
1296 3.437761e+00 4.517921e-01
1297 3.410321e+00 4.735576e-01
1298 3.405567e+00 4.690437e-01
1299 3.404399e+00 4.689036e-01
1300 3.514407e+00 4.823893e-01
1301 3.514443e+00 4.824542e-01
1302 3.512079e+00 5.284485e-01
1303 3.511071e+00 5.302487e-01
1304 3.492959e+00 5.702482e-01
1305 3.488786e+00 5.620117e-01
1306 3.479463e+00 6.029538e-01
1307 3.494897e+00 5.952906e-01
1308 3.473211e+00 6.222525e-01
1309 3.523009e+00 6.193298e-01
1310 3.509721e+00 6.222268e-01
1311 3.504277e+00 6.184789e-01
1312 3.503379e+00 6.197684e-01
1313 3.551213e+00 6.387973e-01
1314 3.566470e+00 6.412269e-01
1315 3.571530e+00 6.344377e-01
1316 3.576476e+00 6.301089e-01
1317 3.599242e+00 6.091470e-01
1318 3.617965e+00 6.127356e-01
1319 3.674958e+00 5.983546e-01
1320 3.674342e+00 6.003999e-01
1321 3.686905e+00 5.916623e-01
1322 3.708344e+00 5.874285e-01
1323 3.711210e+00 5.906445e-01
1324 3.708425e+00 5.703361e-01
1325 3.746891e+00 5.665439e-01
1326 3.773509e+00 5.827556e-01
1327 3.750116e+00 5.173177e-01
1328 3.739793e+00 5.277777e-01
1329 3.725964e+00 5.411825e-01
1330 3.760504e+00 5.713859e-01
1331 3.769573e+00 5.842052e-01
1332 3.742988e+00 6.119750e-01
1333 3.730100e+00 6.035249e-01
1334 3.719784e+00 5.912649e-01
1335 3.680161e+00 5.852807e-01
1336 3.682976e+00 5.968521e-01
1337 3.656876e+00 5.514427e-01
1338 3.643638e+00 5.489403e-01
1339 3.623283e+00 5.548074e-01
1340 3.625123e+00 5.405236e-01
1341 3.620390e+00 5.492904e-01
1342 3.573053e+00 5.496778e-01
1343 3.552368e+00 5.311957e-01
1344 3.501938e+00 5.692642e-01
1345 3.504423e+00 5.407449e-01
1346 3.509897e+00 5.442281e-01
1347 3.499739e+00 5.315620e-01
1348 3.499970e+00 5.312800e-01
1349 3.502972e+00 5.522713e-01
1350 3.525641e+00 5.822211e-01
1351 3.488952e+00 6.069694e-01
1352 3.485239e+00 6.172765e-01
1353 3.458548e+00 6.124070e-01
1354 3.466077e+00 6.154470e-01
1355 3.464791e+00 6.110401e-01
1356 3.475620e+00 5.939834e-01
1357 3.475259e+00 5.939820e-01
1358 3.482463e+00 5.907827e-01
1359 3.458242e+00 5.774520e-01
1360 3.458028e+00 5.253530e-01
1361 3.462758e+00 5.229585e-01
1362 3.463849e+00 5.237120e-01
1363 3.463226e+00 5.252076e-01
1364 3.511343e+00 4.793048e-01
1365 3.514403e+00 4.798993e-01
1366 3.496661e+00 5.145448e-01
1367 3.498493e+00 5.117594e-01
1368 3.504445e+00 5.283600e-01
1369 3.500383e+00 5.258043e-01
1370 3.493568e+00 5.272276e-01
1371 3.494094e+00 5.213343e-01
1372 3.494308e+00 5.214670e-01
1373 3.495152e+00 5.205419e-01
1374 3.509902e+00 5.372408e-01
1375 3.490123e+00 6.131239e-01
1376 3.480669e+00 6.104711e-01
1377 3.483567e+00 6.139978e-01
1378 3.465855e+00 6.027424e-01
1379 3.441032e+00 5.914153e-01
1380 3.480642e+00 5.716321e-01
1381 3.479066e+00 5.826636e-01
1382 3.480597e+00 5.818658e-01
1383 3.467401e+00 5.809403e-01
1384 3.464050e+00 5.338405e-01
1385 3.476876e+00 5.245598e-01
1386 3.480054e+00 5.299911e-01
1387 3.491820e+00 5.200992e-01
1388 3.464719e+00 5.426116e-01
1389 3.472265e+00 5.471490e-01
1390 3.485534e+00 5.489118e-01
1391 3.485302e+00 5.452969e-01
1392 3.454128e+00 4.404421e-01
1393 3.456490e+00 4.392091e-01
1394 3.436094e+00 4.391172e-01
1395 3.426295e+00 4.604713e-01
1396 3.426148e+00 4.603155e-01
1397 3.420873e+00 4.615734e-01
1398 3.423153e+00 4.585023e-01
1399 3.408955e+00 4.282134e-01
1400 3.403882e+00 4.344393e-01
1401 3.395487e+00 4.342235e-01
1402 3.396357e+00 4.325095e-01
1403 3.393267e+00 4.215946e-01
1404 3.401747e+00 4.126441e-01
1405 3.401379e+00 4.419521e-01
1406 3.364800e+00 4.398268e-01
1407 3.365795e+00 4.381010e-01
1408 3.364109e+00 4.289331e-01
1409 3.311017e+00 4.050896e-01
1410 3.307991e+00 3.995250e-01
1411 3.308673e+00 3.995715e-01
1412 3.312681e+00 3.428453e-01
1413 3.309895e+00 3.416516e-01
1414 3.311875e+00 3.276030e-01
1415 3.275584e+00 3.441777e-01
1416 3.273765e+00 3.467049e-01
1417 3.196520e+00 2.872972e-01
1418 3.184434e+00 2.735314e-01
1419 3.105833e+00 3.265200e-01
1420 3.086596e+00 3.225019e-01
1421 3.086087e+00 3.238952e-01
1422 3.091635e+00 3.239014e-01
1423 3.091368e+00 3.243840e-01
1424 3.059018e+00 2.907778e-01
1425 3.060331e+00 2.913486e-01
1426 3.073580e+00 2.990783e-01
1427 3.096873e+00 3.164464e-01
1428 3.027637e+00 2.664628e-01
1429 3.026920e+00 2.632870e-01
1430 2.997743e+00 2.413736e-01
1431 2.978112e+00 2.481468e-01
1432 2.968150e+00 2.343947e-01
1433 2.957455e+00 2.466414e-01
1434 2.954632e+00 2.440028e-01
1435 2.953334e+00 2.427900e-01
1436 2.949731e+00 2.433561e-01
1437 2.957871e+00 2.643927e-01
1438 2.968284e+00 2.658761e-01
1439 2.952010e+00 2.536450e-01
1440 2.947355e+00 2.389911e-01
1441 2.960271e+00 2.310394e-01
1442 2.950593e+00 2.402898e-01
1443 2.933621e+00 2.432260e-01
1444 2.954271e+00 2.672369e-01
1445 3.011790e+00 2.475671e-01
1446 2.998558e+00 2.542021e-01
1447 3.001823e+00 2.502319e-01
1448 2.999050e+00 2.483074e-01
1449 3.008972e+00 2.313205e-01
1450 3.004110e+00 2.321499e-01
1451 2.998277e+00 2.322920e-01
1452 3.013786e+00 3.014939e-01
1453 3.010646e+00 3.271965e-01
1454 3.002891e+00 3.253269e-01
1455 3.002835e+00 3.251360e-01
1456 3.001253e+00 3.265960e-01
1457 2.991151e+00 3.748584e-01
1458 2.994988e+00 3.797526e-01
1459 2.994616e+00 3.814811e-01
1460 2.961421e+00 3.431359e-01
1461 2.956738e+00 3.456510e-01
1462 2.943049e+00 3.771169e-01
1463 2.939645e+00 3.705648e-01
1464 2.945806e+00 3.779495e-01
1465 2.924167e+00 3.768802e-01
1466 2.922728e+00 3.774205e-01
1467 2.898958e+00 3.831285e-01
1468 2.886944e+00 3.739367e-01
1469 2.886184e+00 3.740142e-01
1470 2.883215e+00 3.760441e-01
1471 2.882849e+00 3.794782e-01
1472 2.900545e+00 3.698336e-01
1473 2.911864e+00 3.771227e-01
1474 2.904476e+00 3.768664e-01
1475 2.916595e+00 2.930219e-01
1476 2.944233e+00 2.992227e-01
1477 2.933027e+00 2.836354e-01
1478 2.906300e+00 2.722188e-01
1479 2.906282e+00 2.742140e-01
1480 2.907944e+00 2.746369e-01
1481 2.915450e+00 2.750220e-01
1482 2.912546e+00 2.269082e-01
1483 2.960190e+00 3.298137e-01
1484 2.971488e+00 3.131033e-01
1485 2.973571e+00 3.030486e-01
1486 2.960650e+00 3.026563e-01
1487 2.954794e+00 2.845398e-01
1488 2.954853e+00 2.893684e-01
1489 2.953197e+00 2.901894e-01
1490 2.947190e+00 2.905490e-01
1491 2.927428e+00 2.914091e-01
1492 2.924415e+00 2.828905e-01
1493 2.925923e+00 3.070673e-01
1494 2.927176e+00 3.048092e-01
1495 2.888780e+00 3.493475e-01
1496 2.887019e+00 3.489526e-01
1497 2.882930e+00 3.518888e-01
1498 2.883837e+00 3.518343e-01
1499 2.897367e+00 3.897671e-01
1500 2.916909e+00 4.044130e-01
1501 2.909961e+00 4.303191e-01
1502 2.916114e+00 4.314082e-01
1503 2.919042e+00 4.464349e-01
1504 2.887845e+00 4.337334e-01
1505 2.891077e+00 4.303866e-01
1506 2.890307e+00 4.286570e-01
1507 2.876518e+00 4.292443e-01
1508 2.899056e+00 4.301694e-01
1509 2.881478e+00 4.127895e-01
1510 2.864844e+00 3.714842e-01
1511 2.861942e+00 3.791969e-01
1512 2.882259e+00 3.765001e-01
1513 2.861277e+00 3.517129e-01
1514 2.862384e+00 3.565017e-01
1515 2.865787e+00 3.289358e-01
1516 2.867046e+00 3.347725e-01
1517 2.866435e+00 3.160159e-01
1518 2.858620e+00 3.205546e-01
1519 2.875594e+00 3.576670e-01
1520 2.889498e+00 3.744890e-01
1521 2.901628e+00 4.096522e-01
1522 2.877013e+00 3.688870e-01
1523 2.879533e+00 3.678689e-01
1524 2.870829e+00 3.845608e-01
1525 2.868875e+00 3.894761e-01
1526 2.912946e+00 4.188687e-01
1527 2.897951e+00 4.088248e-01
1528 2.899779e+00 4.082585e-01
1529 2.890277e+00 3.980742e-01
1530 2.894674e+00 3.917233e-01
1531 2.884125e+00 3.978555e-01
1532 2.884430e+00 3.978686e-01
1533 2.875578e+00 3.829743e-01
1534 2.857704e+00 3.862476e-01
1535 2.857759e+00 3.875305e-01
1536 2.871944e+00 3.741529e-01
1537 2.886871e+00 3.674245e-01
1538 2.877885e+00 3.000785e-01
1539 2.855902e+00 2.567340e-01
1540 2.858959e+00 2.414547e-01
1541 2.871660e+00 2.542343e-01
1542 2.871645e+00 2.562735e-01
1543 2.853494e+00 2.036755e-01
1544 2.849052e+00 2.099871e-01
1545 2.848225e+00 2.102697e-01
1546 2.847876e+00 2.115446e-01
1547 2.837383e+00 2.018553e-01
1548 2.836129e+00 1.990756e-01
1549 2.854127e+00 1.434497e-01
1550 2.860186e+00 1.490069e-01
1551 2.875375e+00 1.212351e-01
1552 2.876615e+00 1.216525e-01
1553 2.873778e+00 1.273004e-01
1554 2.865847e+00 1.327024e-01
1555 2.866884e+00 1.416039e-01
1556 2.847893e+00 1.544652e-01
1557 2.855091e+00 1.529635e-01
1558 2.843030e+00 1.612155e-01
1559 2.837817e+00 1.666347e-01
1560 2.848688e+00 1.613043e-01
1561 2.850613e+00 1.638908e-01
1562 2.848387e+00 1.636888e-01
1563 2.849366e+00 1.857381e-01
1564 2.850830e+00 1.835119e-01
1565 2.847892e+00 1.903262e-01
1566 2.830239e+00 2.211625e-01
1567 2.824348e+00 2.241116e-01
1568 2.830533e+00 1.953377e-01
1569 2.833995e+00 2.010492e-01
1570 2.834046e+00 2.017333e-01
1571 2.834633e+00 1.959574e-01
1572 2.859707e+00 2.226382e-01
1573 2.856742e+00 2.215081e-01
1574 2.866667e+00 2.231291e-01
1575 2.880603e+00 2.265861e-01
1576 2.885375e+00 2.202630e-01
1577 2.884992e+00 2.146494e-01
1578 2.886422e+00 2.167688e-01
1579 2.887743e+00 2.183967e-01
1580 2.860175e+00 2.036625e-01
1581 2.861585e+00 2.178623e-01
1582 2.855605e+00 1.772386e-01
1583 2.863255e+00 1.937006e-01
1584 2.863973e+00 1.851697e-01
1585 2.864826e+00 1.851623e-01
1586 2.861906e+00 1.880297e-01
1587 2.857415e+00 1.893670e-01
1588 2.858297e+00 1.902267e-01
1589 2.856117e+00 1.829642e-01
1590 2.896514e+00 1.607436e-01
1591 2.896318e+00 1.588558e-01
1592 2.894515e+00 1.545661e-01
1593 2.896172e+00 1.340470e-01
1594 2.893809e+00 1.267123e-01
1595 2.868662e+00 1.351663e-01
1596 2.897756e+00 1.891718e-01
1597 2.891028e+00 1.809418e-01
1598 2.889133e+00 1.876173e-01
1599 2.881617e+00 2.020545e-01
1600 2.871130e+00 1.844557e-01
1601 2.871511e+00 1.868739e-01
1602 2.865485e+00 1.896279e-01
1603 2.867244e+00 1.855425e-01
1604 2.888588e+00 1.817924e-01
1605 2.883717e+00 1.799926e-01
1606 2.882240e+00 1.592804e-01
1607 2.894423e+00 1.714799e-01
1608 2.889837e+00 1.764764e-01
1609 2.913998e+00 1.785679e-01
1610 2.939618e+00 2.242185e-01
1611 2.945699e+00 2.269013e-01
1612 2.949286e+00 2.239951e-01
1613 2.950036e+00 2.247708e-01
1614 2.962628e+00 1.966384e-01
1615 2.980079e+00 1.867646e-01
1616 2.986321e+00 1.658100e-01
1617 2.938927e+00 1.494195e-01
1618 2.947461e+00 1.586001e-01
1619 2.935667e+00 1.598824e-01
1620 2.936317e+00 1.632234e-01
1621 2.928964e+00 1.700631e-01
1622 2.924758e+00 1.729639e-01
1623 2.935412e+00 1.804981e-01
1624 2.929409e+00 1.708841e-01
1625 2.939184e+00 1.621653e-01
1626 2.940273e+00 1.605538e-01
1627 2.946252e+00 1.515665e-01
1628 2.939773e+00 1.569547e-01
1629 2.959982e+00 1.573361e-01
1630 2.945855e+00 1.636651e-01
1631 2.937725e+00 1.706593e-01
1632 2.921886e+00 1.732683e-01
1633 2.908804e+00 1.902002e-01
1634 2.908845e+00 1.967181e-01
1635 2.914212e+00 1.936911e-01
1636 2.913138e+00 1.776023e-01
1637 2.891901e+00 2.197664e-01
1638 2.899366e+00 2.169273e-01
1639 2.885492e+00 2.267120e-01
1640 2.864353e+00 2.160552e-01
1641 2.868919e+00 2.086664e-01
1642 2.840915e+00 2.011151e-01
1643 2.859501e+00 1.943883e-01
1644 2.879053e+00 2.428587e-01
1645 2.879449e+00 1.984167e-01
1646 2.882399e+00 1.948883e-01
1647 2.880316e+00 1.961952e-01
1648 2.880243e+00 1.961306e-01
1649 2.880174e+00 1.961871e-01
1650 2.879487e+00 1.974279e-01
1651 2.872787e+00 1.947838e-01
1652 2.857015e+00 1.978889e-01
1653 2.856785e+00 1.972935e-01
1654 2.864146e+00 2.514799e-01
1655 2.932760e+00 1.781625e-01
1656 2.932715e+00 1.798713e-01
1657 2.930197e+00 1.796275e-01
1658 2.930367e+00 1.795095e-01
1659 2.935087e+00 1.765555e-01
1660 2.937199e+00 1.637207e-01
1661 2.937345e+00 1.703515e-01
1662 2.942880e+00 1.473898e-01
1663 2.927362e+00 1.359962e-01
1664 2.954649e+00 1.457516e-01
1665 2.954434e+00 1.458708e-01
1666 2.948038e+00 1.287936e-01
1667 2.969897e+00 1.165107e-01
1668 2.972508e+00 1.162281e-01
1669 2.974479e+00 1.269648e-01
1670 2.975432e+00 1.281315e-01
1671 2.969007e+00 1.097871e-01
1672 2.970292e+00 1.080489e-01
1673 2.972183e+00 1.076020e-01
1674 2.972708e+00 1.140272e-01
1675 2.974846e+00 1.127073e-01
1676 2.982573e+00 7.927289e-02
1677 2.985872e+00 9.582903e-02
1678 2.991478e+00 9.254967e-02
1679 2.974775e+00 9.206590e-02
1680 2.990181e+00 1.011512e-01
1681 3.003140e+00 1.254022e-01
1682 3.004846e+00 1.337139e-01
1683 3.025695e+00 1.517133e-01
1684 2.964086e+00 1.876449e-01
1685 2.971238e+00 1.800706e-01
1686 2.955914e+00 1.647186e-01
1687 2.954432e+00 1.703092e-01
1688 2.964538e+00 1.577649e-01
1689 2.942734e+00 1.581675e-01
1690 2.941007e+00 1.597201e-01
1691 2.935996e+00 1.471192e-01
1692 2.936223e+00 1.462171e-01
1693 2.930854e+00 1.470049e-01
1694 2.938372e+00 1.606076e-01
1695 2.821871e+00 2.189312e-01
1696 2.820732e+00 2.133316e-01
1697 2.821304e+00 2.167996e-01
1698 2.821121e+00 2.168923e-01
1699 2.817913e+00 2.214264e-01
1700 2.818818e+00 2.313965e-01
1701 2.778593e+00 2.026315e-01
1702 2.804252e+00 2.482594e-01
1703 2.804692e+00 2.494061e-01
1704 2.803179e+00 2.502400e-01
1705 2.789727e+00 2.150505e-01
1706 2.814678e+00 2.397353e-01
1707 2.809691e+00 2.261649e-01
1708 2.818953e+00 2.435171e-01
1709 2.814386e+00 2.476273e-01
1710 2.795891e+00 2.398560e-01
1711 2.795452e+00 2.396777e-01
1712 2.795579e+00 2.399152e-01
1713 2.797910e+00 2.632972e-01
1714 2.785207e+00 2.848921e-01
1715 2.792946e+00 2.706508e-01
1716 2.792776e+00 2.708582e-01
1717 2.785466e+00 2.595564e-01
1718 2.802350e+00 2.988489e-01
1719 2.763467e+00 2.874567e-01
1720 2.763642e+00 2.876200e-01
1721 2.771128e+00 2.876069e-01
1722 2.756924e+00 2.741942e-01
1723 2.802849e+00 2.442305e-01
1724 2.800285e+00 2.419170e-01
1725 2.824872e+00 2.562050e-01
1726 2.826142e+00 2.651440e-01
1727 2.826912e+00 2.649003e-01
1728 2.830574e+00 2.667519e-01
1729 2.832281e+00 2.674915e-01
1730 2.824253e+00 2.608205e-01
1731 2.817137e+00 2.535825e-01
1732 2.851705e+00 2.869511e-01
1733 2.887464e+00 2.569433e-01
1734 2.891279e+00 2.476863e-01
1735 2.878294e+00 2.278068e-01
1736 2.873020e+00 1.787494e-01
1737 2.863317e+00 1.788585e-01
1738 2.847631e+00 1.919377e-01
1739 2.856122e+00 1.825548e-01
1740 2.853738e+00 1.774031e-01
1741 2.911536e+00 1.736551e-01
1742 2.926701e+00 1.843152e-01
1743 2.926417e+00 6.200502e-02
1744 2.928373e+00 6.056238e-02
1745 2.911836e+00 1.385326e-01
1746 2.846008e+00 1.417971e-01
1747 2.847976e+00 1.414520e-01
1748 2.831165e+00 1.308795e-01
1749 2.786813e+00 1.273101e-01
1750 2.781020e+00 1.223891e-01
1751 2.782683e+00 1.237290e-01
1752 2.770588e+00 1.269758e-01
1753 2.768910e+00 1.424482e-01
1754 2.763809e+00 1.543248e-01
1755 2.758618e+00 1.600411e-01
1756 2.759040e+00 1.599640e-01
1757 2.759158e+00 1.599759e-01
1758 2.760152e+00 1.448289e-01
1759 2.758464e+00 1.491306e-01
1760 2.762589e+00 1.526191e-01
1761 2.741450e+00 1.474856e-01
1762 2.754770e+00 1.484058e-01
1763 2.726314e+00 1.472396e-01
1764 2.722884e+00 1.298146e-01
1765 2.735299e+00 1.248338e-01
1766 2.733659e+00 1.206637e-01
1767 2.765597e+00 1.050395e-01
1768 2.766190e+00 1.055801e-01
1769 2.798942e+00 7.996270e-02
1770 2.806501e+00 9.976884e-02
1771 2.800010e+00 1.069788e-01
1772 2.772829e+00 1.227158e-01
1773 2.778819e+00 1.256119e-01
1774 2.782768e+00 1.246867e-01
1775 2.779360e+00 1.227002e-01
1776 2.760735e+00 1.164948e-01
1777 2.752748e+00 1.338810e-01
1778 2.760165e+00 1.334315e-01
1779 2.801852e+00 1.221572e-01
1780 2.807927e+00 1.157950e-01
1781 2.818976e+00 1.208706e-01
1782 2.818662e+00 1.192221e-01
1783 2.815392e+00 1.237088e-01
1784 2.824045e+00 1.083780e-01
1785 2.823295e+00 1.077596e-01
1786 2.817671e+00 1.216622e-01
1787 2.801013e+00 1.129626e-01
1788 2.806434e+00 1.194447e-01
1789 2.803737e+00 1.269173e-01
1790 2.796528e+00 1.630651e-01
1791 2.796226e+00 1.635122e-01
1792 2.780430e+00 1.610842e-01
1793 2.775318e+00 1.577778e-01
1794 2.773225e+00 1.614637e-01
1795 2.778411e+00 1.227582e-01
1796 2.782467e+00 1.296122e-01
1797 2.775832e+00 1.247089e-01
1798 2.750555e+00 1.492437e-01
1799 2.750066e+00 1.487611e-01
1800 2.747153e+00 1.437265e-01
1801 2.742541e+00 1.422458e-01
1802 2.739655e+00 1.408548e-01
1803 2.739670e+00 1.414549e-01
1804 2.731583e+00 1.457094e-01
1805 2.725583e+00 1.412061e-01
1806 2.700112e+00 1.503174e-01
1807 2.690667e+00 1.069935e-01
1808 2.701793e+00 1.185369e-01
1809 2.706505e+00 1.076158e-01
1810 2.710563e+00 1.101281e-01
1811 2.731069e+00 1.489786e-01
1812 2.733904e+00 1.552339e-01
1813 2.745019e+00 1.403535e-01
1814 2.738210e+00 1.239401e-01
1815 2.715933e+00 1.419706e-01
1816 2.716051e+00 1.353665e-01
1817 2.709052e+00 1.260469e-01
1818 2.697762e+00 1.135013e-01
1819 2.652730e+00 6.209473e-02
1820 2.650113e+00 7.632778e-02
1821 2.653888e+00 7.043236e-02
1822 2.662867e+00 5.427581e-02
1823 2.612413e+00 4.609460e-02
1824 2.608516e+00 6.036253e-02
1825 2.610204e+00 5.746055e-02
1826 2.627417e+00 1.867860e-02
1827 2.644088e+00 5.353865e-02
1828 2.635221e+00 5.234538e-02
1829 2.625635e+00 4.808834e-02
1830 2.631437e+00 1.781594e-02
1831 2.645033e+00 3.386765e-02
1832 2.629507e+00 4.860884e-02
1833 2.628494e+00 4.706448e-02
1834 2.626594e+00 4.558979e-02
1835 2.608203e+00 3.382822e-03
1836 2.623041e+00 1.554594e-02
1837 2.594407e+00 3.810504e-02
1838 2.583855e+00 2.983988e-02
1839 2.590853e+00 2.863739e-02
1840 2.597892e+00 3.080678e-02
1841 2.630403e+00 7.741349e-02
1842 2.621875e+00 2.770304e-02
1843 2.638053e+00 3.253466e-02
1844 2.626413e+00 -2.378151e-04
