0 1.119731e+00 8.853782e-01
1 1.120355e+00 8.834528e-01
2 1.081379e+00 8.983655e-01
3 1.081364e+00 8.984851e-01
4 1.086875e+00 9.113157e-01
5 1.109407e+00 9.177060e-01
6 1.111396e+00 9.522091e-01
7 1.125622e+00 9.709644e-01
8 1.116452e+00 9.758693e-01
9 1.083727e+00 9.942450e-01
10 1.080756e+00 1.009172e+00
11 1.073337e+00 1.047254e+00
12 1.063296e+00 1.044973e+00
13 1.105988e+00 1.081264e+00
14 1.085616e+00 1.044299e+00
15 1.103645e+00 1.039454e+00
16 1.085981e+00 1.014620e+00
17 1.087690e+00 1.014754e+00
18 1.075852e+00 1.018872e+00
19 1.075629e+00 1.018893e+00
20 1.038055e+00 1.048863e+00
21 1.066687e+00 1.084420e+00
22 1.054534e+00 1.090680e+00
23 1.060537e+00 1.088065e+00
24 1.072144e+00 1.107080e+00
25 1.100613e+00 1.073501e+00
26 1.100488e+00 1.078081e+00
27 1.111571e+00 1.076128e+00
28 1.107442e+00 1.083760e+00
29 1.085344e+00 1.101957e+00
30 1.086235e+00 1.102916e+00
31 1.082929e+00 1.103963e+00
32 1.098723e+00 1.023586e+00
33 1.091505e+00 1.018153e+00
34 1.088771e+00 1.015766e+00
35 1.087251e+00 1.029255e+00
36 1.043262e+00 1.049450e+00
37 1.041067e+00 1.049181e+00
38 1.038746e+00 1.050375e+00
39 1.038339e+00 1.051342e+00
40 1.039566e+00 1.052307e+00
41 1.023125e+00 1.069566e+00
42 1.021605e+00 1.065778e+00
43 1.022941e+00 1.072534e+00
44 1.031589e+00 1.067838e+00
45 9.888766e-01 1.018679e+00
46 9.983448e-01 1.022461e+00
47 9.987770e-01 1.022454e+00
48 9.929763e-01 1.007227e+00
49 9.959456e-01 1.006974e+00
50 9.941860e-01 1.011268e+00
51 9.740338e-01 9.949506e-01
52 9.917503e-01 1.014928e+00
53 9.789290e-01 9.972666e-01
54 9.759535e-01 9.968909e-01
55 1.010500e+00 9.831983e-01
56 9.971183e-01 9.719317e-01
57 9.869874e-01 1.004072e+00
58 9.863418e-01 1.002317e+00
59 9.858844e-01 1.001042e+00
60 9.991233e-01 9.992170e-01
61 1.008523e+00 1.031721e+00
62 1.008644e+00 1.030763e+00
63 1.008859e+00 1.031291e+00
64 1.006813e+00 1.029162e+00
65 1.009126e+00 1.030435e+00
66 1.010130e+00 1.034835e+00
67 1.017192e+00 1.041536e+00
68 1.042182e+00 1.104149e+00
69 1.037222e+00 1.091649e+00
70 1.079855e+00 1.117951e+00
71 1.084775e+00 1.117490e+00
72 1.067886e+00 1.122621e+00
73 1.071694e+00 1.125111e+00
74 1.068735e+00 1.131330e+00
75 1.069717e+00 1.130308e+00
76 1.122249e+00 1.134886e+00
77 1.135025e+00 1.141699e+00
78 1.158136e+00 1.161162e+00
79 1.170137e+00 1.169359e+00
80 1.174498e+00 1.156232e+00
81 1.181420e+00 1.178603e+00
82 1.196484e+00 1.150818e+00
83 1.196804e+00 1.157024e+00
84 1.196936e+00 1.157179e+00
85 1.187315e+00 1.149645e+00
86 1.184900e+00 1.149316e+00
87 1.184980e+00 1.149290e+00
88 1.187055e+00 1.163155e+00
89 1.175708e+00 1.137648e+00
90 1.184672e+00 1.151246e+00
91 1.184810e+00 1.151231e+00
92 1.187248e+00 1.150944e+00
93 1.167415e+00 1.146118e+00
94 1.181305e+00 1.148112e+00
95 1.194435e+00 1.140590e+00
96 1.216829e+00 1.134242e+00
97 1.219425e+00 1.135533e+00
98 1.215770e+00 1.156787e+00
99 1.222947e+00 1.161299e+00
100 1.215400e+00 1.142019e+00
101 1.207698e+00 1.140666e+00
102 1.180909e+00 1.136168e+00
103 1.179047e+00 1.151485e+00
104 1.190073e+00 1.182402e+00
105 1.193911e+00 1.205122e+00
106 1.166519e+00 1.219986e+00
107 1.189562e+00 1.203845e+00
108 1.185715e+00 1.205466e+00
109 1.166005e+00 1.245577e+00
110 1.164102e+00 1.239564e+00
111 1.157378e+00 1.228500e+00
112 1.152223e+00 1.223132e+00
113 1.136835e+00 1.232440e+00
114 1.141069e+00 1.224313e+00
115 1.120378e+00 1.226556e+00
116 1.121402e+00 1.225318e+00
117 1.130857e+00 1.206370e+00
118 1.127020e+00 1.218991e+00
119 1.127750e+00 1.221153e+00
120 1.181976e+00 1.252262e+00
121 1.177728e+00 1.244945e+00
122 1.186600e+00 1.248266e+00
123 1.164326e+00 1.258268e+00
124 1.169361e+00 1.206166e+00
125 1.169023e+00 1.187887e+00
126 1.173823e+00 1.184677e+00
127 1.156142e+00 1.203434e+00
128 1.144362e+00 1.195974e+00
129 1.143244e+00 1.194692e+00
130 1.135641e+00 1.178492e+00
131 1.127077e+00 1.170190e+00
132 1.126019e+00 1.170874e+00
133 1.121263e+00 1.174473e+00
134 1.144183e+00 1.185248e+00
135 1.142214e+00 1.185418e+00
136 1.133178e+00 1.213160e+00
137 1.120107e+00 1.172358e+00
138 1.108726e+00 1.189916e+00
139 1.104477e+00 1.189932e+00
140 1.116318e+00 1.188277e+00
141 1.112525e+00 1.200013e+00
142 1.116110e+00 1.197057e+00
143 1.102597e+00 1.214024e+00
144 1.103657e+00 1.213954e+00
145 1.106216e+00 1.217083e+00
146 1.102267e+00 1.216630e+00
147 1.108909e+00 1.213484e+00
148 1.121080e+00 1.224092e+00
149 1.115362e+00 1.203946e+00
150 1.085095e+00 1.192300e+00
151 1.081371e+00 1.198619e+00
152 1.098129e+00 1.214316e+00
153 1.090844e+00 1.213021e+00
154 1.037361e+00 1.217405e+00
155 1.038262e+00 1.203961e+00
156 1.034099e+00 1.202026e+00
157 1.034476e+00 1.203578e+00
158 9.809923e-01 1.217413e+00
159 1.004755e+00 1.219006e+00
160 1.002851e+00 1.214837e+00
161 9.917356e-01 1.176229e+00
162 9.870680e-01 1.193121e+00
163 9.772342e-01 1.190193e+00
164 9.708826e-01 1.198890e+00
165 9.708933e-01 1.198890e+00
166 9.709995e-01 1.197690e+00
167 9.713434e-01 1.198106e+00
168 9.682601e-01 1.210325e+00
169 9.802734e-01 1.209536e+00
170 9.807045e-01 1.184194e+00
171 1.012244e+00 1.215585e+00
172 1.038648e+00 1.206339e+00
173 1.012568e+00 1.206414e+00
174 1.010307e+00 1.202658e+00
175 9.916522e-01 1.187049e+00
176 9.916092e-01 1.206780e+00
177 9.362791e-01 1.217134e+00
178 9.367855e-01 1.214369e+00
179 9.613849e-01 1.213583e+00
180 9.401849e-01 1.215510e+00
181 9.390410e-01 1.217886e+00
182 9.389753e-01 1.217770e+00
183 9.335148e-01 1.217008e+00
184 9.037765e-01 1.199213e+00
185 8.970986e-01 1.197489e+00
186 8.864055e-01 1.193339e+00
187 8.825918e-01 1.185652e+00
188 9.154060e-01 1.168058e+00
189 9.650504e-01 1.160470e+00
190 9.506822e-01 1.148163e+00
191 9.464041e-01 1.137685e+00
192 9.465598e-01 1.138493e+00
193 9.672743e-01 1.142130e+00
194 9.515549e-01 1.157646e+00
195 9.377323e-01 1.157591e+00
196 9.174227e-01 1.143619e+00
197 8.725880e-01 1.101903e+00
198 8.701389e-01 1.109328e+00
199 8.814942e-01 1.122641e+00
200 8.856359e-01 1.112618e+00
201 8.819637e-01 1.110876e+00
202 8.881742e-01 1.115670e+00
203 8.838213e-01 1.115185e+00
204 8.847903e-01 1.108417e+00
205 8.845433e-01 1.104489e+00
206 8.856341e-01 1.103933e+00
207 8.781732e-01 1.108165e+00
208 8.786368e-01 1.108048e+00
209 9.169135e-01 1.136238e+00
210 9.164117e-01 1.135356e+00
211 8.951077e-01 1.139485e+00
212 9.015497e-01 1.139341e+00
213 9.014555e-01 1.138375e+00
214 9.012238e-01 1.137764e+00
215 9.035235e-01 1.125351e+00
216 9.003141e-01 1.089110e+00
217 8.889483e-01 1.083234e+00
218 9.379001e-01 1.080006e+00
219 9.498243e-01 1.080887e+00
220 9.480906e-01 1.082774e+00
221 9.348609e-01 1.067647e+00
222 9.345999e-01 1.068401e+00
223 9.235493e-01 1.064984e+00
224 9.264914e-01 1.052057e+00
225 9.164909e-01 1.070561e+00
226 9.260063e-01 1.149773e+00
227 9.202179e-01 1.143571e+00
228 9.237407e-01 1.145746e+00
229 9.056041e-01 1.146175e+00
230 9.090572e-01 1.156553e+00
231 9.061973e-01 1.209194e+00
232 8.484199e-01 1.221531e+00
233 8.093854e-01 1.145853e+00
234 7.991594e-01 1.162038e+00
235 8.027233e-01 1.160751e+00
236 8.129446e-01 1.148673e+00
237 8.275630e-01 1.181449e+00
238 8.264916e-01 1.166862e+00
239 8.185670e-01 1.176081e+00
240 8.179902e-01 1.169048e+00
241 7.935473e-01 1.138858e+00
242 8.011462e-01 1.163842e+00
243 7.953996e-01 1.173457e+00
244 8.295137e-01 1.177896e+00
245 8.193795e-01 1.171926e+00
246 8.182969e-01 1.167691e+00
247 7.997256e-01 1.158019e+00
248 8.004241e-01 1.154042e+00
249 8.501849e-01 1.144520e+00
250 8.955372e-01 1.125672e+00
251 9.046656e-01 1.131706e+00
252 9.002987e-01 1.133142e+00
253 8.919985e-01 1.133930e+00
254 9.081907e-01 1.110109e+00
255 9.091461e-01 1.112316e+00
256 8.919397e-01 1.104887e+00
257 8.903127e-01 1.082464e+00
258 8.933495e-01 1.084650e+00
259 8.858528e-01 1.083615e+00
260 8.782140e-01 1.069108e+00
261 8.631410e-01 1.056560e+00
262 8.639759e-01 1.065461e+00
263 8.811322e-01 1.048390e+00
264 8.849768e-01 1.044220e+00
265 8.829506e-01 1.063111e+00
266 8.961684e-01 1.045909e+00
267 8.942909e-01 1.040046e+00
268 8.928031e-01 1.035816e+00
269 8.787783e-01 1.025347e+00
270 8.878515e-01 1.006865e+00
271 9.100426e-01 9.918369e-01
272 9.040749e-01 9.962930e-01
273 9.065534e-01 1.000220e+00
274 8.876552e-01 1.016461e+00
275 8.954196e-01 1.002499e+00
276 8.658463e-01 1.012382e+00
277 9.060507e-01 9.887198e-01
278 9.007901e-01 9.945788e-01
279 8.952656e-01 9.827691e-01
280 9.194900e-01 9.936711e-01
281 9.030109e-01 9.763617e-01
282 9.759958e-01 1.022408e+00
283 9.695401e-01 1.029289e+00
284 9.799656e-01 1.024185e+00
285 9.903937e-01 1.017109e+00
286 9.413681e-01 1.001958e+00
287 9.784800e-01 1.015338e+00
288 9.751853e-01 1.012792e+00
289 9.646298e-01 1.015345e+00
290 9.584541e-01 1.030376e+00
291 9.360089e-01 1.048633e+00
292 8.908041e-01 1.086288e+00
293 8.612197e-01 1.065796e+00
294 8.811521e-01 1.085546e+00
295 8.881028e-01 1.081858e+00
296 8.918237e-01 1.081290e+00
297 8.911029e-01 1.084403e+00
298 8.893783e-01 1.077547e+00
299 9.045347e-01 1.058947e+00
300 9.154362e-01 1.085426e+00
301 9.201253e-01 1.081867e+00
302 9.199360e-01 1.082531e+00
303 9.250760e-01 1.079264e+00
304 9.222220e-01 1.083365e+00
305 9.455581e-01 1.080631e+00
306 9.110108e-01 1.085071e+00
307 9.117663e-01 1.073494e+00
308 9.134953e-01 1.074805e+00
309 9.128635e-01 1.110791e+00
310 9.041686e-01 1.092759e+00
311 9.042642e-01 1.102015e+00
312 8.403881e-01 1.078446e+00
313 8.210178e-01 1.094035e+00
314 8.674426e-01 1.093821e+00
315 8.615444e-01 1.116409e+00
316 8.607370e-01 1.125024e+00
317 8.651493e-01 1.125214e+00
318 8.354570e-01 1.108153e+00
319 8.830301e-01 1.158178e+00
320 8.755638e-01 1.173289e+00
321 8.716215e-01 1.159751e+00
322 8.713183e-01 1.158994e+00
323 8.713176e-01 1.158994e+00
324 8.891946e-01 1.160135e+00
325 9.163552e-01 1.152198e+00
326 9.149262e-01 1.152661e+00
327 9.158523e-01 1.153488e+00
328 8.987078e-01 1.127211e+00
329 9.023267e-01 1.130854e+00
330 9.230913e-01 1.145831e+00
331 9.202197e-01 1.165498e+00
332 9.074750e-01 1.230000e+00
333 9.149286e-01 1.221135e+00
334 8.992209e-01 1.196352e+00
335 8.779507e-01 1.206279e+00
336 8.848598e-01 1.230465e+00
337 8.817737e-01 1.201149e+00
338 8.696284e-01 1.199352e+00
339 8.934518e-01 1.209162e+00
340 8.900649e-01 1.211498e+00
341 9.023468e-01 1.206246e+00
342 9.094438e-01 1.210860e+00
343 9.295741e-01 1.249357e+00
344 8.888208e-01 1.252610e+00
345 8.838856e-01 1.246524e+00
346 8.746856e-01 1.229305e+00
347 8.614250e-01 1.235806e+00
348 8.550109e-01 1.244535e+00
349 8.328920e-01 1.241471e+00
350 8.370264e-01 1.244631e+00
351 8.386138e-01 1.239861e+00
352 8.378986e-01 1.246384e+00
353 8.415195e-01 1.240922e+00
354 8.522119e-01 1.267707e+00
355 9.393154e-01 1.248060e+00
356 9.429096e-01 1.241561e+00
357 9.419731e-01 1.241521e+00
358 9.537452e-01 1.224483e+00
359 9.236879e-01 1.239972e+00
360 9.003320e-01 1.237384e+00
361 9.000219e-01 1.237713e+00
362 9.352432e-01 1.249235e+00
363 9.356952e-01 1.248392e+00
364 9.519876e-01 1.202975e+00
365 9.523863e-01 1.204216e+00
366 9.541712e-01 1.204937e+00
367 9.538254e-01 1.198472e+00
368 9.538185e-01 1.198451e+00
369 9.339271e-01 1.172272e+00
370 9.477842e-01 1.184872e+00
371 9.419717e-01 1.179467e+00
372 9.355358e-01 1.210985e+00
373 9.271242e-01 1.188120e+00
374 9.275082e-01 1.186417e+00
375 9.054886e-01 1.140762e+00
376 8.946197e-01 1.157663e+00
377 9.073121e-01 1.178299e+00
378 9.068375e-01 1.178633e+00
379 9.081499e-01 1.176897e+00
380 8.902516e-01 1.179188e+00
381 9.413136e-01 1.160660e+00
382 9.316428e-01 1.152416e+00
383 9.379297e-01 1.154301e+00
384 9.449599e-01 1.161201e+00
385 9.498710e-01 1.154306e+00
386 9.551608e-01 1.140676e+00
387 9.221974e-01 1.151262e+00
388 9.160170e-01 1.127832e+00
389 9.314706e-01 1.138782e+00
390 9.218917e-01 1.143571e+00
391 9.275042e-01 1.119763e+00
392 9.278471e-01 1.119679e+00
393 9.426126e-01 1.048934e+00
394 9.351425e-01 1.054720e+00
395 9.453600e-01 1.050789e+00
396 8.813506e-01 1.017925e+00
397 8.884489e-01 9.942005e-01
398 8.920747e-01 9.565145e-01
399 8.783433e-01 9.436020e-01
400 8.822135e-01 9.285778e-01
401 9.401593e-01 9.716857e-01
402 9.204419e-01 9.791565e-01
403 9.170813e-01 9.859108e-01
404 9.060356e-01 1.001903e+00
405 8.946935e-01 1.003507e+00
406 9.072530e-01 1.092531e+00
407 9.178166e-01 1.109666e+00
408 9.191179e-01 1.109928e+00
409 9.182451e-01 1.161372e+00
410 9.244947e-01 1.154055e+00
411 9.273386e-01 1.126525e+00
412 9.122878e-01 1.118485e+00
413 9.297612e-01 1.109371e+00
414 9.254022e-01 1.107047e+00
415 9.399107e-01 1.079584e+00
416 9.591752e-01 1.076449e+00
417 9.976719e-01 1.066546e+00
418 9.920131e-01 1.019750e+00
419 9.487535e-01 9.859920e-01
420 9.473554e-01 9.877304e-01
421 9.338619e-01 9.830280e-01
422 9.225533e-01 9.855722e-01
423 9.301793e-01 9.900387e-01
424 9.236375e-01 9.890389e-01
425 9.177744e-01 9.876187e-01
426 9.410103e-01 9.845654e-01
427 9.401009e-01 9.867510e-01
428 9.400488e-01 9.757076e-01
429 9.439095e-01 9.993017e-01
430 9.635517e-01 9.869274e-01
431 9.653075e-01 9.852517e-01
432 9.796632e-01 9.907847e-01
433 9.330840e-01 1.013696e+00
434 8.902868e-01 1.004332e+00
435 8.803716e-01 1.012617e+00
436 8.753921e-01 1.029035e+00
437 8.753837e-01 1.029033e+00
438 8.936076e-01 1.027016e+00
439 8.928469e-01 1.029824e+00
440 8.753178e-01 1.052741e+00
441 9.059720e-01 1.070943e+00
442 8.910414e-01 1.077222e+00
443 8.769482e-01 1.092460e+00
444 8.631946e-01 1.062086e+00
445 8.728666e-01 1.055327e+00
446 8.723451e-01 1.056756e+00
447 8.724104e-01 1.050835e+00
448 8.742585e-01 1.046043e+00
449 8.603443e-01 1.034970e+00
450 8.594901e-01 1.029499e+00
451 8.585738e-01 1.030408e+00
452 8.638815e-01 1.025564e+00
453 8.763338e-01 1.013832e+00
454 8.748232e-01 1.016653e+00
455 8.318131e-01 1.069840e+00
456 7.880365e-01 1.088925e+00
457 7.878226e-01 1.088133e+00
458 7.951762e-01 1.095345e+00
459 8.079578e-01 1.088934e+00
460 7.752297e-01 1.105697e+00
461 7.301322e-01 1.099930e+00
462 6.461288e-01 1.100801e+00
463 6.502152e-01 1.106211e+00
464 6.481020e-01 1.109512e+00
465 6.527539e-01 1.107899e+00
466 6.652760e-01 1.075946e+00
467 6.845147e-01 1.064827e+00
468 6.430003e-01 1.037868e+00
469 6.429898e-01 1.035904e+00
470 6.441342e-01 1.022745e+00
471 6.153571e-01 1.061822e+00
472 6.148806e-01 1.060823e+00
473 6.065964e-01 1.079483e+00
474 6.607801e-01 9.424081e-01
475 6.700167e-01 9.418169e-01
476 6.665963e-01 9.359227e-01
477 6.746754e-01 9.366697e-01
478 7.131295e-01 9.502796e-01
479 7.352561e-01 9.474050e-01
480 7.320903e-01 9.641424e-01
481 7.129706e-01 9.532365e-01
482 7.144879e-01 9.484094e-01
483 7.021516e-01 8.869823e-01
484 6.368551e-01 8.557510e-01
485 6.310181e-01 8.237120e-01
486 6.264007e-01 8.168985e-01
487 6.259500e-01 8.192101e-01
488 6.116714e-01 8.246641e-01
489 6.226150e-01 8.245805e-01
490 6.091846e-01 8.469118e-01
491 5.904461e-01 9.041370e-01
492 5.849082e-01 9.043029e-01
493 5.873112e-01 9.113058e-01
494 5.768079e-01 8.991376e-01
495 5.967429e-01 8.854844e-01
496 5.819302e-01 8.732588e-01
497 5.796892e-01 8.857977e-01
498 5.818916e-01 8.822569e-01
499 5.683078e-01 8.354458e-01
500 5.675992e-01 8.362987e-01
501 5.724280e-01 8.515364e-01
502 5.715281e-01 8.328043e-01
503 5.716705e-01 8.325473e-01
504 5.887829e-01 8.203365e-01
505 5.951238e-01 8.181595e-01
506 5.993497e-01 8.062931e-01
507 5.956863e-01 8.071534e-01
508 5.958297e-01 8.078757e-01
509 5.979637e-01 8.188848e-01
510 5.752217e-01 8.345820e-01
511 5.448190e-01 8.632308e-01
512 5.414936e-01 8.484671e-01
513 5.378015e-01 8.492804e-01
514 5.445674e-01 8.536763e-01
515 5.077147e-01 8.438921e-01
516 5.516401e-01 8.252389e-01
517 5.642876e-01 8.305427e-01
518 5.767186e-01 7.782998e-01
519 5.817153e-01 7.732403e-01
520 5.826503e-01 7.724125e-01
521 5.822205e-01 7.680685e-01
522 5.795322e-01 7.849997e-01
523 5.882084e-01 7.845017e-01
524 5.892095e-01 7.015039e-01
525 5.794587e-01 7.007583e-01
526 5.807610e-01 7.010329e-01
527 5.828077e-01 6.738814e-01
528 6.019274e-01 6.899420e-01
529 6.068311e-01 6.853268e-01
530 5.874338e-01 7.056607e-01
531 5.855200e-01 7.099476e-01
532 5.827175e-01 7.086339e-01
533 6.212494e-01 7.123702e-01
534 6.317273e-01 7.200574e-01
535 6.162689e-01 8.131830e-01
536 6.150328e-01 8.118037e-01
537 6.010899e-01 8.179645e-01
538 5.881384e-01 8.207357e-01
539 5.901462e-01 7.212185e-01
540 5.993149e-01 7.256133e-01
541 5.901307e-01 6.980116e-01
542 6.393280e-01 6.490051e-01
543 6.603572e-01 6.404650e-01
544 6.485641e-01 6.526006e-01
545 6.457759e-01 6.624342e-01
546 7.468840e-01 6.826330e-01
547 7.642493e-01 6.682131e-01
548 8.271787e-01 6.693997e-01
549 8.283498e-01 6.721310e-01
550 8.158588e-01 6.762501e-01
551 8.091847e-01 6.770605e-01
552 8.211031e-01 6.779801e-01
553 8.275122e-01 6.821819e-01
554 8.371577e-01 6.796442e-01
555 8.266253e-01 6.963456e-01
556 8.275602e-01 7.067130e-01
557 8.297911e-01 7.064481e-01
558 8.293496e-01 7.005856e-01
559 8.318029e-01 7.005063e-01
560 8.313674e-01 6.859785e-01
561 8.601794e-01 6.462612e-01
562 8.321482e-01 6.229441e-01
563 8.296063e-01 6.250353e-01
564 8.198498e-01 6.289652e-01
565 8.104478e-01 6.333572e-01
566 8.104905e-01 6.332891e-01
567 7.981497e-01 6.445522e-01
568 7.725879e-01 6.070558e-01
569 8.070542e-01 6.175069e-01
570 7.931978e-01 6.271682e-01
571 7.959896e-01 6.220761e-01
572 7.948706e-01 6.222567e-01
573 7.692851e-01 6.228450e-01
574 7.730344e-01 6.105740e-01
575 7.503384e-01 6.238111e-01
576 7.695532e-01 6.180863e-01
577 7.211909e-01 6.217883e-01
578 7.193348e-01 6.083692e-01
579 7.190365e-01 6.086289e-01
580 7.349405e-01 5.869431e-01
581 7.354456e-01 5.863892e-01
582 7.308827e-01 5.765330e-01
583 7.335277e-01 5.762521e-01
584 7.274156e-01 5.739879e-01
585 7.249835e-01 5.724459e-01
586 7.285519e-01 6.011112e-01
587 6.935966e-01 6.063510e-01
588 6.962482e-01 6.021752e-01
589 7.151062e-01 6.274470e-01
590 7.401147e-01 6.569060e-01
591 7.394154e-01 6.582892e-01
592 7.351631e-01 6.447460e-01
593 7.572126e-01 6.410198e-01
594 7.556933e-01 6.228066e-01
595 7.573537e-01 6.284059e-01
596 7.614572e-01 6.315704e-01
597 7.713458e-01 6.420929e-01
598 7.727992e-01 6.395112e-01
599 7.719802e-01 6.408687e-01
600 7.602960e-01 6.318236e-01
601 7.083495e-01 6.373025e-01
602 7.051101e-01 6.407762e-01
603 7.076625e-01 6.320963e-01
604 7.355319e-01 6.185291e-01
605 7.314993e-01 6.211113e-01
606 7.274026e-01 6.232145e-01
607 7.273461e-01 6.263945e-01
608 7.105783e-01 6.470922e-01
609 7.183085e-01 6.481533e-01
610 7.046953e-01 6.343293e-01
611 7.366800e-01 6.161413e-01
612 7.349865e-01 6.173445e-01
613 7.484656e-01 5.967502e-01
614 7.496477e-01 5.968740e-01
615 7.385178e-01 6.736821e-01
616 7.378810e-01 6.734633e-01
617 7.416144e-01 6.653310e-01
618 7.138880e-01 6.713464e-01
619 7.128697e-01 6.708668e-01
620 7.238690e-01 6.890923e-01
621 7.046041e-01 6.752232e-01
622 7.067496e-01 6.816227e-01
623 7.175056e-01 6.781880e-01
624 7.077888e-01 6.929031e-01
625 7.101952e-01 6.932096e-01
626 7.095993e-01 6.918783e-01
627 7.088331e-01 6.919296e-01
628 6.447754e-01 6.776704e-01
629 6.465248e-01 6.740442e-01
630 6.503710e-01 6.781641e-01
631 6.323297e-01 6.889363e-01
632 6.324499e-01 6.888817e-01
633 6.318141e-01 6.847598e-01
634 6.455629e-01 6.954782e-01
635 6.455358e-01 6.958747e-01
636 7.291913e-01 8.192345e-01
637 7.433594e-01 8.344683e-01
638 7.420270e-01 8.380436e-01
639 7.365377e-01 7.975576e-01
640 7.337037e-01 7.897248e-01
641 7.555231e-01 7.587924e-01
642 7.538029e-01 7.599921e-01
643 7.043544e-01 7.343556e-01
644 6.971711e-01 7.361063e-01
645 6.969602e-01 7.361073e-01
646 7.043740e-01 7.317913e-01
647 7.267240e-01 7.276648e-01
648 7.236665e-01 7.295761e-01
649 6.930654e-01 7.441216e-01
650 6.926300e-01 7.440086e-01
651 6.916679e-01 7.457719e-01
652 6.849742e-01 7.400545e-01
653 6.857872e-01 7.472087e-01
654 6.877848e-01 7.466636e-01
655 6.913073e-01 7.406570e-01
656 6.742304e-01 7.681193e-01
657 6.593351e-01 8.219496e-01
658 6.909261e-01 8.707446e-01
659 6.487632e-01 8.722464e-01
660 6.436226e-01 8.577045e-01
661 6.604041e-01 8.651057e-01
662 6.550145e-01 8.643138e-01
663 6.564207e-01 8.615385e-01
664 6.653126e-01 8.671325e-01
665 6.810298e-01 8.895977e-01
666 6.807630e-01 8.897389e-01
667 6.854462e-01 8.888619e-01
668 6.448686e-01 9.595586e-01
669 6.326616e-01 9.447164e-01
670 6.378144e-01 9.412685e-01
671 6.162787e-01 9.647606e-01
672 6.042595e-01 9.617434e-01
673 5.878273e-01 9.541816e-01
674 6.070024e-01 9.718654e-01
675 6.089365e-01 9.690071e-01
676 6.095694e-01 9.690514e-01
677 6.099289e-01 9.684861e-01
678 6.008476e-01 9.717122e-01
679 6.004233e-01 9.720321e-01
680 6.036495e-01 1.015303e+00
681 5.724537e-01 1.048900e+00
682 5.919013e-01 1.053471e+00
683 5.928789e-01 1.016910e+00
684 5.928869e-01 1.016508e+00
685 5.942329e-01 1.005510e+00
686 5.938240e-01 1.008983e+00
687 5.960149e-01 1.025406e+00
688 6.320167e-01 1.036732e+00
689 6.125065e-01 1.046667e+00
690 6.145734e-01 1.045592e+00
691 6.093632e-01 1.062578e+00
692 6.385630e-01 1.056248e+00
693 6.319448e-01 1.064585e+00
694 6.257130e-01 1.074741e+00
695 6.370843e-01 1.042172e+00
696 7.153820e-01 1.032023e+00
697 7.218224e-01 1.027367e+00
698 7.168673e-01 1.026060e+00
699 7.167687e-01 1.025853e+00
700 6.656716e-01 1.002594e+00
701 6.707010e-01 9.953825e-01
702 6.372748e-01 1.002718e+00
703 6.205207e-01 9.906753e-01
704 6.063089e-01 9.959099e-01
705 5.946861e-01 1.009923e+00
706 5.893150e-01 1.005215e+00
707 5.981043e-01 1.007325e+00
708 5.980865e-01 1.006950e+00
709 5.872824e-01 9.832007e-01
710 5.925594e-01 1.002977e+00
711 6.021962e-01 9.655915e-01
712 5.809355e-01 9.795080e-01
713 5.585128e-01 1.005021e+00
714 5.526328e-01 9.827167e-01
715 5.598268e-01 9.909595e-01
716 5.869251e-01 9.748690e-01
717 5.866368e-01 9.748178e-01
718 5.916434e-01 9.570830e-01
719 5.878332e-01 9.579856e-01
720 5.917536e-01 9.639213e-01
721 5.908853e-01 9.643426e-01
722 5.703266e-01 1.012587e+00
723 5.508798e-01 1.033174e+00
724 5.549302e-01 1.020934e+00
725 5.302423e-01 1.029280e+00
726 5.242378e-01 1.029381e+00
727 5.543449e-01 1.021494e+00
728 5.532209e-01 1.019895e+00
729 5.135515e-01 1.027274e+00
730 5.105990e-01 1.021318e+00
731 5.102562e-01 1.023239e+00
732 4.907879e-01 1.003813e+00
733 4.392225e-01 1.010693e+00
734 4.760342e-01 1.048529e+00
735 4.669667e-01 1.034312e+00
736 4.669101e-01 1.034152e+00
737 4.787354e-01 1.049295e+00
738 4.817911e-01 1.054399e+00
739 4.848824e-01 1.054162e+00
740 4.951247e-01 1.040564e+00
741 5.006165e-01 1.045208e+00
742 5.006000e-01 1.045205e+00
743 5.067117e-01 1.009330e+00
744 4.828321e-01 1.031055e+00
745 4.737823e-01 1.016933e+00
746 4.810031e-01 1.036556e+00
747 4.800422e-01 1.039056e+00
748 4.903982e-01 1.041811e+00
749 4.660719e-01 1.052482e+00
750 4.663430e-01 1.066475e+00
751 4.686238e-01 1.066082e+00
752 4.517964e-01 1.059815e+00
753 4.572313e-01 1.059480e+00
754 4.635531e-01 1.060090e+00
755 4.348354e-01 1.083023e+00
756 4.315191e-01 1.078545e+00
757 4.705639e-01 1.061682e+00
758 4.767119e-01 1.050129e+00
759 4.793044e-01 1.047275e+00
760 4.788484e-01 1.095159e+00
761 4.464914e-01 1.073547e+00
762 4.522085e-01 1.068034e+00
763 4.523281e-01 1.068251e+00
764 4.630331e-01 1.060798e+00
765 4.635874e-01 1.064591e+00
766 4.590799e-01 1.078469e+00
767 4.595238e-01 1.062700e+00
768 4.468010e-01 1.086927e+00
769 4.696166e-01 1.088719e+00
770 4.681297e-01 1.090276e+00
771 4.746887e-01 1.089716e+00
772 4.988638e-01 1.103549e+00
773 5.019796e-01 1.111377e+00
774 5.108467e-01 1.101334e+00
775 5.116092e-01 1.101834e+00
776 5.230784e-01 1.050654e+00
777 5.450770e-01 1.050236e+00
778 5.571746e-01 1.048156e+00
779 5.575997e-01 1.048742e+00
780 5.582524e-01 1.046510e+00
781 5.565245e-01 1.053129e+00
782 5.627128e-01 1.047806e+00
783 5.607509e-01 1.046659e+00
784 5.315222e-01 1.050017e+00
785 5.561277e-01 1.053678e+00
786 5.625732e-01 1.057600e+00
787 5.625697e-01 1.057608e+00
788 5.637489e-01 1.058644e+00
789 6.124846e-01 1.086397e+00
790 6.025828e-01 1.078008e+00
791 6.037715e-01 1.077305e+00
792 6.121655e-01 1.109237e+00
793 6.058356e-01 1.119662e+00
794 6.066125e-01 1.120322e+00
795 6.108002e-01 1.117090e+00
796 5.995096e-01 1.097815e+00
797 6.069179e-01 1.106212e+00
798 6.063266e-01 1.109482e+00
799 5.938182e-01 1.112424e+00
800 5.924259e-01 1.113905e+00
801 5.999309e-01 1.108234e+00
802 5.930033e-01 1.122917e+00
803 6.573236e-01 1.110827e+00
804 6.650774e-01 1.111153e+00
805 6.859075e-01 1.096893e+00
806 6.561145e-01 1.092014e+00
807 6.506812e-01 1.090261e+00
808 6.490003e-01 1.081607e+00
809 6.615349e-01 1.066189e+00
810 6.537366e-01 1.061639e+00
811 6.479491e-01 1.071590e+00
812 6.523961e-01 1.068720e+00
813 6.487807e-01 1.081778e+00
814 6.485584e-01 1.085014e+00
815 6.527296e-01 1.086214e+00
816 7.052406e-01 1.044056e+00
817 6.548380e-01 1.056258e+00
818 6.549247e-01 1.057360e+00
819 6.433074e-01 1.036896e+00
820 6.265930e-01 1.053107e+00
821 6.842354e-01 1.012998e+00
822 6.834168e-01 1.013631e+00
823 6.801021e-01 1.016169e+00
824 6.743308e-01 1.000608e+00
825 6.661230e-01 1.002409e+00
826 6.285247e-01 9.739136e-01
827 6.743921e-01 9.767530e-01
828 6.658786e-01 9.759421e-01
829 6.687806e-01 1.033801e+00
830 6.831619e-01 1.045791e+00
831 6.821827e-01 1.046529e+00
832 6.612422e-01 1.068724e+00
833 6.182670e-01 1.069915e+00
834 6.307388e-01 1.067884e+00
835 6.573477e-01 1.061273e+00
836 6.460359e-01 1.055707e+00
837 6.429811e-01 1.058708e+00
838 6.319031e-01 1.053916e+00
839 6.270707e-01 1.136921e+00
840 6.222306e-01 1.144313e+00
841 6.263891e-01 1.142877e+00
842 6.390973e-01 1.150272e+00
843 6.059903e-01 1.212208e+00
844 6.109945e-01 1.191193e+00
845 6.115390e-01 1.189382e+00
846 6.163331e-01 1.203304e+00
847 6.331563e-01 1.157309e+00
848 6.490302e-01 1.170098e+00
849 6.390873e-01 1.195058e+00
850 6.283591e-01 1.210188e+00
851 6.283965e-01 1.210231e+00
852 6.393084e-01 1.195675e+00
853 6.383740e-01 1.195741e+00
854 6.395800e-01 1.196069e+00
855 6.446241e-01 1.189563e+00
856 6.425310e-01 1.195382e+00
857 6.497481e-01 1.197929e+00
858 6.480753e-01 1.198870e+00
859 6.504788e-01 1.207788e+00
860 6.719718e-01 1.228563e+00
861 6.697703e-01 1.228929e+00
862 6.689318e-01 1.225069e+00
863 6.777187e-01 1.232008e+00
864 6.863888e-01 1.242902e+00
865 6.577123e-01 1.253578e+00
866 6.636861e-01 1.242113e+00
867 6.638249e-01 1.235714e+00
868 6.682602e-01 1.232181e+00
869 6.545121e-01 1.265629e+00
870 7.727791e-01 1.250922e+00
871 7.799619e-01 1.256070e+00
872 7.742321e-01 1.243055e+00
873 7.810380e-01 1.239446e+00
874 7.815321e-01 1.230980e+00
875 7.726286e-01 1.218994e+00
876 7.369343e-01 1.261510e+00
877 7.328245e-01 1.268706e+00
878 7.379446e-01 1.270323e+00
879 7.451232e-01 1.272948e+00
880 7.390930e-01 1.257302e+00
881 7.553350e-01 1.250832e+00
882 7.554057e-01 1.256010e+00
883 7.380019e-01 1.276995e+00
884 7.856592e-01 1.315336e+00
885 7.855375e-01 1.315262e+00
886 8.174579e-01 1.323837e+00
887 8.106268e-01 1.308644e+00
888 9.209315e-01 1.324052e+00
889 9.088270e-01 1.341974e+00
890 9.067388e-01 1.347785e+00
891 9.027163e-01 1.335103e+00
892 9.354237e-01 1.443593e+00
893 9.373827e-01 1.434581e+00
894 9.366910e-01 1.462521e+00
895 9.377973e-01 1.476364e+00
896 9.391789e-01 1.469590e+00
897 9.375722e-01 1.452008e+00
898 9.407065e-01 1.441852e+00
899 9.566992e-01 1.420731e+00
900 9.501551e-01 1.451816e+00
901 9.493643e-01 1.448875e+00
902 9.597448e-01 1.461504e+00
903 9.430655e-01 1.468884e+00
904 9.379035e-01 1.441485e+00
905 9.053748e-01 1.469306e+00
906 9.211676e-01 1.479263e+00
907 8.919161e-01 1.515807e+00
908 8.932911e-01 1.519231e+00
909 8.988680e-01 1.513688e+00
910 9.091921e-01 1.537891e+00
911 9.346802e-01 1.538060e+00
912 9.196257e-01 1.529432e+00
913 9.135786e-01 1.522350e+00
914 9.133742e-01 1.519822e+00
915 9.201145e-01 1.520160e+00
916 9.225698e-01 1.520622e+00
917 8.564253e-01 1.550818e+00
918 8.596942e-01 1.552173e+00
919 8.619592e-01 1.551603e+00
920 8.572810e-01 1.555090e+00
921 8.606562e-01 1.550961e+00
922 8.607197e-01 1.550589e+00
923 8.707748e-01 1.535122e+00
924 8.707459e-01 1.533251e+00
925 8.047674e-01 1.513358e+00
926 8.037905e-01 1.494128e+00
927 8.058835e-01 1.493294e+00
928 8.240424e-01 1.483190e+00
929 8.235575e-01 1.483538e+00
930 8.140622e-01 1.491722e+00
931 8.132593e-01 1.490336e+00
932 8.069020e-01 1.488150e+00
933 8.240802e-01 1.441166e+00
934 8.125660e-01 1.443678e+00
935 8.206188e-01 1.448445e+00
936 8.191819e-01 1.444565e+00
937 8.221633e-01 1.447466e+00
938 8.283168e-01 1.445808e+00
939 8.302361e-01 1.441534e+00
940 8.382561e-01 1.421456e+00
941 8.377730e-01 1.422049e+00
942 8.373371e-01 1.415165e+00
943 8.339678e-01 1.417650e+00
944 8.330396e-01 1.417750e+00
945 8.298316e-01 1.419941e+00
946 8.661345e-01 1.377780e+00
947 8.689436e-01 1.379417e+00
948 8.789965e-01 1.496798e+00
949 8.871447e-01 1.480149e+00
950 8.877868e-01 1.468744e+00
951 8.862098e-01 1.468167e+00
952 8.889146e-01 1.468284e+00
953 8.893639e-01 1.460074e+00
954 8.874300e-01 1.460665e+00
955 8.964683e-01 1.460710e+00
956 8.922679e-01 1.460859e+00
957 8.951610e-01 1.469145e+00
958 8.957856e-01 1.468818e+00
959 8.568575e-01 1.462974e+00
960 8.578528e-01 1.472148e+00
961 8.556244e-01 1.473296e+00
962 8.573305e-01 1.474099e+00
963 9.277680e-01 1.445089e+00
964 9.087753e-01 1.439483e+00
965 8.943936e-01 1.489830e+00
966 8.883034e-01 1.497311e+00
967 8.533249e-01 1.485655e+00
968 8.453800e-01 1.467750e+00
969 8.417351e-01 1.465954e+00
970 8.434717e-01 1.467479e+00
971 8.434321e-01 1.467381e+00
972 8.390211e-01 1.473700e+00
973 8.350030e-01 1.475232e+00
974 7.698770e-01 1.430202e+00
975 7.533096e-01 1.456512e+00
976 7.509690e-01 1.456703e+00
977 7.711228e-01 1.457080e+00
978 7.692231e-01 1.457786e+00
979 7.607993e-01 1.458071e+00
980 7.607051e-01 1.455414e+00
981 7.585289e-01 1.456090e+00
982 7.586609e-01 1.455838e+00
983 7.162082e-01 1.465404e+00
984 7.194348e-01 1.469293e+00
985 7.122824e-01 1.471400e+00
986 7.064530e-01 1.464227e+00
987 7.046304e-01 1.459367e+00
988 7.014796e-01 1.454298e+00
989 7.089396e-01 1.461485e+00
990 6.969994e-01 1.471846e+00
991 6.766899e-01 1.494095e+00
992 6.778686e-01 1.498294e+00
993 7.213425e-01 1.474161e+00
994 7.420250e-01 1.467463e+00
995 7.271699e-01 1.473468e+00
996 7.763580e-01 1.450154e+00
997 7.769625e-01 1.444005e+00
998 7.661612e-01 1.453564e+00
999 7.539555e-01 1.455387e+00
1000 7.148177e-01 1.474006e+00
1001 7.045514e-01 1.468335e+00
1002 7.049276e-01 1.468012e+00
1003 7.068779e-01 1.472492e+00
1004 6.874434e-01 1.497105e+00
1005 6.547061e-01 1.491397e+00
1006 6.493274e-01 1.485118e+00
1007 6.462667e-01 1.502175e+00
1008 6.690459e-01 1.497725e+00
1009 6.689842e-01 1.500378e+00
1010 6.858409e-01 1.474094e+00
1011 6.936216e-01 1.464822e+00
1012 7.035150e-01 1.455824e+00
1013 7.034356e-01 1.455830e+00
1014 6.938039e-01 1.480749e+00
1015 6.845359e-01 1.486691e+00
1016 6.846101e-01 1.478363e+00
1017 6.407129e-01 1.487500e+00
1018 6.477388e-01 1.502356e+00
1019 6.741194e-01 1.494267e+00
1020 6.902715e-01 1.485672e+00
1021 6.933115e-01 1.477378e+00
1022 6.942018e-01 1.476963e+00
1023 7.128864e-01 1.486485e+00
1024 7.149659e-01 1.488929e+00
1025 7.131033e-01 1.488304e+00
1026 6.880201e-01 1.450888e+00
1027 7.160601e-01 1.432211e+00
1028 7.182697e-01 1.457250e+00
1029 7.060540e-01 1.464141e+00
1030 7.050770e-01 1.460956e+00
1031 6.942133e-01 1.472383e+00
1032 6.634286e-01 1.494658e+00
1033 6.321097e-01 1.527104e+00
1034 6.344058e-01 1.529977e+00
1035 6.070050e-01 1.517508e+00
1036 6.150836e-01 1.513972e+00
1037 6.299128e-01 1.516457e+00
1038 6.329964e-01 1.550438e+00
1039 6.292868e-01 1.558559e+00
1040 6.284058e-01 1.554531e+00
1041 6.090416e-01 1.543102e+00
1042 6.396486e-01 1.540686e+00
1043 6.282265e-01 1.534103e+00
1044 6.259217e-01 1.534730e+00
1045 6.098544e-01 1.546853e+00
1046 6.101037e-01 1.547197e+00
1047 6.100720e-01 1.547129e+00
1048 5.853213e-01 1.510113e+00
1049 5.777579e-01 1.508219e+00
1050 5.534090e-01 1.505266e+00
1051 5.707807e-01 1.500857e+00
1052 5.688959e-01 1.498780e+00
1053 5.719123e-01 1.513225e+00
1054 5.788987e-01 1.530149e+00
1055 5.813885e-01 1.527841e+00
1056 5.645366e-01 1.540502e+00
1057 5.656759e-01 1.545062e+00
1058 4.750139e-01 1.549666e+00
1059 4.803945e-01 1.595799e+00
1060 5.021024e-01 1.625955e+00
1061 5.189390e-01 1.627172e+00
1062 5.187567e-01 1.620312e+00
1063 5.037167e-01 1.611939e+00
1064 5.081594e-01 1.615981e+00
1065 5.101415e-01 1.609125e+00
1066 4.802720e-01 1.608864e+00
1067 4.808859e-01 1.608447e+00
1068 4.964162e-01 1.615427e+00
1069 5.129112e-01 1.599145e+00
1070 5.900113e-01 1.597908e+00
1071 5.898281e-01 1.594354e+00
1072 5.897417e-01 1.594579e+00
1073 5.995078e-01 1.576648e+00
1074 5.677339e-01 1.526750e+00
1075 5.743452e-01 1.536157e+00
1076 5.791920e-01 1.544915e+00
1077 5.899659e-01 1.547113e+00
1078 6.169062e-01 1.547928e+00
1079 6.169867e-01 1.548752e+00
1080 6.186752e-01 1.548480e+00
1081 6.229269e-01 1.548265e+00
1082 6.320540e-01 1.552085e+00
1083 6.388434e-01 1.548268e+00
1084 6.350712e-01 1.557775e+00
1085 6.106068e-01 1.565234e+00
1086 5.109735e-01 1.573437e+00
1087 5.008237e-01 1.598633e+00
1088 5.100954e-01 1.594799e+00
1089 5.364368e-01 1.583485e+00
1090 5.447699e-01 1.569816e+00
1091 5.452336e-01 1.569467e+00
1092 5.508448e-01 1.571427e+00
1093 5.596834e-01 1.575540e+00
1094 5.808993e-01 1.605615e+00
1095 5.749146e-01 1.605339e+00
1096 5.739573e-01 1.599337e+00
1097 5.779921e-01 1.586720e+00
1098 5.863659e-01 1.558885e+00
1099 6.291207e-01 1.577608e+00
1100 6.312780e-01 1.599749e+00
1101 6.302329e-01 1.602603e+00
1102 6.306208e-01 1.591595e+00
1103 6.343681e-01 1.578231e+00
1104 6.362806e-01 1.546841e+00
1105 6.359529e-01 1.549112e+00
1106 6.513244e-01 1.549326e+00
1107 6.466311e-01 1.527737e+00
1108 6.460159e-01 1.531539e+00
1109 6.876149e-01 1.518924e+00
1110 6.779718e-01 1.556127e+00
1111 6.907059e-01 1.558998e+00
1112 7.076402e-01 1.527864e+00
1113 7.070538e-01 1.528791e+00
1114 7.075060e-01 1.504354e+00
1115 7.304589e-01 1.550702e+00
1116 7.248789e-01 1.557486e+00
1117 7.155491e-01 1.547645e+00
1118 7.169179e-01 1.547429e+00
1119 7.215642e-01 1.550239e+00
1120 7.758930e-01 1.568248e+00
1121 8.399673e-01 1.604920e+00
1122 8.415402e-01 1.599528e+00
1123 8.392820e-01 1.595563e+00
1124 8.431008e-01 1.585605e+00
1125 8.401389e-01 1.590637e+00
1126 8.600431e-01 1.583563e+00
1127 8.669796e-01 1.587204e+00
1128 8.763434e-01 1.563753e+00
1129 8.797219e-01 1.570577e+00
1130 8.801580e-01 1.568743e+00
1131 9.078633e-01 1.564202e+00
1132 9.061457e-01 1.587928e+00
1133 9.288291e-01 1.558475e+00
1134 9.340212e-01 1.545977e+00
1135 9.319129e-01 1.537346e+00
1136 9.246070e-01 1.543028e+00
1137 9.261285e-01 1.542547e+00
1138 9.244722e-01 1.547417e+00
1139 9.742925e-01 1.505848e+00
1140 9.568849e-01 1.505188e+00
1141 9.669114e-01 1.505896e+00
1142 9.363234e-01 1.507023e+00
1143 8.902800e-01 1.442509e+00
1144 8.872141e-01 1.453932e+00
1145 9.050994e-01 1.477790e+00
1146 9.709535e-01 1.433575e+00
1147 9.696709e-01 1.432525e+00
1148 1.007170e+00 1.445205e+00
1149 1.007798e+00 1.445298e+00
1150 1.037140e+00 1.442328e+00
1151 1.036085e+00 1.447235e+00
1152 1.034543e+00 1.448694e+00
1153 1.034761e+00 1.440228e+00
1154 1.038617e+00 1.442788e+00
1155 1.015118e+00 1.438894e+00
1156 1.019648e+00 1.425854e+00
1157 9.299551e-01 1.440907e+00
1158 9.356588e-01 1.439668e+00
1159 9.337373e-01 1.440150e+00
1160 9.282418e-01 1.440912e+00
1161 9.171426e-01 1.437745e+00
1162 9.423688e-01 1.461473e+00
1163 9.437053e-01 1.462581e+00
1164 9.347089e-01 1.467413e+00
1165 9.323661e-01 1.464724e+00
1166 9.103913e-01 1.474370e+00
1167 9.678109e-01 1.478626e+00
1168 9.832812e-01 1.477340e+00
1169 9.861057e-01 1.485885e+00
1170 1.032436e+00 1.490025e+00
1171 1.036410e+00 1.481693e+00
1172 1.038767e+00 1.499809e+00
1173 1.049126e+00 1.520434e+00
1174 1.047044e+00 1.504916e+00
1175 1.078300e+00 1.527445e+00
1176 1.077273e+00 1.526895e+00
1177 1.090102e+00 1.542932e+00
1178 1.088254e+00 1.548460e+00
1179 1.088542e+00 1.552716e+00
1180 1.089132e+00 1.481404e+00
1181 1.045116e+00 1.490905e+00
1182 9.960920e-01 1.424660e+00
1183 9.958755e-01 1.421420e+00
1184 9.960959e-01 1.421839e+00
1185 9.443078e-01 1.432810e+00
1186 9.448156e-01 1.437253e+00
1187 9.485085e-01 1.433012e+00
1188 9.490770e-01 1.442627e+00
1189 9.820530e-01 1.448688e+00
1190 9.735743e-01 1.445937e+00
1191 1.003213e+00 1.454575e+00
1192 1.003072e+00 1.454326e+00
1193 9.791444e-01 1.441367e+00
1194 9.788444e-01 1.441287e+00
1195 9.758884e-01 1.487339e+00
1196 9.865741e-01 1.444578e+00
1197 1.025385e+00 1.395583e+00
1198 9.815887e-01 1.367101e+00
1199 9.854451e-01 1.367506e+00
1200 9.951535e-01 1.379229e+00
1201 9.891393e-01 1.381296e+00
1202 9.931571e-01 1.382177e+00
1203 9.598719e-01 1.381266e+00
1204 9.668671e-01 1.373527e+00
1205 9.650218e-01 1.371906e+00
1206 9.465519e-01 1.367428e+00
1207 9.714776e-01 1.357446e+00
1208 9.415958e-01 1.358174e+00
1209 9.373068e-01 1.356020e+00
1210 9.241484e-01 1.354523e+00
1211 9.268715e-01 1.356961e+00
1212 8.822077e-01 1.392613e+00
1213 8.939826e-01 1.391206e+00
1214 8.942347e-01 1.389651e+00
1215 8.929738e-01 1.384859e+00
1216 8.934708e-01 1.383278e+00
1217 9.021634e-01 1.387836e+00
1218 9.133812e-01 1.377808e+00
1219 9.138689e-01 1.377535e+00
1220 9.104127e-01 1.370533e+00
1221 8.556752e-01 1.315704e+00
1222 8.530471e-01 1.316345e+00
1223 8.430951e-01 1.302686e+00
1224 8.420943e-01 1.295096e+00
1225 8.234270e-01 1.294527e+00
1226 8.191166e-01 1.299756e+00
1227 7.758717e-01 1.294877e+00
1228 7.760497e-01 1.294602e+00
1229 7.673510e-01 1.289700e+00
1230 7.760644e-01 1.287253e+00
1231 7.411835e-01 1.244647e+00
1232 7.464577e-01 1.241885e+00
1233 7.464063e-01 1.242285e+00
1234 7.504787e-01 1.267751e+00
1235 7.448438e-01 1.276257e+00
1236 7.334384e-01 1.271900e+00
1237 7.562888e-01 1.275110e+00
1238 7.725484e-01 1.270013e+00
1239 7.719950e-01 1.269499e+00
1240 7.847555e-01 1.285019e+00
1241 8.080806e-01 1.238509e+00
1242 7.927287e-01 1.236495e+00
1243 7.416369e-01 1.256318e+00
1244 7.416650e-01 1.256426e+00
1245 7.411362e-01 1.255330e+00
1246 7.461137e-01 1.254087e+00
1247 7.605495e-01 1.158382e+00
1248 7.481029e-01 1.158518e+00
1249 7.768946e-01 1.149614e+00
1250 7.542580e-01 1.143154e+00
1251 7.452732e-01 1.145301e+00
1252 7.495767e-01 1.135065e+00
1253 7.463710e-01 1.136783e+00
1254 7.492812e-01 1.138254e+00
1255 7.587540e-01 1.138197e+00
1256 7.613364e-01 1.175723e+00
1257 7.799899e-01 1.140245e+00
1258 7.821609e-01 1.143453e+00
1259 7.754208e-01 1.141926e+00
1260 7.698415e-01 1.155522e+00
1261 7.699955e-01 1.140379e+00
1262 7.727600e-01 1.143786e+00
1263 7.716890e-01 1.144362e+00
1264 7.718850e-01 1.137659e+00
1265 7.542712e-01 1.096898e+00
1266 7.561942e-01 1.101583e+00
1267 7.712976e-01 1.098014e+00
1268 7.778553e-01 1.101363e+00
1269 7.875361e-01 1.130537e+00
1270 7.909650e-01 1.118064e+00
1271 7.928261e-01 1.118928e+00
1272 7.959184e-01 1.114054e+00
1273 7.946373e-01 1.125867e+00
1274 7.482435e-01 1.126595e+00
1275 7.728088e-01 1.117321e+00
1276 7.623386e-01 1.075496e+00
1277 7.632276e-01 1.074815e+00
1278 7.761916e-01 1.071393e+00
1279 8.049667e-01 1.070975e+00
1280 7.918386e-01 1.080616e+00
1281 7.902446e-01 1.081845e+00
1282 7.615330e-01 1.095533e+00
1283 7.612693e-01 1.090761e+00
1284 7.246514e-01 1.082632e+00
1285 7.324345e-01 1.065450e+00
1286 7.339656e-01 1.060642e+00
1287 7.226158e-01 1.065062e+00
1288 7.475214e-01 1.078047e+00
1289 7.410164e-01 1.092408e+00
1290 7.408483e-01 1.087126e+00
1291 7.584900e-01 1.089869e+00
1292 7.446786e-01 1.139943e+00
1293 7.254651e-01 1.146321e+00
1294 7.258033e-01 1.147281e+00
1295 7.263266e-01 1.145710e+00
1296 7.090794e-01 1.141899e+00
1297 7.079333e-01 1.138521e+00
1298 7.065809e-01 1.143596e+00
1299 7.018417e-01 1.171898e+00
1300 7.063730e-01 1.171575e+00
1301 7.249235e-01 1.154366e+00
1302 7.337170e-01 1.229750e+00
1303 7.306760e-01 1.228820e+00
1304 7.270273e-01 1.233623e+00
1305 7.043673e-01 1.254394e+00
1306 7.074526e-01 1.253309e+00
1307 7.049818e-01 1.253264e+00
1308 7.060733e-01 1.252566e+00
1309 6.971662e-01 1.246892e+00
1310 6.915320e-01 1.264583e+00
1311 6.799488e-01 1.284244e+00
1312 6.800667e-01 1.283365e+00
1313 6.733268e-01 1.298577e+00
1314 6.557088e-01 1.280771e+00
1315 6.515869e-01 1.274126e+00
1316 6.599879e-01 1.300468e+00
1317 5.780523e-01 1.355736e+00
1318 5.817986e-01 1.320084e+00
1319 6.016544e-01 1.308630e+00
1320 6.010506e-01 1.296732e+00
1321 6.009888e-01 1.305179e+00
1322 5.695619e-01 1.330430e+00
1323 5.275718e-01 1.328526e+00
1324 5.241476e-01 1.326453e+00
1325 5.189907e-01 1.329507e+00
1326 5.167868e-01 1.332628e+00
1327 5.028248e-01 1.310664e+00
1328 5.032537e-01 1.310746e+00
1329 5.266619e-01 1.328445e+00
1330 5.474049e-01 1.320491e+00
1331 5.494965e-01 1.313293e+00
1332 5.584668e-01 1.318390e+00
1333 5.837936e-01 1.263030e+00
1334 5.797766e-01 1.260401e+00
1335 5.722003e-01 1.188192e+00
1336 5.668481e-01 1.200379e+00
1337 5.690520e-01 1.202202e+00
1338 5.729932e-01 1.202494e+00
1339 6.008215e-01 1.208561e+00
1340 6.106698e-01 1.177397e+00
1341 6.151909e-01 1.176784e+00
1342 6.246936e-01 1.190857e+00
1343 6.203308e-01 1.209594e+00
1344 5.919371e-01 1.202986e+00
1345 6.047955e-01 1.221978e+00
1346 5.047472e-01 1.227347e+00
1347 5.054601e-01 1.233406e+00
1348 5.055430e-01 1.233599e+00
1349 5.062337e-01 1.234964e+00
1350 5.068172e-01 1.224019e+00
1351 5.147967e-01 1.241312e+00
1352 5.176942e-01 1.239930e+00
1353 5.478381e-01 1.214804e+00
1354 5.403979e-01 1.273358e+00
1355 5.401892e-01 1.273825e+00
1356 5.397532e-01 1.274933e+00
1357 5.401930e-01 1.273930e+00
1358 5.501011e-01 1.273716e+00
1359 5.532400e-01 1.275916e+00
1360 5.361823e-01 1.275126e+00
1361 5.113370e-01 1.270390e+00
1362 5.134604e-01 1.272127e+00
1363 5.181490e-01 1.284888e+00
1364 5.242931e-01 1.285575e+00
1365 5.266247e-01 1.287374e+00
1366 5.172374e-01 1.293472e+00
1367 5.251673e-01 1.297469e+00
1368 5.619170e-01 1.281597e+00
1369 5.489293e-01 1.284300e+00
1370 5.522001e-01 1.285910e+00
1371 5.011322e-01 1.246867e+00
1372 5.458056e-01 1.271703e+00
1373 5.155240e-01 1.285850e+00
1374 4.538032e-01 1.299894e+00
1375 4.651117e-01 1.270641e+00
1376 4.735592e-01 1.272111e+00
1377 4.737316e-01 1.272174e+00
1378 4.690024e-01 1.285855e+00
1379 4.690469e-01 1.287866e+00
1380 4.577989e-01 1.268171e+00
1381 4.594165e-01 1.267853e+00
1382 4.521303e-01 1.274149e+00
1383 4.511451e-01 1.281276e+00
1384 4.489060e-01 1.284502e+00
1385 4.523117e-01 1.300843e+00
1386 4.537996e-01 1.303644e+00
1387 4.639337e-01 1.289541e+00
1388 4.636866e-01 1.282753e+00
1389 4.631575e-01 1.291485e+00
1390 4.923390e-01 1.283415e+00
1391 4.918469e-01 1.283525e+00
1392 4.856956e-01 1.277902e+00
1393 4.853862e-01 1.271969e+00
1394 5.198558e-01 1.297683e+00
1395 5.394138e-01 1.317238e+00
1396 5.394120e-01 1.318893e+00
1397 5.408665e-01 1.279667e+00
1398 5.396677e-01 1.271005e+00
1399 5.353204e-01 1.275173e+00
1400 5.377478e-01 1.274174e+00
1401 4.717324e-01 1.319550e+00
1402 4.654405e-01 1.316150e+00
1403 4.849551e-01 1.267970e+00
1404 4.892550e-01 1.273422e+00
1405 4.590900e-01 1.248692e+00
1406 4.414992e-01 1.312980e+00
1407 4.387073e-01 1.313523e+00
1408 4.544478e-01 1.313192e+00
1409 4.487660e-01 1.337418e+00
1410 4.748273e-01 1.376446e+00
1411 4.796433e-01 1.415006e+00
1412 4.777666e-01 1.411633e+00
1413 4.922900e-01 1.444870e+00
1414 4.590142e-01 1.439681e+00
1415 4.639294e-01 1.476639e+00
1416 4.640337e-01 1.476213e+00
1417 4.783376e-01 1.469261e+00
1418 4.776246e-01 1.469371e+00
1419 4.876024e-01 1.473563e+00
1420 4.760419e-01 1.478051e+00
1421 4.887870e-01 1.483390e+00
1422 4.912488e-01 1.482632e+00
1423 4.904470e-01 1.481544e+00
1424 4.843350e-01 1.480381e+00
1425 4.973985e-01 1.509231e+00
1426 4.773848e-01 1.496308e+00
1427 4.747325e-01 1.510236e+00
1428 4.819378e-01 1.529433e+00
1429 4.785887e-01 1.528572e+00
1430 4.746826e-01 1.521396e+00
1431 4.600652e-01 1.498336e+00
1432 4.605119e-01 1.493895e+00
1433 4.608734e-01 1.493682e+00
1434 4.646076e-01 1.498024e+00
1435 4.371865e-01 1.514712e+00
1436 4.365007e-01 1.517434e+00
1437 4.681571e-01 1.481063e+00
1438 4.627488e-01 1.482631e+00
1439 4.691503e-01 1.474416e+00
1440 4.755079e-01 1.468037e+00
1441 5.089653e-01 1.448773e+00
1442 5.263759e-01 1.464285e+00
1443 5.055170e-01 1.444332e+00
1444 5.020692e-01 1.449179e+00
1445 4.991916e-01 1.427688e+00
1446 4.997671e-01 1.427646e+00
1447 5.217381e-01 1.437167e+00
1448 5.193118e-01 1.437869e+00
1449 4.768859e-01 1.372561e+00
1450 4.446801e-01 1.415968e+00
1451 4.450131e-01 1.419005e+00
1452 4.250193e-01 1.409263e+00
1453 4.301638e-01 1.363515e+00
1454 4.290856e-01 1.364866e+00
1455 4.062759e-01 1.348071e+00
1456 3.984058e-01 1.366735e+00
1457 4.009976e-01 1.350374e+00
1458 4.071871e-01 1.344890e+00
1459 3.989050e-01 1.316827e+00
1460 3.868843e-01 1.303641e+00
1461 4.157370e-01 1.314125e+00
1462 4.162901e-01 1.318799e+00
1463 4.183706e-01 1.340921e+00
1464 4.292882e-01 1.342498e+00
1465 4.274396e-01 1.343824e+00
1466 4.330163e-01 1.336022e+00
1467 4.365672e-01 1.346809e+00
1468 4.365783e-01 1.346853e+00
1469 4.734918e-01 1.307767e+00
1470 4.639766e-01 1.316235e+00
1471 4.641931e-01 1.317912e+00
1472 4.548799e-01 1.367595e+00
1473 4.538614e-01 1.355941e+00
1474 4.503721e-01 1.352910e+00
1475 4.512943e-01 1.356822e+00
1476 4.267726e-01 1.351013e+00
1477 4.422743e-01 1.444787e+00
1478 4.111179e-01 1.451424e+00
1479 4.372280e-01 1.448951e+00
1480 4.266224e-01 1.447106e+00
1481 4.181382e-01 1.448503e+00
1482 4.199891e-01 1.462315e+00
1483 4.250569e-01 1.460519e+00
1484 3.799949e-01 1.451013e+00
1485 4.139129e-01 1.428541e+00
1486 4.152348e-01 1.431908e+00
1487 4.247416e-01 1.441076e+00
1488 4.182044e-01 1.437799e+00
1489 4.189420e-01 1.437657e+00
1490 3.783107e-01 1.450523e+00
1491 3.708713e-01 1.459438e+00
1492 3.603843e-01 1.467720e+00
1493 3.647294e-01 1.469455e+00
1494 3.362670e-01 1.516135e+00
1495 3.386306e-01 1.517152e+00
1496 3.441704e-01 1.527179e+00
1497 3.421242e-01 1.539384e+00
1498 3.636032e-01 1.523251e+00
1499 4.000893e-01 1.557623e+00
1500 3.964779e-01 1.539854e+00
1501 3.836399e-01 1.537963e+00
1502 3.840393e-01 1.558574e+00
1503 3.278048e-01 1.581437e+00
1504 3.279962e-01 1.580210e+00
1505 3.236978e-01 1.582265e+00
1506 3.287528e-01 1.585928e+00
1507 3.332002e-01 1.579001e+00
1508 2.973015e-01 1.571766e+00
1509 2.686995e-01 1.579206e+00
1510 2.660507e-01 1.570793e+00
1511 2.664719e-01 1.570251e+00
1512 2.884452e-01 1.568039e+00
1513 2.791501e-01 1.560803e+00
1514 2.771584e-01 1.560749e+00
1515 2.348988e-01 1.613319e+00
1516 2.359617e-01 1.609710e+00
1517 2.401577e-01 1.610285e+00
1518 2.339147e-01 1.617917e+00
1519 2.461576e-01 1.608272e+00
1520 2.340136e-01 1.628628e+00
1521 2.360367e-01 1.629167e+00
1522 2.273893e-01 1.604763e+00
1523 2.379704e-01 1.600737e+00
1524 2.373298e-01 1.621551e+00
1525 2.465502e-01 1.624689e+00
1526 2.855470e-01 1.680691e+00
1527 2.752019e-01 1.694838e+00
1528 2.356938e-01 1.701928e+00
1529 2.402886e-01 1.693919e+00
1530 2.188860e-01 1.712878e+00
1531 1.981133e-01 1.679747e+00
1532 1.970892e-01 1.674291e+00
1533 2.151998e-01 1.683850e+00
1534 2.138418e-01 1.687090e+00
1535 2.266604e-01 1.693075e+00
1536 2.446465e-01 1.675888e+00
1537 2.484311e-01 1.675831e+00
1538 2.638547e-01 1.669724e+00
1539 2.507460e-01 1.697088e+00
1540 2.634818e-01 1.711270e+00
1541 2.782233e-01 1.721631e+00
1542 2.813617e-01 1.719890e+00
1543 2.929002e-01 1.713903e+00
1544 2.868802e-01 1.702021e+00
1545 2.853559e-01 1.702716e+00
1546 2.471734e-01 1.701325e+00
1547 2.469496e-01 1.700753e+00
1548 2.585040e-01 1.701488e+00
1549 2.690866e-01 1.696382e+00
1550 2.846019e-01 1.718017e+00
1551 2.875765e-01 1.673942e+00
1552 2.941529e-01 1.686991e+00
1553 2.521359e-01 1.637867e+00
1554 2.619858e-01 1.636836e+00
1555 2.743925e-01 1.631548e+00
1556 2.935840e-01 1.648030e+00
1557 2.986196e-01 1.651497e+00
1558 2.922526e-01 1.644038e+00
1559 2.603882e-01 1.674113e+00
1560 2.699609e-01 1.700537e+00
1561 2.659734e-01 1.706198e+00
1562 2.419349e-01 1.719994e+00
1563 2.320159e-01 1.722015e+00
1564 2.282499e-01 1.723271e+00
1565 2.009469e-01 1.716399e+00
1566 1.828828e-01 1.707288e+00
1567 1.835202e-01 1.706493e+00
1568 1.834985e-01 1.706537e+00
1569 1.412940e-01 1.725115e+00
1570 1.097349e-01 1.711052e+00
1571 9.801401e-02 1.696875e+00
1572 1.193333e-01 1.688219e+00
1573 1.072275e-01 1.675926e+00
1574 9.714401e-02 1.675186e+00
1575 9.724771e-02 1.674785e+00
1576 9.543297e-02 1.672476e+00
1577 9.209264e-02 1.655692e+00
1578 8.753726e-02 1.640529e+00
1579 1.528616e-01 1.634306e+00
1580 1.495253e-01 1.638424e+00
1581 1.496797e-01 1.640037e+00
1582 1.578681e-01 1.638895e+00
1583 1.562019e-01 1.659541e+00
1584 1.510457e-01 1.655378e+00
1585 1.202166e-01 1.639567e+00
1586 1.209665e-01 1.639115e+00
1587 1.496174e-01 1.627050e+00
1588 1.493969e-01 1.627215e+00
1589 1.501461e-01 1.626699e+00
1590 1.326446e-01 1.651682e+00
1591 1.009247e-01 1.622347e+00
1592 1.260041e-01 1.630636e+00
1593 1.022786e-01 1.639255e+00
1594 1.003178e-01 1.639976e+00
1595 1.160952e-01 1.743369e+00
1596 1.318734e-01 1.736621e+00
1597 1.185208e-01 1.770786e+00
1598 1.091113e-01 1.762882e+00
1599 9.984053e-02 1.776862e+00
1600 9.746191e-02 1.775865e+00
1601 8.672704e-02 1.762264e+00
1602 1.051188e-01 1.744510e+00
1603 9.738710e-02 1.750759e+00
1604 9.815750e-02 1.750013e+00
1605 9.795690e-02 1.749927e+00
1606 1.024496e-01 1.748926e+00
1607 8.209792e-02 1.728536e+00
1608 8.144860e-02 1.726696e+00
1609 1.483829e-01 1.776020e+00
1610 1.502876e-01 1.779603e+00
1611 1.556242e-01 1.783479e+00
1612 1.561786e-01 1.784305e+00
1613 1.603146e-01 1.787572e+00
1614 1.528311e-01 1.795629e+00
1615 1.460803e-01 1.799478e+00
1616 1.431354e-01 1.785425e+00
1617 1.486834e-01 1.780933e+00
1618 1.659229e-01 1.755476e+00
1619 1.674648e-01 1.761466e+00
1620 1.661427e-01 1.743423e+00
1621 1.683577e-01 1.747180e+00
1622 1.277057e-01 1.748701e+00
1623 1.669307e-01 1.764095e+00
1624 2.122247e-01 1.729117e+00
1625 2.040734e-01 1.701651e+00
1626 2.074220e-01 1.696618e+00
1627 2.197514e-01 1.636453e+00
1628 2.194308e-01 1.629510e+00
1629 2.483129e-01 1.643706e+00
1630 2.477483e-01 1.641383e+00
1631 2.493241e-01 1.632775e+00
1632 1.974580e-01 1.621747e+00
1633 1.741514e-01 1.600435e+00
1634 1.860797e-01 1.590058e+00
1635 1.230277e-01 1.603319e+00
1636 1.387243e-01 1.603880e+00
1637 1.613224e-01 1.590562e+00
1638 1.858027e-01 1.597289e+00
1639 1.675279e-01 1.575355e+00
1640 1.689369e-01 1.583390e+00
1641 1.696351e-01 1.581904e+00
1642 1.668916e-01 1.589854e+00
1643 1.766006e-01 1.587726e+00
1644 1.727377e-01 1.574589e+00
1645 1.711798e-01 1.581883e+00
1646 1.968367e-01 1.693777e+00
1647 1.972916e-01 1.657937e+00
1648 2.238278e-01 1.664983e+00
1649 2.350733e-01 1.678304e+00
1650 2.237169e-01 1.657993e+00
1651 1.985395e-01 1.657041e+00
1652 2.000529e-01 1.655557e+00
1653 2.034378e-01 1.658869e+00
1654 2.034732e-01 1.700517e+00
1655 2.162715e-01 1.669691e+00
1656 2.046172e-01 1.647583e+00
1657 1.896805e-01 1.645306e+00
1658 1.904644e-01 1.632673e+00
1659 1.669254e-01 1.629116e+00
1660 1.767034e-01 1.625068e+00
1661 1.853767e-01 1.621722e+00
1662 1.856869e-01 1.627192e+00
1663 1.835146e-01 1.636422e+00
1664 1.792567e-01 1.629799e+00
1665 1.801448e-01 1.628681e+00
1666 1.667074e-01 1.616289e+00
1667 1.984047e-01 1.614530e+00
1668 1.982751e-01 1.614494e+00
1669 2.024653e-01 1.610070e+00
1670 2.095379e-01 1.641018e+00
1671 2.153211e-01 1.624912e+00
1672 2.140379e-01 1.634979e+00
1673 2.136354e-01 1.633512e+00
1674 2.142465e-01 1.626952e+00
1675 2.189830e-01 1.629666e+00
1676 2.156755e-01 1.632236e+00
1677 2.113981e-01 1.638318e+00
1678 2.111361e-01 1.645191e+00
1679 2.065760e-01 1.642476e+00
1680 2.048975e-01 1.636385e+00
1681 2.127923e-01 1.632785e+00
1682 2.215319e-01 1.618138e+00
1683 2.356472e-01 1.631906e+00
1684 2.395890e-01 1.625071e+00
1685 2.374891e-01 1.626468e+00
1686 2.303697e-01 1.647221e+00
1687 2.345517e-01 1.645950e+00
1688 1.696718e-01 1.590073e+00
1689 1.702963e-01 1.594973e+00
1690 1.720250e-01 1.599379e+00
1691 2.030977e-01 1.600047e+00
1692 1.972127e-01 1.612149e+00
1693 2.168674e-01 1.583439e+00
1694 2.164073e-01 1.595638e+00
1695 2.153675e-01 1.605820e+00
1696 2.219643e-01 1.611578e+00
1697 2.254230e-01 1.612522e+00
1698 2.245225e-01 1.621320e+00
1699 2.179487e-01 1.620768e+00
1700 2.211163e-01 1.626154e+00
1701 2.234654e-01 1.601817e+00
1702 2.156802e-01 1.614585e+00
1703 2.235824e-01 1.598652e+00
1704 2.260779e-01 1.595782e+00
1705 2.240881e-01 1.596843e+00
1706 2.180896e-01 1.567976e+00
1707 2.143487e-01 1.592222e+00
1708 2.236129e-01 1.595833e+00
1709 2.269007e-01 1.638951e+00
1710 2.573166e-01 1.587397e+00
1711 2.529179e-01 1.585617e+00
1712 2.601226e-01 1.568434e+00
1713 2.601447e-01 1.556252e+00
1714 2.488828e-01 1.544712e+00
1715 2.542747e-01 1.573390e+00
1716 2.470716e-01 1.588031e+00
1717 2.684796e-01 1.605083e+00
1718 2.582238e-01 1.588526e+00
1719 2.342005e-01 1.567500e+00
1720 2.283432e-01 1.555397e+00
1721 1.656684e-01 1.582763e+00
1722 1.604318e-01 1.593457e+00
1723 1.705059e-01 1.570019e+00
1724 1.856812e-01 1.560297e+00
1725 1.903995e-01 1.569591e+00
1726 1.540106e-01 1.605001e+00
1727 1.903230e-01 1.616847e+00
1728 1.895961e-01 1.618168e+00
1729 1.919619e-01 1.617575e+00
1730 1.835532e-01 1.612736e+00
1731 1.634177e-01 1.620073e+00
1732 1.276261e-01 1.610431e+00
1733 1.258807e-01 1.619393e+00
1734 1.143934e-01 1.612411e+00
1735 1.137070e-01 1.613401e+00
1736 1.028860e-01 1.607728e+00
1737 1.145620e-01 1.602608e+00
1738 1.111389e-01 1.626908e+00
1739 9.969032e-02 1.599781e+00
1740 9.023371e-02 1.595080e+00
1741 9.405774e-02 1.595520e+00
1742 1.459314e-01 1.546947e+00
1743 1.384439e-01 1.550529e+00
1744 1.637143e-01 1.561127e+00
1745 1.713032e-01 1.560234e+00
1746 1.682309e-01 1.553557e+00
1747 1.570802e-01 1.563684e+00
1748 1.386736e-01 1.574092e+00
1749 1.587240e-01 1.590520e+00
1750 1.573230e-01 1.584428e+00
1751 1.566528e-01 1.585576e+00
1752 1.555508e-01 1.607315e+00
1753 1.481583e-01 1.597215e+00
1754 1.612381e-01 1.609458e+00
1755 1.590342e-01 1.598457e+00
1756 1.583444e-01 1.597489e+00
1757 1.509710e-01 1.583667e+00
1758 1.680492e-01 1.572030e+00
1759 1.726099e-01 1.561154e+00
1760 1.727013e-01 1.557717e+00
1761 1.724831e-01 1.557281e+00
1762 8.733120e-02 1.537764e+00
1763 8.659427e-02 1.510972e+00
1764 9.343535e-02 1.518044e+00
1765 9.600726e-02 1.516149e+00
1766 7.805614e-02 1.495005e+00
1767 2.994010e-02 1.512059e+00
1768 2.646591e-02 1.516707e+00
1769 2.517108e-02 1.534636e+00
1770 2.844889e-02 1.545916e+00
1771 3.830327e-02 1.548391e+00
1772 3.170337e-02 1.522529e+00
1773 3.918693e-02 1.516598e+00
1774 4.488248e-02 1.524992e+00
1775 4.610970e-02 1.525639e+00
1776 4.429139e-02 1.523116e+00
1777 4.469846e-02 1.525288e+00
1778 4.500063e-02 1.522701e+00
1779 4.476779e-02 1.522806e+00
1780 5.035423e-03 1.531443e+00
1781 2.058395e-03 1.526073e+00
1782 -1.861101e-02 1.522243e+00
