0 1.327086e+00 1.954139e+00
1 1.388398e+00 2.014952e+00
2 1.385284e+00 2.021102e+00
3 1.391174e+00 2.042760e+00
4 1.389384e+00 2.037595e+00
5 1.385425e+00 2.037184e+00
6 1.385468e+00 2.038891e+00
7 1.355214e+00 2.041584e+00
8 1.355816e+00 2.043118e+00
9 1.353845e+00 2.042210e+00
10 1.343179e+00 2.044795e+00
11 1.369345e+00 2.052223e+00
12 1.373296e+00 2.040425e+00
13 1.383580e+00 2.039987e+00
14 1.387140e+00 2.039001e+00
15 1.406737e+00 1.992091e+00
16 1.410582e+00 1.981350e+00
17 1.418753e+00 1.977974e+00
18 1.406120e+00 2.016238e+00
19 1.408903e+00 2.017481e+00
20 1.385271e+00 2.021286e+00
21 1.396259e+00 2.019964e+00
22 1.395006e+00 2.021728e+00
23 1.510460e+00 2.091974e+00
24 1.522434e+00 2.068799e+00
25 1.530306e+00 2.045458e+00
26 1.528183e+00 2.046063e+00
27 1.549350e+00 2.068451e+00
28 1.556630e+00 2.079038e+00
29 1.556591e+00 2.077076e+00
30 1.554472e+00 2.053120e+00
31 1.554969e+00 2.057673e+00
32 1.549128e+00 2.053483e+00
33 1.578506e+00 2.046791e+00
34 1.568770e+00 2.052689e+00
35 1.551369e+00 2.039250e+00
36 1.553289e+00 2.037597e+00
37 1.618439e+00 2.032518e+00
38 1.622599e+00 2.029963e+00
39 1.624379e+00 2.025873e+00
40 1.626863e+00 2.023195e+00
41 1.615800e+00 2.006930e+00
42 1.620394e+00 2.004108e+00
43 1.628014e+00 1.971233e+00
44 1.568445e+00 1.983969e+00
45 1.585304e+00 1.987612e+00
46 1.585530e+00 1.990738e+00
47 1.571902e+00 1.978399e+00
48 1.572429e+00 1.979184e+00
49 1.567075e+00 1.976167e+00
50 1.579337e+00 1.988083e+00
51 1.553838e+00 1.964670e+00
52 1.554794e+00 1.966956e+00
53 1.560103e+00 1.971833e+00
54 1.637915e+00 2.004903e+00
55 1.591879e+00 1.996670e+00
56 1.586293e+00 2.010948e+00
57 1.584611e+00 2.014871e+00
58 1.585095e+00 2.033601e+00
59 1.587289e+00 2.024466e+00
60 1.591109e+00 2.021816e+00
61 1.588665e+00 2.028641e+00
62 1.593995e+00 2.067289e+00
63 1.612609e+00 2.055856e+00
64 1.662994e+00 2.076260e+00
65 1.653032e+00 2.019288e+00
66 1.652135e+00 2.019798e+00
67 1.575954e+00 2.036677e+00
68 1.565187e+00 2.053232e+00
69 1.567236e+00 2.052213e+00
70 1.557536e+00 2.039294e+00
71 1.566832e+00 2.027709e+00
72 1.566377e+00 2.027161e+00
73 1.555998e+00 2.031492e+00
74 1.576443e+00 2.037169e+00
75 1.580942e+00 2.076043e+00
76 1.585454e+00 2.069617e+00
77 1.559938e+00 2.042008e+00
78 1.560463e+00 2.051791e+00
79 1.570011e+00 2.050071e+00
80 1.574495e+00 2.000042e+00
81 1.559327e+00 1.993466e+00
82 1.570477e+00 1.989057e+00
83 1.593156e+00 1.984647e+00
84 1.601371e+00 1.985512e+00
85 1.599982e+00 1.986833e+00
86 1.583186e+00 1.932102e+00
87 1.559874e+00 1.906527e+00
88 1.546376e+00 1.898593e+00
89 1.554914e+00 1.906895e+00
90 1.559547e+00 1.904480e+00
91 1.561007e+00 1.884769e+00
92 1.567206e+00 1.880264e+00
93 1.612588e+00 1.878364e+00
94 1.624212e+00 1.864901e+00
95 1.634323e+00 1.851683e+00
96 1.617748e+00 1.866409e+00
97 1.620493e+00 1.864776e+00
98 1.616965e+00 1.852202e+00
99 1.656817e+00 1.873742e+00
100 1.646448e+00 1.819731e+00
101 1.655974e+00 1.827768e+00
102 1.651549e+00 1.820383e+00
103 1.659295e+00 1.836354e+00
104 1.667859e+00 1.843585e+00
105 1.681425e+00 1.818634e+00
106 1.681754e+00 1.848932e+00
107 1.688212e+00 1.823167e+00
108 1.677608e+00 1.860422e+00
109 1.667232e+00 1.849171e+00
110 1.680808e+00 1.847123e+00
111 1.680774e+00 1.851201e+00
112 1.695842e+00 1.856598e+00
113 1.697199e+00 1.848042e+00
114 1.705618e+00 1.843992e+00
115 1.708719e+00 1.827386e+00
116 1.690731e+00 1.813097e+00
117 1.701748e+00 1.813350e+00
118 1.716140e+00 1.747372e+00
119 1.717170e+00 1.747354e+00
120 1.717350e+00 1.748824e+00
121 1.717337e+00 1.748728e+00
122 1.721736e+00 1.757526e+00
123 1.726928e+00 1.785097e+00
124 1.727178e+00 1.786270e+00
125 1.734434e+00 1.784697e+00
126 1.722411e+00 1.786166e+00
127 1.717254e+00 1.784647e+00
128 1.716961e+00 1.785556e+00
129 1.670381e+00 1.745244e+00
130 1.611473e+00 1.772618e+00
131 1.611633e+00 1.770338e+00
132 1.579720e+00 1.781620e+00
133 1.575923e+00 1.779893e+00
134 1.570306e+00 1.811733e+00
135 1.563469e+00 1.824763e+00
136 1.578493e+00 1.832533e+00
137 1.597941e+00 1.832511e+00
138 1.593482e+00 1.830487e+00
139 1.595283e+00 1.834958e+00
140 1.555275e+00 1.824549e+00
141 1.539222e+00 1.815320e+00
142 1.539462e+00 1.815304e+00
143 1.555229e+00 1.814657e+00
144 1.558116e+00 1.813676e+00
145 1.558412e+00 1.812999e+00
146 1.578455e+00 1.846723e+00
147 1.576679e+00 1.849545e+00
148 1.576971e+00 1.855838e+00
149 1.576184e+00 1.854656e+00
150 1.576001e+00 1.854194e+00
151 1.601952e+00 1.867762e+00
152 1.602520e+00 1.864207e+00
153 1.561695e+00 1.842919e+00
154 1.564700e+00 1.878564e+00
155 1.563941e+00 1.881485e+00
156 1.549372e+00 1.884512e+00
157 1.556352e+00 1.854313e+00
158 1.558067e+00 1.854267e+00
159 1.556520e+00 1.853860e+00
160 1.559226e+00 1.855370e+00
161 1.563080e+00 1.848616e+00
162 1.559915e+00 1.855071e+00
163 1.563885e+00 1.859243e+00
164 1.568966e+00 1.860054e+00
165 1.570776e+00 1.859869e+00
166 1.578186e+00 1.859247e+00
167 1.566199e+00 1.843911e+00
168 1.536760e+00 1.821939e+00
169 1.567291e+00 1.754552e+00
170 1.615058e+00 1.769540e+00
171 1.616952e+00 1.765564e+00
172 1.603633e+00 1.758176e+00
173 1.608563e+00 1.780197e+00
174 1.647536e+00 1.782264e+00
175 1.648014e+00 1.777613e+00
176 1.635703e+00 1.776311e+00
177 1.631570e+00 1.775842e+00
178 1.629357e+00 1.775159e+00
179 1.666875e+00 1.768674e+00
180 1.646209e+00 1.849429e+00
181 1.666047e+00 1.845040e+00
182 1.682402e+00 1.826986e+00
183 1.687925e+00 1.831647e+00
184 1.705910e+00 1.821019e+00
185 1.702341e+00 1.817028e+00
186 1.674636e+00 1.847305e+00
187 1.617009e+00 1.840022e+00
188 1.628945e+00 1.808669e+00
189 1.657992e+00 1.814196e+00
190 1.706891e+00 1.900196e+00
191 1.693716e+00 1.904266e+00
192 1.677198e+00 1.935359e+00
193 1.696915e+00 1.966089e+00
194 1.696575e+00 1.959161e+00
195 1.693670e+00 1.956279e+00
196 1.676922e+00 1.943052e+00
197 1.660362e+00 1.959799e+00
198 1.664570e+00 1.946896e+00
199 1.624530e+00 2.036246e+00
200 1.621058e+00 2.039454e+00
201 1.601525e+00 2.033284e+00
202 1.582490e+00 2.058273e+00
203 1.572666e+00 2.079522e+00
204 1.575002e+00 2.071399e+00
205 1.591690e+00 2.099102e+00
206 1.599064e+00 2.085275e+00
207 1.596517e+00 2.096030e+00
208 1.606655e+00 2.088148e+00
209 1.605551e+00 2.084943e+00
210 1.637017e+00 2.079609e+00
211 1.631764e+00 2.067662e+00
212 1.634868e+00 2.064877e+00
213 1.634543e+00 2.065674e+00
214 1.630956e+00 2.083189e+00
215 1.629978e+00 2.085646e+00
216 1.684605e+00 2.080520e+00
217 1.688304e+00 2.092753e+00
218 1.681247e+00 2.087673e+00
219 1.671164e+00 2.081300e+00
220 1.690462e+00 2.127225e+00
221 1.691093e+00 2.127976e+00
222 1.688285e+00 2.125496e+00
223 1.694796e+00 2.143155e+00
224 1.722552e+00 2.142546e+00
225 1.706798e+00 2.123668e+00
226 1.748235e+00 2.117458e+00
227 1.748056e+00 2.118168e+00
228 1.749361e+00 2.113717e+00
229 1.751326e+00 2.113677e+00
230 1.774472e+00 2.062964e+00
231 1.754781e+00 2.019024e+00
232 1.749918e+00 2.029005e+00
233 1.776293e+00 1.950726e+00
234 1.775442e+00 1.949881e+00
235 1.763540e+00 1.958448e+00
236 1.758159e+00 1.969083e+00
237 1.827283e+00 1.947176e+00
238 1.825064e+00 1.947799e+00
239 1.825179e+00 1.947352e+00
240 1.803067e+00 1.957321e+00
241 1.808949e+00 1.966971e+00
242 1.809684e+00 1.947994e+00
243 1.830082e+00 1.955879e+00
244 1.832829e+00 1.952820e+00
245 1.849203e+00 1.935494e+00
246 1.856581e+00 1.942918e+00
247 1.853204e+00 1.960853e+00
248 1.845503e+00 1.944889e+00
249 1.858800e+00 1.944736e+00
250 1.856385e+00 1.935060e+00
251 1.855883e+00 1.938234e+00
252 1.861330e+00 1.930340e+00
253 1.841293e+00 1.927600e+00
254 1.849810e+00 1.932497e+00
255 1.828339e+00 1.935973e+00
256 1.827581e+00 1.934263e+00
257 1.838807e+00 1.927194e+00
258 1.839103e+00 1.925898e+00
259 1.856925e+00 1.856505e+00
260 1.854666e+00 1.845179e+00
261 1.840032e+00 1.843618e+00
262 1.863957e+00 1.853110e+00
263 1.878803e+00 1.791360e+00
264 1.834531e+00 1.825786e+00
265 1.833253e+00 1.817672e+00
266 1.825949e+00 1.813073e+00
267 1.857966e+00 1.803267e+00
268 1.851686e+00 1.783602e+00
269 1.854110e+00 1.793535e+00
270 1.819115e+00 1.792403e+00
271 1.815993e+00 1.788395e+00
272 1.822902e+00 1.793758e+00
273 1.851092e+00 1.789634e+00
274 1.845819e+00 1.804948e+00
275 1.845763e+00 1.804983e+00
276 1.857156e+00 1.803335e+00
277 1.867675e+00 1.795785e+00
278 1.872124e+00 1.750215e+00
279 1.868309e+00 1.737047e+00
280 1.887523e+00 1.738995e+00
281 1.878820e+00 1.741032e+00
282 1.840646e+00 1.748260e+00
283 1.830536e+00 1.732821e+00
284 1.852112e+00 1.743523e+00
285 1.861750e+00 1.737252e+00
286 1.868052e+00 1.735617e+00
287 1.862746e+00 1.734197e+00
288 1.863266e+00 1.734984e+00
289 1.848871e+00 1.726313e+00
290 1.854180e+00 1.743914e+00
291 1.844375e+00 1.718603e+00
292 1.812459e+00 1.771208e+00
293 1.792707e+00 1.781714e+00
294 1.771284e+00 1.775599e+00
295 1.788778e+00 1.819235e+00
296 1.786074e+00 1.801498e+00
297 1.782402e+00 1.802614e+00
298 1.797550e+00 1.794933e+00
299 1.794341e+00 1.798450e+00
300 1.793633e+00 1.795027e+00
301 1.800688e+00 1.808036e+00
302 1.810756e+00 1.789864e+00
303 1.811503e+00 1.794472e+00
304 1.813520e+00 1.798086e+00
305 1.949667e+00 1.765420e+00
306 2.019073e+00 1.780591e+00
307 2.044523e+00 1.844453e+00
308 2.040932e+00 1.858849e+00
309 2.038473e+00 1.869664e+00
310 2.050518e+00 1.865956e+00
311 2.049423e+00 1.871324e+00
312 2.034566e+00 1.864729e+00
313 2.002086e+00 1.911656e+00
314 2.015313e+00 1.923419e+00
315 2.014770e+00 1.923081e+00
316 2.018651e+00 1.935297e+00
317 2.037307e+00 1.929328e+00
318 2.040606e+00 1.930227e+00
319 2.042614e+00 1.934094e+00
320 2.043836e+00 1.935556e+00
321 2.052575e+00 1.928274e+00
322 2.044082e+00 1.923479e+00
323 2.108026e+00 1.915663e+00
324 2.134814e+00 1.916989e+00
325 2.122528e+00 1.887129e+00
326 2.115850e+00 1.881126e+00
327 2.123772e+00 1.881893e+00
328 2.124687e+00 1.881552e+00
329 2.124942e+00 1.880795e+00
330 2.134257e+00 1.870510e+00
331 2.159946e+00 1.898517e+00
332 2.156022e+00 1.896991e+00
333 2.134954e+00 1.919139e+00
334 2.125969e+00 1.923675e+00
335 2.136962e+00 1.925343e+00
336 2.139506e+00 1.926541e+00
337 2.113362e+00 1.932688e+00
338 2.105275e+00 1.929529e+00
339 2.092649e+00 1.918373e+00
340 2.123957e+00 1.895049e+00
341 2.121930e+00 1.899285e+00
342 2.119578e+00 1.915566e+00
343 2.157508e+00 1.886441e+00
344 2.162354e+00 1.883597e+00
345 2.159397e+00 1.883254e+00
346 2.167467e+00 1.888642e+00
347 2.150088e+00 1.901595e+00
348 2.154655e+00 1.896002e+00
349 2.182103e+00 1.910408e+00
350 2.164834e+00 1.904171e+00
351 2.172383e+00 1.900266e+00
352 2.139201e+00 1.953764e+00
353 2.120240e+00 1.949379e+00
354 2.135937e+00 1.936629e+00
355 2.137554e+00 1.934207e+00
356 2.135740e+00 1.939666e+00
357 2.130233e+00 1.925297e+00
358 2.086601e+00 1.917012e+00
359 2.073723e+00 2.036037e+00
360 2.083185e+00 1.964194e+00
361 2.084239e+00 1.968907e+00
362 2.086979e+00 1.970168e+00
363 2.086180e+00 1.968886e+00
364 2.087752e+00 1.971989e+00
365 2.085952e+00 1.969496e+00
366 2.061904e+00 1.959697e+00
367 2.083750e+00 1.963560e+00
368 2.066330e+00 1.950876e+00
369 2.053590e+00 1.968084e+00
370 2.087292e+00 1.991584e+00
371 2.062969e+00 1.975867e+00
372 2.065105e+00 1.973368e+00
373 2.065477e+00 1.965601e+00
374 2.085190e+00 1.939587e+00
375 2.176481e+00 1.971007e+00
376 2.168580e+00 1.977875e+00
377 2.233155e+00 1.997097e+00
378 2.258718e+00 2.004206e+00
379 2.280761e+00 1.977462e+00
380 2.269025e+00 1.979369e+00
381 2.239668e+00 1.960096e+00
382 2.214877e+00 1.974842e+00
383 2.178262e+00 1.943357e+00
384 2.177137e+00 1.933649e+00
385 2.185999e+00 1.924181e+00
386 2.182252e+00 1.956753e+00
387 2.177495e+00 1.945297e+00
388 2.183015e+00 1.947483e+00
389 2.173625e+00 1.956377e+00
390 2.172210e+00 1.966070e+00
391 2.082838e+00 2.054176e+00
392 2.133666e+00 2.001947e+00
393 2.136859e+00 2.001179e+00
394 2.128657e+00 1.966805e+00
395 2.092349e+00 1.997156e+00
396 2.116309e+00 1.981688e+00
397 2.110378e+00 1.987967e+00
398 2.124915e+00 2.018660e+00
399 2.104448e+00 2.056620e+00
400 2.088491e+00 2.101389e+00
401 2.083829e+00 2.120996e+00
402 2.097307e+00 2.139416e+00
403 2.108445e+00 2.123750e+00
404 2.093233e+00 2.136316e+00
405 2.093993e+00 2.136796e+00
406 2.076563e+00 2.177429e+00
407 2.035253e+00 2.160802e+00
408 2.095727e+00 2.163784e+00
409 2.087079e+00 2.163114e+00
410 2.093820e+00 2.164444e+00
411 2.067980e+00 2.183006e+00
412 2.073000e+00 2.183742e+00
413 2.090769e+00 2.187535e+00
414 2.090513e+00 2.175395e+00
415 2.112219e+00 2.185995e+00
416 2.128318e+00 2.197204e+00
417 2.129035e+00 2.217219e+00
418 2.131228e+00 2.211837e+00
419 2.123813e+00 2.216212e+00
420 2.121479e+00 2.205327e+00
421 2.115303e+00 2.192483e+00
422 2.111693e+00 2.187503e+00
423 2.130564e+00 2.188622e+00
424 2.136633e+00 2.186613e+00
425 2.118864e+00 2.176307e+00
426 2.120213e+00 2.174900e+00
427 2.125520e+00 2.178897e+00
428 2.108233e+00 2.197486e+00
429 2.160229e+00 2.155936e+00
430 2.127361e+00 2.149202e+00
431 2.153772e+00 2.148405e+00
432 2.163792e+00 2.160350e+00
433 2.166559e+00 2.179402e+00
434 2.114243e+00 2.205926e+00
435 2.111693e+00 2.209732e+00
436 2.097988e+00 2.289433e+00
437 2.100583e+00 2.291205e+00
438 2.105267e+00 2.290493e+00
439 2.101508e+00 2.291448e+00
440 2.101463e+00 2.290913e+00
441 2.081793e+00 2.278779e+00
442 2.083871e+00 2.279278e+00
443 2.074262e+00 2.275113e+00
444 2.077557e+00 2.275764e+00
445 2.078402e+00 2.268747e+00
446 2.041266e+00 2.215357e+00
447 2.042120e+00 2.216354e+00
448 2.048198e+00 2.195228e+00
449 2.045075e+00 2.190402e+00
450 2.030804e+00 2.174807e+00
451 2.054318e+00 2.167357e+00
452 2.067584e+00 2.149867e+00
453 2.091104e+00 2.190012e+00
454 2.086863e+00 2.186536e+00
455 2.126981e+00 2.226884e+00
456 2.129815e+00 2.228432e+00
457 2.106372e+00 2.214425e+00
458 2.110584e+00 2.218263e+00
459 2.110373e+00 2.218223e+00
460 2.102896e+00 2.215224e+00
461 2.102045e+00 2.217503e+00
462 2.102653e+00 2.217812e+00
463 2.120816e+00 2.264001e+00
464 2.113908e+00 2.270726e+00
465 2.116041e+00 2.275492e+00
466 2.136904e+00 2.277044e+00
467 2.142457e+00 2.273631e+00
468 2.140645e+00 2.272370e+00
469 2.134745e+00 2.266324e+00
470 2.132689e+00 2.271565e+00
471 2.137601e+00 2.288233e+00
472 2.169385e+00 2.272165e+00
473 2.170832e+00 2.270247e+00
474 2.164445e+00 2.253598e+00
475 2.162907e+00 2.244232e+00
476 2.181481e+00 2.207298e+00
477 2.193298e+00 2.191861e+00
478 2.195831e+00 2.210987e+00
479 2.208781e+00 2.200356e+00
480 2.210594e+00 2.194885e+00
481 2.210539e+00 2.194818e+00
482 2.212762e+00 2.197855e+00
483 2.295205e+00 2.205431e+00
484 2.299857e+00 2.205981e+00
485 2.302534e+00 2.205623e+00
486 2.303347e+00 2.203946e+00
487 2.302051e+00 2.210821e+00
488 2.301055e+00 2.212973e+00
489 2.291620e+00 2.220869e+00
490 2.270646e+00 2.239901e+00
491 2.276760e+00 2.252200e+00
492 2.275599e+00 2.278619e+00
493 2.275133e+00 2.278922e+00
494 2.236874e+00 2.248150e+00
495 2.231714e+00 2.246835e+00
496 2.235052e+00 2.217350e+00
497 2.235390e+00 2.220178e+00
498 2.236128e+00 2.217810e+00
499 2.247653e+00 2.236934e+00
500 2.237785e+00 2.225327e+00
501 2.229388e+00 2.213674e+00
502 2.214630e+00 2.195032e+00
503 2.238942e+00 2.210353e+00
504 2.242618e+00 2.211348e+00
505 2.254723e+00 2.197998e+00
506 2.254445e+00 2.204708e+00
507 2.264917e+00 2.207362e+00
508 2.294238e+00 2.213042e+00
509 2.308332e+00 2.228234e+00
510 2.309726e+00 2.225610e+00
511 2.316366e+00 2.235398e+00
512 2.334800e+00 2.234157e+00
513 2.309821e+00 2.258302e+00
514 2.303784e+00 2.250961e+00
515 2.338543e+00 2.295281e+00
516 2.341495e+00 2.283543e+00
517 2.353065e+00 2.282424e+00
518 2.349573e+00 2.282163e+00
519 2.352683e+00 2.288782e+00
520 2.317193e+00 2.279314e+00
521 2.313940e+00 2.278819e+00
522 2.321322e+00 2.282280e+00
523 2.317135e+00 2.284822e+00
524 2.280458e+00 2.246852e+00
525 2.286590e+00 2.243748e+00
526 2.274408e+00 2.222383e+00
527 2.274361e+00 2.212136e+00
528 2.296832e+00 2.203627e+00
529 2.297214e+00 2.200602e+00
530 2.301920e+00 2.206899e+00
531 2.293577e+00 2.197567e+00
532 2.312342e+00 2.209963e+00
533 2.293027e+00 2.205431e+00
534 2.299911e+00 2.211647e+00
535 2.329894e+00 2.199037e+00
536 2.311001e+00 2.176064e+00
537 2.287321e+00 2.177131e+00
538 2.292019e+00 2.171779e+00
539 2.291324e+00 2.170419e+00
540 2.286095e+00 2.179882e+00
541 2.275021e+00 2.173480e+00
542 2.255193e+00 2.162782e+00
543 2.257687e+00 2.193861e+00
544 2.228995e+00 2.146913e+00
545 2.236347e+00 2.152798e+00
546 2.283852e+00 2.163932e+00
547 2.288110e+00 2.163190e+00
548 2.302213e+00 2.171303e+00
549 2.304010e+00 2.176034e+00
550 2.284314e+00 2.171689e+00
551 2.250382e+00 2.173141e+00
552 2.211397e+00 2.164231e+00
553 2.234459e+00 2.176316e+00
554 2.207103e+00 2.193117e+00
555 2.228342e+00 2.141132e+00
556 2.240879e+00 2.152113e+00
557 2.282249e+00 2.151387e+00
558 2.308560e+00 2.198039e+00
559 2.289737e+00 2.201141e+00
560 2.309153e+00 2.210438e+00
561 2.310887e+00 2.210775e+00
562 2.334792e+00 2.161942e+00
563 2.352298e+00 2.201451e+00
564 2.323083e+00 2.202013e+00
565 2.312145e+00 2.194118e+00
566 2.338224e+00 2.170777e+00
567 2.350535e+00 2.172460e+00
568 2.343577e+00 2.168632e+00
569 2.340607e+00 2.169306e+00
570 2.356990e+00 2.169637e+00
571 2.356617e+00 2.177560e+00
572 2.335142e+00 2.183384e+00
573 2.353500e+00 2.175842e+00
574 2.365703e+00 2.193594e+00
575 2.377191e+00 2.187275e+00
576 2.365113e+00 2.207391e+00
577 2.364861e+00 2.200186e+00
578 2.410942e+00 2.192048e+00
579 2.411010e+00 2.178127e+00
580 2.406305e+00 2.149513e+00
581 2.405372e+00 2.150037e+00
582 2.401173e+00 2.135239e+00
583 2.412493e+00 2.126940e+00
584 2.349397e+00 2.214582e+00
585 2.337009e+00 2.225368e+00
586 2.356551e+00 2.236957e+00
587 2.354007e+00 2.213352e+00
588 2.342347e+00 2.209034e+00
589 2.378883e+00 2.182819e+00
590 2.374356e+00 2.198862e+00
591 2.336996e+00 2.214811e+00
592 2.337892e+00 2.208170e+00
593 2.343303e+00 2.198828e+00
594 2.344278e+00 2.200234e+00
595 2.302046e+00 2.143748e+00
596 2.317591e+00 2.134657e+00
597 2.320307e+00 2.132339e+00
598 2.295396e+00 2.121188e+00
599 2.295252e+00 2.125148e+00
600 2.287856e+00 2.125366e+00
601 2.288478e+00 2.127862e+00
602 2.288556e+00 2.158488e+00
603 2.241165e+00 2.128207e+00
604 2.222569e+00 2.134055e+00
605 2.217971e+00 2.133566e+00
606 2.219903e+00 2.124876e+00
607 2.207879e+00 2.082476e+00
608 2.209634e+00 2.067412e+00
609 2.210162e+00 2.062663e+00
610 2.212675e+00 2.064082e+00
611 2.234915e+00 2.085678e+00
612 2.234490e+00 2.100001e+00
613 2.238855e+00 2.114652e+00
614 2.228870e+00 2.123814e+00
615 2.224073e+00 2.127370e+00
616 2.234693e+00 2.117820e+00
617 2.238184e+00 2.117573e+00
618 2.253551e+00 2.124182e+00
619 2.260745e+00 2.135961e+00
620 2.220804e+00 2.118168e+00
621 2.223761e+00 2.118724e+00
622 2.223740e+00 2.118700e+00
623 2.223838e+00 2.118333e+00
624 2.221576e+00 2.143032e+00
625 2.207376e+00 2.132807e+00
626 2.156198e+00 2.144027e+00
627 2.148739e+00 2.064025e+00
628 2.191470e+00 2.026151e+00
629 2.192175e+00 2.030365e+00
630 2.193693e+00 2.029998e+00
631 2.167655e+00 2.006513e+00
632 2.152576e+00 2.005037e+00
633 2.159696e+00 2.001539e+00
634 2.159493e+00 2.006378e+00
635 2.147516e+00 1.995874e+00
636 2.150368e+00 2.000092e+00
637 2.135280e+00 2.023672e+00
638 2.130574e+00 2.022857e+00
639 2.127774e+00 2.029778e+00
640 2.127833e+00 2.031741e+00
641 2.121382e+00 2.040247e+00
642 2.059562e+00 2.020745e+00
643 2.091986e+00 2.064871e+00
644 2.097689e+00 2.064869e+00
645 2.141340e+00 2.058206e+00
646 2.140065e+00 2.063655e+00
647 2.144990e+00 2.058139e+00
648 2.144856e+00 2.056381e+00
649 2.152504e+00 2.039363e+00
650 2.152151e+00 2.034303e+00
651 2.162745e+00 2.001397e+00
652 2.172202e+00 2.015905e+00
653 2.178116e+00 2.021415e+00
654 2.156356e+00 2.005446e+00
655 2.156548e+00 1.987226e+00
656 2.161464e+00 1.963974e+00
657 2.159323e+00 1.962288e+00
658 2.159297e+00 1.906102e+00
659 2.166457e+00 1.920744e+00
660 2.137579e+00 1.900762e+00
661 2.121401e+00 1.901321e+00
662 2.171417e+00 1.898988e+00
663 2.173694e+00 1.894790e+00
664 2.174858e+00 1.906756e+00
665 2.197681e+00 1.888886e+00
666 2.199725e+00 1.888732e+00
667 2.189132e+00 1.878783e+00
668 2.212678e+00 1.874295e+00
669 2.162164e+00 1.880502e+00
670 2.170703e+00 1.836091e+00
671 2.167815e+00 1.837993e+00
672 2.177741e+00 1.846259e+00
673 2.178314e+00 1.835961e+00
674 2.240775e+00 1.791758e+00
675 2.234183e+00 1.787981e+00
676 2.233609e+00 1.788517e+00
677 2.227149e+00 1.789940e+00
678 2.186966e+00 1.763484e+00
679 2.188386e+00 1.761727e+00
680 2.184000e+00 1.773766e+00
681 2.168536e+00 1.753913e+00
682 2.167213e+00 1.765258e+00
683 2.140903e+00 1.786735e+00
684 2.129906e+00 1.776528e+00
685 2.129441e+00 1.773282e+00
686 2.165916e+00 1.778200e+00
687 2.156796e+00 1.781304e+00
688 2.158636e+00 1.794646e+00
689 2.142298e+00 1.794728e+00
690 2.092900e+00 1.765078e+00
691 2.106316e+00 1.779263e+00
692 2.099949e+00 1.789251e+00
693 2.103258e+00 1.797823e+00
694 2.106248e+00 1.795980e+00
695 2.103995e+00 1.803794e+00
696 2.108788e+00 1.801562e+00
697 2.115460e+00 1.803794e+00
698 2.129053e+00 1.849235e+00
699 2.125231e+00 1.834900e+00
700 2.139165e+00 1.816574e+00
701 2.118503e+00 1.783411e+00
702 2.121570e+00 1.784433e+00
703 2.087066e+00 1.753814e+00
704 2.074329e+00 1.749772e+00
705 2.076425e+00 1.749189e+00
706 2.086983e+00 1.753777e+00
707 2.085749e+00 1.754769e+00
708 2.041074e+00 1.761522e+00
709 2.009862e+00 1.794089e+00
710 2.010194e+00 1.892524e+00
711 1.981167e+00 1.841240e+00
712 2.024163e+00 1.880338e+00
713 2.038184e+00 1.811308e+00
714 2.044443e+00 1.829190e+00
715 2.041585e+00 1.835169e+00
716 2.032778e+00 1.824526e+00
717 2.152741e+00 1.792779e+00
718 2.154955e+00 1.793960e+00
719 2.178208e+00 1.801727e+00
720 2.189151e+00 1.807408e+00
721 2.250264e+00 1.826898e+00
722 2.231026e+00 1.870981e+00
723 2.231477e+00 1.869973e+00
724 2.248313e+00 1.912930e+00
725 2.250951e+00 1.920993e+00
726 2.253509e+00 1.881224e+00
727 2.252075e+00 1.890720e+00
728 2.267415e+00 1.894242e+00
729 2.290827e+00 1.842301e+00
730 2.293539e+00 1.849831e+00
731 2.243144e+00 1.848173e+00
732 2.240398e+00 1.846834e+00
733 2.246918e+00 1.852470e+00
734 2.255386e+00 1.851025e+00
735 2.255284e+00 1.823075e+00
736 2.240152e+00 1.809181e+00
737 2.202477e+00 1.804791e+00
738 2.196410e+00 1.796009e+00
739 2.192787e+00 1.795168e+00
740 2.214629e+00 1.760637e+00
741 2.209775e+00 1.789789e+00
742 2.206920e+00 1.788606e+00
743 2.201008e+00 1.782254e+00
744 2.189443e+00 1.787096e+00
745 2.193667e+00 1.787722e+00
746 2.192499e+00 1.790743e+00
747 2.183196e+00 1.794011e+00
748 2.180396e+00 1.787100e+00
749 2.166692e+00 1.792021e+00
750 2.165018e+00 1.792863e+00
751 2.174518e+00 1.804539e+00
752 2.162722e+00 1.801766e+00
753 2.167341e+00 1.809158e+00
754 2.154006e+00 1.812190e+00
755 2.152473e+00 1.812819e+00
756 2.172230e+00 1.805609e+00
757 2.172244e+00 1.805586e+00
758 2.181422e+00 1.809620e+00
759 2.176040e+00 1.821897e+00
760 2.177760e+00 1.819719e+00
761 2.205905e+00 1.865138e+00
762 2.218982e+00 1.762062e+00
763 2.243611e+00 1.785347e+00
764 2.243642e+00 1.785445e+00
765 2.232313e+00 1.762936e+00
766 2.200199e+00 1.747611e+00
767 2.199283e+00 1.750002e+00
768 2.153435e+00 1.740811e+00
769 2.153390e+00 1.738038e+00
770 2.128141e+00 1.734415e+00
771 2.131236e+00 1.734200e+00
772 2.090053e+00 1.717809e+00
773 2.093645e+00 1.708652e+00
774 2.115532e+00 1.711779e+00
775 2.113684e+00 1.707885e+00
776 2.129304e+00 1.719971e+00
777 2.167377e+00 1.663032e+00
778 2.166884e+00 1.648025e+00
779 2.168227e+00 1.651064e+00
780 2.142336e+00 1.620988e+00
781 2.106348e+00 1.603789e+00
782 2.087168e+00 1.591839e+00
783 2.084659e+00 1.596931e+00
784 2.134863e+00 1.583838e+00
785 2.157177e+00 1.608660e+00
786 2.150026e+00 1.612807e+00
787 2.145585e+00 1.623787e+00
788 2.135631e+00 1.648661e+00
789 2.146238e+00 1.664066e+00
790 2.148646e+00 1.656882e+00
791 2.153677e+00 1.654856e+00
792 2.151573e+00 1.654296e+00
793 2.163950e+00 1.648055e+00
794 2.104820e+00 1.651948e+00
795 2.069149e+00 1.693954e+00
796 2.081765e+00 1.682005e+00
797 2.088960e+00 1.691680e+00
798 2.100594e+00 1.626207e+00
799 2.106378e+00 1.656390e+00
800 2.107863e+00 1.660089e+00
801 2.109113e+00 1.660619e+00
802 2.093142e+00 1.653742e+00
803 2.115328e+00 1.655597e+00
804 2.107642e+00 1.651599e+00
805 2.190603e+00 1.687190e+00
806 2.166779e+00 1.708267e+00
807 2.176796e+00 1.722260e+00
808 2.171374e+00 1.716178e+00
809 2.190565e+00 1.687568e+00
810 2.188242e+00 1.690466e+00
811 2.200401e+00 1.673126e+00
812 2.169318e+00 1.637563e+00
813 2.193820e+00 1.629925e+00
814 2.176836e+00 1.617365e+00
815 2.181891e+00 1.620807e+00
816 2.149825e+00 1.622601e+00
817 2.153677e+00 1.629255e+00
818 2.152608e+00 1.631056e+00
819 2.151367e+00 1.638891e+00
820 2.135506e+00 1.661149e+00
821 2.091478e+00 1.674613e+00
822 2.091144e+00 1.674410e+00
823 2.046391e+00 1.655807e+00
824 2.046288e+00 1.656102e+00
825 2.037053e+00 1.663367e+00
826 2.062553e+00 1.699129e+00
827 2.064103e+00 1.703564e+00
828 2.071770e+00 1.680805e+00
829 2.087197e+00 1.668694e+00
830 2.107955e+00 1.737255e+00
831 2.126996e+00 1.704732e+00
832 2.143505e+00 1.700667e+00
833 2.129654e+00 1.684346e+00
834 2.129696e+00 1.683533e+00
835 2.115473e+00 1.650127e+00
836 2.116245e+00 1.662091e+00
837 2.114499e+00 1.683916e+00
838 2.137284e+00 1.683546e+00
839 2.144085e+00 1.673093e+00
840 2.139039e+00 1.671290e+00
841 2.136108e+00 1.672290e+00
842 2.135728e+00 1.673048e+00
843 2.135739e+00 1.673161e+00
844 2.136603e+00 1.690277e+00
845 2.137439e+00 1.691634e+00
846 2.166788e+00 1.670512e+00
847 2.173802e+00 1.669158e+00
848 2.175827e+00 1.668946e+00
849 2.182879e+00 1.675675e+00
850 2.179831e+00 1.680609e+00
851 2.140429e+00 1.744498e+00
852 2.148355e+00 1.756325e+00
853 2.160815e+00 1.765186e+00
854 2.162314e+00 1.767097e+00
855 2.156975e+00 1.754453e+00
856 2.173411e+00 1.740674e+00
857 2.181467e+00 1.747822e+00
858 2.178442e+00 1.747310e+00
859 2.176000e+00 1.747909e+00
860 2.156920e+00 1.750413e+00
861 2.156835e+00 1.750186e+00
862 2.165421e+00 1.761557e+00
863 2.170873e+00 1.770982e+00
864 2.169220e+00 1.762093e+00
865 2.164880e+00 1.790730e+00
866 2.162048e+00 1.791375e+00
867 2.160288e+00 1.788086e+00
868 2.164847e+00 1.792880e+00
869 2.162805e+00 1.789238e+00
870 2.160146e+00 1.791683e+00
871 2.159725e+00 1.792697e+00
872 2.206257e+00 1.794925e+00
873 2.228964e+00 1.762500e+00
874 2.229204e+00 1.762508e+00
875 2.227479e+00 1.762906e+00
876 2.233467e+00 1.741889e+00
877 2.227348e+00 1.716864e+00
878 2.226423e+00 1.717055e+00
879 2.233022e+00 1.706393e+00
880 2.237272e+00 1.712207e+00
881 2.226949e+00 1.710342e+00
882 2.244022e+00 1.700663e+00
883 2.241288e+00 1.699219e+00
884 2.247616e+00 1.682653e+00
885 2.241016e+00 1.680583e+00
886 2.257421e+00 1.680636e+00
887 2.252444e+00 1.690956e+00
888 2.247019e+00 1.709543e+00
889 2.320941e+00 1.698057e+00
890 2.315328e+00 1.706341e+00
891 2.330366e+00 1.678287e+00
892 2.332437e+00 1.700489e+00
893 2.332440e+00 1.700484e+00
894 2.387287e+00 1.640953e+00
895 2.386338e+00 1.641740e+00
896 2.407311e+00 1.662172e+00
897 2.370778e+00 1.651925e+00
898 2.403816e+00 1.646977e+00
899 2.403948e+00 1.658169e+00
900 2.420736e+00 1.672553e+00
901 2.421334e+00 1.654767e+00
902 2.427897e+00 1.657369e+00
903 2.382870e+00 1.673502e+00
904 2.358084e+00 1.657623e+00
905 2.370513e+00 1.696214e+00
906 2.427584e+00 1.718094e+00
907 2.524655e+00 1.757519e+00
908 2.545071e+00 1.762530e+00
909 2.542598e+00 1.778298e+00
910 2.548907e+00 1.809450e+00
911 2.547713e+00 1.808678e+00
912 2.560773e+00 1.806343e+00
913 2.578249e+00 1.781312e+00
914 2.560485e+00 1.765312e+00
915 2.559221e+00 1.770353e+00
916 2.546981e+00 1.766775e+00
917 2.546514e+00 1.766176e+00
918 2.531452e+00 1.771753e+00
919 2.530106e+00 1.769246e+00
920 2.529314e+00 1.750980e+00
921 2.519439e+00 1.749996e+00
922 2.515861e+00 1.749348e+00
923 2.557229e+00 1.752467e+00
924 2.578910e+00 1.746502e+00
925 2.573791e+00 1.746151e+00
926 2.589483e+00 1.757770e+00
927 2.529198e+00 1.725128e+00
928 2.536273e+00 1.733772e+00
929 2.542197e+00 1.744563e+00
930 2.535030e+00 1.760911e+00
931 2.532495e+00 1.759535e+00
932 2.517717e+00 1.735185e+00
933 2.507829e+00 1.726038e+00
934 2.496338e+00 1.712836e+00
935 2.496857e+00 1.748816e+00
936 2.464804e+00 1.758697e+00
937 2.468608e+00 1.760679e+00
938 2.473471e+00 1.743228e+00
939 2.471442e+00 1.749808e+00
940 2.484170e+00 1.750118e+00
941 2.492034e+00 1.763568e+00
942 2.475538e+00 1.742061e+00
943 2.479595e+00 1.741710e+00
944 2.477279e+00 1.744550e+00
945 2.506035e+00 1.739636e+00
946 2.525175e+00 1.733153e+00
947 2.521861e+00 1.736007e+00
948 2.525577e+00 1.751410e+00
949 2.531764e+00 1.760390e+00
950 2.531211e+00 1.756927e+00
951 2.535357e+00 1.758657e+00
952 2.544977e+00 1.751236e+00
953 2.540880e+00 1.751056e+00
954 2.540436e+00 1.750115e+00
955 2.540584e+00 1.751692e+00
956 2.541788e+00 1.752548e+00
957 2.503035e+00 1.811856e+00
958 2.506294e+00 1.805094e+00
959 2.491441e+00 1.756012e+00
960 2.503399e+00 1.738582e+00
961 2.496834e+00 1.727904e+00
962 2.480816e+00 1.808257e+00
963 2.483145e+00 1.847014e+00
964 2.475343e+00 1.851325e+00
965 2.472801e+00 1.848108e+00
966 2.472817e+00 1.848124e+00
967 2.484759e+00 1.840538e+00
968 2.434427e+00 1.781905e+00
969 2.464969e+00 1.825255e+00
970 2.465640e+00 1.822423e+00
971 2.475103e+00 1.761777e+00
972 2.475824e+00 1.762544e+00
973 2.490672e+00 1.769355e+00
974 2.480647e+00 1.727543e+00
975 2.487294e+00 1.657910e+00
976 2.543106e+00 1.677102e+00
977 2.545095e+00 1.677085e+00
978 2.543386e+00 1.676280e+00
979 2.548340e+00 1.677945e+00
980 2.580064e+00 1.666870e+00
981 2.572375e+00 1.663972e+00
982 2.547425e+00 1.661811e+00
983 2.556434e+00 1.670874e+00
984 2.556239e+00 1.671248e+00
985 2.557631e+00 1.659728e+00
986 2.566800e+00 1.638541e+00
987 2.582275e+00 1.632251e+00
988 2.614745e+00 1.616389e+00
989 2.612321e+00 1.623194e+00
990 2.612059e+00 1.626549e+00
991 2.663548e+00 1.571501e+00
992 2.653459e+00 1.575521e+00
993 2.653799e+00 1.576520e+00
994 2.653312e+00 1.554798e+00
995 2.658957e+00 1.554558e+00
996 2.659483e+00 1.554565e+00
997 2.648361e+00 1.560908e+00
998 2.619862e+00 1.556936e+00
999 2.649134e+00 1.580991e+00
1000 2.645125e+00 1.572537e+00
1001 2.671024e+00 1.612866e+00
1002 2.670145e+00 1.595302e+00
1003 2.669963e+00 1.597523e+00
1004 2.658984e+00 1.584061e+00
1005 2.697013e+00 1.587050e+00
1006 2.711211e+00 1.586200e+00
1007 2.737086e+00 1.590014e+00
1008 2.746167e+00 1.550561e+00
1009 2.747654e+00 1.558522e+00
1010 2.740845e+00 1.532979e+00
1011 2.738740e+00 1.530709e+00
1012 2.745022e+00 1.536337e+00
1013 2.747414e+00 1.537870e+00
1014 2.703837e+00 1.505204e+00
1015 2.708378e+00 1.532097e+00
1016 2.709299e+00 1.553511e+00
1017 2.710834e+00 1.590559e+00
1018 2.703087e+00 1.601224e+00
1019 2.703053e+00 1.600282e+00
1020 2.705731e+00 1.600821e+00
1021 2.725977e+00 1.531881e+00
1022 2.739100e+00 1.561050e+00
1023 2.757063e+00 1.520478e+00
1024 2.754680e+00 1.519901e+00
1025 2.755205e+00 1.507999e+00
1026 2.757713e+00 1.517084e+00
1027 2.770125e+00 1.485108e+00
1028 2.811656e+00 1.506021e+00
1029 2.815917e+00 1.502796e+00
1030 2.796343e+00 1.474240e+00
1031 2.793125e+00 1.472794e+00
1032 2.789079e+00 1.474119e+00
1033 2.791449e+00 1.475391e+00
1034 2.756655e+00 1.451230e+00
1035 2.759860e+00 1.438247e+00
1036 2.766994e+00 1.451901e+00
1037 2.760527e+00 1.447118e+00
1038 2.803162e+00 1.462097e+00
1039 2.815401e+00 1.438878e+00
1040 2.809712e+00 1.424661e+00
1041 2.675958e+00 1.522948e+00
1042 2.683682e+00 1.508734e+00
1043 2.687432e+00 1.493660e+00
1044 2.673572e+00 1.492840e+00
1045 2.689535e+00 1.496346e+00
1046 2.711481e+00 1.469411e+00
1047 2.715945e+00 1.474513e+00
1048 2.700096e+00 1.479430e+00
1049 2.694902e+00 1.491825e+00
1050 2.693649e+00 1.493920e+00
1051 2.684420e+00 1.478047e+00
1052 2.705911e+00 1.487317e+00
1053 2.707013e+00 1.487274e+00
1054 2.696465e+00 1.496869e+00
1055 2.691982e+00 1.490247e+00
1056 2.691764e+00 1.489566e+00
1057 2.680668e+00 1.489055e+00
1058 2.663979e+00 1.479902e+00
1059 2.672456e+00 1.490625e+00
1060 2.668400e+00 1.484430e+00
1061 2.681070e+00 1.458117e+00
1062 2.681320e+00 1.461139e+00
1063 2.751371e+00 1.368253e+00
1064 2.751549e+00 1.378466e+00
1065 2.710234e+00 1.352916e+00
1066 2.730086e+00 1.335560e+00
1067 2.752381e+00 1.331193e+00
1068 2.745009e+00 1.321023e+00
1069 2.727462e+00 1.322151e+00
1070 2.748108e+00 1.341534e+00
1071 2.773513e+00 1.356095e+00
1072 2.862168e+00 1.326524e+00
1073 2.861007e+00 1.337471e+00
1074 2.818112e+00 1.320131e+00
1075 2.839196e+00 1.305672e+00
1076 2.845417e+00 1.260531e+00
1077 2.845108e+00 1.273540e+00
1078 2.838584e+00 1.276528e+00
1079 2.840594e+00 1.276358e+00
1080 2.809480e+00 1.258722e+00
1081 2.801553e+00 1.266620e+00
1082 2.826644e+00 1.257379e+00
1083 2.820356e+00 1.254270e+00
1084 2.820356e+00 1.254257e+00
1085 2.812287e+00 1.256204e+00
1086 2.621742e+00 1.292769e+00
1087 2.642998e+00 1.268917e+00
1088 2.647129e+00 1.287999e+00
1089 2.633418e+00 1.293803e+00
1090 2.633420e+00 1.294373e+00
1091 2.593393e+00 1.304125e+00
1092 2.592796e+00 1.302469e+00
1093 2.563530e+00 1.330175e+00
1094 2.568934e+00 1.352974e+00
1095 2.539776e+00 1.364348e+00
1096 2.542021e+00 1.367311e+00
1097 2.544382e+00 1.327856e+00
1098 2.541173e+00 1.332218e+00
1099 2.540042e+00 1.331372e+00
1100 2.528211e+00 1.339042e+00
1101 2.544138e+00 1.352444e+00
1102 2.555055e+00 1.348259e+00
1103 2.547571e+00 1.337438e+00
1104 2.545674e+00 1.329605e+00
1105 2.543635e+00 1.338143e+00
1106 2.547913e+00 1.333546e+00
1107 2.546410e+00 1.325159e+00
1108 2.548445e+00 1.326558e+00
1109 2.556263e+00 1.326005e+00
1110 2.561295e+00 1.342946e+00
1111 2.521567e+00 1.362522e+00
1112 2.515878e+00 1.360586e+00
1113 2.479662e+00 1.302201e+00
1114 2.501016e+00 1.369699e+00
1115 2.513022e+00 1.360965e+00
1116 2.515598e+00 1.363865e+00
1117 2.528893e+00 1.363836e+00
1118 2.600376e+00 1.294347e+00
1119 2.592489e+00 1.292438e+00
1120 2.601095e+00 1.301813e+00
1121 2.601183e+00 1.302787e+00
1122 2.589048e+00 1.316285e+00
1123 2.595373e+00 1.316787e+00
1124 2.609725e+00 1.300045e+00
1125 2.624912e+00 1.314749e+00
1126 2.622463e+00 1.319103e+00
1127 2.627887e+00 1.319642e+00
1128 2.626863e+00 1.318972e+00
1129 2.640966e+00 1.319218e+00
1130 2.642576e+00 1.314402e+00
1131 2.625411e+00 1.314297e+00
1132 2.606027e+00 1.304497e+00
1133 2.597934e+00 1.292444e+00
1134 2.638669e+00 1.278739e+00
1135 2.637250e+00 1.267990e+00
1136 2.637276e+00 1.269653e+00
1137 2.633114e+00 1.262703e+00
1138 2.595741e+00 1.268043e+00
1139 2.595807e+00 1.304982e+00
1140 2.597797e+00 1.308065e+00
1141 2.603459e+00 1.303624e+00
1142 2.595238e+00 1.303740e+00
1143 2.633188e+00 1.320073e+00
1144 2.621174e+00 1.364367e+00
1145 2.611801e+00 1.388011e+00
1146 2.631533e+00 1.385042e+00
1147 2.629881e+00 1.383678e+00
1148 2.646887e+00 1.393014e+00
1149 2.645046e+00 1.346640e+00
1150 2.656157e+00 1.358276e+00
1151 2.695241e+00 1.313659e+00
1152 2.694035e+00 1.313370e+00
1153 2.664935e+00 1.325830e+00
1154 2.652540e+00 1.335280e+00
1155 2.661167e+00 1.323650e+00
1156 2.623006e+00 1.279751e+00
1157 2.625299e+00 1.282222e+00
1158 2.654327e+00 1.277777e+00
1159 2.665151e+00 1.279719e+00
1160 2.668335e+00 1.338541e+00
1161 2.666009e+00 1.365324e+00
1162 2.667523e+00 1.374251e+00
1163 2.665167e+00 1.372927e+00
1164 2.651756e+00 1.339062e+00
1165 2.648513e+00 1.349657e+00
1166 2.644014e+00 1.344397e+00
1167 2.608511e+00 1.357887e+00
1168 2.604314e+00 1.363725e+00
1169 2.578859e+00 1.345369e+00
1170 2.546651e+00 1.336876e+00
1171 2.560525e+00 1.328131e+00
1172 2.551262e+00 1.350908e+00
1173 2.547153e+00 1.358437e+00
1174 2.562152e+00 1.361034e+00
1175 2.565335e+00 1.365101e+00
1176 2.563107e+00 1.355997e+00
1177 2.559073e+00 1.346523e+00
1178 2.560131e+00 1.351059e+00
1179 2.558090e+00 1.352420e+00
1180 2.569148e+00 1.354159e+00
1181 2.559120e+00 1.352661e+00
1182 2.557066e+00 1.355282e+00
1183 2.582684e+00 1.332979e+00
1184 2.587629e+00 1.336432e+00
1185 2.591376e+00 1.320845e+00
1186 2.685918e+00 1.265295e+00
1187 2.695091e+00 1.273614e+00
1188 2.666216e+00 1.252305e+00
1189 2.647583e+00 1.261239e+00
1190 2.649930e+00 1.311566e+00
1191 2.626325e+00 1.311492e+00
1192 2.649589e+00 1.320875e+00
1193 2.555842e+00 1.338654e+00
1194 2.556132e+00 1.339008e+00
1195 2.568671e+00 1.377523e+00
1196 2.552776e+00 1.367718e+00
1197 2.534029e+00 1.333267e+00
1198 2.538014e+00 1.351816e+00
1199 2.537404e+00 1.343547e+00
1200 2.550494e+00 1.343223e+00
1201 2.567566e+00 1.293745e+00
1202 2.559639e+00 1.290007e+00
1203 2.581145e+00 1.281427e+00
1204 2.728375e+00 1.296765e+00
1205 2.757613e+00 1.275353e+00
1206 2.759521e+00 1.276813e+00
1207 2.750238e+00 1.278029e+00
1208 2.797450e+00 1.252434e+00
1209 2.806906e+00 1.249573e+00
1210 2.805189e+00 1.250522e+00
1211 2.810154e+00 1.264308e+00
1212 2.825327e+00 1.262339e+00
1213 2.808671e+00 1.266335e+00
1214 2.821596e+00 1.271896e+00
1215 2.816723e+00 1.272441e+00
1216 2.824955e+00 1.257604e+00
1217 2.831312e+00 1.252913e+00
1218 2.825468e+00 1.243655e+00
1219 2.818991e+00 1.241341e+00
1220 2.838274e+00 1.243678e+00
1221 2.823567e+00 1.223786e+00
1222 2.819119e+00 1.256885e+00
1223 2.825086e+00 1.260261e+00
1224 2.814367e+00 1.240355e+00
1225 2.814837e+00 1.243689e+00
1226 2.820546e+00 1.283326e+00
1227 2.820330e+00 1.280163e+00
1228 2.793512e+00 1.276979e+00
1229 2.787206e+00 1.272378e+00
1230 2.762167e+00 1.273316e+00
1231 2.761080e+00 1.273365e+00
1232 2.760937e+00 1.276210e+00
1233 2.760922e+00 1.283534e+00
1234 2.749925e+00 1.275324e+00
1235 2.795318e+00 1.285501e+00
1236 2.776040e+00 1.280936e+00
1237 2.776067e+00 1.281571e+00
1238 2.783650e+00 1.286390e+00
1239 2.735802e+00 1.234394e+00
1240 2.733970e+00 1.228879e+00
1241 2.734145e+00 1.228745e+00
1242 2.720812e+00 1.238667e+00
1243 2.724484e+00 1.226070e+00
1244 2.727873e+00 1.207178e+00
1245 2.762684e+00 1.143947e+00
1246 2.764233e+00 1.146151e+00
1247 2.760492e+00 1.142792e+00
1248 2.762060e+00 1.144872e+00
1249 2.768204e+00 1.150367e+00
1250 2.781763e+00 1.123800e+00
1251 2.777944e+00 1.138781e+00
1252 2.777198e+00 1.137883e+00
1253 2.779058e+00 1.137236e+00
1254 2.800045e+00 1.094738e+00
1255 2.784047e+00 1.115378e+00
1256 2.811298e+00 1.104789e+00
1257 2.811915e+00 1.098853e+00
1258 2.814374e+00 1.102887e+00
1259 2.809545e+00 1.104600e+00
1260 2.796400e+00 1.102418e+00
1261 2.831401e+00 1.120769e+00
1262 2.839741e+00 1.121960e+00
1263 2.865473e+00 1.097741e+00
1264 2.861621e+00 1.098903e+00
1265 2.863496e+00 1.103884e+00
1266 2.850063e+00 1.090539e+00
1267 2.848645e+00 1.122102e+00
1268 2.896632e+00 1.074022e+00
1269 2.902893e+00 1.077223e+00
1270 2.903593e+00 1.077751e+00
1271 2.891399e+00 1.096207e+00
1272 2.891423e+00 1.096315e+00
1273 2.909711e+00 1.095131e+00
1274 2.911022e+00 1.109301e+00
1275 2.921677e+00 1.101793e+00
1276 2.897619e+00 1.088443e+00
1277 2.936583e+00 1.138648e+00
1278 2.946646e+00 1.158095e+00
1279 2.948049e+00 1.155457e+00
1280 2.955439e+00 1.162994e+00
1281 2.940425e+00 1.139569e+00
1282 2.931870e+00 1.132577e+00
1283 2.957487e+00 1.099155e+00
1284 2.957854e+00 1.095024e+00
1285 2.960971e+00 1.100523e+00
1286 2.971456e+00 1.109177e+00
1287 2.931965e+00 1.141647e+00
1288 2.938216e+00 1.130515e+00
1289 2.966966e+00 1.164138e+00
1290 2.966930e+00 1.161201e+00
1291 2.938525e+00 1.158148e+00
1292 2.954553e+00 1.166067e+00
1293 2.946692e+00 1.166807e+00
1294 2.912278e+00 1.169278e+00
1295 3.008267e+00 1.163032e+00
1296 3.006751e+00 1.162471e+00
1297 2.973199e+00 1.182407e+00
1298 2.973525e+00 1.208525e+00
1299 2.973598e+00 1.208674e+00
1300 2.982970e+00 1.206224e+00
1301 2.981950e+00 1.206386e+00
1302 2.988570e+00 1.205083e+00
1303 2.992726e+00 1.223670e+00
1304 2.996213e+00 1.223585e+00
1305 2.994987e+00 1.216670e+00
1306 2.948393e+00 1.206231e+00
1307 2.947410e+00 1.209276e+00
1308 2.924742e+00 1.187431e+00
1309 2.915555e+00 1.185837e+00
1310 2.963217e+00 1.126875e+00
1311 2.986945e+00 1.123109e+00
1312 3.017638e+00 1.133420e+00
1313 3.021283e+00 1.133536e+00
1314 3.055185e+00 1.136717e+00
1315 3.034410e+00 1.142182e+00
1316 2.979203e+00 1.120678e+00
1317 2.977105e+00 1.150876e+00
1318 3.019554e+00 1.107692e+00
1319 3.018367e+00 1.107275e+00
1320 3.004327e+00 1.107991e+00
1321 2.999144e+00 1.100021e+00
1322 2.998526e+00 1.108136e+00
1323 2.998242e+00 1.108253e+00
1324 2.999675e+00 1.107437e+00
1325 3.008472e+00 1.112364e+00
1326 3.000171e+00 1.123060e+00
1327 2.984089e+00 1.076005e+00
1328 2.997369e+00 1.058731e+00
1329 2.997337e+00 1.057937e+00
1330 2.985749e+00 1.045702e+00
1331 2.985126e+00 1.049243e+00
1332 2.989290e+00 1.051722e+00
1333 2.977853e+00 1.057409e+00
1334 2.973289e+00 1.059625e+00
1335 2.958039e+00 1.041102e+00
1336 2.958511e+00 1.041751e+00
1337 2.967668e+00 1.057225e+00
1338 2.968752e+00 1.056486e+00
1339 2.950791e+00 1.094408e+00
1340 2.954443e+00 1.110753e+00
1341 2.938055e+00 1.159553e+00
1342 2.978817e+00 1.118739e+00
1343 2.978821e+00 1.118767e+00
1344 2.989743e+00 1.146592e+00
1345 2.951310e+00 1.141482e+00
1346 2.987703e+00 1.113761e+00
1347 2.983658e+00 1.113241e+00
1348 2.973520e+00 1.103682e+00
1349 2.980311e+00 1.101170e+00
1350 2.974127e+00 1.073136e+00
1351 2.969008e+00 1.071112e+00
1352 2.964448e+00 1.067619e+00
1353 2.945470e+00 1.051915e+00
1354 2.967707e+00 1.063054e+00
1355 2.934252e+00 1.048063e+00
1356 2.936272e+00 1.078214e+00
1357 2.934738e+00 1.069921e+00
1358 2.935610e+00 1.019953e+00
1359 2.937295e+00 1.011611e+00
1360 2.956952e+00 9.860564e-01
1361 2.979613e+00 9.268343e-01
1362 2.974463e+00 9.202993e-01
1363 2.962876e+00 9.117570e-01
1364 2.952666e+00 9.040735e-01
1365 2.904100e+00 8.640538e-01
1366 2.896060e+00 8.591608e-01
1367 2.912672e+00 8.573995e-01
1368 2.914035e+00 8.549683e-01
1369 2.919753e+00 8.353995e-01
1370 2.913384e+00 8.193553e-01
1371 2.910206e+00 8.181194e-01
1372 2.936556e+00 8.181092e-01
1373 2.941207e+00 8.115876e-01
1374 2.941800e+00 8.107869e-01
1375 2.939966e+00 8.148322e-01
1376 2.963636e+00 7.711159e-01
1377 2.947415e+00 7.936563e-01
1378 2.947162e+00 8.000340e-01
1379 2.921623e+00 8.116091e-01
1380 2.923365e+00 8.039366e-01
1381 2.913027e+00 7.945821e-01
1382 2.910190e+00 7.890670e-01
1383 2.916999e+00 7.529885e-01
1384 2.971585e+00 7.449716e-01
1385 2.973424e+00 7.491060e-01
1386 2.945794e+00 7.486764e-01
1387 2.955530e+00 7.471720e-01
1388 2.973752e+00 7.488886e-01
1389 2.982140e+00 7.349260e-01
1390 2.956389e+00 7.100942e-01
1391 2.953269e+00 7.218718e-01
1392 2.928502e+00 7.314463e-01
1393 2.941018e+00 7.352796e-01
1394 2.938689e+00 7.413351e-01
1395 2.933710e+00 7.345044e-01
1396 2.938150e+00 7.286392e-01
1397 2.930900e+00 7.315691e-01
1398 2.909217e+00 7.100482e-01
1399 2.918239e+00 7.105979e-01
1400 2.938142e+00 7.060249e-01
1401 2.931953e+00 7.032850e-01
1402 2.933686e+00 7.028439e-01
1403 2.944929e+00 6.835119e-01
1404 2.933677e+00 6.874645e-01
1405 2.932441e+00 6.828212e-01
1406 2.917030e+00 6.644554e-01
1407 2.973879e+00 6.702559e-01
1408 2.953321e+00 6.631945e-01
1409 2.949535e+00 6.622171e-01
1410 2.950290e+00 6.595666e-01
1411 2.940586e+00 6.532054e-01
1412 2.940918e+00 6.541903e-01
1413 2.923396e+00 6.506645e-01
1414 2.927117e+00 6.520516e-01
1415 2.932993e+00 6.318363e-01
1416 2.919672e+00 6.427376e-01
1417 2.893412e+00 5.913803e-01
1418 2.909959e+00 5.832167e-01
1419 2.892350e+00 5.795977e-01
1420 2.882381e+00 5.668691e-01
1421 2.865489e+00 5.390329e-01
1422 2.894253e+00 5.611830e-01
1423 2.905558e+00 5.801592e-01
1424 2.904493e+00 5.849952e-01
1425 2.910600e+00 5.837854e-01
1426 2.858266e+00 5.990487e-01
1427 2.855115e+00 5.983453e-01
1428 2.851775e+00 6.023730e-01
1429 2.833990e+00 6.256559e-01
1430 2.832344e+00 5.799569e-01
1431 2.827265e+00 5.776075e-01
1432 2.835445e+00 6.091818e-01
1433 2.841263e+00 6.536389e-01
1434 2.840459e+00 6.275264e-01
1435 2.837713e+00 6.295592e-01
1436 2.813585e+00 6.112710e-01
1437 2.838492e+00 6.001999e-01
1438 2.841888e+00 5.939650e-01
1439 2.855020e+00 5.834588e-01
1440 2.860837e+00 5.519305e-01
1441 2.852943e+00 5.552675e-01
1442 2.839957e+00 5.113542e-01
1443 2.831068e+00 4.937455e-01
1444 2.830277e+00 4.929888e-01
1445 2.837021e+00 5.144103e-01
1446 2.799260e+00 5.107372e-01
1447 2.807062e+00 5.374632e-01
1448 2.799859e+00 5.179963e-01
1449 2.854944e+00 4.932359e-01
1450 2.893616e+00 5.448257e-01
1451 2.894154e+00 5.544242e-01
1452 2.901342e+00 5.405998e-01
1453 2.900258e+00 5.348702e-01
1454 2.915402e+00 5.691954e-01
1455 2.919469e+00 5.720463e-01
1456 2.909829e+00 5.723345e-01
1457 2.898725e+00 5.551922e-01
1458 2.895709e+00 5.509405e-01
1459 2.885086e+00 5.613647e-01
1460 2.884939e+00 5.627343e-01
1461 2.874084e+00 5.759502e-01
1462 2.870490e+00 5.793118e-01
1463 2.851338e+00 5.764544e-01
1464 2.873567e+00 6.300694e-01
1465 2.907173e+00 6.070061e-01
1466 2.897289e+00 6.059042e-01
1467 2.833004e+00 6.499749e-01
1468 2.862366e+00 6.716323e-01
1469 2.862123e+00 6.710250e-01
1470 2.860561e+00 6.708077e-01
1471 2.860298e+00 6.716158e-01
1472 2.836823e+00 6.656041e-01
1473 2.830563e+00 6.826031e-01
1474 2.826733e+00 6.600834e-01
1475 2.830480e+00 6.659036e-01
1476 2.861738e+00 6.660419e-01
1477 2.893501e+00 6.809292e-01
1478 2.888996e+00 6.852421e-01
1479 2.887736e+00 6.825430e-01
1480 2.896651e+00 6.938542e-01
1481 2.898679e+00 6.945749e-01
1482 2.919379e+00 6.939478e-01
1483 2.929422e+00 6.752099e-01
1484 2.913520e+00 6.382712e-01
1485 2.908086e+00 6.370718e-01
1486 2.902029e+00 6.338028e-01
1487 2.895194e+00 6.228795e-01
1488 2.886776e+00 6.210605e-01
1489 2.882715e+00 6.200605e-01
1490 2.878896e+00 6.237174e-01
1491 2.913702e+00 6.129219e-01
1492 2.936018e+00 6.164298e-01
1493 2.942695e+00 6.012314e-01
1494 2.929688e+00 5.833484e-01
1495 2.932997e+00 5.817988e-01
1496 2.939106e+00 5.795663e-01
1497 3.002511e+00 5.345311e-01
1498 3.022962e+00 5.251565e-01
1499 3.012385e+00 5.162185e-01
1500 2.993097e+00 5.298446e-01
1501 2.998040e+00 5.338804e-01
1502 2.986831e+00 5.516041e-01
1503 2.971836e+00 5.374556e-01
1504 2.963595e+00 5.367564e-01
1505 2.964838e+00 5.455962e-01
1506 2.955526e+00 5.501118e-01
1507 2.956259e+00 5.506149e-01
1508 2.948634e+00 5.942460e-01
1509 2.903565e+00 6.176933e-01
1510 2.908316e+00 6.528070e-01
1511 2.908020e+00 6.549660e-01
1512 2.927834e+00 6.557334e-01
1513 2.911620e+00 6.846864e-01
1514 2.936505e+00 7.500763e-01
1515 2.936448e+00 7.500456e-01
1516 2.945359e+00 7.617622e-01
1517 2.921987e+00 7.397123e-01
1518 2.922937e+00 7.388578e-01
1519 2.875817e+00 6.522850e-01
1520 2.863085e+00 6.663580e-01
1521 2.860960e+00 6.684539e-01
1522 2.837610e+00 6.765576e-01
1523 2.821181e+00 6.651085e-01
1524 2.815871e+00 6.745266e-01
1525 2.808627e+00 6.755093e-01
1526 2.834075e+00 6.852953e-01
1527 2.817290e+00 6.884286e-01
1528 2.811485e+00 6.772043e-01
1529 2.814171e+00 6.676492e-01
1530 2.820990e+00 6.489760e-01
1531 2.818914e+00 6.517527e-01
1532 2.818816e+00 6.520450e-01
1533 2.802662e+00 6.645949e-01
1534 2.799720e+00 6.562473e-01
1535 2.800148e+00 6.455794e-01
1536 2.800106e+00 6.456922e-01
1537 2.809056e+00 6.974972e-01
1538 2.814914e+00 6.708241e-01
1539 2.844139e+00 7.062080e-01
1540 2.750233e+00 7.345023e-01
1541 2.745791e+00 7.327654e-01
1542 2.741594e+00 6.953620e-01
1543 2.750278e+00 6.932562e-01
1544 2.740671e+00 7.005755e-01
1545 2.729491e+00 7.045117e-01
1546 2.693605e+00 7.131021e-01
1547 2.690018e+00 7.149418e-01
1548 2.685676e+00 7.131485e-01
1549 2.672905e+00 6.679711e-01
1550 2.677487e+00 6.667808e-01
1551 2.680233e+00 6.588771e-01
1552 2.682525e+00 6.565847e-01
1553 2.670661e+00 6.532764e-01
1554 2.665795e+00 6.437350e-01
1555 2.647234e+00 6.684701e-01
1556 2.643444e+00 6.764207e-01
1557 2.643809e+00 6.749264e-01
1558 2.634390e+00 6.777880e-01
1559 2.635086e+00 6.785446e-01
1560 2.613288e+00 6.257220e-01
1561 2.612067e+00 6.128498e-01
1562 2.608684e+00 6.169621e-01
1563 2.608216e+00 6.089293e-01
1564 2.602345e+00 5.970549e-01
1565 2.627494e+00 6.435909e-01
1566 2.624500e+00 6.509573e-01
1567 2.630438e+00 6.450919e-01
1568 2.665776e+00 6.422673e-01
1569 2.633830e+00 6.036005e-01
1570 2.663527e+00 5.925623e-01
1571 2.678683e+00 5.610205e-01
1572 2.685320e+00 5.563813e-01
1573 2.692508e+00 5.771705e-01
1574 2.685994e+00 5.447364e-01
1575 2.634887e+00 5.528660e-01
1576 2.632734e+00 5.550037e-01
1577 2.645610e+00 5.478158e-01
1578 2.660655e+00 5.358163e-01
1579 2.659200e+00 5.437729e-01
1580 2.656971e+00 5.423923e-01
1581 2.660357e+00 5.564364e-01
1582 2.651400e+00 5.516553e-01
1583 2.629988e+00 5.563548e-01
1584 2.623001e+00 5.559728e-01
1585 2.597105e+00 5.519600e-01
1586 2.598138e+00 5.493301e-01
1587 2.590701e+00 5.575738e-01
1588 2.596042e+00 5.575358e-01
1589 2.582545e+00 5.660138e-01
1590 2.585439e+00 5.859878e-01
1591 2.596592e+00 5.988950e-01
1592 2.558382e+00 5.567255e-01
1593 2.567058e+00 5.586530e-01
1594 2.560885e+00 5.401726e-01
1595 2.593132e+00 5.778007e-01
1596 2.538058e+00 5.801573e-01
1597 2.589087e+00 6.109149e-01
1598 2.596246e+00 6.100089e-01
1599 2.590269e+00 6.140784e-01
1600 2.590402e+00 6.139299e-01
1601 2.594047e+00 5.996254e-01
1602 2.590787e+00 6.122159e-01
1603 2.591190e+00 6.123998e-01
1604 2.592862e+00 6.117025e-01
1605 2.593437e+00 6.124539e-01
1606 2.583646e+00 6.119434e-01
1607 2.570889e+00 6.357211e-01
1608 2.550858e+00 7.044894e-01
1609 2.556881e+00 6.871918e-01
1610 2.533131e+00 6.808471e-01
1611 2.490760e+00 6.382073e-01
1612 2.486205e+00 6.499725e-01
1613 2.494123e+00 6.489117e-01
1614 2.493418e+00 6.506802e-01
1615 2.605823e+00 5.823557e-01
1616 2.608747e+00 5.908317e-01
1617 2.596375e+00 5.661791e-01
1618 2.592417e+00 5.542656e-01
1619 2.575766e+00 5.496088e-01
1620 2.579452e+00 5.480084e-01
1621 2.585888e+00 5.491430e-01
1622 2.599939e+00 4.567141e-01
1623 2.632214e+00 4.891454e-01
1624 2.640071e+00 4.873016e-01
1625 2.644908e+00 4.866199e-01
1626 2.643555e+00 4.861805e-01
1627 2.658231e+00 4.681045e-01
1628 2.664145e+00 4.699988e-01
1629 2.652973e+00 4.508420e-01
1630 2.648904e+00 4.484006e-01
1631 2.645399e+00 4.764849e-01
1632 2.612514e+00 4.701791e-01
1633 2.618649e+00 4.583934e-01
1634 2.617436e+00 4.331700e-01
1635 2.676720e+00 4.270434e-01
1636 2.667736e+00 4.188858e-01
1637 2.672677e+00 4.449267e-01
1638 2.668066e+00 4.451102e-01
1639 2.668819e+00 4.460426e-01
1640 2.656851e+00 4.557692e-01
1641 2.602452e+00 3.958874e-01
1642 2.586127e+00 4.459424e-01
1643 2.574520e+00 4.608767e-01
1644 2.554059e+00 4.431827e-01
1645 2.554416e+00 4.506201e-01
1646 2.547566e+00 4.380649e-01
1647 2.541629e+00 4.326865e-01
1648 2.541498e+00 4.326827e-01
1649 2.545847e+00 4.774385e-01
1650 2.543768e+00 4.678712e-01
1651 2.527260e+00 4.743296e-01
1652 2.528543e+00 4.781233e-01
1653 2.498308e+00 5.079337e-01
1654 2.504371e+00 5.236776e-01
1655 2.498141e+00 5.199643e-01
1656 2.496252e+00 5.170210e-01
1657 2.502585e+00 5.121123e-01
1658 2.503038e+00 5.369410e-01
1659 2.509346e+00 5.446053e-01
1660 2.507660e+00 5.448019e-01
1661 2.505593e+00 5.460229e-01
1662 2.496262e+00 5.558571e-01
1663 2.493198e+00 5.583397e-01
1664 2.498697e+00 5.636756e-01
1665 2.527046e+00 5.382416e-01
1666 2.524578e+00 5.465116e-01
1667 2.526322e+00 5.446303e-01
1668 2.532167e+00 5.318664e-01
1669 2.525839e+00 5.363529e-01
1670 2.534107e+00 5.345912e-01
1671 2.540086e+00 5.500241e-01
1672 2.525019e+00 5.338837e-01
1673 2.522958e+00 5.320333e-01
1674 2.541784e+00 5.324316e-01
1675 2.548740e+00 5.230787e-01
1676 2.561284e+00 4.976226e-01
1677 2.601031e+00 4.521900e-01
1678 2.592926e+00 4.518807e-01
1679 2.601082e+00 4.445952e-01
1680 2.609659e+00 4.466618e-01
1681 2.604686e+00 4.440737e-01
1682 2.591404e+00 4.502609e-01
1683 2.585892e+00 4.532295e-01
1684 2.579584e+00 4.513002e-01
1685 2.441152e+00 4.174992e-01
1686 2.448538e+00 4.990518e-01
1687 2.446461e+00 4.986191e-01
1688 2.468439e+00 5.611883e-01
1689 2.425893e+00 5.648914e-01
1690 2.426582e+00 5.647408e-01
1691 2.416202e+00 5.791457e-01
1692 2.414167e+00 5.789706e-01
1693 2.466215e+00 6.747112e-01
1694 2.462697e+00 6.758780e-01
1695 2.457370e+00 6.784370e-01
1696 2.492890e+00 6.439900e-01
1697 2.481591e+00 6.470993e-01
1698 2.496364e+00 6.185153e-01
1699 2.476404e+00 6.187099e-01
1700 2.449175e+00 6.113478e-01
1701 2.446393e+00 6.657879e-01
1702 2.452298e+00 6.832927e-01
1703 2.453588e+00 6.889649e-01
1704 2.454429e+00 6.865260e-01
1705 2.485117e+00 7.051272e-01
1706 2.488036e+00 6.935332e-01
1707 2.484059e+00 7.007725e-01
1708 2.473864e+00 6.963982e-01
1709 2.476328e+00 6.899737e-01
1710 2.474484e+00 6.877358e-01
1711 2.472884e+00 6.786365e-01
1712 2.506065e+00 7.036102e-01
1713 2.504334e+00 6.924671e-01
1714 2.500318e+00 6.916174e-01
1715 2.532686e+00 7.026321e-01
1716 2.543757e+00 6.905941e-01
1717 2.543482e+00 6.906261e-01
1718 2.472616e+00 6.794353e-01
1719 2.432980e+00 6.947695e-01
1720 2.436461e+00 6.600441e-01
1721 2.425574e+00 6.690732e-01
1722 2.426108e+00 6.711011e-01
1723 2.420561e+00 6.731077e-01
1724 2.413820e+00 6.749104e-01
1725 2.413071e+00 6.723564e-01
1726 2.393252e+00 6.622057e-01
1727 2.397615e+00 6.275756e-01
1728 2.410460e+00 6.182991e-01
1729 2.412642e+00 6.188512e-01
1730 2.421706e+00 6.286429e-01
1731 2.414372e+00 6.193798e-01
1732 2.399653e+00 6.211667e-01
1733 2.393624e+00 6.164757e-01
1734 2.395231e+00 6.023007e-01
1735 2.393917e+00 6.025724e-01
1736 2.394029e+00 6.024515e-01
1737 2.395125e+00 6.054527e-01
1738 2.394506e+00 6.030544e-01
1739 2.344107e+00 6.301014e-01
1740 2.349232e+00 6.263220e-01
1741 2.364915e+00 6.089846e-01
1742 2.366445e+00 5.911288e-01
1743 2.417082e+00 5.787458e-01
1744 2.357346e+00 5.274026e-01
1745 2.361835e+00 5.312556e-01
1746 2.366242e+00 5.314471e-01
1747 2.366483e+00 5.184739e-01
1748 2.390163e+00 4.910873e-01
1749 2.398112e+00 4.801314e-01
1750 2.429723e+00 4.790375e-01
1751 2.416557e+00 4.857342e-01
1752 2.416425e+00 4.816835e-01
1753 2.434395e+00 4.822775e-01
1754 2.420213e+00 4.783562e-01
1755 2.419204e+00 4.757854e-01
1756 2.385761e+00 4.825838e-01
1757 2.371952e+00 4.755087e-01
1758 2.377531e+00 4.844369e-01
1759 2.380436e+00 4.679849e-01
1760 2.387699e+00 4.911669e-01
1761 2.411179e+00 4.914976e-01
1762 2.427912e+00 6.627845e-01
1763 2.434352e+00 6.535605e-01
1764 2.434382e+00 6.535060e-01
1765 2.415071e+00 6.635432e-01
1766 2.416189e+00 6.649402e-01
1767 2.422025e+00 6.660547e-01
1768 2.345218e+00 6.408916e-01
1769 2.345927e+00 6.399750e-01
1770 2.330375e+00 6.299347e-01
1771 2.339312e+00 6.306723e-01
1772 2.330666e+00 6.064808e-01
1773 2.325395e+00 6.000458e-01
1774 2.315434e+00 5.949739e-01
1775 2.303635e+00 5.837173e-01
1776 2.303913e+00 5.946760e-01
1777 2.302969e+00 5.941148e-01
1778 2.293255e+00 5.908999e-01
1779 2.275344e+00 5.400198e-01
1780 2.278445e+00 5.398088e-01
1781 2.288536e+00 5.399363e-01
1782 2.281341e+00 5.347031e-01
1783 2.253295e+00 4.849434e-01
1784 2.244850e+00 4.899613e-01
1785 2.237495e+00 4.868449e-01
1786 2.233647e+00 4.846836e-01
1787 2.209521e+00 4.629009e-01
1788 2.228889e+00 4.673185e-01
1789 2.230105e+00 4.777076e-01
1790 2.228165e+00 4.771970e-01
1791 2.225879e+00 4.885182e-01
1792 2.229529e+00 4.880025e-01
1793 2.225909e+00 4.568410e-01
1794 2.226114e+00 4.567440e-01
1795 2.223347e+00 4.576745e-01
1796 2.221881e+00 4.595278e-01
1797 2.226149e+00 4.601606e-01
1798 2.217514e+00 4.598643e-01
1799 2.207796e+00 4.715202e-01
1800 2.209341e+00 4.748703e-01
1801 2.253300e+00 4.591646e-01
1802 2.258352e+00 4.656172e-01
1803 2.248354e+00 4.832768e-01
1804 2.248214e+00 4.859343e-01
1805 2.249623e+00 4.703322e-01
1806 2.250744e+00 4.724869e-01
1807 2.244686e+00 4.714699e-01
1808 2.250591e+00 4.633762e-01
1809 2.233948e+00 4.357017e-01
1810 2.232783e+00 5.004700e-01
1811 2.245498e+00 4.968790e-01
1812 2.212472e+00 4.542773e-01
1813 2.212196e+00 4.550842e-01
1814 2.211859e+00 4.574854e-01
1815 2.226287e+00 4.687757e-01
1816 2.226455e+00 4.686986e-01
1817 2.213012e+00 4.730816e-01
1818 2.218522e+00 5.042318e-01
1819 2.220353e+00 5.212933e-01
1820 2.219132e+00 4.740580e-01
1821 2.204867e+00 4.905533e-01
1822 2.170681e+00 4.928473e-01
1823 2.152726e+00 5.303378e-01
1824 2.161712e+00 5.417265e-01
1825 2.167058e+00 5.420964e-01
1826 2.116247e+00 5.144239e-01
1827 2.121344e+00 5.080394e-01
1828 2.120882e+00 5.065507e-01
1829 2.107746e+00 5.100419e-01
1830 2.116820e+00 4.947586e-01
1831 2.156413e+00 5.246340e-01
1832 2.167146e+00 4.888226e-01
1833 2.167217e+00 4.722038e-01
1834 2.167003e+00 4.726266e-01
1835 2.151662e+00 5.433452e-01
1836 2.155969e+00 5.575135e-01
1837 2.136896e+00 5.743899e-01
1838 2.134606e+00 5.671755e-01
1839 2.135971e+00 5.700179e-01
1840 2.144360e+00 5.763923e-01
1841 2.221350e+00 6.028970e-01
1842 2.210752e+00 6.020803e-01
1843 2.260239e+00 5.702893e-01
1844 2.259642e+00 5.697824e-01
1845 2.242654e+00 5.424107e-01
1846 2.259281e+00 5.580789e-01
1847 2.242625e+00 5.799766e-01
1848 2.199681e+00 5.668601e-01
1849 2.199879e+00 5.654540e-01
1850 2.246007e+00 6.154137e-01
1851 2.245061e+00 6.154850e-01
1852 2.244364e+00 6.197264e-01
1853 2.233827e+00 6.192794e-01
1854 2.274727e+00 6.159776e-01
1855 2.291106e+00 6.354117e-01
1856 2.297603e+00 6.412087e-01
1857 2.293344e+00 6.349154e-01
1858 2.298510e+00 6.433821e-01
1859 2.304945e+00 6.468221e-01
1860 2.333181e+00 6.390516e-01
1861 2.339344e+00 6.555501e-01
1862 2.340141e+00 6.642983e-01
1863 2.346394e+00 6.719527e-01
1864 2.304134e+00 6.774544e-01
1865 2.299073e+00 6.695640e-01
1866 2.304820e+00 6.674154e-01
1867 2.328188e+00 6.734050e-01
1868 2.324503e+00 6.713343e-01
1869 2.327639e+00 6.686956e-01
1870 2.327848e+00 6.705219e-01
1871 2.345338e+00 6.525430e-01
1872 2.301565e+00 6.771802e-01
1873 2.297941e+00 6.798662e-01
1874 2.300677e+00 6.913500e-01
1875 2.306334e+00 6.861527e-01
1876 2.305762e+00 6.760329e-01
1877 2.298343e+00 6.905424e-01
1878 2.302497e+00 6.869553e-01
1879 2.311306e+00 6.796838e-01
1880 2.376805e+00 7.134296e-01
1881 2.380911e+00 7.230923e-01
1882 2.372539e+00 7.241702e-01
1883 2.384807e+00 7.228992e-01
1884 2.380347e+00 7.170174e-01
1885 2.381192e+00 7.163518e-01
1886 2.381737e+00 7.238463e-01
1887 2.337087e+00 7.472863e-01
1888 2.341312e+00 7.409730e-01
1889 2.317001e+00 7.599339e-01
1890 2.311210e+00 7.570318e-01
1891 2.271693e+00 7.607570e-01
1892 2.239588e+00 7.671077e-01
1893 2.268729e+00 7.698492e-01
1894 2.263255e+00 7.693820e-01
1895 2.268293e+00 7.659711e-01
1896 2.315089e+00 7.529334e-01
1897 2.339861e+00 7.733611e-01
1898 2.294212e+00 7.657697e-01
1899 2.294270e+00 7.657096e-01
1900 2.291769e+00 8.117794e-01
1901 2.307646e+00 7.969206e-01
1902 2.338327e+00 7.789916e-01
1903 2.398796e+00 8.052259e-01
1904 2.417129e+00 8.188092e-01
1905 2.412477e+00 8.337059e-01
1906 2.419823e+00 8.432370e-01
1907 2.423612e+00 8.444992e-01
1908 2.434645e+00 8.355262e-01
1909 2.477692e+00 8.100900e-01
1910 2.464837e+00 7.922309e-01
1911 2.458729e+00 7.927341e-01
1912 2.432663e+00 7.693439e-01
1913 2.443321e+00 7.668005e-01
1914 2.448703e+00 7.641446e-01
1915 2.479036e+00 7.511079e-01
1916 2.464194e+00 6.619847e-01
1917 2.460020e+00 6.604165e-01
1918 2.466693e+00 6.576178e-01
1919 2.488913e+00 5.935332e-01
1920 2.517193e+00 6.120322e-01
1921 2.534954e+00 6.129022e-01
1922 2.549682e+00 6.393358e-01
1923 2.551447e+00 6.367587e-01
1924 2.559202e+00 6.315382e-01
1925 2.560488e+00 6.356559e-01
1926 2.569924e+00 6.362143e-01
1927 2.576363e+00 6.330841e-01
1928 2.570292e+00 6.353848e-01
1929 2.579567e+00 5.966721e-01
1930 2.577171e+00 5.978630e-01
1931 2.577563e+00 6.077944e-01
1932 2.517444e+00 5.930764e-01
1933 2.503825e+00 6.019133e-01
1934 2.449311e+00 6.602315e-01
1935 2.453215e+00 6.600368e-01
1936 2.455648e+00 6.175926e-01
1937 2.434426e+00 6.094083e-01
1938 2.420418e+00 5.788892e-01
1939 2.387564e+00 5.567903e-01
1940 2.402872e+00 5.710080e-01
1941 2.402174e+00 5.675207e-01
1942 2.404418e+00 5.568854e-01
1943 2.437840e+00 5.286616e-01
1944 2.365745e+00 5.187258e-01
1945 2.362959e+00 5.254510e-01
1946 2.366178e+00 5.214896e-01
1947 2.349475e+00 5.361441e-01
1948 2.356324e+00 5.347453e-01
1949 2.353293e+00 5.281393e-01
1950 2.354044e+00 5.244681e-01
1951 2.352566e+00 5.235313e-01
1952 2.367496e+00 5.210134e-01
1953 2.365178e+00 5.127065e-01
1954 2.257376e+00 4.661039e-01
1955 2.254743e+00 4.642994e-01
1956 2.223095e+00 4.491600e-01
1957 2.227162e+00 4.474291e-01
1958 2.216152e+00 4.257499e-01
1959 2.204993e+00 4.106249e-01
1960 2.202309e+00 3.865570e-01
1961 2.209360e+00 3.898848e-01
1962 2.212642e+00 3.972010e-01
1963 2.244056e+00 4.355682e-01
1964 2.306416e+00 4.510569e-01
1965 2.243513e+00 4.740213e-01
1966 2.238324e+00 4.853943e-01
1967 2.224640e+00 4.820725e-01
1968 2.224715e+00 4.820507e-01
1969 2.217018e+00 4.556490e-01
1970 2.197268e+00 4.008267e-01
1971 2.204515e+00 4.052278e-01
1972 2.231158e+00 4.289951e-01
1973 2.239343e+00 4.903419e-01
1974 2.241533e+00 4.933434e-01
1975 2.241274e+00 4.871446e-01
1976 2.197162e+00 4.468263e-01
1977 2.199301e+00 4.462077e-01
1978 2.201799e+00 4.435305e-01
1979 2.184242e+00 4.144961e-01
1980 2.157882e+00 4.255355e-01
1981 2.158201e+00 4.266747e-01
1982 2.158298e+00 4.320565e-01
1983 2.158776e+00 4.283490e-01
1984 2.156065e+00 4.071297e-01
1985 2.158387e+00 3.882923e-01
1986 2.154884e+00 3.800198e-01
1987 2.154775e+00 3.801455e-01
1988 2.155251e+00 3.800443e-01
1989 2.164753e+00 3.781810e-01
1990 2.103818e+00 4.200735e-01
1991 2.098031e+00 4.211466e-01
1992 2.073173e+00 4.130970e-01
1993 2.070379e+00 3.954503e-01
1994 2.087609e+00 4.139511e-01
1995 2.085961e+00 4.111995e-01
1996 2.089645e+00 4.033121e-01
1997 2.080219e+00 3.956022e-01
1998 2.036073e+00 3.994768e-01
1999 2.032287e+00 4.044772e-01
2000 2.041158e+00 4.126541e-01
2001 2.037251e+00 3.545307e-01
2002 2.037082e+00 3.526407e-01
2003 2.067480e+00 3.964685e-01
2004 2.079618e+00 3.873058e-01
2005 2.108589e+00 3.748229e-01
2006 2.104646e+00 3.730951e-01
2007 2.109534e+00 3.514666e-01
2008 2.108536e+00 3.495503e-01
2009 2.108921e+00 3.494021e-01
2010 2.098662e+00 3.493686e-01
2011 2.111555e+00 3.586645e-01
2012 2.118375e+00 3.602168e-01
2013 2.111875e+00 3.465892e-01
2014 2.103778e+00 3.411552e-01
2015 2.103723e+00 3.545991e-01
2016 2.108183e+00 3.093978e-01
2017 2.077130e+00 3.252449e-01
2018 2.107666e+00 3.381807e-01
2019 2.107639e+00 3.373783e-01
2020 2.099197e+00 3.307409e-01
2021 2.087578e+00 3.279203e-01
2022 2.076155e+00 3.185247e-01
2023 2.095235e+00 3.268869e-01
2024 2.124892e+00 3.626167e-01
2025 2.131356e+00 3.541959e-01
2026 2.129731e+00 3.751163e-01
2027 2.159425e+00 3.408491e-01
2028 2.160370e+00 3.181541e-01
2029 2.170447e+00 3.322959e-01
2030 2.169546e+00 3.182875e-01
2031 2.169659e+00 3.189352e-01
2032 2.154019e+00 2.712167e-01
2033 2.181665e+00 3.094083e-01
2034 2.144487e+00 3.208553e-01
2035 2.130857e+00 3.360204e-01
2036 2.130673e+00 3.330301e-01
2037 2.127390e+00 3.368691e-01
2038 2.113305e+00 3.368761e-01
2039 2.112359e+00 3.480433e-01
2040 2.114774e+00 3.503362e-01
2041 2.112873e+00 3.385894e-01
2042 2.114374e+00 3.474935e-01
2043 2.146310e+00 3.444838e-01
2044 2.182165e+00 3.484842e-01
2045 2.181276e+00 3.496080e-01
2046 2.187658e+00 3.574471e-01
2047 2.186319e+00 3.593163e-01
2048 2.190563e+00 3.573106e-01
2049 2.192171e+00 3.571637e-01
2050 2.174604e+00 3.732211e-01
2051 2.168011e+00 3.860028e-01
2052 2.206001e+00 4.063247e-01
2053 2.176682e+00 4.010747e-01
2054 2.203911e+00 4.106961e-01
2055 2.223693e+00 4.013795e-01
2056 2.241746e+00 4.169545e-01
2057 2.247437e+00 4.206513e-01
2058 2.232638e+00 4.447076e-01
2059 2.243090e+00 4.244428e-01
2060 2.252436e+00 4.411381e-01
2061 2.253823e+00 4.438566e-01
2062 2.211568e+00 4.495525e-01
2063 2.207230e+00 4.397496e-01
2064 2.194977e+00 4.331884e-01
2065 2.210304e+00 4.613950e-01
2066 2.208927e+00 4.757619e-01
2067 2.201424e+00 4.815284e-01
2068 2.198732e+00 4.842606e-01
2069 2.178686e+00 5.079092e-01
2070 2.205400e+00 5.127615e-01
2071 2.197083e+00 5.046833e-01
2072 2.210972e+00 5.067974e-01
2073 2.180201e+00 5.105929e-01
2074 2.179363e+00 5.089165e-01
2075 2.196628e+00 4.334253e-01
2076 2.194235e+00 4.061589e-01
2077 2.141533e+00 3.860011e-01
2078 2.141560e+00 3.858575e-01
2079 2.139700e+00 3.853974e-01
2080 2.146580e+00 3.874995e-01
2081 2.148605e+00 4.052772e-01
2082 2.146454e+00 4.175310e-01
2083 2.150641e+00 4.164421e-01
2084 2.145455e+00 4.226612e-01
2085 2.166536e+00 4.054146e-01
2086 2.177822e+00 3.999890e-01
2087 2.183461e+00 4.142287e-01
2088 2.179040e+00 4.130067e-01
2089 2.199100e+00 4.194291e-01
2090 2.200161e+00 4.503788e-01
2091 2.260314e+00 4.543666e-01
2092 2.250603e+00 4.281963e-01
2093 2.254224e+00 4.314143e-01
2094 2.252624e+00 4.408004e-01
2095 2.269565e+00 4.275539e-01
2096 2.266406e+00 4.106201e-01
2097 2.265339e+00 4.150774e-01
2098 2.265183e+00 4.157090e-01
2099 2.234406e+00 4.359035e-01
2100 2.229269e+00 4.389189e-01
2101 2.213577e+00 4.173115e-01
2102 2.245013e+00 4.253266e-01
2103 2.235108e+00 4.296156e-01
2104 2.232944e+00 4.363050e-01
2105 2.196387e+00 3.575757e-01
2106 2.203385e+00 3.670423e-01
2107 2.189756e+00 3.567674e-01
2108 2.146655e+00 3.017737e-01
2109 2.143679e+00 3.271673e-01
2110 2.141863e+00 3.001457e-01
2111 2.131132e+00 3.042503e-01
2112 2.118614e+00 2.639711e-01
2113 2.177529e+00 2.816924e-01
2114 2.176627e+00 2.824758e-01
2115 2.171866e+00 3.016968e-01
2116 2.171488e+00 3.020376e-01
2117 2.158980e+00 3.358250e-01
2118 2.170535e+00 3.611608e-01
2119 2.163820e+00 3.508318e-01
2120 2.157944e+00 3.665476e-01
2121 2.189157e+00 3.691244e-01
2122 2.185330e+00 3.660276e-01
2123 2.186022e+00 3.649102e-01
2124 2.183973e+00 3.661610e-01
2125 2.135165e+00 3.755576e-01
2126 2.136420e+00 3.675898e-01
2127 2.136978e+00 3.102480e-01
2128 2.146444e+00 3.159792e-01
2129 2.171703e+00 3.158393e-01
2130 2.130140e+00 3.148302e-01
2131 2.129265e+00 3.109352e-01
2132 2.160820e+00 3.235980e-01
2133 2.150161e+00 3.158640e-01
2134 2.148173e+00 3.110992e-01
2135 2.108548e+00 2.894367e-01
2136 2.110421e+00 2.938986e-01
2137 2.142171e+00 2.745433e-01
2138 2.141270e+00 2.765412e-01
2139 2.151341e+00 2.676494e-01
2140 2.099799e+00 2.519954e-01
2141 2.111570e+00 2.512522e-01
2142 2.101199e+00 2.430486e-01
2143 2.127680e+00 2.559913e-01
2144 2.125272e+00 2.758274e-01
2145 2.124609e+00 2.780099e-01
2146 2.123311e+00 2.764220e-01
2147 2.119600e+00 2.759387e-01
2148 2.131732e+00 2.572516e-01
2149 2.141278e+00 2.642050e-01
2150 2.174076e+00 2.876515e-01
2151 2.243591e+00 3.702392e-01
2152 2.242225e+00 3.671218e-01
2153 2.253757e+00 3.575316e-01
2154 2.243160e+00 3.423424e-01
2155 2.111751e+00 3.201984e-01
2156 2.113214e+00 3.315510e-01
2157 2.119875e+00 2.813398e-01
2158 2.119899e+00 2.812884e-01
2159 2.119221e+00 2.932210e-01
2160 2.123307e+00 2.759023e-01
2161 2.126720e+00 2.692981e-01
2162 2.133087e+00 2.835787e-01
2163 2.128410e+00 2.742936e-01
2164 2.144545e+00 2.764451e-01
2165 2.138344e+00 3.084270e-01
2166 2.145272e+00 3.130924e-01
2167 2.107385e+00 2.397889e-01
2168 2.108385e+00 2.395671e-01
2169 2.109513e+00 2.392114e-01
2170 2.110273e+00 2.456927e-01
2171 2.107806e+00 2.477260e-01
2172 2.111207e+00 2.502454e-01
2173 2.118858e+00 2.389274e-01
2174 2.091774e+00 2.218013e-01
2175 2.077179e+00 2.488959e-01
2176 2.107127e+00 3.353457e-01
2177 2.108919e+00 3.350073e-01
2178 2.122155e+00 3.070938e-01
2179 2.093801e+00 3.159254e-01
2180 2.093380e+00 3.222404e-01
2181 2.082547e+00 3.293775e-01
2182 2.098384e+00 3.462591e-01
2183 2.102308e+00 3.458205e-01
2184 2.106738e+00 3.592083e-01
2185 2.090215e+00 3.708889e-01
2186 2.081510e+00 3.922129e-01
2187 2.097325e+00 4.244382e-01
2188 2.092940e+00 4.246232e-01
2189 2.103786e+00 4.009335e-01
2190 2.108052e+00 3.959773e-01
2191 2.110453e+00 3.991076e-01
2192 2.110360e+00 3.991135e-01
2193 2.099456e+00 3.941652e-01
2194 2.062793e+00 3.792992e-01
2195 2.071500e+00 3.662510e-01
2196 2.066419e+00 3.448411e-01
2197 2.065764e+00 3.121267e-01
2198 2.064716e+00 3.148216e-01
2199 2.065864e+00 2.743649e-01
2200 2.065907e+00 2.743442e-01
2201 2.066332e+00 2.745774e-01
2202 2.062093e+00 2.732735e-01
2203 2.055481e+00 2.781590e-01
2204 2.022695e+00 2.631165e-01
2205 2.027743e+00 2.606411e-01
2206 2.027884e+00 2.606742e-01
2207 2.026985e+00 2.494824e-01
2208 2.008672e+00 2.449326e-01
2209 1.995485e+00 2.400322e-01
2210 1.985467e+00 2.545084e-01
2211 1.984785e+00 2.398463e-01
2212 1.976313e+00 2.622612e-01
2213 1.957798e+00 2.508854e-01
2214 2.029323e+00 2.378638e-01
2215 2.037526e+00 2.313438e-01
2216 2.012281e+00 1.153818e-01
2217 2.011809e+00 1.152705e-01
2218 2.007187e+00 1.124917e-01
2219 2.057964e+00 1.565355e-01
2220 2.064972e+00 1.496047e-01
2221 2.078229e+00 1.686848e-01
2222 2.076063e+00 1.673040e-01
2223 2.074646e+00 1.529324e-01
2224 2.109675e+00 1.722921e-01
2225 2.134109e+00 1.142438e-01
2226 2.134140e+00 1.136458e-01
2227 2.123379e+00 1.256554e-01
2228 2.112889e+00 9.613907e-02
2229 2.095912e+00 8.679515e-02
2230 2.049853e+00 8.476017e-02
2231 2.050201e+00 8.600385e-02
2232 2.027850e+00 7.071478e-02
2233 2.022620e+00 6.230784e-02
2234 2.030970e+00 6.311770e-02
2235 2.046151e+00 9.212276e-02
2236 2.054042e+00 7.317989e-02
2237 2.064307e+00 6.653557e-02
2238 2.064366e+00 6.671678e-02
2239 2.028540e+00 7.939717e-02
2240 2.026801e+00 5.966172e-02
2241 2.013976e+00 3.107044e-02
2242 2.004398e+00 4.820529e-02
2243 1.960029e+00 6.563628e-02
2244 1.959496e+00 6.631414e-02
2245 1.975790e+00 5.305245e-02
2246 1.983682e+00 4.668700e-02
2247 1.985032e+00 4.654725e-02
2248 1.986472e+00 3.982889e-02
2249 1.987826e+00 6.089151e-02
2250 2.000390e+00 8.011657e-02
2251 1.998762e+00 8.046316e-02
2252 1.997818e+00 8.047512e-02
2253 2.004519e+00 5.283870e-02
2254 2.017360e+00 2.735146e-02
2255 2.031785e+00 3.289381e-02
2256 2.026679e+00 3.071321e-02
2257 2.020629e+00 1.252465e-02
2258 2.030555e+00 9.566065e-03
2259 1.978162e+00 -5.002358e-02
