0 2.431179e+00 2.372048e+00
1 2.399240e+00 2.347356e+00
2 2.440643e+00 2.357653e+00
3 2.441658e+00 2.355815e+00
4 2.450726e+00 2.367682e+00
5 2.418037e+00 2.375325e+00
6 2.427163e+00 2.374698e+00
7 2.430162e+00 2.362408e+00
8 2.402866e+00 2.349473e+00
9 2.398879e+00 2.351912e+00
10 2.372313e+00 2.365512e+00
11 2.370520e+00 2.361110e+00
12 2.290143e+00 2.385084e+00
13 2.315033e+00 2.414020e+00
14 2.328733e+00 2.404397e+00
15 2.331569e+00 2.400985e+00
16 2.331317e+00 2.434088e+00
17 2.325948e+00 2.405877e+00
18 2.330973e+00 2.405944e+00
19 2.336472e+00 2.395379e+00
20 2.343083e+00 2.394277e+00
21 2.370463e+00 2.364899e+00
22 2.370053e+00 2.366178e+00
23 2.369861e+00 2.366696e+00
24 2.384379e+00 2.364860e+00
25 2.388730e+00 2.363804e+00
26 2.387587e+00 2.363079e+00
27 2.387260e+00 2.400440e+00
28 2.386928e+00 2.376418e+00
29 2.409778e+00 2.338254e+00
30 2.413930e+00 2.324211e+00
31 2.451987e+00 2.300275e+00
32 2.468437e+00 2.297538e+00
33 2.468340e+00 2.297460e+00
34 2.456705e+00 2.321019e+00
35 2.458950e+00 2.316058e+00
36 2.465697e+00 2.302940e+00
37 2.430560e+00 2.314361e+00
38 2.420507e+00 2.313706e+00
39 2.428095e+00 2.378428e+00
40 2.423400e+00 2.368312e+00
41 2.426501e+00 2.373350e+00
42 2.428308e+00 2.379433e+00
43 2.433223e+00 2.379823e+00
44 2.438518e+00 2.413576e+00
45 2.433931e+00 2.409928e+00
46 2.433767e+00 2.410008e+00
47 2.446315e+00 2.423563e+00
48 2.422739e+00 2.453677e+00
49 2.415150e+00 2.452116e+00
50 2.400148e+00 2.444209e+00
51 2.404579e+00 2.444332e+00
52 2.424495e+00 2.435802e+00
53 2.448737e+00 2.452140e+00
54 2.429101e+00 2.444117e+00
55 2.398135e+00 2.403425e+00
56 2.399131e+00 2.403995e+00
57 2.369790e+00 2.417954e+00
58 2.385168e+00 2.394069e+00
59 2.386182e+00 2.395986e+00
60 2.377420e+00 2.410215e+00
61 2.378258e+00 2.409980e+00
62 2.374706e+00 2.414317e+00
63 2.352836e+00 2.407570e+00
64 2.353435e+00 2.377737e+00
65 2.344964e+00 2.348433e+00
66 2.363603e+00 2.344451e+00
67 2.317187e+00 2.313050e+00
68 2.308299e+00 2.295509e+00
69 2.317264e+00 2.282638e+00
70 2.336829e+00 2.287207e+00
71 2.339429e+00 2.293066e+00
72 2.339417e+00 2.292383e+00
73 2.340584e+00 2.287946e+00
74 2.330701e+00 2.276515e+00
75 2.332207e+00 2.282770e+00
76 2.316593e+00 2.287742e+00
77 2.310423e+00 2.278843e+00
78 2.314027e+00 2.264409e+00
79 2.311183e+00 2.265119e+00
80 2.308785e+00 2.269546e+00
81 2.262206e+00 2.210080e+00
82 2.268403e+00 2.213178e+00
83 2.262976e+00 2.205885e+00
84 2.278875e+00 2.191001e+00
85 2.288081e+00 2.186995e+00
86 2.307076e+00 2.195310e+00
87 2.331418e+00 2.204169e+00
88 2.369965e+00 2.204928e+00
89 2.371333e+00 2.203425e+00
90 2.390760e+00 2.183443e+00
91 2.400430e+00 2.176093e+00
92 2.402342e+00 2.166217e+00
93 2.412389e+00 2.162700e+00
94 2.401372e+00 2.177698e+00
95 2.421365e+00 2.240211e+00
96 2.420279e+00 2.241871e+00
97 2.457337e+00 2.216871e+00
98 2.454526e+00 2.218836e+00
99 2.445191e+00 2.229844e+00
100 2.443848e+00 2.229651e+00
101 2.440357e+00 2.240304e+00
102 2.451861e+00 2.254669e+00
103 2.436004e+00 2.231247e+00
104 2.486207e+00 2.242412e+00
105 2.481760e+00 2.242866e+00
106 2.461465e+00 2.228360e+00
107 2.471877e+00 2.226102e+00
108 2.509159e+00 2.207878e+00
109 2.491216e+00 2.203833e+00
110 2.530607e+00 2.222665e+00
111 2.530412e+00 2.222135e+00
112 2.538753e+00 2.235350e+00
113 2.538501e+00 2.234622e+00
114 2.544172e+00 2.253717e+00
115 2.542027e+00 2.260776e+00
116 2.542695e+00 2.267025e+00
117 2.563394e+00 2.291292e+00
118 2.550246e+00 2.310028e+00
119 2.551722e+00 2.317956e+00
120 2.560274e+00 2.314809e+00
121 2.558072e+00 2.316228e+00
122 2.564130e+00 2.289636e+00
123 2.591056e+00 2.293647e+00
124 2.582225e+00 2.293005e+00
125 2.583020e+00 2.290387e+00
126 2.635057e+00 2.285405e+00
127 2.541191e+00 2.411373e+00
128 2.515635e+00 2.412255e+00
129 2.520325e+00 2.407318e+00
130 2.530897e+00 2.413490e+00
131 2.555852e+00 2.420996e+00
132 2.574306e+00 2.453886e+00
133 2.631892e+00 2.427106e+00
134 2.630481e+00 2.427263e+00
135 2.640231e+00 2.431605e+00
136 2.639816e+00 2.433620e+00
137 2.636650e+00 2.413814e+00
138 2.619206e+00 2.411934e+00
139 2.644822e+00 2.433132e+00
140 2.621681e+00 2.450201e+00
141 2.623239e+00 2.432571e+00
142 2.648851e+00 2.417321e+00
143 2.653557e+00 2.384106e+00
144 2.643484e+00 2.396849e+00
145 2.662812e+00 2.327826e+00
146 2.670132e+00 2.322655e+00
147 2.696149e+00 2.284782e+00
148 2.690628e+00 2.241734e+00
149 2.674490e+00 2.241852e+00
150 2.670002e+00 2.237828e+00
151 2.691498e+00 2.218422e+00
152 2.671494e+00 2.210623e+00
153 2.648578e+00 2.255769e+00
154 2.643447e+00 2.232876e+00
155 2.634796e+00 2.234388e+00
156 2.658079e+00 2.239081e+00
157 2.654231e+00 2.243815e+00
158 2.671095e+00 2.232601e+00
159 2.671308e+00 2.228527e+00
160 2.671326e+00 2.228796e+00
161 2.652754e+00 2.216021e+00
162 2.643337e+00 2.219079e+00
163 2.630153e+00 2.206213e+00
164 2.626213e+00 2.202339e+00
165 2.616875e+00 2.199736e+00
166 2.605113e+00 2.196719e+00
167 2.592317e+00 2.187483e+00
168 2.593701e+00 2.194597e+00
169 2.601518e+00 2.196590e+00
170 2.601624e+00 2.196513e+00
171 2.608098e+00 2.197459e+00
172 2.605127e+00 2.201405e+00
173 2.601535e+00 2.204820e+00
174 2.605782e+00 2.197035e+00
175 2.618327e+00 2.215012e+00
176 2.628205e+00 2.216268e+00
177 2.625996e+00 2.222710e+00
178 2.614801e+00 2.228993e+00
179 2.638485e+00 2.227789e+00
180 2.639223e+00 2.223424e+00
181 2.669408e+00 2.314712e+00
182 2.659660e+00 2.304187e+00
183 2.657854e+00 2.308307e+00
184 2.624857e+00 2.285644e+00
185 2.626376e+00 2.284450e+00
186 2.604169e+00 2.286183e+00
187 2.605971e+00 2.286071e+00
188 2.619521e+00 2.260893e+00
189 2.617888e+00 2.233109e+00
190 2.614280e+00 2.229197e+00
191 2.641446e+00 2.227857e+00
192 2.643674e+00 2.229184e+00
193 2.628064e+00 2.254264e+00
194 2.641174e+00 2.271919e+00
195 2.615993e+00 2.213360e+00
196 2.615961e+00 2.213340e+00
197 2.623220e+00 2.218006e+00
198 2.566818e+00 2.157875e+00
199 2.567788e+00 2.154873e+00
200 2.548114e+00 2.189120e+00
201 2.562025e+00 2.188232e+00
202 2.565009e+00 2.191024e+00
203 2.564154e+00 2.204943e+00
204 2.583287e+00 2.213940e+00
205 2.560486e+00 2.218083e+00
206 2.561572e+00 2.197630e+00
207 2.548754e+00 2.199961e+00
208 2.556011e+00 2.215316e+00
209 2.559071e+00 2.213543e+00
210 2.549715e+00 2.197579e+00
211 2.585374e+00 2.181058e+00
212 2.613435e+00 2.192434e+00
213 2.610758e+00 2.194605e+00
214 2.622589e+00 2.171539e+00
215 2.647894e+00 2.179915e+00
216 2.649992e+00 2.170478e+00
217 2.647487e+00 2.170146e+00
218 2.633276e+00 2.167443e+00
219 2.656897e+00 2.152412e+00
220 2.625191e+00 2.142044e+00
221 2.626068e+00 2.141819e+00
222 2.639989e+00 2.268759e+00
223 2.640500e+00 2.273021e+00
224 2.631103e+00 2.274467e+00
225 2.633399e+00 2.267588e+00
226 2.612850e+00 2.267052e+00
227 2.610006e+00 2.292809e+00
228 2.612139e+00 2.301333e+00
229 2.608037e+00 2.304905e+00
230 2.618300e+00 2.318928e+00
231 2.617539e+00 2.319285e+00
232 2.621477e+00 2.315757e+00
233 2.612220e+00 2.321252e+00
234 2.591819e+00 2.328507e+00
235 2.591435e+00 2.328675e+00
236 2.592412e+00 2.328150e+00
237 2.608013e+00 2.324021e+00
238 2.620240e+00 2.313934e+00
239 2.597375e+00 2.320280e+00
240 2.577335e+00 2.342101e+00
241 2.609532e+00 2.332808e+00
242 2.611348e+00 2.328330e+00
243 2.599036e+00 2.363770e+00
244 2.589087e+00 2.369864e+00
245 2.604264e+00 2.373560e+00
246 2.596301e+00 2.355408e+00
247 2.625336e+00 2.319151e+00
248 2.659759e+00 2.315506e+00
249 2.668575e+00 2.322227e+00
250 2.672112e+00 2.322772e+00
251 2.680811e+00 2.336518e+00
252 2.666450e+00 2.343511e+00
253 2.674379e+00 2.331156e+00
254 2.672059e+00 2.343197e+00
255 2.667373e+00 2.358374e+00
256 2.656080e+00 2.359056e+00
257 2.629053e+00 2.348166e+00
258 2.631698e+00 2.389245e+00
259 2.704876e+00 2.346049e+00
260 2.730399e+00 2.350673e+00
261 2.736023e+00 2.352972e+00
262 2.749228e+00 2.359971e+00
263 2.721536e+00 2.346250e+00
264 2.725521e+00 2.353804e+00
265 2.760110e+00 2.336305e+00
266 2.759534e+00 2.337430e+00
267 2.715789e+00 2.394142e+00
268 2.757776e+00 2.369951e+00
269 2.745381e+00 2.359748e+00
270 2.740583e+00 2.331473e+00
271 2.776278e+00 2.356813e+00
272 2.768475e+00 2.359231e+00
273 2.786271e+00 2.349905e+00
274 2.797050e+00 2.360615e+00
275 2.770937e+00 2.382205e+00
276 2.778005e+00 2.377777e+00
277 2.793774e+00 2.377419e+00
278 2.786670e+00 2.385043e+00
279 2.841024e+00 2.374310e+00
280 2.818761e+00 2.364605e+00
281 2.816224e+00 2.361015e+00
282 2.803128e+00 2.390325e+00
283 2.798917e+00 2.389682e+00
284 2.809151e+00 2.386232e+00
285 2.819713e+00 2.403899e+00
286 2.837812e+00 2.407311e+00
287 2.843932e+00 2.405331e+00
288 2.844848e+00 2.402629e+00
289 2.844920e+00 2.351533e+00
290 2.834611e+00 2.355288e+00
291 2.864106e+00 2.356551e+00
292 2.864217e+00 2.361451e+00
293 2.865882e+00 2.353996e+00
294 2.860459e+00 2.315308e+00
295 2.867823e+00 2.314500e+00
296 2.888981e+00 2.322607e+00
297 2.884693e+00 2.316869e+00
298 2.900090e+00 2.308103e+00
299 2.885857e+00 2.317715e+00
300 2.843803e+00 2.317445e+00
301 2.842875e+00 2.319506e+00
302 2.837346e+00 2.324754e+00
303 2.839208e+00 2.325465e+00
304 2.835555e+00 2.310898e+00
305 2.834997e+00 2.312214e+00
306 2.839621e+00 2.314379e+00
307 2.808384e+00 2.301999e+00
308 2.808572e+00 2.337721e+00
309 2.793256e+00 2.356853e+00
310 2.782378e+00 2.349360e+00
311 2.751951e+00 2.337163e+00
312 2.794591e+00 2.355617e+00
313 2.826597e+00 2.403486e+00
314 2.804636e+00 2.392404e+00
315 2.819650e+00 2.412325e+00
316 2.823047e+00 2.392561e+00
317 2.860511e+00 2.409451e+00
318 2.883910e+00 2.381004e+00
319 2.883910e+00 2.381004e+00
320 2.886599e+00 2.378449e+00
321 2.887679e+00 2.378366e+00
322 2.901682e+00 2.328970e+00
323 2.892839e+00 2.346251e+00
324 2.903719e+00 2.380905e+00
325 2.900196e+00 2.364054e+00
326 2.900053e+00 2.349340e+00
327 2.897282e+00 2.342716e+00
328 2.897072e+00 2.341537e+00
329 2.905820e+00 2.381386e+00
330 2.910182e+00 2.376976e+00
331 2.913997e+00 2.385516e+00
332 2.910665e+00 2.382982e+00
333 2.896760e+00 2.369062e+00
334 2.924078e+00 2.416011e+00
335 2.900406e+00 2.454386e+00
336 2.908613e+00 2.468376e+00
337 2.905839e+00 2.463614e+00
338 2.884647e+00 2.433801e+00
339 2.907755e+00 2.428700e+00
340 2.906901e+00 2.430003e+00
341 2.928569e+00 2.434380e+00
342 2.928622e+00 2.433349e+00
343 2.862739e+00 2.442790e+00
344 2.897999e+00 2.458363e+00
345 2.888415e+00 2.425978e+00
346 2.871656e+00 2.382338e+00
347 2.870758e+00 2.385291e+00
348 2.953885e+00 2.347244e+00
349 2.951167e+00 2.339977e+00
350 2.976434e+00 2.333651e+00
351 2.992145e+00 2.398415e+00
352 2.980938e+00 2.402837e+00
353 2.918368e+00 2.378477e+00
354 2.927873e+00 2.379718e+00
355 2.958002e+00 2.350974e+00
356 2.968561e+00 2.358895e+00
357 2.973778e+00 2.394892e+00
358 2.969411e+00 2.399348e+00
359 2.974337e+00 2.391753e+00
360 2.971985e+00 2.386211e+00
361 2.972201e+00 2.386230e+00
362 2.932582e+00 2.427345e+00
363 2.929145e+00 2.430635e+00
364 2.961511e+00 2.416660e+00
365 2.946306e+00 2.416655e+00
366 2.944495e+00 2.418106e+00
367 2.946411e+00 2.423326e+00
368 2.950616e+00 2.429800e+00
369 2.956063e+00 2.423976e+00
370 3.033327e+00 2.428846e+00
371 3.001688e+00 2.431196e+00
372 3.005359e+00 2.440211e+00
373 2.964853e+00 2.415765e+00
374 2.962067e+00 2.423510e+00
375 2.972468e+00 2.464756e+00
376 2.964637e+00 2.476199e+00
377 2.977662e+00 2.458434e+00
378 2.964621e+00 2.462789e+00
379 2.939404e+00 2.489225e+00
380 2.942260e+00 2.498776e+00
381 2.945407e+00 2.500740e+00
382 2.943704e+00 2.511323e+00
383 2.947411e+00 2.515010e+00
384 2.950596e+00 2.519911e+00
385 2.966194e+00 2.497624e+00
386 2.948519e+00 2.478121e+00
387 2.974112e+00 2.473598e+00
388 2.996059e+00 2.475539e+00
389 3.007534e+00 2.460189e+00
390 3.014205e+00 2.456705e+00
391 3.036763e+00 2.416548e+00
392 3.043419e+00 2.420179e+00
393 3.016205e+00 2.370382e+00
394 3.015844e+00 2.370658e+00
395 3.085688e+00 2.327060e+00
396 3.074161e+00 2.324355e+00
397 3.073543e+00 2.325124e+00
398 3.016773e+00 2.351755e+00
399 3.016466e+00 2.352675e+00
400 3.039015e+00 2.401683e+00
401 3.034704e+00 2.378215e+00
402 3.034212e+00 2.383705e+00
403 3.042619e+00 2.380166e+00
404 3.050933e+00 2.379037e+00
405 3.048834e+00 2.382726e+00
406 3.035080e+00 2.398025e+00
407 3.040157e+00 2.403227e+00
408 3.033421e+00 2.483043e+00
409 3.037452e+00 2.524959e+00
410 3.066987e+00 2.508251e+00
411 3.077125e+00 2.523639e+00
412 3.078769e+00 2.520750e+00
413 3.057741e+00 2.547229e+00
414 3.041120e+00 2.509802e+00
415 3.022246e+00 2.502445e+00
416 3.020866e+00 2.501235e+00
417 3.026624e+00 2.501713e+00
418 3.029104e+00 2.499517e+00
419 3.028645e+00 2.499434e+00
420 3.168802e+00 2.592835e+00
421 3.046909e+00 2.584605e+00
422 3.022139e+00 2.575336e+00
423 3.001843e+00 2.555413e+00
424 3.011937e+00 2.570155e+00
425 3.023849e+00 2.535497e+00
426 3.014443e+00 2.606769e+00
427 3.013503e+00 2.609012e+00
428 3.013016e+00 2.608760e+00
429 2.999473e+00 2.631096e+00
430 3.030346e+00 2.636603e+00
431 3.037196e+00 2.648879e+00
432 3.106312e+00 2.629296e+00
433 3.102402e+00 2.600073e+00
434 3.067287e+00 2.571735e+00
435 3.040546e+00 2.573214e+00
436 3.020698e+00 2.578691e+00
437 3.002515e+00 2.549713e+00
438 3.000964e+00 2.548061e+00
439 3.007236e+00 2.545775e+00
440 3.005599e+00 2.546876e+00
441 2.959735e+00 2.562358e+00
442 2.964414e+00 2.566858e+00
443 2.956059e+00 2.579958e+00
444 2.955503e+00 2.580235e+00
445 2.985269e+00 2.590515e+00
446 2.950272e+00 2.603525e+00
447 2.963708e+00 2.607990e+00
448 2.955042e+00 2.607833e+00
449 2.963734e+00 2.603543e+00
450 2.966209e+00 2.603476e+00
451 2.948406e+00 2.575338e+00
452 2.957903e+00 2.580219e+00
453 2.963003e+00 2.579039e+00
454 2.960442e+00 2.598031e+00
455 2.946934e+00 2.612543e+00
456 2.964613e+00 2.618710e+00
457 2.995346e+00 2.620102e+00
458 2.979888e+00 2.625893e+00
459 2.959032e+00 2.650244e+00
460 2.953281e+00 2.654574e+00
461 2.965465e+00 2.629745e+00
462 2.974602e+00 2.620685e+00
463 2.975958e+00 2.616986e+00
464 2.977000e+00 2.603193e+00
465 2.987719e+00 2.622512e+00
466 2.983370e+00 2.616148e+00
467 2.978676e+00 2.619493e+00
468 2.954892e+00 2.614531e+00
469 2.943096e+00 2.601882e+00
470 2.937667e+00 2.603082e+00
471 2.885136e+00 2.616248e+00
472 2.872190e+00 2.618242e+00
473 2.883577e+00 2.634706e+00
474 2.883593e+00 2.634700e+00
475 2.881786e+00 2.657486e+00
476 2.882095e+00 2.657853e+00
477 2.887799e+00 2.648376e+00
478 2.900421e+00 2.636398e+00
479 2.902451e+00 2.637217e+00
480 2.923782e+00 2.649548e+00
481 2.922881e+00 2.650819e+00
482 2.919634e+00 2.647724e+00
483 2.899186e+00 2.648989e+00
484 2.902398e+00 2.649139e+00
485 2.900901e+00 2.648882e+00
486 2.939362e+00 2.704234e+00
487 2.939175e+00 2.708249e+00
488 2.948002e+00 2.691044e+00
489 2.957390e+00 2.698278e+00
490 2.918404e+00 2.695039e+00
491 3.004509e+00 2.677522e+00
492 3.025234e+00 2.630754e+00
493 3.034511e+00 2.684313e+00
494 3.022613e+00 2.691206e+00
495 2.999048e+00 2.664534e+00
496 3.032410e+00 2.667941e+00
497 3.019038e+00 2.678621e+00
498 3.022978e+00 2.679390e+00
499 3.070583e+00 2.657598e+00
500 3.070807e+00 2.657861e+00
501 3.075129e+00 2.645764e+00
502 3.073648e+00 2.650163e+00
503 3.012984e+00 2.637980e+00
504 2.996912e+00 2.644954e+00
505 2.987888e+00 2.647700e+00
506 2.987539e+00 2.651837e+00
507 2.994940e+00 2.648456e+00
508 3.036672e+00 2.673766e+00
509 3.033036e+00 2.677714e+00
510 3.030273e+00 2.683628e+00
511 3.065926e+00 2.687121e+00
512 3.069745e+00 2.683845e+00
513 3.069188e+00 2.684554e+00
514 3.050456e+00 2.675602e+00
515 3.053658e+00 2.694478e+00
516 3.054910e+00 2.707410e+00
517 3.098632e+00 2.716548e+00
518 3.104939e+00 2.710671e+00
519 3.054286e+00 2.665365e+00
520 3.035377e+00 2.615005e+00
521 3.025259e+00 2.603964e+00
522 2.952746e+00 2.595281e+00
523 2.951888e+00 2.597853e+00
524 2.947474e+00 2.589674e+00
525 2.963223e+00 2.588732e+00
526 2.992541e+00 2.570449e+00
527 2.992496e+00 2.570380e+00
528 3.046301e+00 2.610558e+00
529 3.016705e+00 2.639009e+00
530 3.018333e+00 2.648124e+00
531 2.975397e+00 2.631868e+00
532 2.972200e+00 2.636910e+00
533 2.969932e+00 2.640618e+00
534 2.969301e+00 2.676164e+00
535 2.955964e+00 2.721057e+00
536 2.962567e+00 2.715954e+00
537 2.934164e+00 2.715071e+00
538 2.929676e+00 2.717965e+00
539 2.928820e+00 2.722422e+00
540 2.944657e+00 2.725181e+00
541 2.942431e+00 2.725703e+00
542 2.940763e+00 2.732925e+00
543 2.936993e+00 2.730315e+00
544 2.934253e+00 2.725346e+00
545 2.941353e+00 2.726744e+00
546 2.945368e+00 2.705497e+00
547 2.941234e+00 2.706351e+00
548 2.938491e+00 2.703193e+00
549 2.952274e+00 2.706874e+00
550 2.945072e+00 2.708138e+00
551 2.944968e+00 2.709172e+00
552 2.875937e+00 2.677875e+00
553 2.825278e+00 2.647051e+00
554 2.809278e+00 2.650483e+00
555 2.817828e+00 2.669227e+00
556 2.803007e+00 2.655589e+00
557 2.830425e+00 2.635646e+00
558 2.830591e+00 2.622868e+00
559 2.836573e+00 2.616682e+00
560 2.836207e+00 2.616804e+00
561 2.835925e+00 2.616733e+00
562 2.824559e+00 2.596966e+00
563 2.809701e+00 2.606070e+00
564 2.808822e+00 2.603316e+00
565 2.805674e+00 2.611088e+00
566 2.815680e+00 2.610684e+00
567 2.813058e+00 2.606770e+00
568 2.814445e+00 2.586619e+00
569 2.810027e+00 2.590097e+00
570 2.812226e+00 2.571587e+00
571 2.809595e+00 2.566557e+00
572 2.800763e+00 2.614348e+00
573 2.796440e+00 2.614725e+00
574 2.800099e+00 2.613058e+00
575 2.797113e+00 2.628074e+00
576 2.796212e+00 2.627270e+00
577 2.788299e+00 2.634262e+00
578 2.775304e+00 2.632062e+00
579 2.784020e+00 2.608186e+00
580 2.809810e+00 2.629478e+00
581 2.799164e+00 2.659410e+00
582 2.795795e+00 2.672393e+00
583 2.803550e+00 2.679870e+00
584 2.804792e+00 2.677177e+00
585 2.776811e+00 2.692493e+00
586 2.777545e+00 2.693119e+00
587 2.776571e+00 2.689221e+00
588 2.784567e+00 2.706518e+00
589 2.779756e+00 2.704261e+00
590 2.819718e+00 2.710645e+00
591 2.842488e+00 2.700557e+00
592 2.843286e+00 2.699587e+00
593 2.843991e+00 2.696132e+00
594 2.848420e+00 2.699474e+00
595 2.866454e+00 2.697606e+00
596 2.945594e+00 2.630453e+00
597 2.941094e+00 2.639443e+00
598 2.943560e+00 2.637285e+00
599 3.001092e+00 2.638547e+00
600 3.011027e+00 2.647790e+00
601 3.011228e+00 2.660291e+00
602 3.009116e+00 2.648303e+00
603 3.005692e+00 2.642210e+00
604 3.037739e+00 2.617149e+00
605 3.054925e+00 2.617467e+00
606 3.054194e+00 2.611694e+00
607 3.061098e+00 2.619368e+00
608 3.062590e+00 2.613999e+00
609 3.050396e+00 2.610744e+00
610 3.053747e+00 2.608473e+00
611 3.032411e+00 2.589428e+00
612 3.025890e+00 2.606641e+00
613 3.025514e+00 2.606701e+00
614 3.021271e+00 2.623136e+00
615 3.023354e+00 2.623769e+00
616 3.021555e+00 2.631228e+00
617 3.021513e+00 2.631458e+00
618 3.042655e+00 2.631108e+00
619 3.052850e+00 2.646062e+00
620 3.059625e+00 2.648132e+00
621 3.060864e+00 2.665057e+00
622 3.038234e+00 2.709538e+00
623 3.095420e+00 2.737560e+00
624 3.149355e+00 2.772959e+00
625 3.154882e+00 2.757912e+00
626 3.168168e+00 2.778668e+00
627 3.179251e+00 2.782907e+00
628 3.175390e+00 2.782059e+00
629 3.170224e+00 2.792236e+00
630 3.158848e+00 2.807222e+00
631 3.161519e+00 2.814975e+00
632 3.161101e+00 2.815353e+00
633 3.156004e+00 2.811387e+00
634 3.182007e+00 2.713084e+00
635 3.192295e+00 2.714662e+00
636 3.216396e+00 2.728568e+00
637 3.206970e+00 2.708508e+00
638 3.203380e+00 2.710736e+00
639 3.224782e+00 2.677900e+00
640 3.246813e+00 2.649868e+00
641 3.267864e+00 2.686921e+00
642 3.262896e+00 2.685561e+00
643 3.264513e+00 2.687615e+00
644 3.260092e+00 2.683407e+00
645 3.311605e+00 2.707610e+00
646 3.265513e+00 2.701254e+00
647 3.267546e+00 2.700636e+00
648 3.261600e+00 2.698468e+00
649 3.226870e+00 2.698683e+00
650 3.226522e+00 2.696316e+00
651 3.246514e+00 2.707031e+00
652 3.229788e+00 2.691904e+00
653 3.235123e+00 2.669690e+00
654 3.250912e+00 2.634284e+00
655 3.249977e+00 2.650671e+00
656 3.233647e+00 2.611318e+00
657 3.223463e+00 2.594245e+00
658 3.224621e+00 2.598110e+00
659 3.276413e+00 2.569651e+00
660 3.274801e+00 2.571902e+00
661 3.269145e+00 2.553554e+00
662 3.252997e+00 2.552521e+00
663 3.253246e+00 2.551576e+00
664 3.251911e+00 2.548702e+00
665 3.268883e+00 2.552668e+00
666 3.286797e+00 2.558219e+00
667 3.364475e+00 2.537376e+00
668 3.379340e+00 2.524424e+00
669 3.370350e+00 2.528403e+00
670 3.372759e+00 2.531948e+00
671 3.382224e+00 2.532642e+00
672 3.386352e+00 2.532651e+00
673 3.408529e+00 2.564728e+00
674 3.381192e+00 2.551961e+00
675 3.390863e+00 2.532385e+00
676 3.381006e+00 2.538083e+00
677 3.372079e+00 2.517893e+00
678 3.405546e+00 2.486772e+00
679 3.462820e+00 2.570671e+00
680 3.441524e+00 2.576086e+00
681 3.406397e+00 2.624362e+00
682 3.402319e+00 2.624261e+00
683 3.399573e+00 2.603082e+00
684 3.402868e+00 2.593181e+00
685 3.403186e+00 2.593215e+00
686 3.369204e+00 2.581873e+00
687 3.331584e+00 2.547476e+00
688 3.346557e+00 2.552012e+00
689 3.298198e+00 2.530203e+00
690 3.255006e+00 2.548809e+00
691 3.257827e+00 2.539281e+00
692 3.252472e+00 2.540066e+00
693 3.245250e+00 2.533191e+00
694 3.279434e+00 2.540637e+00
695 3.275351e+00 2.540359e+00
696 3.180472e+00 2.539862e+00
697 3.225491e+00 2.542310e+00
698 3.229171e+00 2.515892e+00
699 3.218137e+00 2.499213e+00
700 3.225216e+00 2.504045e+00
701 3.225714e+00 2.503125e+00
702 3.283999e+00 2.511920e+00
703 3.279157e+00 2.495940e+00
704 3.289193e+00 2.513473e+00
705 3.268358e+00 2.507609e+00
706 3.283768e+00 2.483500e+00
707 3.305217e+00 2.452780e+00
708 3.256614e+00 2.446385e+00
709 3.251439e+00 2.448144e+00
710 3.254936e+00 2.451008e+00
711 3.263548e+00 2.449452e+00
712 3.296089e+00 2.411239e+00
713 3.310889e+00 2.413786e+00
714 3.348336e+00 2.390673e+00
715 3.343202e+00 2.380950e+00
716 3.348044e+00 2.383165e+00
717 3.372717e+00 2.428337e+00
718 3.378465e+00 2.429331e+00
719 3.388929e+00 2.436265e+00
720 3.389388e+00 2.431078e+00
721 3.411475e+00 2.422102e+00
722 3.414261e+00 2.444845e+00
723 3.401868e+00 2.440724e+00
724 3.411162e+00 2.448418e+00
725 3.401005e+00 2.440245e+00
726 3.390813e+00 2.476054e+00
727 3.392290e+00 2.475895e+00
728 3.389642e+00 2.474431e+00
729 3.410909e+00 2.475113e+00
730 3.402618e+00 2.485363e+00
731 3.432371e+00 2.491775e+00
732 3.424723e+00 2.495354e+00
733 3.424615e+00 2.494520e+00
734 3.419853e+00 2.487465e+00
735 3.423102e+00 2.506454e+00
736 3.383677e+00 2.507162e+00
737 3.379711e+00 2.488510e+00
738 3.361976e+00 2.500925e+00
739 3.362573e+00 2.500888e+00
740 3.382348e+00 2.495281e+00
741 3.379340e+00 2.418017e+00
742 3.396056e+00 2.423075e+00
743 3.358012e+00 2.401974e+00
744 3.343041e+00 2.377966e+00
745 3.369491e+00 2.357202e+00
746 3.382860e+00 2.352487e+00
747 3.375864e+00 2.339245e+00
748 3.375719e+00 2.335878e+00
749 3.369617e+00 2.314118e+00
750 3.409218e+00 2.315444e+00
751 3.401107e+00 2.324804e+00
752 3.405817e+00 2.340167e+00
753 3.404651e+00 2.334022e+00
754 3.404537e+00 2.332527e+00
755 3.335587e+00 2.252500e+00
756 3.323873e+00 2.269169e+00
757 3.310457e+00 2.280361e+00
758 3.303811e+00 2.237050e+00
759 3.296747e+00 2.208966e+00
760 3.312232e+00 2.213834e+00
761 3.317633e+00 2.209576e+00
762 3.226116e+00 2.225290e+00
763 3.226060e+00 2.224538e+00
764 3.229430e+00 2.223639e+00
765 3.231026e+00 2.228249e+00
766 3.249794e+00 2.285645e+00
767 3.257444e+00 2.298321e+00
768 3.258048e+00 2.298451e+00
769 3.273764e+00 2.263471e+00
770 3.274161e+00 2.265335e+00
771 3.267737e+00 2.251907e+00
772 3.277747e+00 2.246838e+00
773 3.286910e+00 2.262360e+00
774 3.298776e+00 2.275240e+00
775 3.304410e+00 2.280445e+00
776 3.319154e+00 2.286641e+00
777 3.338105e+00 2.283905e+00
778 3.335877e+00 2.291464e+00
779 3.358629e+00 2.248947e+00
780 3.350865e+00 2.246189e+00
781 3.348110e+00 2.251470e+00
782 3.332082e+00 2.243751e+00
783 3.350650e+00 2.244670e+00
784 3.321272e+00 2.301934e+00
785 3.325382e+00 2.299970e+00
786 3.324031e+00 2.292481e+00
787 3.322890e+00 2.297507e+00
788 3.315254e+00 2.318529e+00
789 3.355722e+00 2.313113e+00
790 3.353286e+00 2.313781e+00
791 3.350719e+00 2.321238e+00
792 3.353433e+00 2.315198e+00
793 3.352658e+00 2.314973e+00
794 3.336666e+00 2.318898e+00
795 3.330629e+00 2.322511e+00
796 3.333917e+00 2.294905e+00
797 3.333037e+00 2.293834e+00
798 3.328463e+00 2.293635e+00
799 3.328334e+00 2.293289e+00
800 3.318310e+00 2.272283e+00
801 3.286085e+00 2.286005e+00
802 3.287446e+00 2.287358e+00
803 3.283543e+00 2.296590e+00
804 3.294449e+00 2.300013e+00
805 3.294404e+00 2.299675e+00
806 3.325074e+00 2.342466e+00
807 3.326035e+00 2.342682e+00
808 3.333891e+00 2.348173e+00
809 3.330384e+00 2.335198e+00
810 3.332345e+00 2.333279e+00
811 3.341975e+00 2.330552e+00
812 3.313947e+00 2.343302e+00
813 3.314690e+00 2.387708e+00
814 3.311966e+00 2.388588e+00
815 3.319568e+00 2.384345e+00
816 3.339706e+00 2.249690e+00
817 3.336379e+00 2.250494e+00
818 3.336141e+00 2.250132e+00
819 3.339214e+00 2.249295e+00
820 3.332013e+00 2.250300e+00
821 3.336228e+00 2.250645e+00
822 3.339695e+00 2.258796e+00
823 3.374143e+00 2.247576e+00
824 3.381583e+00 2.291629e+00
825 3.377164e+00 2.278121e+00
826 3.392038e+00 2.278731e+00
827 3.396809e+00 2.297147e+00
828 3.408530e+00 2.288038e+00
829 3.412717e+00 2.307216e+00
830 3.403494e+00 2.303088e+00
831 3.409326e+00 2.307103e+00
832 3.401605e+00 2.313021e+00
833 3.386022e+00 2.308997e+00
834 3.389885e+00 2.310861e+00
835 3.460918e+00 2.197530e+00
836 3.466713e+00 2.189139e+00
837 3.466656e+00 2.189230e+00
838 3.467586e+00 2.211311e+00
839 3.462393e+00 2.196933e+00
840 3.433135e+00 2.224241e+00
841 3.452540e+00 2.213016e+00
842 3.443655e+00 2.205258e+00
843 3.451501e+00 2.254152e+00
844 3.424981e+00 2.244393e+00
845 3.423769e+00 2.236402e+00
846 3.417200e+00 2.233375e+00
847 3.417217e+00 2.233372e+00
848 3.419830e+00 2.240758e+00
849 3.428030e+00 2.252460e+00
850 3.443887e+00 2.260856e+00
851 3.451733e+00 2.262767e+00
852 3.435474e+00 2.286045e+00
853 3.434971e+00 2.286849e+00
854 3.428715e+00 2.304820e+00
855 3.430838e+00 2.307870e+00
856 3.451492e+00 2.296540e+00
857 3.537753e+00 2.349685e+00
858 3.576367e+00 2.357828e+00
859 3.544052e+00 2.350681e+00
860 3.541284e+00 2.350906e+00
861 3.538646e+00 2.351327e+00
862 3.541724e+00 2.360283e+00
863 3.530033e+00 2.355448e+00
864 3.529274e+00 2.354195e+00
865 3.518364e+00 2.338160e+00
866 3.513902e+00 2.335895e+00
867 3.507377e+00 2.333009e+00
868 3.488244e+00 2.335809e+00
869 3.474889e+00 2.336322e+00
870 3.476001e+00 2.337809e+00
871 3.477515e+00 2.349399e+00
872 3.494491e+00 2.369223e+00
873 3.522074e+00 2.383179e+00
874 3.506412e+00 2.385775e+00
875 3.520666e+00 2.389236e+00
876 3.490504e+00 2.345610e+00
877 3.513438e+00 2.306457e+00
878 3.514975e+00 2.304810e+00
879 3.528058e+00 2.298480e+00
880 3.533827e+00 2.287584e+00
881 3.558401e+00 2.300078e+00
882 3.563945e+00 2.309255e+00
883 3.567981e+00 2.289220e+00
884 3.568058e+00 2.291052e+00
885 3.572558e+00 2.284957e+00
886 3.571353e+00 2.293727e+00
887 3.567115e+00 2.280278e+00
888 3.588505e+00 2.282789e+00
889 3.593000e+00 2.267797e+00
890 3.604289e+00 2.255441e+00
891 3.636519e+00 2.270683e+00
892 3.636526e+00 2.270764e+00
893 3.635521e+00 2.281294e+00
894 3.635929e+00 2.281247e+00
895 3.639658e+00 2.309064e+00
896 3.641808e+00 2.313633e+00
897 3.626532e+00 2.368870e+00
898 3.590281e+00 2.382506e+00
899 3.592215e+00 2.430413e+00
900 3.588048e+00 2.407846e+00
901 3.587318e+00 2.429330e+00
902 3.584950e+00 2.420947e+00
903 3.575205e+00 2.409020e+00
904 3.572467e+00 2.409655e+00
905 3.573920e+00 2.403778e+00
906 3.573777e+00 2.399555e+00
907 3.574696e+00 2.401200e+00
908 3.567297e+00 2.398934e+00
909 3.561677e+00 2.399538e+00
910 3.549218e+00 2.412089e+00
911 3.547379e+00 2.410325e+00
912 3.544224e+00 2.417099e+00
913 3.558470e+00 2.427487e+00
914 3.532524e+00 2.410279e+00
915 3.512422e+00 2.408956e+00
916 3.506067e+00 2.410765e+00
917 3.483465e+00 2.398651e+00
918 3.483443e+00 2.414595e+00
919 3.498315e+00 2.403542e+00
920 3.495100e+00 2.403962e+00
921 3.517556e+00 2.384703e+00
922 3.499084e+00 2.360783e+00
923 3.539878e+00 2.367966e+00
924 3.560616e+00 2.374159e+00
925 3.562086e+00 2.372766e+00
926 3.550959e+00 2.375755e+00
927 3.539156e+00 2.378198e+00
928 3.550412e+00 2.353865e+00
929 3.546481e+00 2.349349e+00
930 3.544976e+00 2.294093e+00
931 3.513661e+00 2.324229e+00
932 3.525550e+00 2.379952e+00
933 3.491671e+00 2.389921e+00
934 3.455124e+00 2.358201e+00
935 3.459557e+00 2.364684e+00
936 3.474529e+00 2.342715e+00
937 3.459670e+00 2.338584e+00
938 3.457590e+00 2.337591e+00
939 3.480252e+00 2.366431e+00
940 3.538289e+00 2.348553e+00
941 3.521160e+00 2.299855e+00
942 3.510430e+00 2.299989e+00
943 3.499027e+00 2.315189e+00
944 3.503564e+00 2.305106e+00
945 3.492633e+00 2.268818e+00
946 3.480086e+00 2.254725e+00
947 3.506720e+00 2.265174e+00
948 3.504652e+00 2.263802e+00
949 3.505920e+00 2.263962e+00
950 3.516451e+00 2.261978e+00
951 3.549453e+00 2.270510e+00
952 3.549662e+00 2.262161e+00
953 3.548553e+00 2.273409e+00
954 3.568724e+00 2.268966e+00
955 3.565822e+00 2.264594e+00
956 3.591305e+00 2.257375e+00
957 3.578960e+00 2.261015e+00
958 3.525308e+00 2.240253e+00
959 3.506859e+00 2.249337e+00
960 3.514966e+00 2.234820e+00
961 3.505420e+00 2.236940e+00
962 3.519917e+00 2.240166e+00
963 3.522318e+00 2.233717e+00
964 3.548379e+00 2.224321e+00
965 3.548593e+00 2.224639e+00
966 3.530371e+00 2.234654e+00
967 3.535456e+00 2.223865e+00
968 3.548961e+00 2.216730e+00
969 3.548934e+00 2.216655e+00
970 3.548355e+00 2.210555e+00
971 3.559754e+00 2.199317e+00
972 3.553643e+00 2.198326e+00
973 3.566999e+00 2.213680e+00
974 3.563057e+00 2.210377e+00
975 3.551507e+00 2.205567e+00
976 3.523071e+00 2.313941e+00
977 3.525216e+00 2.314175e+00
978 3.492671e+00 2.316429e+00
979 3.486521e+00 2.317478e+00
980 3.496580e+00 2.344559e+00
981 3.496216e+00 2.340909e+00
982 3.542276e+00 2.286878e+00
983 3.567156e+00 2.318576e+00
984 3.562115e+00 2.308354e+00
985 3.569779e+00 2.284051e+00
986 3.586963e+00 2.231937e+00
987 3.636012e+00 2.233349e+00
988 3.624587e+00 2.260207e+00
989 3.621773e+00 2.257528e+00
990 3.613406e+00 2.285433e+00
991 3.622341e+00 2.267191e+00
992 3.621775e+00 2.268955e+00
993 3.618946e+00 2.273302e+00
994 3.628234e+00 2.250874e+00
995 3.615136e+00 2.249400e+00
996 3.626243e+00 2.246971e+00
997 3.621235e+00 2.252328e+00
998 3.626858e+00 2.222627e+00
999 3.603074e+00 2.249478e+00
1000 3.592143e+00 2.248836e+00
1001 3.586524e+00 2.226324e+00
1002 3.572877e+00 2.192707e+00
1003 3.557420e+00 2.187788e+00
1004 3.561095e+00 2.193751e+00
1005 3.566108e+00 2.188865e+00
1006 3.581139e+00 2.169130e+00
1007 3.581138e+00 2.148815e+00
1008 3.596512e+00 2.161971e+00
1009 3.596798e+00 2.162311e+00
1010 3.607633e+00 2.153283e+00
1011 3.649110e+00 2.140175e+00
1012 3.646467e+00 2.138636e+00
1013 3.655797e+00 2.156556e+00
1014 3.649205e+00 2.159612e+00
1015 3.656892e+00 2.155645e+00
1016 3.642643e+00 2.144252e+00
1017 3.639087e+00 2.136361e+00
1018 3.632686e+00 2.127181e+00
1019 3.632936e+00 2.127053e+00
1020 3.641840e+00 2.154205e+00
1021 3.627565e+00 2.164096e+00
1022 3.623447e+00 2.150148e+00
1023 3.627749e+00 2.149449e+00
1024 3.631245e+00 2.144189e+00
1025 3.645546e+00 2.147648e+00
1026 3.645518e+00 2.150736e+00
1027 3.644877e+00 2.147106e+00
1028 3.644410e+00 2.147435e+00
1029 3.696114e+00 2.151684e+00
1030 3.710107e+00 2.147539e+00
1031 3.704985e+00 2.163860e+00
1032 3.714095e+00 2.152480e+00
1033 3.703071e+00 2.131833e+00
1034 3.741109e+00 2.068538e+00
1035 3.741177e+00 2.055481e+00
1036 3.724586e+00 2.050788e+00
1037 3.696805e+00 2.063812e+00
1038 3.700544e+00 2.075140e+00
1039 3.697992e+00 2.072383e+00
1040 3.729968e+00 2.045039e+00
1041 3.724015e+00 2.031158e+00
1042 3.826799e+00 1.991753e+00
1043 3.832343e+00 1.993399e+00
1044 3.832752e+00 1.993381e+00
1045 3.833763e+00 1.986406e+00
1046 3.847053e+00 1.974135e+00
1047 3.847545e+00 1.974198e+00
1048 3.856944e+00 1.954050e+00
1049 3.865430e+00 1.957528e+00
1050 3.865746e+00 1.957450e+00
1051 3.848540e+00 1.986091e+00
1052 3.858552e+00 1.993040e+00
1053 3.810711e+00 2.044910e+00
1054 3.820650e+00 2.046454e+00
1055 3.830962e+00 2.053945e+00
1056 3.817337e+00 2.047245e+00
1057 3.819068e+00 2.055348e+00
1058 3.824377e+00 2.064307e+00
1059 3.826469e+00 2.068375e+00
1060 3.814098e+00 2.043244e+00
1061 3.815729e+00 2.044823e+00
1062 3.804351e+00 2.040186e+00
1063 3.803237e+00 2.057816e+00
1064 3.805739e+00 2.062695e+00
1065 3.815515e+00 2.062987e+00
1066 3.821677e+00 2.065696e+00
1067 3.837886e+00 2.045555e+00
1068 3.869928e+00 2.032261e+00
1069 3.884206e+00 2.033872e+00
1070 3.885796e+00 2.019864e+00
1071 3.872398e+00 2.014703e+00
1072 3.861094e+00 2.012473e+00
1073 3.843148e+00 1.999543e+00
1074 3.844884e+00 2.008976e+00
1075 3.846136e+00 2.009976e+00
1076 3.881245e+00 1.987164e+00
1077 3.878705e+00 1.998354e+00
1078 3.923664e+00 1.997051e+00
1079 3.890890e+00 2.002227e+00
1080 3.902252e+00 2.017005e+00
1081 3.921895e+00 2.002122e+00
1082 3.923020e+00 1.984737e+00
1083 3.920558e+00 1.964332e+00
1084 3.924505e+00 1.955377e+00
1085 3.936227e+00 1.957229e+00
1086 3.938378e+00 1.960036e+00
1087 3.953865e+00 1.939497e+00
1088 3.951316e+00 1.948978e+00
1089 3.945675e+00 1.955500e+00
1090 3.945681e+00 1.955536e+00
1091 3.945567e+00 1.952388e+00
1092 3.951190e+00 1.952293e+00
1093 3.942038e+00 1.973433e+00
1094 3.918329e+00 1.960648e+00
1095 3.848595e+00 1.889600e+00
1096 3.846481e+00 1.891338e+00
1097 3.837607e+00 1.892374e+00
1098 3.835921e+00 1.892019e+00
1099 3.823697e+00 1.870295e+00
1100 3.824129e+00 1.878392e+00
1101 3.843165e+00 1.891817e+00
1102 3.820902e+00 1.910284e+00
1103 3.828186e+00 1.926908e+00
1104 3.823997e+00 1.923880e+00
1105 3.825486e+00 1.928908e+00
1106 3.825897e+00 1.929276e+00
1107 3.827629e+00 1.929055e+00
1108 3.822524e+00 1.916185e+00
1109 3.802463e+00 1.937373e+00
1110 3.801492e+00 1.958408e+00
1111 3.785187e+00 1.962443e+00
1112 3.800202e+00 1.945903e+00
1113 3.813067e+00 1.953162e+00
1114 3.796426e+00 1.943568e+00
1115 3.809299e+00 1.937932e+00
1116 3.798703e+00 1.918906e+00
1117 3.781318e+00 1.921883e+00
1118 3.771258e+00 1.958174e+00
1119 3.793775e+00 1.977439e+00
1120 3.828396e+00 1.967008e+00
1121 3.861415e+00 1.960054e+00
1122 3.857325e+00 1.961730e+00
1123 3.858522e+00 1.977442e+00
1124 3.871409e+00 1.985555e+00
1125 3.860156e+00 1.985476e+00
1126 3.812950e+00 1.954934e+00
1127 3.808831e+00 1.959797e+00
1128 3.813812e+00 1.969350e+00
1129 3.811929e+00 1.969819e+00
1130 3.808485e+00 1.960907e+00
1131 3.799433e+00 1.999483e+00
1132 3.798644e+00 2.002986e+00
1133 3.804331e+00 2.009653e+00
1134 3.804003e+00 2.009839e+00
1135 3.787835e+00 2.025850e+00
1136 3.789487e+00 2.024066e+00
1137 3.786631e+00 2.023878e+00
1138 3.762492e+00 2.036296e+00
1139 3.783538e+00 2.029334e+00
1140 3.775981e+00 2.033002e+00
1141 3.773010e+00 2.034399e+00
1142 3.784019e+00 2.121231e+00
1143 3.782788e+00 2.140480e+00
1144 3.789158e+00 2.132422e+00
1145 3.791238e+00 2.127492e+00
1146 3.778356e+00 2.114747e+00
1147 3.786815e+00 2.122013e+00
1148 3.798053e+00 2.112681e+00
1149 3.785646e+00 2.147837e+00
1150 3.790450e+00 2.146742e+00
1151 3.794972e+00 2.147475e+00
1152 3.786171e+00 2.157693e+00
1153 3.794095e+00 2.155041e+00
1154 3.804525e+00 2.141351e+00
1155 3.804449e+00 2.141366e+00
1156 3.816098e+00 2.168497e+00
1157 3.818105e+00 2.165572e+00
1158 3.810659e+00 2.190766e+00
1159 3.813052e+00 2.193032e+00
1160 3.815931e+00 2.201419e+00
1161 3.808225e+00 2.208416e+00
1162 3.790156e+00 2.199114e+00
1163 3.789831e+00 2.207305e+00
1164 3.789137e+00 2.207993e+00
1165 3.786651e+00 2.205007e+00
1166 3.795703e+00 2.173076e+00
1167 3.759276e+00 2.207082e+00
1168 3.765154e+00 2.216709e+00
1169 3.767281e+00 2.200852e+00
1170 3.775502e+00 2.224193e+00
1171 3.783158e+00 2.221038e+00
1172 3.801935e+00 2.227796e+00
1173 3.801440e+00 2.226421e+00
1174 3.812419e+00 2.249877e+00
1175 3.812304e+00 2.249886e+00
1176 3.818885e+00 2.248526e+00
1177 3.821164e+00 2.257252e+00
1178 3.822340e+00 2.258717e+00
1179 3.839212e+00 2.262330e+00
1180 3.832774e+00 2.279365e+00
1181 3.832690e+00 2.253441e+00
1182 3.896951e+00 2.314484e+00
1183 3.894770e+00 2.322140e+00
1184 3.903222e+00 2.331535e+00
1185 3.897744e+00 2.339694e+00
1186 3.889695e+00 2.337384e+00
1187 3.827967e+00 2.303059e+00
1188 3.826717e+00 2.328397e+00
1189 3.844145e+00 2.326268e+00
1190 3.844187e+00 2.332854e+00
1191 3.839593e+00 2.329499e+00
1192 3.835730e+00 2.323610e+00
1193 3.814587e+00 2.322469e+00
1194 3.811564e+00 2.327639e+00
1195 3.825530e+00 2.322552e+00
1196 3.826462e+00 2.323193e+00
1197 3.765654e+00 2.359478e+00
1198 3.765447e+00 2.359734e+00
1199 3.766801e+00 2.383623e+00
1200 3.761850e+00 2.385839e+00
1201 3.754578e+00 2.416089e+00
1202 3.756347e+00 2.412851e+00
1203 3.795751e+00 2.400499e+00
1204 3.794401e+00 2.395886e+00
1205 3.759529e+00 2.381250e+00
1206 3.763023e+00 2.380262e+00
1207 3.749962e+00 2.373776e+00
1208 3.747755e+00 2.369168e+00
1209 3.748520e+00 2.370671e+00
1210 3.763413e+00 2.384725e+00
1211 3.760974e+00 2.383540e+00
1212 3.760965e+00 2.383606e+00
1213 3.781144e+00 2.394826e+00
1214 3.759405e+00 2.373172e+00
1215 3.750748e+00 2.331482e+00
1216 3.751138e+00 2.331149e+00
1217 3.752598e+00 2.345608e+00
1218 3.756710e+00 2.337084e+00
1219 3.751547e+00 2.332478e+00
1220 3.684037e+00 2.330405e+00
1221 3.641965e+00 2.339440e+00
1222 3.649006e+00 2.331998e+00
1223 3.656654e+00 2.341746e+00
1224 3.669784e+00 2.344964e+00
1225 3.688462e+00 2.334349e+00
1226 3.723836e+00 2.336701e+00
1227 3.726822e+00 2.342576e+00
1228 3.726630e+00 2.342832e+00
1229 3.806800e+00 2.406040e+00
1230 3.803107e+00 2.408214e+00
1231 3.778323e+00 2.414546e+00
1232 3.785176e+00 2.418775e+00
1233 3.737015e+00 2.429716e+00
1234 3.704496e+00 2.448744e+00
1235 3.705480e+00 2.442848e+00
1236 3.703838e+00 2.446146e+00
1237 3.711534e+00 2.464221e+00
1238 3.725904e+00 2.476312e+00
1239 3.713769e+00 2.477310e+00
1240 3.739898e+00 2.474757e+00
1241 3.724750e+00 2.472519e+00
1242 3.729329e+00 2.480974e+00
1243 3.690783e+00 2.487876e+00
1244 3.691527e+00 2.486279e+00
1245 3.689922e+00 2.517055e+00
1246 3.725325e+00 2.499609e+00
1247 3.738486e+00 2.498010e+00
1248 3.725557e+00 2.442911e+00
1249 3.734446e+00 2.438317e+00
1250 3.734140e+00 2.437280e+00
1251 3.726478e+00 2.449468e+00
1252 3.769116e+00 2.475080e+00
1253 3.767457e+00 2.475041e+00
1254 3.763246e+00 2.463773e+00
1255 3.761016e+00 2.462301e+00
1256 3.777125e+00 2.479131e+00
1257 3.777037e+00 2.468676e+00
1258 3.774741e+00 2.467487e+00
1259 3.811387e+00 2.499295e+00
1260 3.800782e+00 2.478796e+00
1261 3.871826e+00 2.463782e+00
1262 3.851321e+00 2.457331e+00
1263 3.882340e+00 2.439282e+00
1264 3.882182e+00 2.439205e+00
1265 3.884355e+00 2.441154e+00
1266 3.882738e+00 2.443979e+00
1267 3.890629e+00 2.439857e+00
1268 3.887273e+00 2.439204e+00
1269 3.886759e+00 2.440646e+00
1270 3.882689e+00 2.460444e+00
1271 3.881991e+00 2.457186e+00
1272 3.842699e+00 2.448335e+00
1273 3.816473e+00 2.488615e+00
1274 3.812932e+00 2.478856e+00
1275 3.803653e+00 2.491103e+00
1276 3.864380e+00 2.539504e+00
1277 3.865584e+00 2.537350e+00
1278 3.882095e+00 2.538139e+00
1279 3.869422e+00 2.502115e+00
1280 3.883867e+00 2.486468e+00
1281 3.872600e+00 2.497540e+00
1282 3.853158e+00 2.473734e+00
1283 3.834644e+00 2.521914e+00
1284 3.846026e+00 2.531038e+00
1285 3.848037e+00 2.529508e+00
1286 3.911904e+00 2.455293e+00
1287 3.878249e+00 2.483743e+00
1288 3.875389e+00 2.495152e+00
1289 3.870690e+00 2.482683e+00
1290 3.879039e+00 2.516898e+00
1291 3.839525e+00 2.545557e+00
1292 3.840637e+00 2.524169e+00
1293 3.873383e+00 2.493364e+00
1294 3.869931e+00 2.485920e+00
1295 3.888169e+00 2.489068e+00
1296 3.894085e+00 2.505098e+00
1297 3.944755e+00 2.512451e+00
1298 3.946194e+00 2.513375e+00
1299 3.950097e+00 2.505897e+00
1300 3.947991e+00 2.490926e+00
1301 3.926335e+00 2.526357e+00
1302 3.927452e+00 2.523716e+00
1303 3.921895e+00 2.523883e+00
1304 3.981102e+00 2.535566e+00
1305 3.976854e+00 2.531991e+00
1306 3.967117e+00 2.573863e+00
1307 3.967318e+00 2.573827e+00
1308 4.009935e+00 2.595633e+00
1309 4.058733e+00 2.624970e+00
1310 4.044472e+00 2.619127e+00
1311 4.034844e+00 2.593802e+00
1312 4.034508e+00 2.590487e+00
1313 4.064955e+00 2.565162e+00
1314 4.056658e+00 2.566336e+00
1315 4.059738e+00 2.574858e+00
1316 4.076387e+00 2.554015e+00
1317 4.074413e+00 2.579534e+00
1318 4.077529e+00 2.577035e+00
1319 4.085855e+00 2.572807e+00
1320 4.090309e+00 2.571934e+00
1321 4.089781e+00 2.565505e+00
1322 4.090549e+00 2.564320e+00
1323 4.078591e+00 2.561829e+00
1324 4.078490e+00 2.562611e+00
1325 4.068480e+00 2.551195e+00
1326 4.062023e+00 2.556521e+00
1327 4.072668e+00 2.575075e+00
1328 4.077646e+00 2.592892e+00
1329 4.073315e+00 2.548366e+00
1330 4.023562e+00 2.572872e+00
1331 4.014226e+00 2.610953e+00
1332 4.010357e+00 2.611935e+00
1333 3.998977e+00 2.557394e+00
1334 3.998012e+00 2.556305e+00
1335 3.993782e+00 2.578374e+00
1336 3.993854e+00 2.578289e+00
1337 4.075919e+00 2.619385e+00
1338 4.031632e+00 2.654411e+00
1339 4.031381e+00 2.652677e+00
1340 4.027942e+00 2.656116e+00
1341 4.009677e+00 2.662322e+00
1342 3.987106e+00 2.671155e+00
1343 3.966353e+00 2.663841e+00
1344 3.984711e+00 2.665803e+00
1345 4.021249e+00 2.672708e+00
1346 4.000910e+00 2.630662e+00
1347 3.982867e+00 2.653732e+00
1348 3.974961e+00 2.684127e+00
1349 3.895469e+00 2.686401e+00
1350 3.867029e+00 2.642312e+00
1351 3.876137e+00 2.655549e+00
1352 3.873777e+00 2.655957e+00
1353 3.897633e+00 2.692510e+00
1354 3.914413e+00 2.682277e+00
1355 3.894490e+00 2.682006e+00
1356 3.924833e+00 2.657183e+00
1357 3.899248e+00 2.664695e+00
1358 3.891601e+00 2.666045e+00
1359 3.878023e+00 2.690784e+00
1360 3.917486e+00 2.736562e+00
1361 3.909528e+00 2.728281e+00
1362 3.894082e+00 2.706980e+00
1363 3.921838e+00 2.761952e+00
1364 3.925009e+00 2.762509e+00
1365 3.915684e+00 2.763808e+00
1366 3.915344e+00 2.764110e+00
1367 3.902074e+00 2.765915e+00
1368 3.962552e+00 2.765848e+00
1369 3.957580e+00 2.772601e+00
1370 3.958665e+00 2.778808e+00
1371 3.956323e+00 2.780054e+00
1372 3.952946e+00 2.779181e+00
1373 3.956958e+00 2.783317e+00
1374 3.924024e+00 2.836799e+00
1375 3.916698e+00 2.841246e+00
1376 3.923821e+00 2.867008e+00
1377 3.930931e+00 2.849373e+00
1378 3.942001e+00 2.811015e+00
1379 3.934849e+00 2.800535e+00
1380 3.935122e+00 2.797673e+00
1381 3.910838e+00 2.800994e+00
1382 3.893415e+00 2.774588e+00
1383 3.850144e+00 2.793793e+00
1384 3.868474e+00 2.790941e+00
1385 3.871988e+00 2.752289e+00
1386 3.818865e+00 2.777235e+00
1387 3.813916e+00 2.767458e+00
1388 3.809710e+00 2.763845e+00
1389 3.810775e+00 2.751305e+00
1390 3.811148e+00 2.735650e+00
1391 3.830360e+00 2.741236e+00
1392 3.820966e+00 2.752230e+00
1393 3.821421e+00 2.754144e+00
1394 3.822350e+00 2.763722e+00
1395 3.803466e+00 2.784659e+00
1396 3.762827e+00 2.846489e+00
1397 3.766981e+00 2.849164e+00
1398 3.769853e+00 2.837482e+00
1399 3.762801e+00 2.841027e+00
1400 3.773187e+00 2.853671e+00
1401 3.770587e+00 2.860023e+00
1402 3.781833e+00 2.851435e+00
1403 3.780362e+00 2.862385e+00
1404 3.769992e+00 2.868890e+00
1405 3.772021e+00 2.869176e+00
1406 3.769343e+00 2.848624e+00
1407 3.820183e+00 2.844894e+00
1408 3.801602e+00 2.945582e+00
1409 3.816789e+00 2.961010e+00
1410 3.820751e+00 2.970313e+00
1411 3.815233e+00 2.969125e+00
1412 3.818952e+00 2.969764e+00
1413 3.833139e+00 2.973751e+00
1414 3.812221e+00 2.973707e+00
1415 3.807233e+00 2.968193e+00
1416 3.813533e+00 2.944082e+00
1417 3.800059e+00 2.955164e+00
1418 3.803667e+00 2.998219e+00
1419 3.814690e+00 2.992965e+00
1420 3.812727e+00 3.000440e+00
