0 4.471713e+00 6.453112e-01
1 4.486203e+00 6.449278e-01
2 4.491824e+00 6.374216e-01
3 4.471196e+00 6.285768e-01
4 4.482540e+00 6.135253e-01
5 4.478693e+00 6.124065e-01
6 4.482929e+00 6.114819e-01
7 4.492334e+00 6.192731e-01
8 4.481603e+00 6.369238e-01
9 4.448283e+00 5.952294e-01
10 4.455648e+00 6.229193e-01
11 4.454483e+00 6.216155e-01
12 4.445984e+00 6.341927e-01
13 4.434151e+00 6.350314e-01
14 4.427258e+00 6.618305e-01
15 4.454086e+00 6.445835e-01
16 4.457299e+00 6.407715e-01
17 4.450074e+00 6.146990e-01
18 4.448496e+00 6.177231e-01
19 4.449231e+00 6.176000e-01
20 4.451640e+00 6.228378e-01
21 4.446002e+00 6.310392e-01
22 4.444287e+00 6.460082e-01
23 4.515329e+00 6.038802e-01
24 4.515803e+00 6.126760e-01
25 4.523438e+00 6.122535e-01
26 4.522054e+00 6.135578e-01
27 4.521107e+00 6.291755e-01
28 4.521087e+00 6.294336e-01
29 4.518306e+00 6.098803e-01
30 4.469067e+00 6.182850e-01
31 4.462502e+00 6.125155e-01
32 4.469939e+00 6.019629e-01
33 4.481071e+00 5.916645e-01
34 4.477828e+00 5.821155e-01
35 4.466304e+00 6.308618e-01
36 4.445760e+00 6.710502e-01
37 4.441281e+00 6.551767e-01
38 4.480355e+00 6.801172e-01
39 4.483110e+00 7.046723e-01
40 4.478494e+00 7.042875e-01
41 4.467254e+00 7.094150e-01
42 4.467887e+00 6.546792e-01
43 4.471794e+00 6.477795e-01
44 4.465247e+00 6.711365e-01
45 4.464344e+00 6.719665e-01
46 4.429015e+00 6.759766e-01
47 4.426531e+00 6.711106e-01
48 4.419328e+00 6.836363e-01
49 4.421311e+00 6.891542e-01
50 4.439379e+00 6.806659e-01
51 4.438063e+00 6.668453e-01
52 4.456344e+00 6.732490e-01
53 4.419361e+00 6.652258e-01
54 4.436790e+00 6.377755e-01
55 4.437653e+00 6.382471e-01
56 4.423989e+00 6.402379e-01
57 4.437741e+00 6.440292e-01
58 4.438023e+00 6.413039e-01
59 4.415539e+00 6.388675e-01
60 4.417693e+00 6.370729e-01
61 4.417229e+00 6.267795e-01
62 4.415281e+00 6.178462e-01
63 4.395767e+00 6.329963e-01
64 4.378060e+00 6.536973e-01
65 4.371544e+00 6.541018e-01
66 4.368321e+00 6.535128e-01
67 4.381548e+00 6.633510e-01
68 4.393249e+00 6.666570e-01
69 4.369714e+00 6.489455e-01
70 4.246054e+00 6.814977e-01
71 4.245985e+00 6.813145e-01
72 4.254890e+00 6.433748e-01
73 4.252787e+00 6.587388e-01
74 4.247881e+00 6.676582e-01
75 4.213411e+00 6.785218e-01
76 4.223826e+00 6.897826e-01
77 4.239633e+00 6.799642e-01
78 4.249139e+00 6.672482e-01
79 4.268690e+00 6.936048e-01
80 4.279972e+00 6.802787e-01
81 4.292968e+00 7.059031e-01
82 4.300293e+00 7.192409e-01
83 4.305640e+00 7.332247e-01
84 4.300433e+00 7.385435e-01
85 4.308765e+00 7.365776e-01
86 4.290345e+00 7.394256e-01
87 4.306832e+00 7.255645e-01
88 4.318891e+00 7.103746e-01
89 4.283285e+00 7.408451e-01
90 4.267015e+00 7.331879e-01
91 4.261068e+00 7.317859e-01
92 4.285458e+00 7.091091e-01
93 4.282233e+00 7.158709e-01
94 4.270816e+00 7.087960e-01
95 4.285313e+00 7.251986e-01
96 4.285030e+00 7.263630e-01
97 4.321174e+00 6.783751e-01
98 4.308365e+00 6.306399e-01
99 4.312732e+00 6.330491e-01
100 4.305367e+00 6.352540e-01
101 4.304438e+00 6.322130e-01
102 4.298049e+00 6.297083e-01
103 4.286125e+00 6.470215e-01
104 4.286379e+00 6.467123e-01
105 4.254428e+00 6.685840e-01
106 4.256223e+00 6.776688e-01
107 4.255217e+00 6.846686e-01
108 4.241325e+00 6.711203e-01
109 4.270488e+00 6.343109e-01
110 4.273460e+00 6.377258e-01
111 4.267305e+00 6.577711e-01
112 4.316419e+00 6.928028e-01
113 4.309704e+00 6.812981e-01
114 4.322586e+00 6.866213e-01
115 4.302697e+00 6.596214e-01
116 4.304421e+00 6.584674e-01
117 4.281753e+00 6.506509e-01
118 4.282700e+00 6.511819e-01
119 4.280909e+00 6.591022e-01
120 4.285926e+00 6.384198e-01
121 4.337031e+00 6.320368e-01
122 4.367129e+00 6.633779e-01
123 4.388230e+00 6.835786e-01
124 4.384173e+00 6.836028e-01
125 4.404388e+00 6.940718e-01
126 4.432132e+00 6.888718e-01
127 4.458956e+00 6.698082e-01
128 4.386340e+00 6.533369e-01
129 4.390001e+00 6.494570e-01
130 4.358981e+00 6.531080e-01
131 4.369610e+00 6.462198e-01
132 4.377709e+00 6.383949e-01
133 4.395959e+00 6.106281e-01
134 4.397230e+00 6.131753e-01
135 4.448253e+00 6.364732e-01
136 4.472881e+00 6.515661e-01
137 4.476330e+00 6.357251e-01
138 4.426032e+00 6.675242e-01
139 4.426931e+00 6.669573e-01
140 4.431812e+00 6.679312e-01
141 4.453637e+00 6.711579e-01
142 4.450244e+00 6.770657e-01
143 4.449757e+00 6.803653e-01
144 4.451912e+00 6.944709e-01
145 4.453591e+00 6.962002e-01
146 4.453302e+00 6.954885e-01
147 4.449821e+00 6.928207e-01
148 4.437760e+00 7.299568e-01
149 4.435819e+00 7.357180e-01
150 4.441153e+00 7.223935e-01
151 4.443598e+00 7.301586e-01
152 4.425383e+00 7.547300e-01
153 4.433226e+00 7.424195e-01
154 4.432334e+00 7.389480e-01
155 4.432539e+00 7.371304e-01
156 4.449143e+00 7.413737e-01
157 4.460050e+00 7.551800e-01
158 4.469568e+00 7.544192e-01
159 4.471703e+00 7.605890e-01
160 4.479034e+00 7.658826e-01
161 4.490729e+00 7.673449e-01
162 4.480715e+00 7.741234e-01
163 4.472911e+00 7.678773e-01
164 4.452402e+00 7.552336e-01
165 4.454830e+00 7.648391e-01
166 4.445823e+00 7.767572e-01
167 4.444814e+00 8.149900e-01
168 4.423955e+00 8.027682e-01
169 4.414845e+00 8.166588e-01
170 4.427589e+00 8.265065e-01
171 4.457004e+00 8.465733e-01
172 4.457005e+00 8.466339e-01
173 4.459958e+00 8.361671e-01
174 4.459177e+00 8.297777e-01
175 4.429685e+00 8.345023e-01
176 4.431080e+00 8.358547e-01
177 4.429185e+00 8.430095e-01
178 4.429434e+00 8.234406e-01
179 4.414567e+00 8.135416e-01
180 4.397949e+00 8.970173e-01
181 4.396992e+00 8.977362e-01
182 4.397962e+00 8.990677e-01
183 4.407719e+00 9.210252e-01
184 4.383644e+00 9.162894e-01
185 4.347275e+00 9.303358e-01
186 4.349539e+00 9.328573e-01
187 4.369212e+00 9.426864e-01
188 4.385571e+00 9.531171e-01
189 4.387656e+00 9.503193e-01
190 4.394599e+00 9.609216e-01
191 4.465008e+00 1.051524e+00
192 4.459989e+00 1.058681e+00
193 4.456233e+00 1.068688e+00
194 4.477720e+00 1.072841e+00
195 4.431428e+00 1.072149e+00
196 4.454267e+00 1.095459e+00
197 4.441948e+00 1.088293e+00
198 4.388451e+00 1.047614e+00
199 4.378204e+00 1.042736e+00
200 4.360476e+00 1.034061e+00
201 4.338863e+00 1.033309e+00
202 4.336559e+00 1.033976e+00
203 4.338199e+00 1.039801e+00
204 4.344162e+00 1.053865e+00
205 4.347222e+00 1.052270e+00
206 4.348522e+00 1.055003e+00
207 4.361390e+00 1.039622e+00
208 4.367375e+00 1.007325e+00
209 4.372494e+00 1.083049e+00
210 4.358604e+00 1.095670e+00
211 4.353667e+00 1.116819e+00
212 4.367450e+00 1.126991e+00
213 4.350494e+00 1.118017e+00
214 4.349332e+00 1.149836e+00
215 4.349294e+00 1.150170e+00
216 4.341098e+00 1.129992e+00
217 4.322446e+00 1.154415e+00
218 4.305200e+00 1.134909e+00
219 4.297869e+00 1.140592e+00
220 4.300459e+00 1.141227e+00
221 4.288417e+00 1.125541e+00
222 4.304237e+00 1.070404e+00
223 4.321582e+00 1.062316e+00
224 4.320611e+00 1.061939e+00
225 4.318080e+00 1.062386e+00
226 4.325140e+00 1.049645e+00
227 4.296823e+00 1.060286e+00
228 4.315948e+00 1.041845e+00
229 4.316009e+00 1.041699e+00
230 4.315522e+00 1.042190e+00
231 4.371765e+00 1.026493e+00
232 4.420764e+00 1.022232e+00
233 4.427697e+00 1.020499e+00
234 4.427502e+00 1.020421e+00
235 4.429501e+00 1.021117e+00
236 4.418037e+00 1.029703e+00
237 4.392441e+00 1.013542e+00
238 4.376549e+00 9.992611e-01
239 4.339414e+00 9.957110e-01
240 4.341804e+00 9.951429e-01
241 4.341116e+00 9.888498e-01
242 4.353484e+00 1.022074e+00
243 4.356515e+00 1.016571e+00
244 4.357462e+00 1.024889e+00
245 4.356253e+00 1.007361e+00
246 4.337275e+00 1.002116e+00
247 4.384117e+00 1.040869e+00
248 4.382916e+00 1.045093e+00
249 4.383063e+00 1.045262e+00
250 4.387500e+00 1.044849e+00
251 4.387546e+00 1.042664e+00
252 4.398419e+00 1.023014e+00
253 4.398304e+00 1.025037e+00
254 4.395956e+00 1.021660e+00
255 4.390460e+00 1.022043e+00
256 4.373354e+00 9.396010e-01
257 4.371768e+00 9.402038e-01
258 4.363140e+00 9.479084e-01
259 4.361220e+00 9.617188e-01
260 4.362828e+00 9.603676e-01
261 4.314048e+00 9.422688e-01
262 4.315199e+00 9.143398e-01
263 4.336341e+00 8.930277e-01
264 4.326662e+00 9.121510e-01
265 4.324750e+00 9.084582e-01
266 4.316734e+00 8.802830e-01
267 4.321345e+00 8.773108e-01
268 4.348896e+00 8.726531e-01
269 4.346828e+00 8.675750e-01
270 4.352782e+00 8.583332e-01
271 4.334144e+00 8.633010e-01
272 4.349095e+00 8.797054e-01
273 4.351328e+00 8.712552e-01
274 4.255727e+00 8.144631e-01
275 4.236492e+00 8.215305e-01
276 4.233757e+00 8.280488e-01
277 4.234258e+00 8.265005e-01
278 4.230516e+00 8.260404e-01
279 4.221451e+00 8.378317e-01
280 4.239804e+00 8.247284e-01
281 4.238471e+00 8.249210e-01
282 4.245190e+00 8.168326e-01
283 4.249094e+00 8.166579e-01
284 4.249154e+00 8.166509e-01
285 4.250510e+00 8.182380e-01
286 4.256580e+00 8.075877e-01
287 4.215073e+00 8.231479e-01
288 4.207650e+00 8.208096e-01
289 4.220546e+00 8.238158e-01
290 4.240394e+00 7.675324e-01
291 4.210900e+00 7.585863e-01
292 4.214389e+00 7.572180e-01
293 4.213766e+00 7.624782e-01
294 4.192472e+00 7.697496e-01
295 4.193127e+00 7.681035e-01
296 4.193491e+00 7.514307e-01
297 4.203896e+00 7.665251e-01
298 4.212683e+00 7.561109e-01
299 4.215663e+00 7.447020e-01
300 4.189092e+00 6.974992e-01
301 4.179573e+00 7.060613e-01
302 4.159081e+00 7.010799e-01
303 4.158650e+00 6.992578e-01
304 4.123546e+00 6.726436e-01
305 4.075886e+00 6.660896e-01
306 4.064763e+00 6.975914e-01
307 4.064080e+00 7.049791e-01
308 4.061841e+00 7.081336e-01
309 4.072922e+00 6.790454e-01
310 4.075196e+00 6.767686e-01
311 4.074911e+00 6.796019e-01
312 4.063154e+00 6.911642e-01
313 3.981502e+00 6.420042e-01
314 3.967061e+00 6.459539e-01
315 3.971417e+00 6.565365e-01
316 3.972474e+00 6.547189e-01
317 4.005979e+00 6.830045e-01
318 4.007005e+00 6.824569e-01
319 4.000462e+00 7.066669e-01
320 4.013213e+00 6.751704e-01
321 4.014573e+00 6.744215e-01
322 4.011549e+00 6.761017e-01
323 3.965462e+00 6.738695e-01
324 3.981335e+00 6.569593e-01
325 3.974674e+00 6.599662e-01
326 4.000535e+00 6.538896e-01
327 4.004984e+00 6.546277e-01
328 3.986977e+00 6.594505e-01
329 3.999150e+00 6.572399e-01
330 3.997979e+00 6.578806e-01
331 4.036449e+00 6.563667e-01
332 4.036088e+00 6.578474e-01
333 4.037084e+00 6.571516e-01
334 4.014258e+00 6.493679e-01
335 3.978382e+00 6.176432e-01
336 3.985056e+00 6.160486e-01
337 3.988354e+00 6.258670e-01
338 3.989711e+00 6.647622e-01
339 3.960071e+00 6.762871e-01
340 3.971001e+00 6.913714e-01
341 3.959134e+00 7.258498e-01
342 3.966739e+00 7.087885e-01
343 3.960356e+00 7.038900e-01
344 3.952529e+00 7.117525e-01
345 3.969075e+00 6.843036e-01
346 3.956167e+00 6.990469e-01
347 3.955377e+00 7.014943e-01
348 3.956801e+00 7.020986e-01
349 3.951315e+00 7.138153e-01
350 3.947204e+00 7.166697e-01
351 3.983184e+00 6.676385e-01
352 3.990835e+00 6.551101e-01
353 4.001915e+00 6.257906e-01
354 4.001782e+00 6.253309e-01
355 3.994160e+00 6.499637e-01
356 4.000610e+00 6.578382e-01
357 4.003988e+00 6.588372e-01
358 4.033902e+00 6.804037e-01
359 4.005163e+00 6.690201e-01
360 4.005372e+00 6.792042e-01
361 4.001828e+00 6.786572e-01
362 4.002347e+00 6.800629e-01
363 4.005788e+00 6.765184e-01
364 3.992875e+00 7.033883e-01
365 3.975473e+00 6.926017e-01
366 3.967870e+00 6.971549e-01
367 3.955080e+00 7.092035e-01
368 3.953451e+00 6.923691e-01
369 3.951764e+00 6.912872e-01
370 3.946924e+00 6.910727e-01
371 3.946138e+00 6.911811e-01
372 3.946905e+00 6.913707e-01
373 3.955454e+00 6.870052e-01
374 3.929768e+00 6.479950e-01
375 3.929681e+00 6.391484e-01
376 3.952879e+00 6.498690e-01
377 3.940824e+00 6.321758e-01
378 3.902290e+00 5.539115e-01
379 3.914075e+00 5.607893e-01
380 3.886654e+00 5.709455e-01
381 3.878500e+00 5.785558e-01
382 3.868869e+00 6.089840e-01
383 3.888282e+00 6.008995e-01
384 3.885973e+00 6.056853e-01
385 3.888841e+00 6.040687e-01
386 3.880505e+00 6.060047e-01
387 3.865770e+00 6.125885e-01
388 3.860961e+00 6.044888e-01
389 3.853927e+00 6.133460e-01
390 3.850723e+00 6.092610e-01
391 3.825181e+00 6.129738e-01
392 3.817957e+00 6.181697e-01
393 3.820883e+00 6.192235e-01
394 3.812759e+00 6.073855e-01
395 3.845574e+00 5.740240e-01
396 3.847688e+00 5.698431e-01
397 3.848368e+00 5.716051e-01
398 3.880182e+00 5.987900e-01
399 3.894541e+00 5.900134e-01
400 3.891318e+00 6.011171e-01
401 3.860850e+00 5.926461e-01
402 3.849893e+00 5.563796e-01
403 3.858539e+00 5.413444e-01
404 3.860938e+00 5.306979e-01
405 3.850199e+00 5.944498e-01
406 3.843820e+00 5.855629e-01
407 3.853158e+00 5.903043e-01
408 3.858144e+00 5.953774e-01
409 3.839008e+00 5.628932e-01
410 3.836318e+00 5.658212e-01
411 3.836362e+00 5.705216e-01
412 3.837792e+00 5.684869e-01
413 3.841919e+00 5.591237e-01
414 3.860453e+00 5.679009e-01
415 3.859434e+00 5.704110e-01
416 3.843080e+00 5.896690e-01
417 3.838868e+00 5.807916e-01
418 3.838420e+00 5.962149e-01
419 3.817142e+00 5.932071e-01
420 3.817834e+00 5.924970e-01
421 3.819031e+00 5.908410e-01
422 3.810546e+00 6.042891e-01
423 3.789763e+00 6.262788e-01
424 3.793077e+00 6.087329e-01
425 3.796984e+00 6.064632e-01
426 3.792406e+00 6.086496e-01
427 3.800529e+00 5.905723e-01
428 3.764415e+00 5.774548e-01
429 3.754612e+00 5.826241e-01
430 3.775261e+00 6.020851e-01
431 3.776706e+00 6.006428e-01
432 3.780959e+00 6.016290e-01
433 3.784104e+00 5.927453e-01
434 3.757740e+00 5.908529e-01
435 3.758463e+00 5.772065e-01
436 3.765679e+00 5.593369e-01
437 3.784260e+00 5.631505e-01
438 3.785059e+00 5.635932e-01
439 3.766099e+00 5.529144e-01
440 3.786970e+00 5.441175e-01
441 3.797848e+00 5.500195e-01
442 3.830920e+00 5.275209e-01
443 3.837994e+00 5.188925e-01
444 3.831921e+00 5.184157e-01
445 3.830088e+00 5.069584e-01
446 3.833921e+00 4.766514e-01
447 3.836547e+00 4.736261e-01
448 3.836532e+00 4.528567e-01
449 3.833106e+00 4.455127e-01
450 3.835013e+00 4.465003e-01
451 3.836558e+00 4.643304e-01
452 3.836818e+00 4.643929e-01
453 3.771337e+00 4.730654e-01
454 3.792543e+00 4.872445e-01
455 3.871854e+00 5.553972e-01
456 3.878913e+00 5.687455e-01
457 3.893620e+00 5.778654e-01
458 3.895259e+00 5.783158e-01
459 3.834233e+00 6.071431e-01
460 3.785025e+00 6.690143e-01
461 3.784957e+00 6.559929e-01
462 3.781634e+00 6.501172e-01
463 3.811599e+00 6.494806e-01
464 3.811881e+00 6.481439e-01
465 3.812512e+00 6.486346e-01
466 3.786807e+00 6.515636e-01
467 3.785508e+00 6.525330e-01
468 3.773287e+00 6.392099e-01
469 3.765609e+00 6.635622e-01
470 3.757748e+00 6.582403e-01
471 3.757885e+00 6.568608e-01
472 3.758946e+00 6.575194e-01
473 3.739635e+00 6.891924e-01
474 3.746296e+00 6.952379e-01
475 3.769795e+00 6.950532e-01
476 3.759476e+00 6.919961e-01
477 3.759363e+00 6.916167e-01
478 3.751877e+00 6.946659e-01
479 3.753125e+00 6.951053e-01
480 3.745611e+00 6.946671e-01
481 3.746431e+00 6.938700e-01
482 3.733189e+00 7.395008e-01
483 3.727663e+00 7.385345e-01
484 3.737176e+00 7.240004e-01
485 3.761907e+00 7.610590e-01
486 3.747853e+00 7.663444e-01
487 3.771000e+00 7.372811e-01
488 3.777754e+00 7.324115e-01
489 3.806029e+00 7.223394e-01
490 3.851801e+00 6.933822e-01
491 3.864056e+00 7.058444e-01
492 3.875383e+00 6.624767e-01
493 3.868411e+00 6.651514e-01
494 3.864392e+00 6.984887e-01
495 3.830833e+00 6.586226e-01
496 3.824585e+00 6.603574e-01
497 3.816910e+00 6.608415e-01
498 3.820645e+00 6.633304e-01
499 3.824957e+00 6.679746e-01
500 3.817334e+00 6.652380e-01
501 3.820338e+00 6.844139e-01
502 3.827378e+00 6.600682e-01
503 3.827018e+00 6.221032e-01
504 3.828834e+00 6.233987e-01
505 3.860649e+00 6.236296e-01
506 3.831859e+00 6.884854e-01
507 3.824542e+00 6.746498e-01
508 3.819471e+00 6.630213e-01
509 3.854775e+00 6.680839e-01
510 3.854866e+00 6.650477e-01
511 3.851539e+00 6.626769e-01
512 3.850817e+00 6.609288e-01
513 3.856233e+00 6.625340e-01
514 3.858098e+00 6.590394e-01
515 3.875410e+00 6.717379e-01
516 3.875846e+00 6.732103e-01
517 3.845572e+00 6.761825e-01
518 3.840541e+00 7.418420e-01
519 3.839886e+00 7.446553e-01
520 3.839341e+00 7.436695e-01
521 3.838933e+00 7.465240e-01
522 3.832859e+00 7.431423e-01
523 3.838129e+00 7.445878e-01
524 3.886724e+00 7.510371e-01
525 3.893519e+00 7.441158e-01
526 3.862182e+00 7.454424e-01
527 3.845191e+00 7.317303e-01
528 3.889705e+00 7.292463e-01
529 3.919096e+00 7.059794e-01
530 3.929456e+00 7.099714e-01
531 3.948532e+00 7.430958e-01
532 3.938436e+00 7.330036e-01
533 3.979271e+00 6.865928e-01
534 4.006378e+00 6.996573e-01
535 3.987169e+00 6.728045e-01
536 3.978219e+00 6.803773e-01
537 3.990009e+00 6.713001e-01
538 3.989675e+00 6.707513e-01
539 4.033841e+00 6.614570e-01
540 4.030890e+00 6.698408e-01
541 4.038649e+00 6.721057e-01
542 4.042956e+00 6.702712e-01
543 4.028277e+00 6.795169e-01
544 4.012591e+00 6.915694e-01
545 4.003911e+00 6.922619e-01
546 3.998524e+00 6.896376e-01
547 4.010181e+00 7.023027e-01
548 3.986157e+00 7.375457e-01
549 3.985863e+00 7.306102e-01
550 3.984856e+00 7.228348e-01
551 4.000724e+00 7.371686e-01
552 3.994853e+00 7.259665e-01
553 3.991722e+00 7.253383e-01
554 3.995419e+00 7.555915e-01
555 3.989214e+00 7.694161e-01
556 3.991611e+00 7.686167e-01
557 4.003196e+00 7.738704e-01
558 4.019548e+00 7.730280e-01
559 4.024609e+00 8.001748e-01
560 4.014650e+00 8.004119e-01
561 4.053113e+00 7.932903e-01
562 4.069957e+00 7.771956e-01
563 4.063057e+00 7.828794e-01
564 4.085354e+00 7.363384e-01
565 4.079153e+00 7.654213e-01
566 4.077955e+00 7.622878e-01
567 4.079356e+00 7.700771e-01
568 4.020877e+00 7.661195e-01
569 4.012688e+00 7.661694e-01
570 4.018411e+00 7.397871e-01
571 4.015235e+00 7.406884e-01
572 4.013515e+00 7.372559e-01
573 4.014026e+00 7.368996e-01
574 4.042156e+00 7.124114e-01
575 4.042774e+00 7.098026e-01
576 4.070618e+00 7.293550e-01
577 4.083154e+00 7.278641e-01
578 4.084960e+00 7.289362e-01
579 4.087257e+00 7.573059e-01
580 4.091712e+00 7.611296e-01
581 4.097454e+00 7.668847e-01
582 4.096150e+00 7.665865e-01
583 4.106290e+00 7.521364e-01
584 4.135165e+00 7.415765e-01
585 4.123798e+00 7.525305e-01
586 4.117518e+00 7.567482e-01
587 4.110534e+00 7.498804e-01
588 4.081327e+00 7.300268e-01
589 4.073440e+00 7.302611e-01
590 4.079027e+00 6.893192e-01
591 4.076335e+00 6.869581e-01
592 4.076298e+00 6.868861e-01
593 4.081753e+00 6.979458e-01
594 4.079532e+00 6.948672e-01
595 4.049944e+00 7.033234e-01
596 4.027924e+00 7.029931e-01
597 4.036822e+00 6.981712e-01
598 4.047384e+00 7.103743e-01
599 4.046524e+00 7.070100e-01
600 4.027673e+00 6.870363e-01
601 4.026121e+00 6.861061e-01
602 4.010359e+00 6.662657e-01
603 4.011373e+00 6.650161e-01
604 4.010837e+00 6.650857e-01
605 3.997593e+00 6.725351e-01
606 3.983398e+00 6.627924e-01
607 3.991402e+00 6.514598e-01
608 3.999388e+00 6.624562e-01
609 4.064703e+00 6.582065e-01
610 4.049866e+00 6.566322e-01
611 4.049647e+00 6.560204e-01
612 4.012767e+00 6.435435e-01
613 4.014009e+00 6.501134e-01
614 4.008390e+00 6.580966e-01
615 4.009745e+00 6.379590e-01
616 4.009881e+00 6.379224e-01
617 4.007722e+00 6.389722e-01
618 4.008630e+00 6.390647e-01
619 4.015788e+00 6.368981e-01
620 4.012236e+00 5.996934e-01
621 4.013818e+00 6.012282e-01
622 4.012988e+00 5.969441e-01
623 4.008154e+00 6.083610e-01
624 3.977683e+00 6.110589e-01
625 3.994313e+00 6.224226e-01
626 4.007276e+00 6.348651e-01
627 4.081807e+00 7.159796e-01
628 4.082649e+00 7.166280e-01
629 4.082720e+00 7.168554e-01
630 4.071488e+00 6.904972e-01
631 4.132384e+00 6.885622e-01
632 4.132386e+00 6.886446e-01
633 4.139457e+00 6.951341e-01
634 4.135169e+00 6.886366e-01
635 4.145295e+00 6.850522e-01
636 4.125387e+00 6.776186e-01
637 4.124045e+00 6.855424e-01
638 4.132666e+00 6.535384e-01
639 4.140032e+00 6.991615e-01
640 4.103438e+00 6.745737e-01
641 4.134645e+00 7.010630e-01
642 4.135917e+00 6.959314e-01
643 4.137761e+00 6.948292e-01
644 4.137547e+00 6.934431e-01
645 4.138359e+00 6.176716e-01
646 4.120764e+00 6.155602e-01
647 4.148864e+00 6.704877e-01
648 4.147163e+00 6.706390e-01
649 4.146227e+00 6.766435e-01
650 4.145306e+00 6.761548e-01
651 4.139465e+00 6.684799e-01
652 4.141707e+00 6.571860e-01
653 4.137984e+00 6.427802e-01
654 4.119410e+00 6.608741e-01
655 4.156041e+00 6.706353e-01
656 4.166958e+00 6.751052e-01
657 4.167042e+00 6.751141e-01
658 4.183654e+00 6.746982e-01
659 4.224749e+00 6.434080e-01
660 4.230455e+00 6.468284e-01
661 4.229975e+00 6.472078e-01
662 4.229519e+00 6.562310e-01
663 4.243805e+00 6.524405e-01
664 4.248886e+00 6.623192e-01
665 4.237743e+00 6.719471e-01
666 4.260772e+00 6.818627e-01
667 4.258839e+00 6.760896e-01
668 4.286651e+00 6.618597e-01
669 4.278452e+00 6.645589e-01
670 4.281186e+00 6.600403e-01
671 4.295226e+00 6.598674e-01
672 4.308265e+00 6.952578e-01
673 4.308413e+00 6.946542e-01
674 4.323710e+00 6.971257e-01
675 4.325047e+00 6.990404e-01
676 4.325169e+00 6.985185e-01
677 4.314741e+00 6.943051e-01
678 4.318063e+00 6.954625e-01
679 4.346621e+00 6.848552e-01
680 4.335898e+00 6.551229e-01
681 4.336148e+00 6.462977e-01
682 4.327891e+00 6.171000e-01
683 4.283119e+00 5.280447e-01
684 4.284552e+00 5.272396e-01
685 4.265014e+00 5.514425e-01
686 4.269036e+00 5.505310e-01
687 4.269158e+00 5.499656e-01
688 4.309606e+00 5.075301e-01
689 4.310618e+00 4.992633e-01
690 4.284019e+00 5.010713e-01
691 4.286752e+00 4.875407e-01
692 4.317641e+00 5.181738e-01
693 4.316863e+00 5.139596e-01
694 4.311905e+00 5.141228e-01
695 4.344057e+00 5.422296e-01
696 4.346391e+00 5.270614e-01
697 4.342693e+00 5.296557e-01
698 4.321089e+00 5.234485e-01
699 4.320175e+00 5.194738e-01
700 4.326387e+00 5.207256e-01
701 4.330023e+00 5.167123e-01
702 4.387160e+00 4.609850e-01
703 4.404687e+00 4.460779e-01
704 4.400323e+00 4.167949e-01
705 4.398649e+00 4.832849e-01
706 4.402682e+00 5.279408e-01
707 4.345955e+00 5.314271e-01
708 4.342470e+00 5.423656e-01
709 4.346781e+00 5.359252e-01
710 4.354909e+00 5.172366e-01
711 4.364870e+00 5.536519e-01
712 4.354337e+00 5.534351e-01
713 4.324182e+00 5.603036e-01
714 4.327675e+00 5.560960e-01
715 4.331449e+00 5.638454e-01
716 4.276807e+00 5.683820e-01
717 4.274773e+00 5.736952e-01
718 4.269896e+00 5.664675e-01
719 4.294245e+00 5.848805e-01
720 4.316498e+00 6.101240e-01
721 4.326589e+00 5.766059e-01
722 4.341185e+00 5.931226e-01
723 4.333503e+00 5.946790e-01
724 4.294197e+00 5.783280e-01
725 4.292268e+00 5.674610e-01
726 4.310983e+00 5.808778e-01
727 4.310669e+00 5.809158e-01
728 4.289909e+00 5.917341e-01
729 4.226062e+00 5.753235e-01
730 4.229259e+00 5.771730e-01
731 4.230482e+00 5.757579e-01
732 4.225430e+00 6.220930e-01
733 4.219808e+00 6.306606e-01
734 4.220375e+00 6.465459e-01
735 4.194752e+00 5.818005e-01
736 4.186708e+00 5.806303e-01
737 4.186098e+00 5.661322e-01
738 4.186234e+00 5.687696e-01
739 4.192596e+00 5.705966e-01
740 4.193479e+00 5.683312e-01
741 4.190161e+00 5.645863e-01
742 4.194361e+00 5.643926e-01
743 4.182519e+00 5.734798e-01
744 4.183110e+00 5.747661e-01
745 4.152385e+00 5.693603e-01
746 4.125408e+00 6.151600e-01
747 4.127743e+00 6.403197e-01
748 4.126105e+00 6.388726e-01
749 4.160097e+00 6.362209e-01
750 4.166922e+00 6.412718e-01
751 4.164613e+00 6.339523e-01
752 4.159441e+00 6.342252e-01
753 4.158105e+00 6.343341e-01
754 4.164612e+00 6.240429e-01
755 4.162884e+00 6.222070e-01
756 4.182062e+00 6.372536e-01
757 4.189422e+00 6.284850e-01
758 4.174307e+00 6.366141e-01
759 4.171662e+00 6.264607e-01
760 4.172153e+00 6.641177e-01
761 4.163507e+00 6.684347e-01
762 4.181367e+00 6.805363e-01
763 4.193114e+00 7.160131e-01
764 4.192860e+00 7.146277e-01
765 4.191294e+00 6.816594e-01
766 4.200435e+00 6.886225e-01
767 4.228785e+00 6.824759e-01
768 4.226174e+00 7.353976e-01
769 4.231299e+00 7.335155e-01
770 4.238773e+00 7.246436e-01
771 4.228408e+00 7.284575e-01
772 4.225015e+00 7.225758e-01
773 4.208628e+00 7.181144e-01
774 4.232691e+00 6.555169e-01
775 4.206856e+00 6.594326e-01
776 4.221639e+00 7.102681e-01
777 4.221262e+00 7.099497e-01
778 4.205527e+00 7.096259e-01
779 4.214441e+00 7.039137e-01
780 4.228709e+00 7.150756e-01
781 4.227522e+00 7.181356e-01
782 4.233411e+00 7.387165e-01
783 4.234288e+00 7.474086e-01
784 4.266837e+00 7.271968e-01
785 4.267679e+00 6.903381e-01
786 4.268572e+00 6.925888e-01
787 4.224877e+00 6.846492e-01
788 4.229399e+00 6.411241e-01
789 4.228088e+00 6.422307e-01
790 4.214201e+00 6.870894e-01
791 4.206775e+00 6.890172e-01
792 4.208326e+00 6.901199e-01
793 4.208886e+00 6.904476e-01
794 4.209773e+00 6.866084e-01
795 4.225964e+00 7.003092e-01
796 4.226669e+00 7.021368e-01
797 4.214083e+00 7.099091e-01
798 4.203763e+00 7.235764e-01
799 4.237037e+00 7.195640e-01
800 4.280232e+00 7.165735e-01
801 4.275680e+00 7.022181e-01
802 4.273468e+00 7.058161e-01
803 4.239552e+00 6.958162e-01
804 4.256684e+00 7.076826e-01
805 4.255730e+00 6.969456e-01
806 4.251360e+00 6.974287e-01
807 4.235194e+00 7.020407e-01
808 4.234396e+00 7.030443e-01
809 4.250281e+00 7.451007e-01
810 4.246330e+00 7.547094e-01
811 4.230721e+00 7.525470e-01
812 4.229210e+00 7.518689e-01
813 4.232455e+00 7.674171e-01
814 4.265756e+00 8.122591e-01
815 4.222365e+00 8.567802e-01
816 4.229380e+00 8.485919e-01
817 4.242460e+00 8.332321e-01
818 4.266468e+00 8.341043e-01
819 4.293366e+00 8.013965e-01
820 4.305507e+00 8.063393e-01
821 4.293622e+00 8.101590e-01
822 4.299041e+00 8.163240e-01
823 4.331628e+00 8.214253e-01
824 4.339432e+00 7.781501e-01
825 4.337805e+00 7.813869e-01
826 4.338315e+00 7.785155e-01
827 4.338036e+00 7.749200e-01
828 4.329701e+00 7.780125e-01
829 4.414924e+00 6.545367e-01
830 4.416761e+00 6.418679e-01
831 4.424764e+00 6.354103e-01
832 4.414599e+00 6.388541e-01
833 4.428712e+00 6.362803e-01
834 4.437597e+00 6.374096e-01
835 4.428253e+00 6.436768e-01
836 4.425145e+00 6.433019e-01
837 4.443149e+00 6.812384e-01
838 4.442281e+00 6.815588e-01
839 4.460813e+00 7.021586e-01
840 4.462515e+00 7.031056e-01
841 4.479861e+00 7.118441e-01
842 4.500759e+00 7.148592e-01
843 4.506438e+00 7.286922e-01
844 4.509177e+00 7.200875e-01
845 4.489527e+00 7.215016e-01
846 4.481342e+00 7.085183e-01
847 4.483344e+00 7.104087e-01
848 4.483203e+00 7.095048e-01
849 4.441354e+00 7.065643e-01
850 4.443873e+00 7.099590e-01
851 4.446785e+00 7.056760e-01
852 4.441840e+00 7.069918e-01
853 4.412646e+00 7.164135e-01
854 4.412665e+00 7.273615e-01
855 4.416395e+00 7.413363e-01
856 4.413828e+00 7.409830e-01
857 4.410918e+00 7.435733e-01
858 4.453831e+00 7.357631e-01
859 4.447344e+00 7.299739e-01
860 4.446667e+00 7.265218e-01
861 4.444652e+00 7.247790e-01
862 4.442149e+00 7.260329e-01
863 4.445329e+00 7.336521e-01
864 4.438430e+00 7.298556e-01
865 4.460785e+00 7.336333e-01
866 4.450885e+00 7.677401e-01
867 4.427335e+00 7.677700e-01
868 4.438597e+00 7.787713e-01
869 4.445839e+00 7.853786e-01
870 4.446941e+00 7.812920e-01
871 4.467994e+00 7.964345e-01
872 4.483709e+00 8.054079e-01
873 4.484515e+00 8.065674e-01
874 4.485648e+00 8.105350e-01
875 4.479826e+00 8.064363e-01
876 4.461857e+00 8.155745e-01
877 4.466421e+00 7.890533e-01
878 4.438348e+00 7.802327e-01
879 4.435976e+00 7.826894e-01
880 4.428016e+00 7.848834e-01
881 4.463486e+00 8.407236e-01
882 4.461266e+00 8.395976e-01
883 4.451613e+00 8.342992e-01
884 4.463482e+00 8.400797e-01
885 4.430682e+00 7.898280e-01
886 4.414934e+00 7.946415e-01
887 4.411086e+00 7.958761e-01
888 4.404109e+00 7.593911e-01
889 4.418108e+00 7.312472e-01
890 4.417583e+00 7.303401e-01
891 4.415264e+00 7.287493e-01
892 4.407374e+00 7.289856e-01
893 4.407196e+00 7.289531e-01
894 4.398843e+00 7.515759e-01
895 4.383954e+00 7.667693e-01
896 4.377546e+00 7.777575e-01
897 4.382816e+00 7.743677e-01
898 4.383764e+00 7.650771e-01
899 4.387725e+00 7.751569e-01
900 4.377623e+00 7.515733e-01
901 4.385901e+00 7.310970e-01
902 4.390009e+00 7.313417e-01
903 4.408322e+00 7.297721e-01
904 4.410517e+00 7.347091e-01
905 4.403632e+00 7.376308e-01
906 4.412499e+00 7.366777e-01
907 4.420478e+00 7.391750e-01
908 4.422506e+00 7.274500e-01
909 4.425109e+00 7.258775e-01
910 4.351947e+00 7.405627e-01
911 4.349198e+00 7.173135e-01
912 4.344571e+00 7.170755e-01
913 4.344343e+00 7.168904e-01
914 4.310283e+00 6.739433e-01
915 4.301199e+00 6.647629e-01
916 4.264639e+00 6.346539e-01
917 4.312745e+00 6.576021e-01
918 4.332837e+00 6.406218e-01
919 4.348942e+00 6.933066e-01
920 4.375535e+00 6.738791e-01
921 4.375319e+00 6.735277e-01
922 4.390747e+00 6.663843e-01
923 4.416718e+00 6.652747e-01
924 4.399870e+00 6.661071e-01
925 4.413288e+00 6.729465e-01
926 4.416618e+00 7.177050e-01
927 4.418002e+00 7.168929e-01
928 4.399026e+00 6.552868e-01
929 4.406104e+00 6.632211e-01
930 4.401974e+00 6.535083e-01
931 4.394956e+00 6.558268e-01
932 4.379372e+00 6.361031e-01
933 4.367109e+00 6.344282e-01
934 4.381262e+00 6.270551e-01
935 4.410706e+00 6.217756e-01
936 4.391145e+00 6.321449e-01
937 4.367698e+00 6.967559e-01
938 4.357092e+00 6.953062e-01
939 4.355581e+00 6.849118e-01
940 4.367725e+00 6.871700e-01
941 4.323070e+00 7.008972e-01
942 4.329380e+00 6.988881e-01
943 4.313655e+00 6.913493e-01
944 4.325526e+00 6.902965e-01
945 4.330086e+00 6.816284e-01
946 4.328427e+00 6.786071e-01
947 4.352120e+00 6.486111e-01
948 4.315578e+00 6.319268e-01
949 4.277012e+00 6.260606e-01
950 4.322655e+00 6.687497e-01
951 4.315773e+00 6.662788e-01
952 4.340468e+00 6.582957e-01
953 4.346466e+00 6.207455e-01
954 4.349636e+00 6.359120e-01
955 4.381783e+00 6.357933e-01
956 4.399077e+00 6.280464e-01
957 4.416113e+00 6.371615e-01
958 4.419117e+00 6.376670e-01
959 4.414320e+00 6.401350e-01
960 4.416745e+00 6.403125e-01
961 4.416640e+00 6.401768e-01
962 4.407129e+00 6.293124e-01
963 4.409989e+00 6.237441e-01
964 4.397288e+00 6.311965e-01
965 4.397287e+00 6.310942e-01
966 4.413858e+00 6.216976e-01
967 4.405213e+00 6.202154e-01
968 4.401965e+00 6.223072e-01
969 4.407863e+00 6.236998e-01
970 4.411647e+00 6.015897e-01
971 4.411673e+00 6.021770e-01
972 4.367444e+00 5.776223e-01
973 4.350206e+00 5.808073e-01
974 4.348762e+00 5.779799e-01
975 4.341067e+00 5.886446e-01
976 4.342637e+00 5.893893e-01
977 4.395855e+00 6.007670e-01
978 4.395330e+00 5.955245e-01
979 4.392057e+00 5.944254e-01
980 4.383758e+00 5.766730e-01
981 4.424792e+00 5.901823e-01
982 4.410227e+00 5.932993e-01
983 4.410339e+00 5.933924e-01
984 4.404612e+00 5.891357e-01
985 4.380914e+00 5.844793e-01
986 4.384107e+00 6.116921e-01
987 4.380282e+00 6.179906e-01
988 4.381041e+00 6.182486e-01
989 4.375800e+00 6.127948e-01
990 4.384367e+00 6.018551e-01
991 4.400968e+00 6.131652e-01
992 4.397331e+00 6.140584e-01
993 4.406377e+00 6.150971e-01
994 4.385523e+00 6.210785e-01
995 4.379261e+00 6.103132e-01
996 4.399879e+00 6.067233e-01
997 4.398310e+00 6.007354e-01
998 4.396261e+00 6.023302e-01
999 4.390134e+00 6.057185e-01
1000 4.391249e+00 6.051521e-01
1001 4.356185e+00 5.897278e-01
1002 4.342983e+00 5.909265e-01
1003 4.319705e+00 6.059908e-01
1004 4.302646e+00 5.625206e-01
1005 4.287245e+00 5.488896e-01
1006 4.307850e+00 5.479007e-01
1007 4.309634e+00 5.512171e-01
1008 4.304822e+00 5.410785e-01
1009 4.305132e+00 5.411260e-01
1010 4.304752e+00 5.375876e-01
1011 4.303946e+00 5.205859e-01
1012 4.299273e+00 5.166660e-01
1013 4.268377e+00 5.181988e-01
1014 4.209888e+00 4.803322e-01
1015 4.219301e+00 4.885121e-01
1016 4.262336e+00 5.491600e-01
1017 4.254732e+00 5.315418e-01
1018 4.254946e+00 5.316133e-01
1019 4.256399e+00 5.341448e-01
1020 4.286347e+00 4.951471e-01
1021 4.286090e+00 5.107701e-01
1022 4.293200e+00 5.079101e-01
1023 4.286257e+00 5.132000e-01
1024 4.309502e+00 4.997401e-01
1025 4.324647e+00 4.907082e-01
1026 4.319801e+00 4.931033e-01
1027 4.317433e+00 4.916969e-01
1028 4.311602e+00 4.825608e-01
1029 4.354877e+00 5.079495e-01
1030 4.337998e+00 5.093690e-01
1031 4.345177e+00 5.077007e-01
1032 4.350894e+00 4.764156e-01
1033 4.340375e+00 4.761465e-01
1034 4.301163e+00 5.015459e-01
1035 4.300742e+00 5.043513e-01
1036 4.296139e+00 5.098417e-01
1037 4.280970e+00 5.208576e-01
1038 4.277009e+00 5.078636e-01
1039 4.260070e+00 4.950145e-01
1040 4.218439e+00 5.326051e-01
1041 4.218519e+00 5.266037e-01
1042 4.201214e+00 4.839942e-01
1043 4.201409e+00 4.834659e-01
1044 4.208546e+00 4.784978e-01
1045 4.203694e+00 4.844594e-01
1046 4.187837e+00 5.102984e-01
1047 4.188658e+00 5.086701e-01
1048 4.176676e+00 5.131105e-01
1049 4.171793e+00 5.124317e-01
1050 4.166249e+00 5.126162e-01
1051 4.166427e+00 5.248351e-01
1052 4.168619e+00 5.269651e-01
1053 4.157048e+00 5.453218e-01
1054 4.139429e+00 5.552226e-01
1055 4.154443e+00 5.559668e-01
1056 4.154597e+00 5.559101e-01
1057 4.159970e+00 5.323929e-01
1058 4.150860e+00 5.033635e-01
1059 4.151948e+00 5.058405e-01
1060 4.151926e+00 5.060449e-01
1061 4.153442e+00 5.059832e-01
1062 4.160967e+00 5.068688e-01
1063 4.146806e+00 5.049864e-01
1064 4.187449e+00 4.774453e-01
1065 4.143688e+00 5.069709e-01
1066 4.145054e+00 5.042665e-01
1067 4.133710e+00 5.118659e-01
1068 4.117621e+00 5.147540e-01
1069 4.121276e+00 3.984486e-01
1070 4.154576e+00 4.161922e-01
1071 4.145056e+00 3.105118e-01
1072 4.117721e+00 2.978084e-01
1073 4.118547e+00 2.990484e-01
1074 4.114564e+00 3.105630e-01
1075 4.113426e+00 3.134084e-01
1076 4.117834e+00 3.219862e-01
1077 4.124940e+00 3.191613e-01
1078 4.141966e+00 2.797441e-01
1079 4.146386e+00 2.853488e-01
1080 4.147167e+00 2.858659e-01
1081 4.147479e+00 2.960695e-01
1082 4.147008e+00 2.903328e-01
1083 4.126019e+00 3.235126e-01
1084 4.118571e+00 3.079651e-01
1085 4.129143e+00 2.813229e-01
1086 4.120511e+00 2.805898e-01
1087 4.136516e+00 2.815560e-01
1088 4.155640e+00 2.964526e-01
1089 4.163324e+00 2.821110e-01
1090 4.177184e+00 2.806262e-01
1091 4.182996e+00 2.813848e-01
1092 4.179349e+00 2.863527e-01
1093 4.182037e+00 3.144574e-01
1094 4.180076e+00 3.042081e-01
1095 4.179578e+00 3.391746e-01
1096 4.175711e+00 3.185174e-01
1097 4.168594e+00 3.512960e-01
1098 4.164618e+00 3.787275e-01
1099 4.155230e+00 3.835730e-01
1100 4.157040e+00 3.865388e-01
1101 4.190718e+00 3.188831e-01
1102 4.214107e+00 3.454257e-01
1103 4.166677e+00 3.461928e-01
1104 4.168810e+00 3.435594e-01
1105 4.171335e+00 3.893741e-01
1106 4.174053e+00 3.580384e-01
1107 4.210565e+00 3.877316e-01
1108 4.160690e+00 3.667962e-01
1109 4.152312e+00 3.528268e-01
1110 4.149192e+00 3.140323e-01
1111 4.141627e+00 3.144286e-01
1112 4.155584e+00 3.114797e-01
1113 4.133730e+00 2.909914e-01
1114 4.136962e+00 2.978508e-01
1115 4.140123e+00 2.942657e-01
1116 4.174768e+00 2.657704e-01
1117 4.197709e+00 2.719341e-01
1118 4.200109e+00 2.706316e-01
1119 4.199749e+00 2.713986e-01
1120 4.168844e+00 2.720449e-01
1121 4.173513e+00 2.831263e-01
1122 4.159408e+00 2.870457e-01
1123 4.162820e+00 2.807721e-01
1124 4.164660e+00 2.757614e-01
1125 4.165042e+00 2.727496e-01
1126 4.163347e+00 2.687781e-01
1127 4.165527e+00 2.707625e-01
1128 4.164175e+00 2.626321e-01
1129 4.147107e+00 2.788212e-01
1130 4.131052e+00 2.738987e-01
1131 4.142176e+00 2.147978e-01
1132 4.102725e+00 2.225252e-01
1133 4.133655e+00 2.244989e-01
1134 4.150793e+00 2.525219e-01
1135 4.151170e+00 2.544091e-01
1136 4.152393e+00 2.440474e-01
1137 4.147911e+00 2.470960e-01
1138 4.151506e+00 2.360034e-01
1139 4.150584e+00 2.339235e-01
1140 4.134205e+00 2.422310e-01
1141 4.132038e+00 2.337948e-01
1142 4.179740e+00 2.366075e-01
1143 4.199364e+00 2.276222e-01
1144 4.199418e+00 2.275879e-01
1145 4.227789e+00 1.951642e-01
1146 4.215075e+00 1.892245e-01
1147 4.217698e+00 1.829430e-01
1148 4.213902e+00 1.847161e-01
1149 4.254581e+00 1.953651e-01
1150 4.253563e+00 1.955981e-01
1151 4.241425e+00 2.064125e-01
1152 4.191406e+00 1.944315e-01
1153 4.179115e+00 2.025063e-01
1154 4.219691e+00 1.952302e-01
1155 4.258144e+00 1.929774e-01
1156 4.253046e+00 1.810005e-01
1157 4.238653e+00 1.847249e-01
1158 4.257455e+00 1.966131e-01
1159 4.260311e+00 1.995673e-01
1160 4.250962e+00 2.125211e-01
1161 4.297495e+00 3.015225e-01
1162 4.307143e+00 2.975887e-01
1163 4.312711e+00 2.754335e-01
1164 4.319615e+00 2.988102e-01
1165 4.311210e+00 3.450924e-01
1166 4.299813e+00 3.455082e-01
1167 4.292296e+00 3.482443e-01
1168 4.268900e+00 3.229435e-01
1169 4.278825e+00 3.241435e-01
1170 4.322553e+00 3.206254e-01
1171 4.321953e+00 3.057100e-01
1172 4.317801e+00 3.277044e-01
1173 4.351129e+00 2.905463e-01
1174 4.334690e+00 2.835689e-01
1175 4.323112e+00 2.800399e-01
1176 4.320592e+00 2.660841e-01
1177 4.321292e+00 2.634704e-01
1178 4.303945e+00 2.833061e-01
1179 4.306220e+00 2.816121e-01
1180 4.304278e+00 2.900478e-01
1181 4.327470e+00 2.637815e-01
1182 4.328306e+00 2.637444e-01
1183 4.329195e+00 2.645102e-01
1184 4.351814e+00 2.661003e-01
1185 4.376878e+00 2.983149e-01
1186 4.370589e+00 2.995196e-01
1187 4.370225e+00 3.391746e-01
1188 4.369840e+00 3.416646e-01
1189 4.371015e+00 3.420319e-01
1190 4.381366e+00 3.553965e-01
1191 4.384238e+00 3.511791e-01
1192 4.482330e+00 3.975987e-01
1193 4.478862e+00 3.922942e-01
1194 4.476922e+00 3.790135e-01
1195 4.485953e+00 3.738322e-01
1196 4.506143e+00 3.873050e-01
1197 4.486209e+00 3.265853e-01
1198 4.474925e+00 3.242339e-01
1199 4.482521e+00 3.241563e-01
1200 4.482674e+00 3.189439e-01
1201 4.477206e+00 4.279333e-01
1202 4.469218e+00 4.503776e-01
1203 4.504395e+00 4.658852e-01
1204 4.520570e+00 4.664243e-01
1205 4.512776e+00 4.567183e-01
1206 4.506615e+00 4.588063e-01
1207 4.517010e+00 4.634740e-01
1208 4.515101e+00 4.651379e-01
1209 4.519019e+00 4.773890e-01
1210 4.508480e+00 4.912510e-01
1211 4.512407e+00 4.904383e-01
1212 4.516136e+00 4.908421e-01
1213 4.512591e+00 5.023412e-01
1214 4.512392e+00 5.023005e-01
1215 4.514714e+00 5.034191e-01
1216 4.506773e+00 5.135782e-01
1217 4.516288e+00 5.217209e-01
1218 4.507013e+00 5.054273e-01
1219 4.488036e+00 4.538640e-01
1220 4.471249e+00 4.649813e-01
1221 4.466966e+00 4.681099e-01
1222 4.465011e+00 4.724582e-01
1223 4.472245e+00 4.806529e-01
1224 4.472236e+00 4.771579e-01
1225 4.476030e+00 4.719317e-01
1226 4.494693e+00 4.627655e-01
1227 4.487018e+00 4.831843e-01
1228 4.492177e+00 4.911939e-01
1229 4.492281e+00 5.014793e-01
1230 4.495354e+00 5.019676e-01
1231 4.493708e+00 5.075214e-01
1232 4.497991e+00 5.008330e-01
1233 4.500602e+00 5.061180e-01
1234 4.509617e+00 5.024408e-01
1235 4.501519e+00 4.970849e-01
1236 4.488603e+00 5.515981e-01
1237 4.487769e+00 5.507339e-01
1238 4.492946e+00 5.589523e-01
1239 4.491780e+00 5.325822e-01
1240 4.490554e+00 5.322129e-01
1241 4.442157e+00 5.265182e-01
1242 4.402633e+00 5.203171e-01
1243 4.401008e+00 5.178435e-01
1244 4.400566e+00 5.223403e-01
1245 4.400812e+00 5.202196e-01
1246 4.388553e+00 4.933274e-01
1247 4.429516e+00 4.695294e-01
1248 4.431655e+00 4.764725e-01
1249 4.424389e+00 5.045761e-01
1250 4.428555e+00 5.042175e-01
1251 4.438670e+00 5.013198e-01
1252 4.449085e+00 5.041181e-01
1253 4.451061e+00 5.038997e-01
1254 4.451520e+00 5.018614e-01
1255 4.451548e+00 5.019104e-01
1256 4.452489e+00 5.260986e-01
1257 4.424584e+00 5.151952e-01
1258 4.423463e+00 5.209447e-01
1259 4.356974e+00 4.920054e-01
1260 4.312179e+00 5.524312e-01
1261 4.343325e+00 5.114201e-01
1262 4.318362e+00 4.963116e-01
1263 4.321693e+00 4.941301e-01
1264 4.304569e+00 4.709911e-01
1265 4.376513e+00 4.905911e-01
1266 4.375827e+00 4.916716e-01
1267 4.377685e+00 4.800452e-01
1268 4.367530e+00 5.047470e-01
1269 4.371672e+00 5.079302e-01
1270 4.372252e+00 5.162194e-01
1271 4.362111e+00 5.179353e-01
1272 4.363226e+00 5.303018e-01
1273 4.355935e+00 5.112636e-01
1274 4.379170e+00 5.632966e-01
1275 4.373631e+00 5.799252e-01
1276 4.364242e+00 5.791309e-01
1277 4.355795e+00 5.776271e-01
1278 4.353327e+00 6.016221e-01
1279 4.387943e+00 6.221913e-01
1280 4.389878e+00 6.255904e-01
1281 4.388222e+00 6.272340e-01
1282 4.385172e+00 5.990333e-01
1283 4.384184e+00 5.960300e-01
1284 4.385337e+00 5.966798e-01
1285 4.381055e+00 5.933272e-01
1286 4.384558e+00 5.984046e-01
1287 4.382627e+00 5.953509e-01
1288 4.382056e+00 6.133175e-01
1289 4.379639e+00 6.149720e-01
1290 4.328607e+00 6.157473e-01
1291 4.337586e+00 5.819259e-01
1292 4.326431e+00 5.866269e-01
1293 4.319672e+00 5.685227e-01
1294 4.308051e+00 5.703352e-01
1295 4.306876e+00 5.715318e-01
1296 4.362438e+00 5.366901e-01
1297 4.368840e+00 5.326223e-01
1298 4.337756e+00 5.267595e-01
1299 4.346285e+00 5.416795e-01
1300 4.340487e+00 5.147113e-01
1301 4.346843e+00 5.103485e-01
1302 4.352876e+00 5.144932e-01
1303 4.362782e+00 5.358445e-01
1304 4.386441e+00 5.037635e-01
1305 4.386314e+00 5.040035e-01
1306 4.373449e+00 5.319672e-01
1307 4.381032e+00 5.365014e-01
1308 4.388529e+00 5.413973e-01
1309 4.402552e+00 5.480312e-01
1310 4.402870e+00 5.510471e-01
1311 4.402450e+00 5.462910e-01
1312 4.408729e+00 5.411737e-01
1313 4.370481e+00 5.436421e-01
1314 4.365038e+00 5.425930e-01
1315 4.363993e+00 5.444139e-01
1316 4.353281e+00 5.482964e-01
1317 4.340886e+00 5.568805e-01
1318 4.332880e+00 5.615671e-01
1319 4.312533e+00 5.768320e-01
1320 4.312262e+00 5.769516e-01
1321 4.329954e+00 5.866404e-01
1322 4.330633e+00 5.311067e-01
1323 4.337966e+00 5.223923e-01
1324 4.341451e+00 5.259360e-01
1325 4.339881e+00 4.785863e-01
1326 4.339620e+00 4.783519e-01
1327 4.337302e+00 5.023249e-01
1328 4.312195e+00 5.026844e-01
1329 4.305444e+00 5.046724e-01
1330 4.289988e+00 4.824137e-01
1331 4.288207e+00 4.949507e-01
1332 4.288559e+00 4.931275e-01
1333 4.270973e+00 4.906253e-01
1334 4.287614e+00 5.037769e-01
1335 4.286168e+00 5.043708e-01
1336 4.275955e+00 5.134891e-01
1337 4.280980e+00 5.165172e-01
1338 4.286030e+00 5.477124e-01
1339 4.264678e+00 5.532525e-01
1340 4.243539e+00 5.614784e-01
1341 4.244106e+00 5.599034e-01
1342 4.249659e+00 5.441920e-01
1343 4.252157e+00 5.430792e-01
1344 4.250154e+00 5.468681e-01
1345 4.254064e+00 5.510719e-01
1346 4.259913e+00 5.510225e-01
1347 4.278936e+00 5.484130e-01
1348 4.270085e+00 5.561459e-01
1349 4.286027e+00 5.638014e-01
1350 4.294362e+00 5.774435e-01
1351 4.307664e+00 5.742636e-01
1352 4.307663e+00 5.742531e-01
1353 4.318493e+00 5.629334e-01
1354 4.307747e+00 5.685292e-01
1355 4.312656e+00 5.672763e-01
1356 4.293672e+00 5.715717e-01
1357 4.289971e+00 5.694945e-01
1358 4.301981e+00 5.577827e-01
1359 4.298758e+00 5.577657e-01
1360 4.305681e+00 5.456242e-01
1361 4.306997e+00 5.460379e-01
1362 4.307157e+00 5.453812e-01
1363 4.293717e+00 5.297790e-01
1364 4.300165e+00 5.234363e-01
1365 4.298740e+00 5.236539e-01
1366 4.302461e+00 5.223191e-01
1367 4.302177e+00 5.227499e-01
1368 4.307701e+00 5.185318e-01
1369 4.288538e+00 5.578591e-01
1370 4.282611e+00 5.645477e-01
1371 4.299884e+00 4.962815e-01
1372 4.287596e+00 4.852711e-01
1373 4.300642e+00 4.836966e-01
1374 4.309890e+00 4.741154e-01
1375 4.332286e+00 4.880439e-01
1376 4.331977e+00 4.894362e-01
1377 4.330577e+00 4.907843e-01
1378 4.327256e+00 4.830482e-01
1379 4.322331e+00 4.701069e-01
1380 4.339939e+00 4.780988e-01
1381 4.339815e+00 4.782699e-01
1382 4.339955e+00 4.783139e-01
1383 4.339795e+00 4.648171e-01
1384 4.375181e+00 4.652019e-01
1385 4.324299e+00 4.911640e-01
1386 4.333789e+00 4.973254e-01
1387 4.332682e+00 4.986044e-01
1388 4.328752e+00 4.996174e-01
1389 4.322822e+00 5.028509e-01
1390 4.302354e+00 4.899481e-01
1391 4.306833e+00 4.869895e-01
1392 4.290509e+00 4.809507e-01
1393 4.330815e+00 5.071087e-01
1394 4.340794e+00 5.069048e-01
1395 4.355335e+00 5.469833e-01
1396 4.364661e+00 5.624087e-01
1397 4.367937e+00 5.604429e-01
1398 4.368725e+00 5.619323e-01
1399 4.359158e+00 5.495875e-01
1400 4.359430e+00 5.715353e-01
1401 4.417293e+00 5.625216e-01
1402 4.413201e+00 5.626300e-01
1403 4.411264e+00 5.799360e-01
1404 4.427353e+00 5.851589e-01
1405 4.429401e+00 5.826296e-01
1406 4.428043e+00 5.806769e-01
1407 4.408989e+00 5.551770e-01
1408 4.413041e+00 5.739964e-01
1409 4.411877e+00 5.756815e-01
1410 4.411879e+00 5.757856e-01
1411 4.442231e+00 5.626204e-01
1412 4.434781e+00 5.693286e-01
1413 4.435488e+00 5.603973e-01
1414 4.426465e+00 5.604197e-01
1415 4.434802e+00 5.890966e-01
1416 4.437105e+00 5.861613e-01
1417 4.437587e+00 5.789728e-01
1418 4.438968e+00 5.711283e-01
1419 4.430593e+00 5.727304e-01
1420 4.448143e+00 5.693218e-01
1421 4.432922e+00 5.775141e-01
1422 4.424736e+00 5.930069e-01
1423 4.440638e+00 5.964425e-01
1424 4.409424e+00 6.079354e-01
1425 4.409328e+00 6.078747e-01
1426 4.399642e+00 5.968098e-01
1427 4.406587e+00 5.886895e-01
1428 4.363682e+00 5.791060e-01
1429 4.362772e+00 5.792254e-01
1430 4.383079e+00 5.891494e-01
1431 4.391078e+00 5.968886e-01
1432 4.391347e+00 5.970271e-01
1433 4.380099e+00 5.485706e-01
1434 4.388369e+00 5.500279e-01
1435 4.389332e+00 5.504795e-01
1436 4.332275e+00 5.286150e-01
1437 4.368197e+00 5.680512e-01
1438 4.343653e+00 5.536674e-01
1439 4.348112e+00 5.545350e-01
1440 4.348055e+00 5.555474e-01
1441 4.348638e+00 5.550609e-01
1442 4.356572e+00 5.472693e-01
1443 4.353767e+00 5.579640e-01
1444 4.357211e+00 5.585164e-01
1445 4.321255e+00 5.328121e-01
1446 4.309132e+00 5.076581e-01
1447 4.307452e+00 5.101738e-01
1448 4.313110e+00 4.377579e-01
1449 4.281844e+00 4.294630e-01
1450 4.267473e+00 4.352517e-01
1451 4.281807e+00 4.435060e-01
1452 4.287441e+00 4.337489e-01
1453 4.293541e+00 4.908797e-01
1454 4.316491e+00 4.798379e-01
1455 4.318173e+00 4.878762e-01
1456 4.313240e+00 4.856564e-01
1457 4.370315e+00 4.797141e-01
1458 4.374449e+00 4.770206e-01
1459 4.346166e+00 5.019492e-01
1460 4.362358e+00 4.639513e-01
1461 4.343503e+00 4.747183e-01
1462 4.340325e+00 4.324093e-01
1463 4.342365e+00 4.395703e-01
1464 4.342402e+00 4.395746e-01
1465 4.337253e+00 4.498779e-01
1466 4.336040e+00 4.482216e-01
1467 4.336509e+00 4.414885e-01
1468 4.313759e+00 4.248303e-01
1469 4.305785e+00 4.185900e-01
1470 4.305631e+00 4.186163e-01
1471 4.307114e+00 4.153456e-01
1472 4.305479e+00 4.150954e-01
1473 4.286762e+00 4.083501e-01
1474 4.386659e+00 4.017041e-01
1475 4.378598e+00 4.050290e-01
1476 4.379100e+00 4.037312e-01
1477 4.379335e+00 4.040576e-01
1478 4.371755e+00 3.831997e-01
1479 4.357929e+00 3.844952e-01
1480 4.355903e+00 3.859474e-01
1481 4.347177e+00 3.805593e-01
1482 4.342943e+00 3.633602e-01
1483 4.405359e+00 3.407047e-01
1484 4.404269e+00 3.633000e-01
1485 4.407074e+00 3.529716e-01
1486 4.408839e+00 3.394370e-01
1487 4.409084e+00 3.392412e-01
1488 4.406499e+00 3.285182e-01
1489 4.416911e+00 4.047423e-01
1490 4.413943e+00 3.992046e-01
1491 4.379447e+00 4.159439e-01
1492 4.391498e+00 4.533841e-01
1493 4.413605e+00 4.443058e-01
1494 4.404476e+00 4.500723e-01
1495 4.411449e+00 4.412295e-01
1496 4.416921e+00 4.571094e-01
1497 4.400263e+00 4.791652e-01
1498 4.404692e+00 4.909695e-01
1499 4.414939e+00 4.879433e-01
1500 4.420541e+00 4.652043e-01
1501 4.455353e+00 4.943556e-01
1502 4.470650e+00 4.829119e-01
1503 4.472123e+00 4.866790e-01
1504 4.458976e+00 4.711705e-01
1505 4.459891e+00 4.674643e-01
1506 4.469084e+00 4.800993e-01
1507 4.448554e+00 5.029239e-01
1508 4.449427e+00 5.199589e-01
1509 4.454932e+00 5.359804e-01
1510 4.470320e+00 5.427642e-01
1511 4.470253e+00 5.436945e-01
1512 4.467246e+00 5.756036e-01
1513 4.453967e+00 5.579514e-01
1514 4.455088e+00 5.571715e-01
1515 4.429255e+00 5.546920e-01
1516 4.378746e+00 5.715137e-01
1517 4.366153e+00 5.847570e-01
1518 4.362848e+00 5.962970e-01
1519 4.372392e+00 6.112395e-01
1520 4.387055e+00 6.152755e-01
1521 4.387748e+00 6.159516e-01
1522 4.386413e+00 6.160103e-01
1523 4.402331e+00 6.078919e-01
1524 4.431669e+00 6.015586e-01
1525 4.432783e+00 5.993504e-01
1526 4.462597e+00 6.119305e-01
1527 4.461368e+00 6.088214e-01
1528 4.484017e+00 5.999801e-01
1529 4.527921e+00 6.002289e-01
1530 4.528182e+00 5.846272e-01
1531 4.530343e+00 5.948429e-01
1532 4.513679e+00 5.736307e-01
1533 4.510350e+00 5.660409e-01
1534 4.512673e+00 5.630725e-01
1535 4.491265e+00 5.431756e-01
1536 4.483531e+00 5.416494e-01
1537 4.442975e+00 5.766486e-01
1538 4.442797e+00 5.856756e-01
1539 4.470039e+00 5.487909e-01
1540 4.454317e+00 5.711877e-01
1541 4.452882e+00 5.438993e-01
1542 4.448742e+00 5.457606e-01
1543 4.450788e+00 5.435112e-01
1544 4.428155e+00 5.416003e-01
1545 4.420942e+00 5.463423e-01
1546 4.421581e+00 5.542027e-01
1547 4.487481e+00 5.575309e-01
1548 4.477235e+00 5.577184e-01
1549 4.503673e+00 5.312662e-01
1550 4.505118e+00 5.234100e-01
1551 4.485459e+00 5.104046e-01
1552 4.488767e+00 5.107277e-01
1553 4.500132e+00 5.011582e-01
1554 4.576357e+00 4.782917e-01
1555 4.554196e+00 4.378816e-01
1556 4.524183e+00 4.589972e-01
1557 4.519954e+00 4.737688e-01
1558 4.520006e+00 4.749081e-01
1559 4.516353e+00 4.796023e-01
1560 4.522292e+00 4.135958e-01
1561 4.520858e+00 4.341293e-01
1562 4.535678e+00 4.393209e-01
1563 4.537354e+00 4.512212e-01
1564 4.525670e+00 4.416697e-01
1565 4.552616e+00 4.395410e-01
1566 4.545222e+00 4.272810e-01
1567 4.559395e+00 3.840293e-01
1568 4.540339e+00 3.867054e-01
1569 4.542178e+00 3.926564e-01
1570 4.601195e+00 3.758952e-01
1571 4.606657e+00 3.855822e-01
1572 4.605926e+00 3.783364e-01
1573 4.643825e+00 3.769572e-01
1574 4.617837e+00 3.741707e-01
1575 4.545043e+00 3.449108e-01
1576 4.571749e+00 3.583455e-01
1577 4.573984e+00 3.346251e-01
1578 4.546035e+00 3.760972e-01
1579 4.540021e+00 3.651444e-01
1580 4.519021e+00 3.637696e-01
1581 4.516289e+00 3.660075e-01
1582 4.491310e+00 3.940232e-01
1583 4.486988e+00 4.051597e-01
1584 4.445351e+00 3.928217e-01
1585 4.471934e+00 3.924801e-01
1586 4.475866e+00 4.062526e-01
1587 4.478521e+00 4.107227e-01
1588 4.556307e+00 4.183528e-01
1589 4.562418e+00 4.234422e-01
1590 4.564730e+00 4.266691e-01
1591 4.597914e+00 4.770891e-01
1592 4.575791e+00 4.617730e-01
1593 4.573671e+00 4.668932e-01
1594 4.592684e+00 4.757358e-01
1595 4.593256e+00 4.770623e-01
1596 4.589534e+00 4.876642e-01
1597 4.603971e+00 4.859822e-01
1598 4.635941e+00 5.113142e-01
1599 4.638963e+00 5.069856e-01
1600 4.612625e+00 5.293867e-01
1601 4.625108e+00 5.382159e-01
1602 4.615964e+00 5.496457e-01
1603 4.671934e+00 5.745532e-01
1604 4.681796e+00 5.689095e-01
1605 4.658167e+00 5.495063e-01
1606 4.649927e+00 5.632064e-01
1607 4.577647e+00 6.066507e-01
1608 4.579930e+00 6.065957e-01
1609 4.571709e+00 6.192802e-01
1610 4.602237e+00 6.207901e-01
1611 4.600479e+00 6.248614e-01
1612 4.602104e+00 6.248435e-01
1613 4.644133e+00 6.206572e-01
1614 4.641433e+00 6.253106e-01
1615 4.641253e+00 6.263773e-01
1616 4.621520e+00 6.368515e-01
1617 4.621379e+00 6.417531e-01
1618 4.621900e+00 6.388084e-01
1619 4.620030e+00 6.314437e-01
1620 4.620308e+00 6.313969e-01
1621 4.632212e+00 6.267182e-01
1622 4.641693e+00 6.258517e-01
1623 4.661360e+00 6.174181e-01
1624 4.661084e+00 6.238691e-01
1625 4.678766e+00 6.521406e-01
1626 4.691062e+00 6.419531e-01
1627 4.607831e+00 6.613403e-01
1628 4.618605e+00 6.637675e-01
1629 4.627147e+00 6.518603e-01
1630 4.643787e+00 6.247822e-01
1631 4.643532e+00 6.231211e-01
1632 4.626238e+00 6.485467e-01
1633 4.640593e+00 6.684255e-01
1634 4.645282e+00 6.661953e-01
1635 4.722732e+00 6.600289e-01
1636 4.728661e+00 6.552091e-01
1637 4.731536e+00 6.604897e-01
1638 4.706550e+00 6.185915e-01
1639 4.681611e+00 6.771630e-01
1640 4.683361e+00 6.777545e-01
1641 4.683357e+00 6.793585e-01
1642 4.685762e+00 6.828910e-01
1643 4.698556e+00 6.927475e-01
1644 4.695193e+00 6.926340e-01
1645 4.695172e+00 6.911546e-01
1646 4.684446e+00 6.808085e-01
1647 4.686066e+00 6.793302e-01
1648 4.727354e+00 6.719454e-01
1649 4.746204e+00 6.900697e-01
1650 4.699221e+00 6.397194e-01
1651 4.699834e+00 6.201153e-01
1652 4.705280e+00 6.039395e-01
1653 4.708767e+00 6.032058e-01
1654 4.708203e+00 6.031163e-01
1655 4.713962e+00 6.172371e-01
1656 4.718628e+00 6.278322e-01
1657 4.702218e+00 6.245452e-01
1658 4.717994e+00 5.998889e-01
1659 4.690456e+00 5.962833e-01
1660 4.666533e+00 5.873572e-01
1661 4.684509e+00 6.186953e-01
1662 4.717048e+00 6.242732e-01
1663 4.719298e+00 6.234808e-01
1664 4.712505e+00 6.285443e-01
1665 4.735593e+00 6.463492e-01
1666 4.734004e+00 6.417351e-01
1667 4.708603e+00 6.363373e-01
1668 4.720036e+00 6.326238e-01
1669 4.747986e+00 6.185095e-01
1670 4.747785e+00 6.126698e-01
1671 4.765762e+00 6.935201e-01
1672 4.747191e+00 6.817345e-01
1673 4.758715e+00 6.916524e-01
1674 4.768014e+00 6.984493e-01
1675 4.760934e+00 6.944519e-01
1676 4.750210e+00 6.947502e-01
1677 4.771014e+00 7.096824e-01
1678 4.757560e+00 6.990105e-01
1679 4.756499e+00 6.746002e-01
1680 4.758942e+00 6.742068e-01
1681 4.758857e+00 6.744585e-01
1682 4.756786e+00 6.749673e-01
1683 4.741930e+00 6.762356e-01
1684 4.727353e+00 7.027359e-01
1685 4.727332e+00 6.991938e-01
1686 4.737316e+00 6.970943e-01
1687 4.710721e+00 7.057329e-01
1688 4.706093e+00 7.085676e-01
1689 4.735066e+00 7.101460e-01
1690 4.750250e+00 6.891650e-01
1691 4.752393e+00 6.899389e-01
1692 4.754545e+00 6.910585e-01
1693 4.750740e+00 6.979491e-01
1694 4.748369e+00 7.306024e-01
1695 4.713888e+00 7.309560e-01
1696 4.701218e+00 7.217510e-01
1697 4.734112e+00 7.391115e-01
1698 4.730210e+00 7.319444e-01
1699 4.739146e+00 7.541083e-01
1700 4.740312e+00 7.309000e-01
1701 4.741768e+00 7.202532e-01
1702 4.741771e+00 7.272741e-01
1703 4.740709e+00 7.260188e-01
1704 4.737391e+00 7.221118e-01
1705 4.732884e+00 7.308405e-01
1706 4.739041e+00 7.324483e-01
1707 4.752442e+00 7.283575e-01
1708 4.748205e+00 7.287432e-01
1709 4.738586e+00 7.468105e-01
1710 4.767267e+00 7.748427e-01
1711 4.768148e+00 7.678564e-01
1712 4.785755e+00 7.354717e-01
1713 4.779122e+00 7.325702e-01
1714 4.776805e+00 7.615648e-01
1715 4.774555e+00 7.569282e-01
1716 4.791190e+00 7.429151e-01
1717 4.768186e+00 7.838371e-01
1718 4.770986e+00 7.840823e-01
1719 4.783940e+00 7.765371e-01
1720 4.784513e+00 7.748020e-01
1721 4.775214e+00 7.792184e-01
1722 4.790035e+00 7.858263e-01
1723 4.787919e+00 7.871069e-01
1724 4.785893e+00 7.869125e-01
1725 4.794046e+00 8.352679e-01
1726 4.792288e+00 8.304522e-01
1727 4.818364e+00 8.375925e-01
1728 4.813217e+00 8.538569e-01
1729 4.811217e+00 8.537053e-01
1730 4.790009e+00 8.504686e-01
1731 4.770894e+00 9.246555e-01
1732 4.770599e+00 9.241005e-01
1733 4.766686e+00 9.243158e-01
1734 4.720944e+00 9.252969e-01
1735 4.705001e+00 9.337622e-01
1736 4.704862e+00 9.387749e-01
1737 4.692408e+00 9.322901e-01
1738 4.693011e+00 9.302409e-01
1739 4.676106e+00 9.145942e-01
1740 4.674148e+00 9.155362e-01
1741 4.671961e+00 9.172415e-01
1742 4.671940e+00 9.168462e-01
1743 4.666352e+00 9.175021e-01
1744 4.688069e+00 9.130691e-01
1745 4.696654e+00 8.974184e-01
1746 4.699765e+00 9.004863e-01
1747 4.702317e+00 8.883811e-01
1748 4.702533e+00 8.799488e-01
1749 4.695723e+00 8.746213e-01
1750 4.698650e+00 8.861827e-01
1751 4.680314e+00 9.254394e-01
1752 4.644563e+00 9.235539e-01
1753 4.623310e+00 9.203188e-01
1754 4.620631e+00 8.983693e-01
1755 4.620639e+00 8.987841e-01
1756 4.646139e+00 9.015395e-01
1757 4.658546e+00 9.174147e-01
1758 4.599616e+00 9.391425e-01
1759 4.593665e+00 9.477168e-01
1760 4.587599e+00 9.354319e-01
1761 4.581351e+00 9.411095e-01
1762 4.555344e+00 9.365525e-01
1763 4.555639e+00 9.437621e-01
1764 4.553935e+00 9.478045e-01
1765 4.554642e+00 9.566365e-01
1766 4.571936e+00 9.448618e-01
1767 4.570553e+00 9.357973e-01
1768 4.582251e+00 9.485492e-01
1769 4.540515e+00 9.138241e-01
1770 4.556970e+00 8.657738e-01
1771 4.566735e+00 8.631740e-01
1772 4.562737e+00 8.687831e-01
1773 4.572896e+00 8.673700e-01
1774 4.572353e+00 8.694061e-01
1775 4.568659e+00 8.677538e-01
1776 4.556291e+00 8.660904e-01
1777 4.536587e+00 8.675201e-01
1778 4.535120e+00 8.732125e-01
1779 4.526187e+00 9.214153e-01
1780 4.561549e+00 8.702327e-01
1781 4.577387e+00 8.614876e-01
1782 4.574427e+00 8.609063e-01
1783 4.578560e+00 8.624519e-01
1784 4.576177e+00 8.481416e-01
1785 4.576934e+00 8.461516e-01
1786 4.576586e+00 8.475787e-01
1787 4.540952e+00 8.671799e-01
1788 4.539629e+00 8.624148e-01
1789 4.550468e+00 8.608534e-01
1790 4.554339e+00 9.560090e-01
1791 4.555764e+00 9.557820e-01
1792 4.533433e+00 9.497471e-01
1793 4.525883e+00 9.397139e-01
1794 4.523387e+00 9.223038e-01
1795 4.562115e+00 9.214668e-01
1796 4.526419e+00 9.521473e-01
1797 4.525044e+00 9.640397e-01
1798 4.523904e+00 9.594199e-01
1799 4.520542e+00 9.786392e-01
1800 4.486376e+00 9.899704e-01
1801 4.486519e+00 1.003580e+00
1802 4.486375e+00 1.003756e+00
1803 4.485580e+00 1.004710e+00
1804 4.487338e+00 1.015107e+00
1805 4.491262e+00 9.880246e-01
1806 4.477908e+00 9.728412e-01
1807 4.477278e+00 9.708797e-01
1808 4.477655e+00 9.744738e-01
1809 4.501387e+00 9.730545e-01
1810 4.468312e+00 9.800969e-01
1811 4.467420e+00 9.905420e-01
1812 4.463920e+00 9.837830e-01
1813 4.468446e+00 9.819576e-01
1814 4.469835e+00 9.881449e-01
1815 4.458657e+00 9.833789e-01
1816 4.430676e+00 9.488350e-01
1817 4.427299e+00 9.293060e-01
1818 4.428068e+00 9.182600e-01
1819 4.449964e+00 9.557667e-01
1820 4.447265e+00 9.476178e-01
1821 4.431501e+00 9.337930e-01
1822 4.411518e+00 9.646982e-01
1823 4.412033e+00 9.682088e-01
1824 4.411450e+00 9.688623e-01
1825 4.425647e+00 9.645582e-01
1826 4.416618e+00 9.734343e-01
1827 4.418263e+00 9.378136e-01
1828 4.419723e+00 8.844757e-01
1829 4.460991e+00 8.663275e-01
1830 4.471094e+00 8.616871e-01
1831 4.485053e+00 8.480616e-01
1832 4.485673e+00 8.479580e-01
1833 4.484579e+00 8.464197e-01
1834 4.491526e+00 8.527178e-01
1835 4.465048e+00 8.518360e-01
1836 4.471573e+00 8.578868e-01
1837 4.483048e+00 8.606909e-01
1838 4.479358e+00 8.507990e-01
1839 4.476401e+00 8.485311e-01
1840 4.469889e+00 8.418621e-01
1841 4.468755e+00 8.398193e-01
1842 4.437555e+00 8.712595e-01
1843 4.426904e+00 9.059035e-01
1844 4.418183e+00 9.041407e-01
1845 4.418571e+00 8.944471e-01
1846 4.432053e+00 8.771816e-01
1847 4.438537e+00 8.747256e-01
1848 4.429781e+00 8.522940e-01
1849 4.433514e+00 8.529845e-01
1850 4.406298e+00 8.834628e-01
1851 4.388462e+00 8.839989e-01
1852 4.379230e+00 8.955823e-01
1853 4.371640e+00 8.874086e-01
1854 4.357622e+00 8.684107e-01
1855 4.351086e+00 8.811763e-01
1856 4.298220e+00 8.538655e-01
1857 4.280362e+00 8.425659e-01
1858 4.273367e+00 8.363828e-01
1859 4.299847e+00 8.302916e-01
1860 4.301184e+00 7.831791e-01
1861 4.314902e+00 7.745482e-01
1862 4.311917e+00 7.731440e-01
1863 4.312800e+00 7.742955e-01
1864 4.305152e+00 7.788389e-01
1865 4.321858e+00 7.523943e-01
1866 4.345291e+00 7.059695e-01
1867 4.360530e+00 6.945147e-01
1868 4.333748e+00 6.812226e-01
1869 4.324391e+00 6.885345e-01
1870 4.305635e+00 5.963246e-01
1871 4.299847e+00 6.032272e-01
1872 4.280289e+00 6.142703e-01
1873 4.286110e+00 6.023043e-01
1874 4.272815e+00 5.974068e-01
1875 4.235456e+00 5.971822e-01
1876 4.242224e+00 5.947869e-01
1877 4.241816e+00 6.197851e-01
1878 4.241590e+00 6.172861e-01
1879 4.256354e+00 5.920509e-01
1880 4.279232e+00 5.936663e-01
1881 4.276301e+00 5.946787e-01
1882 4.263405e+00 6.066175e-01
1883 4.276573e+00 5.890557e-01
1884 4.283505e+00 5.684551e-01
1885 4.289199e+00 5.881055e-01
1886 4.294061e+00 5.940364e-01
1887 4.298466e+00 5.883590e-01
1888 4.357357e+00 6.276459e-01
1889 4.349102e+00 6.052616e-01
1890 4.343935e+00 6.088860e-01
1891 4.331006e+00 6.085063e-01
1892 4.337328e+00 5.688417e-01
1893 4.314128e+00 5.143369e-01
1894 4.348696e+00 5.345594e-01
1895 4.342830e+00 5.334724e-01
1896 4.358731e+00 5.360180e-01
1897 4.338620e+00 5.416797e-01
1898 4.333831e+00 5.520544e-01
1899 4.329918e+00 5.468079e-01
1900 4.330712e+00 5.530088e-01
1901 4.351342e+00 5.316315e-01
1902 4.351499e+00 5.312942e-01
1903 4.379806e+00 5.276372e-01
1904 4.390669e+00 5.515759e-01
1905 4.417136e+00 5.580514e-01
1906 4.409662e+00 5.614590e-01
1907 4.414590e+00 5.577638e-01
1908 4.402844e+00 5.701622e-01
1909 4.391939e+00 5.311150e-01
1910 4.383937e+00 5.358494e-01
1911 4.342535e+00 5.224802e-01
1912 4.346111e+00 5.303443e-01
1913 4.327172e+00 5.244248e-01
1914 4.326971e+00 5.265568e-01
1915 4.344322e+00 5.291034e-01
1916 4.328224e+00 4.999123e-01
1917 4.320919e+00 5.259397e-01
1918 4.294419e+00 5.252091e-01
1919 4.264760e+00 5.346163e-01
1920 4.270150e+00 5.400732e-01
1921 4.264833e+00 5.227657e-01
1922 4.263952e+00 5.202571e-01
1923 4.264775e+00 5.222293e-01
1924 4.279225e+00 5.294720e-01
1925 4.277806e+00 5.343415e-01
1926 4.277894e+00 5.344023e-01
1927 4.208692e+00 5.138705e-01
1928 4.208054e+00 5.140566e-01
1929 4.209501e+00 5.078380e-01
1930 4.210161e+00 5.030028e-01
1931 4.187250e+00 5.020184e-01
1932 4.185363e+00 4.917691e-01
1933 4.191312e+00 5.145269e-01
1934 4.190858e+00 5.091201e-01
1935 4.196657e+00 5.296926e-01
1936 4.196416e+00 5.318701e-01
1937 4.203975e+00 4.910216e-01
1938 4.202807e+00 4.901220e-01
1939 4.209743e+00 4.905262e-01
1940 4.218742e+00 5.007386e-01
1941 4.191063e+00 4.594017e-01
1942 4.157741e+00 4.445338e-01
1943 4.118486e+00 4.595076e-01
1944 4.122946e+00 4.729147e-01
1945 4.129678e+00 4.678435e-01
1946 4.138972e+00 4.692775e-01
1947 4.121001e+00 5.360030e-01
1948 4.130809e+00 5.456280e-01
1949 4.137344e+00 5.478771e-01
1950 4.155619e+00 5.524691e-01
1951 4.153355e+00 5.235665e-01
1952 4.153642e+00 5.245451e-01
1953 4.167272e+00 5.298128e-01
1954 4.182392e+00 5.161558e-01
1955 4.171593e+00 5.190483e-01
1956 4.179006e+00 5.088234e-01
1957 4.163517e+00 5.511661e-01
1958 4.162607e+00 5.524000e-01
1959 4.161825e+00 5.554399e-01
1960 4.180943e+00 5.298054e-01
1961 4.184356e+00 5.302877e-01
1962 4.191505e+00 5.454761e-01
1963 4.219897e+00 5.818310e-01
1964 4.223876e+00 5.703679e-01
1965 4.207777e+00 5.821884e-01
1966 4.212219e+00 5.772394e-01
1967 4.203705e+00 5.718610e-01
1968 4.238802e+00 5.632303e-01
1969 4.241970e+00 5.746806e-01
1970 4.228121e+00 5.828244e-01
1971 4.224707e+00 5.721404e-01
1972 4.209683e+00 5.543622e-01
1973 4.221127e+00 5.548940e-01
1974 4.222459e+00 5.554716e-01
1975 4.217536e+00 5.544148e-01
1976 4.213254e+00 5.408535e-01
1977 4.205850e+00 5.435951e-01
1978 4.214862e+00 5.278843e-01
1979 4.229655e+00 5.070943e-01
1980 4.258657e+00 5.306768e-01
1981 4.252713e+00 5.302140e-01
1982 4.256563e+00 5.197028e-01
1983 4.227077e+00 5.167861e-01
1984 4.226532e+00 5.168672e-01
1985 4.240846e+00 5.406599e-01
1986 4.212939e+00 5.477402e-01
1987 4.207604e+00 5.530926e-01
1988 4.187794e+00 5.446104e-01
1989 4.194966e+00 5.471112e-01
1990 4.206929e+00 5.420157e-01
1991 4.209327e+00 5.472561e-01
1992 4.209635e+00 5.487082e-01
1993 4.214979e+00 5.215008e-01
1994 4.265683e+00 5.638333e-01
1995 4.257819e+00 5.457715e-01
1996 4.255076e+00 5.057684e-01
1997 4.216835e+00 5.085436e-01
1998 4.212178e+00 5.075321e-01
1999 4.229360e+00 4.463357e-01
2000 4.254887e+00 4.291103e-01
2001 4.251233e+00 4.702839e-01
2002 4.251276e+00 4.493192e-01
2003 4.250759e+00 4.526217e-01
2004 4.252594e+00 4.465921e-01
2005 4.245358e+00 4.521098e-01
2006 4.211797e+00 5.217591e-01
2007 4.203044e+00 5.287754e-01
2008 4.196445e+00 5.308933e-01
2009 4.201546e+00 5.392508e-01
2010 4.224179e+00 5.225283e-01
2011 4.182941e+00 5.371304e-01
2012 4.190597e+00 5.283033e-01
2013 4.189654e+00 5.283155e-01
2014 4.199532e+00 5.299474e-01
2015 4.199934e+00 5.312605e-01
2016 4.200772e+00 5.508209e-01
2017 4.193848e+00 5.468552e-01
2018 4.249930e+00 5.348555e-01
2019 4.261080e+00 5.116530e-01
2020 4.254384e+00 5.111060e-01
2021 4.288542e+00 5.459451e-01
2022 4.288275e+00 5.431792e-01
2023 4.300364e+00 5.407005e-01
2024 4.324000e+00 5.412081e-01
2025 4.328355e+00 5.365396e-01
2026 4.295226e+00 4.479155e-01
2027 4.284505e+00 4.488361e-01
2028 4.297507e+00 4.429631e-01
2029 4.269600e+00 4.151127e-01
2030 4.238553e+00 4.112999e-01
2031 4.242393e+00 4.173999e-01
2032 4.243804e+00 3.929881e-01
2033 4.254425e+00 3.930842e-01
2034 4.290584e+00 4.176360e-01
2035 4.294239e+00 4.093409e-01
2036 4.292556e+00 3.803168e-01
2037 4.298220e+00 3.622189e-01
2038 4.321408e+00 3.380869e-01
2039 4.320641e+00 3.544642e-01
2040 4.323436e+00 3.555099e-01
2041 4.330431e+00 3.531624e-01
2042 4.273610e+00 3.205142e-01
2043 4.271278e+00 3.267161e-01
2044 4.246244e+00 2.747961e-01
2045 4.248621e+00 2.680400e-01
2046 4.248400e+00 2.661411e-01
2047 4.240483e+00 2.651442e-01
2048 4.240523e+00 2.611544e-01
2049 4.229335e+00 2.613035e-01
2050 4.230776e+00 2.635966e-01
2051 4.245879e+00 2.618479e-01
2052 4.217055e+00 2.241235e-01
2053 4.219891e+00 2.262545e-01
2054 4.239230e+00 2.508639e-01
2055 4.254789e+00 2.482442e-01
2056 4.260817e+00 2.472028e-01
2057 4.258442e+00 2.540515e-01
2058 4.259064e+00 2.533194e-01
2059 4.269295e+00 2.737879e-01
2060 4.277668e+00 2.532188e-01
2061 4.267235e+00 2.666711e-01
2062 4.274538e+00 2.536362e-01
2063 4.262668e+00 2.517117e-01
2064 4.263820e+00 2.527450e-01
2065 4.293764e+00 2.989093e-01
2066 4.312486e+00 2.695923e-01
2067 4.316228e+00 2.537919e-01
2068 4.317946e+00 2.229922e-01
2069 4.309970e+00 2.297066e-01
2070 4.319294e+00 2.697122e-01
2071 4.307207e+00 2.768734e-01
2072 4.311265e+00 2.757640e-01
2073 4.311977e+00 2.444392e-01
2074 4.313570e+00 2.303319e-01
2075 4.305655e+00 2.677219e-01
2076 4.315200e+00 2.610644e-01
2077 4.306436e+00 2.532366e-01
2078 4.283132e+00 2.143912e-01
2079 4.280505e+00 2.155934e-01
2080 4.280987e+00 2.202723e-01
2081 4.269261e+00 2.274308e-01
2082 4.255404e+00 2.314668e-01
2083 4.257110e+00 2.321141e-01
2084 4.247282e+00 2.200883e-01
2085 4.239652e+00 2.185089e-01
2086 4.243316e+00 2.192968e-01
2087 4.231393e+00 2.103359e-01
2088 4.231189e+00 2.110400e-01
2089 4.229436e+00 2.102045e-01
2090 4.247026e+00 1.864713e-01
2091 4.257457e+00 1.816086e-01
2092 4.286492e+00 1.746944e-01
2093 4.289042e+00 1.795043e-01
2094 4.287630e+00 1.675534e-01
2095 4.286144e+00 1.755450e-01
2096 4.275199e+00 1.557051e-01
2097 4.286802e+00 1.550919e-01
2098 4.288900e+00 1.517555e-01
2099 4.308332e+00 1.314786e-01
2100 4.296349e+00 1.317520e-01
2101 4.290464e+00 1.233058e-01
2102 4.356682e+00 7.010652e-02
2103 4.356797e+00 6.987722e-02
2104 4.340930e+00 4.982649e-02
2105 4.344241e+00 4.945746e-02
2106 4.321592e+00 5.307276e-02
2107 4.319772e+00 8.548072e-02
2108 4.324351e+00 1.017836e-01
2109 4.351553e+00 1.646398e-01
2110 4.349003e+00 1.659622e-01
2111 4.347235e+00 1.690211e-01
2112 4.350097e+00 1.772069e-01
2113 4.352481e+00 1.790976e-01
2114 4.351412e+00 1.783833e-01
2115 4.352370e+00 1.927696e-01
2116 4.354487e+00 2.047081e-01
2117 4.375934e+00 2.479794e-01
2118 4.404613e+00 2.404935e-01
2119 4.405855e+00 2.412721e-01
2120 4.419313e+00 2.316848e-01
2121 4.431006e+00 2.482260e-01
2122 4.436168e+00 2.460861e-01
2123 4.467966e+00 2.476414e-01
2124 4.424786e+00 2.435741e-01
2125 4.423932e+00 2.455382e-01
2126 4.445594e+00 2.467247e-01
2127 4.441736e+00 2.383251e-01
2128 4.402261e+00 1.984036e-01
2129 4.397869e+00 2.041484e-01
2130 4.403861e+00 2.281164e-01
2131 4.407873e+00 2.300226e-01
2132 4.394316e+00 2.398098e-01
2133 4.394142e+00 2.243957e-01
2134 4.408057e+00 2.021126e-01
2135 4.420537e+00 2.016355e-01
2136 4.422799e+00 2.042906e-01
2137 4.443251e+00 2.264596e-01
2138 4.442352e+00 2.182967e-01
2139 4.447064e+00 2.067147e-01
2140 4.455282e+00 2.115981e-01
2141 4.455165e+00 1.987628e-01
2142 4.515144e+00 1.350454e-01
2143 4.511680e+00 1.352558e-01
2144 4.513382e+00 1.348455e-01
2145 4.528581e+00 1.103997e-01
2146 4.505558e+00 9.674917e-02
2147 4.531950e+00 8.317206e-02
2148 4.529250e+00 5.753370e-02
2149 4.475203e+00 6.079879e-02
2150 4.465601e+00 5.133437e-02
2151 4.444413e+00 5.163008e-02
2152 4.445919e+00 5.256774e-02
2153 4.442945e+00 6.634064e-02
2154 4.397426e+00 8.739596e-02
2155 4.392725e+00 8.648600e-02
2156 4.400451e+00 3.235057e-02
2157 4.414023e+00 5.946590e-04
2158 4.396005e+00 5.171483e-05
2159 4.366092e+00 1.532613e-02
2160 4.366060e+00 1.536021e-02
2161 4.373011e+00 1.640157e-02
2162 4.343648e+00 3.847794e-02
2163 4.372287e+00 4.698639e-02
2164 4.358457e+00 5.495141e-02
2165 4.373817e+00 6.786513e-02
2166 4.383815e+00 6.503990e-02
2167 4.391758e+00 7.143600e-02
2168 4.385217e+00 3.403284e-02
2169 4.382086e+00 2.716650e-02
2170 4.380563e+00 2.290153e-02
2171 4.417265e+00 5.612247e-02
2172 4.378288e+00 1.805399e-02
2173 4.374721e+00 5.869672e-03
2174 4.375154e+00 2.449062e-03
2175 4.371908e+00 -1.872845e-02
