0 1.999783e-01 2.638761e+00
1 1.971213e-01 2.644635e+00
2 2.029027e-01 2.644152e+00
3 2.476551e-01 2.646657e+00
4 2.490384e-01 2.640800e+00
5 2.522482e-01 2.652998e+00
6 2.498171e-01 2.641910e+00
7 2.532513e-01 2.642452e+00
8 2.504854e-01 2.646404e+00
9 2.402002e-01 2.635756e+00
10 2.476293e-01 2.643975e+00
11 2.410803e-01 2.640463e+00
12 2.414271e-01 2.619319e+00
13 2.232561e-01 2.646286e+00
14 2.226700e-01 2.645650e+00
15 2.223144e-01 2.645262e+00
16 2.295021e-01 2.636419e+00
17 2.300383e-01 2.633222e+00
18 2.419655e-01 2.620432e+00
19 2.297555e-01 2.624519e+00
20 2.349414e-01 2.630919e+00
21 2.333879e-01 2.633906e+00
22 2.645984e-01 2.636384e+00
23 2.660328e-01 2.643233e+00
24 2.518069e-01 2.646464e+00
25 2.465369e-01 2.638231e+00
26 2.496481e-01 2.640428e+00
27 2.551776e-01 2.645750e+00
28 2.306917e-01 2.652641e+00
29 2.338273e-01 2.655751e+00
30 2.181950e-01 2.630398e+00
31 2.164584e-01 2.630246e+00
32 2.401833e-01 2.620854e+00
33 2.107898e-01 2.592262e+00
34 2.622392e-01 2.535067e+00
35 2.573777e-01 2.536261e+00
36 2.831437e-01 2.547833e+00
37 2.726471e-01 2.537044e+00
38 2.981356e-01 2.531646e+00
39 2.641633e-01 2.567017e+00
40 2.910109e-01 2.582115e+00
41 2.879201e-01 2.566515e+00
42 3.051376e-01 2.583425e+00
43 2.715872e-01 2.571763e+00
44 2.809691e-01 2.566511e+00
45 2.829556e-01 2.566164e+00
46 2.841095e-01 2.579838e+00
47 2.784092e-01 2.577028e+00
48 2.793891e-01 2.578939e+00
49 2.787955e-01 2.537568e+00
50 2.690766e-01 2.513333e+00
51 2.893076e-01 2.513163e+00
52 2.703789e-01 2.551024e+00
53 2.761513e-01 2.549785e+00
54 2.747004e-01 2.548038e+00
55 2.558502e-01 2.518465e+00
56 2.465350e-01 2.520988e+00
57 2.466202e-01 2.500314e+00
58 2.468803e-01 2.497599e+00
59 2.688856e-01 2.472878e+00
60 2.697206e-01 2.477771e+00
61 2.674064e-01 2.480008e+00
62 2.859743e-01 2.516755e+00
63 2.891564e-01 2.519898e+00
64 3.460696e-01 2.554584e+00
65 3.561688e-01 2.543105e+00
66 3.365672e-01 2.537531e+00
67 3.381942e-01 2.521043e+00
68 3.375577e-01 2.520874e+00
69 3.609674e-01 2.550392e+00
70 3.446757e-01 2.566241e+00
71 2.946192e-01 2.548663e+00
72 2.843090e-01 2.562562e+00
73 2.832518e-01 2.559347e+00
74 2.828749e-01 2.553727e+00
75 2.831182e-01 2.552488e+00
76 2.772563e-01 2.551907e+00
77 2.786900e-01 2.539016e+00
78 2.746454e-01 2.529869e+00
79 1.386124e-01 2.448973e+00
80 1.414692e-01 2.452850e+00
81 1.383827e-01 2.448947e+00
82 1.524838e-01 2.459024e+00
83 1.564340e-01 2.477571e+00
84 1.586910e-01 2.479985e+00
85 1.532172e-01 2.481620e+00
86 1.528282e-01 2.480859e+00
87 1.529469e-01 2.478955e+00
88 1.631525e-01 2.477057e+00
89 1.634260e-01 2.474311e+00
90 1.644121e-01 2.479469e+00
91 1.457168e-01 2.493363e+00
92 1.500104e-01 2.494161e+00
93 1.500060e-01 2.491617e+00
94 1.467688e-01 2.488994e+00
95 1.392201e-01 2.480980e+00
96 1.404918e-01 2.480096e+00
97 1.407443e-01 2.481275e+00
98 1.435408e-01 2.507860e+00
99 1.436337e-01 2.507853e+00
100 1.360511e-01 2.505762e+00
101 1.356305e-01 2.491172e+00
102 1.572042e-01 2.484622e+00
103 1.492006e-01 2.449396e+00
104 1.257081e-01 2.466901e+00
105 1.233322e-01 2.475969e+00
106 1.392947e-01 2.504729e+00
107 1.161311e-01 2.499031e+00
108 1.064743e-01 2.467235e+00
109 1.128703e-01 2.472270e+00
110 1.261068e-01 2.455626e+00
111 1.337955e-01 2.466573e+00
112 1.516731e-01 2.424512e+00
113 1.005129e-01 2.402001e+00
114 1.016697e-01 2.402602e+00
115 1.006272e-01 2.410583e+00
116 8.291003e-02 2.427717e+00
117 8.015872e-02 2.428121e+00
118 7.946951e-02 2.412066e+00
119 8.408030e-02 2.418224e+00
120 9.227574e-02 2.417600e+00
121 9.478884e-02 2.397006e+00
122 9.724345e-02 2.405391e+00
123 9.617549e-02 2.412002e+00
124 1.126678e-01 2.400289e+00
125 1.185016e-01 2.401885e+00
126 1.077262e-01 2.403567e+00
127 1.045418e-01 2.402391e+00
128 9.768353e-02 2.413937e+00
129 9.628045e-02 2.419416e+00
130 1.012943e-01 2.409694e+00
131 8.352879e-02 2.389960e+00
132 8.782074e-02 2.382807e+00
133 8.604167e-02 2.391845e+00
134 9.286267e-02 2.358979e+00
135 9.331228e-02 2.360952e+00
136 9.532929e-02 2.383249e+00
137 8.816733e-02 2.383581e+00
138 7.544527e-02 2.383656e+00
139 7.901275e-02 2.389502e+00
140 7.814608e-02 2.382373e+00
141 8.227741e-02 2.392955e+00
142 8.425011e-02 2.391246e+00
143 9.419516e-02 2.377833e+00
144 9.109917e-02 2.366789e+00
145 9.209610e-02 2.401496e+00
146 1.262218e-01 2.358256e+00
147 1.262387e-01 2.358145e+00
148 1.344665e-01 2.359367e+00
149 1.263942e-01 2.357699e+00
150 1.257577e-01 2.357614e+00
151 1.242811e-01 2.353899e+00
152 1.220208e-01 2.351769e+00
153 9.766675e-02 2.403995e+00
154 1.002781e-01 2.416941e+00
155 9.585868e-02 2.410961e+00
156 2.678163e-02 2.433203e+00
157 4.074311e-02 2.417477e+00
158 4.416122e-02 2.403426e+00
159 5.052252e-02 2.406621e+00
160 1.144326e-01 2.393310e+00
161 9.475053e-02 2.383661e+00
162 9.412034e-02 2.383138e+00
163 9.376501e-02 2.381133e+00
164 2.606061e-02 2.331984e+00
165 2.488484e-02 2.332645e+00
166 9.782212e-03 2.329112e+00
167 4.887292e-03 2.282700e+00
168 6.320829e-03 2.281903e+00
169 2.019462e-02 2.289109e+00
170 3.055986e-02 2.288627e+00
171 6.743250e-02 2.373072e+00
172 5.557488e-02 2.374049e+00
173 7.719223e-02 2.385063e+00
174 7.960015e-02 2.394948e+00
175 7.527702e-02 2.394441e+00
176 6.550265e-02 2.366174e+00
177 3.510111e-02 2.345191e+00
178 3.895024e-02 2.320205e+00
179 5.515822e-02 2.318174e+00
180 5.446169e-02 2.322200e+00
181 5.951382e-02 2.322639e+00
182 5.424685e-02 2.328865e+00
183 5.402819e-02 2.327819e+00
184 2.992218e-02 2.328386e+00
185 4.296190e-02 2.336239e+00
186 7.570556e-02 2.319114e+00
187 4.041120e-03 2.308515e+00
188 -5.155027e-03 2.306078e+00
