0 8.179084e-01 4.808758e-01
1 8.152517e-01 4.771568e-01
2 7.791845e-01 4.881047e-01
3 7.517447e-01 5.108498e-01
4 7.579717e-01 5.070338e-01
5 7.492312e-01 5.337041e-01
6 7.489992e-01 5.361436e-01
7 7.341017e-01 5.945695e-01
8 7.341921e-01 5.946228e-01
9 7.295134e-01 5.898929e-01
10 7.562674e-01 5.956203e-01
11 7.365536e-01 6.001587e-01
12 7.633641e-01 5.792391e-01
13 7.637761e-01 5.791448e-01
14 7.617183e-01 5.800380e-01
15 7.624694e-01 5.848015e-01
16 7.575912e-01 5.931057e-01
17 7.587005e-01 5.945929e-01
18 7.418465e-01 6.060577e-01
19 7.461743e-01 6.046355e-01
20 7.577428e-01 6.156264e-01
21 7.705464e-01 6.692652e-01
22 7.732730e-01 6.682182e-01
23 7.533019e-01 6.695401e-01
24 7.784637e-01 6.642783e-01
25 7.517122e-01 6.125712e-01
26 7.405042e-01 6.091019e-01
27 7.411126e-01 6.079314e-01
28 7.338275e-01 6.064438e-01
29 7.340298e-01 6.173232e-01
30 7.422043e-01 5.980777e-01
31 7.391839e-01 6.029010e-01
32 7.393594e-01 5.847877e-01
33 7.402838e-01 5.831951e-01
34 7.374996e-01 5.891637e-01
35 7.560207e-01 5.935191e-01
36 7.531028e-01 5.917761e-01
37 7.664267e-01 5.705867e-01
38 7.691897e-01 6.277566e-01
39 7.722887e-01 6.234852e-01
40 7.564605e-01 6.168145e-01
41 7.460455e-01 6.247182e-01
42 7.675937e-01 5.716701e-01
43 7.608953e-01 5.660873e-01
44 7.802525e-01 5.506392e-01
45 7.895234e-01 5.411064e-01
46 7.905876e-01 5.411736e-01
47 7.877668e-01 5.364489e-01
48 7.871567e-01 5.377895e-01
49 8.350088e-01 5.793615e-01
50 8.346399e-01 5.695826e-01
51 8.477026e-01 5.876942e-01
52 8.464292e-01 5.893805e-01
53 8.472697e-01 6.088916e-01
54 8.672531e-01 6.120979e-01
55 8.718276e-01 6.069217e-01
56 8.736557e-01 6.068798e-01
57 8.705858e-01 6.074867e-01
58 8.615683e-01 6.017161e-01
59 8.558248e-01 6.363033e-01
60 8.467471e-01 6.337764e-01
61 8.434396e-01 6.500892e-01
62 8.450421e-01 6.387236e-01
63 8.437888e-01 6.348044e-01
64 8.412053e-01 6.313480e-01
65 8.354983e-01 6.255940e-01
66 8.267822e-01 6.346432e-01
67 8.361090e-01 6.250949e-01
68 8.360572e-01 6.251540e-01
69 8.559325e-01 6.417368e-01
70 8.555961e-01 6.246594e-01
71 8.589229e-01 6.283387e-01
72 8.381759e-01 6.291153e-01
73 8.435681e-01 6.333041e-01
74 8.419025e-01 6.373016e-01
75 8.419035e-01 6.373388e-01
76 8.522169e-01 6.684976e-01
77 8.448160e-01 6.639008e-01
78 8.543595e-01 6.898440e-01
79 8.313921e-01 7.003147e-01
80 8.210363e-01 6.992975e-01
81 8.433432e-01 6.963548e-01
82 8.449954e-01 6.913795e-01
83 8.390838e-01 6.905622e-01
84 8.490081e-01 6.963069e-01
85 8.515731e-01 6.542619e-01
86 8.509663e-01 6.517602e-01
87 8.462451e-01 6.710316e-01
88 8.555010e-01 6.836912e-01
89 8.437912e-01 6.734642e-01
90 8.395985e-01 6.798619e-01
91 8.641020e-01 6.628552e-01
92 8.606036e-01 6.580301e-01
93 8.782607e-01 6.541199e-01
94 8.676702e-01 6.511699e-01
95 8.701479e-01 6.555170e-01
96 8.756626e-01 6.547024e-01
97 8.756433e-01 6.563142e-01
98 8.508726e-01 6.642638e-01
99 8.427422e-01 6.568881e-01
100 8.455322e-01 6.526397e-01
101 8.508210e-01 6.535055e-01
102 8.369418e-01 6.418100e-01
103 8.503231e-01 6.289853e-01
104 8.403428e-01 6.272435e-01
105 8.579898e-01 6.226549e-01
106 8.480827e-01 6.057414e-01
107 8.231165e-01 5.680438e-01
108 8.216709e-01 5.658684e-01
109 8.376466e-01 5.900059e-01
110 7.722879e-01 5.203189e-01
111 7.549261e-01 5.112285e-01
112 7.423200e-01 5.036802e-01
113 7.415006e-01 4.927242e-01
114 7.620082e-01 5.176337e-01
115 7.440425e-01 4.861698e-01
116 7.385184e-01 4.894739e-01
117 7.256044e-01 4.871922e-01
118 7.539950e-01 4.434336e-01
119 7.499827e-01 4.348875e-01
120 7.409374e-01 4.264959e-01
121 7.421891e-01 4.238936e-01
122 6.842782e-01 4.284560e-01
123 6.794033e-01 4.261902e-01
124 6.722734e-01 4.414904e-01
125 6.686039e-01 4.379507e-01
126 6.694556e-01 4.410325e-01
127 6.623355e-01 4.453607e-01
128 6.630359e-01 4.483424e-01
129 6.533175e-01 4.514276e-01
130 6.576960e-01 4.433009e-01
131 6.593595e-01 4.293801e-01
132 6.557658e-01 4.393179e-01
133 6.584086e-01 4.328807e-01
134 6.685742e-01 4.415440e-01
135 7.180022e-01 4.280442e-01
136 7.132818e-01 4.220518e-01
137 7.096682e-01 4.159616e-01
138 7.129663e-01 4.544175e-01
139 7.210514e-01 4.573098e-01
140 6.682216e-01 4.855321e-01
141 6.713475e-01 4.768788e-01
142 6.945990e-01 4.613238e-01
143 6.544803e-01 4.800151e-01
144 6.556235e-01 4.797052e-01
145 6.854945e-01 4.516201e-01
146 6.862551e-01 4.516708e-01
147 6.779017e-01 4.503987e-01
148 6.744734e-01 4.751005e-01
149 6.854329e-01 4.641895e-01
150 6.965863e-01 4.461006e-01
151 7.389105e-01 5.142228e-01
152 7.428029e-01 5.262190e-01
153 7.398856e-01 5.335411e-01
154 7.258988e-01 5.352221e-01
155 7.479814e-01 5.624910e-01
156 7.483337e-01 5.746657e-01
157 7.536793e-01 5.758967e-01
158 7.554186e-01 5.827347e-01
159 7.787611e-01 5.815423e-01
160 7.582108e-01 5.497276e-01
161 7.560385e-01 5.497268e-01
162 7.535647e-01 5.642125e-01
163 7.557433e-01 5.501550e-01
164 7.158649e-01 5.345138e-01
165 6.945286e-01 5.248363e-01
166 7.007537e-01 5.102239e-01
167 6.244855e-01 4.739895e-01
168 6.239444e-01 4.810419e-01
169 5.957155e-01 4.794058e-01
170 5.956915e-01 4.800395e-01
171 6.143679e-01 4.252729e-01
172 6.043924e-01 4.379011e-01
173 6.016888e-01 4.368419e-01
174 6.087696e-01 4.350546e-01
175 6.180535e-01 4.247635e-01
176 6.057388e-01 4.244527e-01
177 5.976287e-01 4.224899e-01
178 5.875140e-01 4.203743e-01
179 5.721478e-01 3.988443e-01
180 5.706416e-01 4.005944e-01
181 5.078490e-01 4.649542e-01
182 5.023022e-01 4.532093e-01
183 4.949086e-01 4.607545e-01
184 4.408177e-01 4.518557e-01
185 4.687526e-01 4.557398e-01
186 4.685900e-01 4.562512e-01
187 4.698211e-01 4.545140e-01
188 4.844025e-01 4.384111e-01
189 4.925391e-01 4.601068e-01
190 4.960725e-01 4.574703e-01
191 4.958754e-01 4.563052e-01
192 4.971318e-01 4.723350e-01
193 4.913573e-01 4.727549e-01
194 4.732213e-01 4.905072e-01
195 4.680988e-01 4.924691e-01
196 5.277973e-01 4.970876e-01
197 5.594382e-01 5.116822e-01
198 5.503735e-01 4.964942e-01
199 5.500227e-01 4.955701e-01
200 5.390669e-01 4.874585e-01
201 5.388273e-01 4.866966e-01
202 5.327441e-01 4.693727e-01
203 5.452700e-01 4.593030e-01
204 5.358700e-01 4.426421e-01
205 5.743753e-01 4.759796e-01
206 5.742596e-01 4.740613e-01
207 5.774798e-01 4.658041e-01
208 5.772382e-01 4.658613e-01
209 5.961861e-01 4.499320e-01
210 6.203967e-01 4.789789e-01
211 6.234752e-01 4.566090e-01
212 6.049211e-01 4.745692e-01
213 6.086121e-01 4.363466e-01
214 6.118226e-01 4.393573e-01
215 6.342765e-01 4.464076e-01
216 6.299781e-01 4.449041e-01
217 6.715730e-01 4.676395e-01
218 6.584722e-01 4.728198e-01
219 6.984183e-01 4.343345e-01
220 7.043773e-01 4.410669e-01
221 6.993514e-01 4.740491e-01
222 6.989948e-01 4.752624e-01
223 6.978438e-01 4.775094e-01
224 6.962026e-01 4.770240e-01
225 7.028254e-01 4.669982e-01
226 7.079081e-01 4.699369e-01
227 6.932709e-01 4.585245e-01
228 7.440294e-01 4.585200e-01
229 7.477369e-01 4.510613e-01
230 7.431723e-01 4.584074e-01
231 7.462903e-01 4.316509e-01
232 7.332206e-01 4.821573e-01
233 7.740963e-01 4.710115e-01
234 7.453806e-01 4.932217e-01
235 7.444326e-01 4.913943e-01
236 7.483103e-01 4.803475e-01
237 7.777161e-01 4.702082e-01
238 7.842201e-01 4.754372e-01
239 8.307916e-01 4.727114e-01
240 8.155084e-01 4.596447e-01
241 8.159981e-01 4.582222e-01
242 8.148500e-01 4.730567e-01
243 8.143863e-01 4.728709e-01
244 8.122624e-01 4.736659e-01
245 8.154621e-01 4.781255e-01
246 8.160637e-01 4.790098e-01
247 8.185394e-01 4.746560e-01
248 8.135823e-01 4.903811e-01
249 8.017868e-01 4.903061e-01
250 8.167677e-01 5.201988e-01
251 8.189602e-01 5.433820e-01
252 7.933177e-01 5.391581e-01
253 8.160507e-01 5.225068e-01
254 8.654778e-01 5.833041e-01
255 8.622671e-01 5.935829e-01
256 8.632699e-01 5.949386e-01
257 8.984915e-01 6.210927e-01
258 8.927845e-01 6.196218e-01
259 9.042781e-01 6.226866e-01
260 8.774098e-01 6.522498e-01
261 8.674282e-01 6.618075e-01
262 8.798956e-01 6.405204e-01
263 8.659893e-01 6.178440e-01
264 8.709927e-01 6.535475e-01
265 8.655708e-01 6.623731e-01
266 8.632757e-01 6.633894e-01
267 8.641012e-01 6.619096e-01
268 8.239367e-01 6.367915e-01
269 8.234652e-01 6.355168e-01
270 8.352352e-01 6.353552e-01
271 8.475044e-01 6.323976e-01
272 8.436473e-01 6.221900e-01
273 8.434917e-01 6.189552e-01
274 8.427317e-01 6.245554e-01
275 8.426377e-01 6.243333e-01
276 8.450408e-01 6.198736e-01
277 8.433137e-01 6.209152e-01
278 8.431170e-01 6.145288e-01
279 8.227437e-01 6.408303e-01
280 8.554567e-01 5.724870e-01
281 8.596380e-01 5.791100e-01
282 8.674337e-01 5.818087e-01
283 8.681881e-01 5.806202e-01
284 8.659263e-01 5.860112e-01
285 7.979297e-01 5.218353e-01
286 8.088016e-01 5.413410e-01
287 8.108000e-01 5.421073e-01
288 8.457251e-01 5.786342e-01
289 8.478574e-01 5.777715e-01
290 8.573464e-01 5.893814e-01
291 8.554201e-01 5.872542e-01
292 8.546815e-01 5.896861e-01
293 8.598874e-01 5.844616e-01
294 8.527513e-01 6.004177e-01
295 8.551273e-01 5.971951e-01
296 8.444490e-01 5.682502e-01
297 8.353120e-01 5.841801e-01
298 8.393556e-01 5.243854e-01
299 8.105111e-01 5.006640e-01
300 8.082816e-01 4.985333e-01
301 8.084717e-01 4.949346e-01
302 8.091615e-01 4.935924e-01
303 8.031862e-01 5.016100e-01
304 8.515836e-01 5.271486e-01
305 8.616673e-01 5.209141e-01
306 8.489629e-01 4.998863e-01
307 8.528353e-01 5.026944e-01
308 8.598096e-01 4.976129e-01
309 8.801292e-01 4.833786e-01
310 8.822646e-01 4.735347e-01
311 8.697041e-01 4.693048e-01
312 8.529844e-01 4.735492e-01
313 8.724874e-01 4.735713e-01
314 8.661021e-01 4.656178e-01
315 8.901937e-01 4.439280e-01
316 9.214937e-01 4.610245e-01
317 9.140893e-01 4.487627e-01
318 8.653467e-01 3.902406e-01
319 8.605928e-01 4.000292e-01
320 8.673563e-01 3.939071e-01
321 8.523434e-01 3.999782e-01
322 8.540840e-01 3.973991e-01
323 8.628775e-01 3.571377e-01
324 8.504891e-01 3.677052e-01
325 8.566945e-01 3.594693e-01
326 8.612708e-01 3.789657e-01
327 8.894769e-01 3.494160e-01
328 8.856644e-01 3.350445e-01
329 8.902600e-01 3.499732e-01
330 9.150926e-01 3.616984e-01
331 9.100590e-01 3.790517e-01
332 9.101248e-01 3.790109e-01
333 9.113593e-01 3.819754e-01
334 9.119210e-01 3.826828e-01
335 8.812082e-01 4.142603e-01
336 8.793831e-01 4.087505e-01
337 8.773770e-01 4.057175e-01
338 8.656223e-01 4.057170e-01
339 8.605835e-01 4.031246e-01
340 8.499431e-01 4.251843e-01
341 8.042045e-01 4.777618e-01
342 8.010953e-01 4.845656e-01
343 8.011609e-01 4.852598e-01
344 7.829848e-01 5.231387e-01
345 7.797518e-01 5.232782e-01
346 7.702518e-01 5.207431e-01
347 7.699408e-01 5.208957e-01
348 7.529754e-01 5.224210e-01
349 7.794624e-01 5.085571e-01
350 7.809852e-01 5.100409e-01
351 7.769969e-01 4.509018e-01
352 8.378742e-01 5.648047e-01
353 8.102979e-01 5.385887e-01
354 8.078867e-01 5.080880e-01
355 8.360096e-01 5.251679e-01
356 8.537802e-01 5.233998e-01
357 8.458287e-01 5.440295e-01
358 8.240511e-01 5.358619e-01
359 8.276594e-01 5.362275e-01
360 8.170372e-01 5.225633e-01
361 8.088430e-01 5.192832e-01
362 8.166464e-01 5.153801e-01
363 8.199671e-01 5.140578e-01
364 8.208612e-01 5.083010e-01
365 8.210461e-01 5.074494e-01
366 7.642662e-01 4.900367e-01
367 7.461360e-01 4.796739e-01
368 7.511767e-01 5.066677e-01
369 7.809220e-01 5.325980e-01
370 7.940837e-01 5.416761e-01
371 7.887081e-01 5.416471e-01
372 7.523496e-01 5.386454e-01
373 7.587402e-01 5.446374e-01
374 7.604611e-01 5.448236e-01
375 7.669819e-01 5.409783e-01
376 7.953630e-01 5.424245e-01
377 7.767107e-01 5.667603e-01
378 7.609158e-01 5.509096e-01
379 7.603541e-01 5.606023e-01
380 7.581697e-01 5.699394e-01
381 7.609630e-01 5.795995e-01
382 7.426060e-01 5.759055e-01
383 7.456631e-01 5.586025e-01
384 7.375312e-01 5.633197e-01
385 7.456630e-01 5.982723e-01
386 7.653734e-01 5.704140e-01
387 7.690524e-01 6.068637e-01
388 7.712842e-01 5.518350e-01
389 7.908607e-01 5.517195e-01
390 7.452296e-01 5.253572e-01
391 7.408450e-01 5.475672e-01
392 7.573264e-01 5.574282e-01
393 7.711758e-01 6.163561e-01
394 7.762192e-01 6.223950e-01
395 7.679394e-01 6.352692e-01
396 7.821103e-01 6.327114e-01
397 7.355441e-01 6.387470e-01
398 7.430206e-01 6.263321e-01
399 7.466034e-01 6.234565e-01
400 7.269001e-01 6.287940e-01
401 7.560272e-01 6.528096e-01
402 7.589013e-01 6.520502e-01
403 7.590602e-01 6.519574e-01
404 7.419820e-01 6.748770e-01
405 7.178379e-01 6.747548e-01
406 7.284583e-01 6.662681e-01
407 7.333506e-01 6.611970e-01
408 7.299517e-01 6.583311e-01
409 7.127237e-01 6.581275e-01
410 7.071778e-01 6.564561e-01
411 7.074891e-01 6.564423e-01
412 7.022627e-01 6.527583e-01
413 6.989893e-01 6.359443e-01
414 6.959256e-01 6.381225e-01
415 7.000330e-01 6.329272e-01
416 7.016610e-01 6.932106e-01
417 6.980595e-01 6.857101e-01
418 6.989141e-01 6.889800e-01
419 7.008322e-01 6.934607e-01
420 6.982161e-01 6.929968e-01
421 7.139743e-01 6.927995e-01
422 6.831616e-01 6.775153e-01
423 6.616683e-01 6.689210e-01
424 6.763842e-01 6.628241e-01
425 6.767812e-01 6.759778e-01
426 6.295442e-01 7.138595e-01
427 6.292844e-01 7.161371e-01
428 6.845110e-01 7.572366e-01
429 7.036771e-01 7.508487e-01
430 6.807155e-01 7.640345e-01
431 6.812167e-01 7.630472e-01
432 6.876141e-01 7.652675e-01
433 6.842364e-01 7.738093e-01
434 7.002189e-01 7.713755e-01
435 7.006365e-01 7.701976e-01
436 7.256603e-01 7.960560e-01
437 7.021211e-01 7.922827e-01
438 7.010591e-01 8.011535e-01
439 6.616110e-01 8.070571e-01
440 6.879583e-01 7.971427e-01
441 6.855288e-01 8.151182e-01
442 6.823030e-01 8.153724e-01
443 6.803738e-01 8.163944e-01
444 6.698921e-01 8.228509e-01
445 6.731466e-01 8.163000e-01
446 6.719492e-01 8.169064e-01
447 6.699343e-01 8.016083e-01
448 6.621947e-01 8.277842e-01
449 6.353641e-01 8.300888e-01
450 6.514708e-01 8.607405e-01
451 6.181195e-01 8.413846e-01
452 6.006010e-01 8.638621e-01
453 5.921369e-01 8.637835e-01
454 6.225189e-01 8.536654e-01
455 6.288191e-01 8.578963e-01
456 6.311012e-01 8.485395e-01
457 6.204418e-01 8.619626e-01
458 6.209541e-01 8.624262e-01
459 6.446085e-01 8.530737e-01
460 6.458975e-01 8.858856e-01
461 6.300551e-01 8.878777e-01
462 6.550583e-01 8.819332e-01
463 6.689879e-01 8.839943e-01
464 6.649290e-01 8.870327e-01
465 6.550803e-01 8.778183e-01
466 6.601989e-01 8.711160e-01
467 6.562639e-01 8.667945e-01
468 6.560121e-01 8.562462e-01
469 6.574357e-01 8.536903e-01
470 6.753161e-01 8.539179e-01
471 6.759056e-01 8.448784e-01
472 7.066359e-01 8.486559e-01
473 7.170517e-01 8.382776e-01
474 7.262041e-01 8.527318e-01
475 7.316594e-01 8.581097e-01
476 7.293373e-01 8.606863e-01
477 7.365235e-01 8.613835e-01
478 7.375993e-01 8.718386e-01
479 7.522305e-01 8.853585e-01
480 7.510802e-01 9.134306e-01
481 7.479069e-01 9.096509e-01
482 7.552300e-01 9.083772e-01
483 7.455621e-01 9.139291e-01
484 7.550501e-01 9.021034e-01
485 7.584024e-01 8.990955e-01
486 7.409164e-01 8.831641e-01
487 7.474166e-01 8.937927e-01
488 7.126867e-01 8.897260e-01
489 7.058391e-01 8.918985e-01
490 6.980514e-01 8.846862e-01
491 6.982654e-01 8.741768e-01
492 7.045523e-01 8.651551e-01
493 7.239244e-01 8.778808e-01
494 7.201994e-01 8.857695e-01
495 7.273896e-01 8.862805e-01
496 7.482389e-01 8.281225e-01
497 7.630639e-01 8.021108e-01
498 7.860504e-01 7.399693e-01
499 7.901743e-01 7.449801e-01
500 7.920447e-01 7.492421e-01
501 8.237465e-01 7.082184e-01
502 9.113637e-01 6.795307e-01
503 9.143987e-01 7.276177e-01
504 9.180804e-01 7.165472e-01
505 9.874153e-01 7.785272e-01
506 1.019273e+00 7.906587e-01
507 9.980107e-01 8.463893e-01
508 9.982331e-01 8.424698e-01
509 1.008701e+00 8.638403e-01
510 1.005466e+00 8.654124e-01
511 9.903555e-01 8.543383e-01
512 9.916643e-01 8.567226e-01
513 9.599372e-01 8.680496e-01
514 9.390945e-01 8.631072e-01
515 9.430325e-01 8.614461e-01
516 9.638129e-01 7.896020e-01
517 1.018613e+00 7.903726e-01
518 9.720820e-01 7.693790e-01
519 9.844875e-01 7.721235e-01
520 9.952854e-01 7.898720e-01
521 9.509901e-01 7.981653e-01
522 9.457566e-01 7.997203e-01
523 9.427319e-01 8.553162e-01
524 9.490985e-01 8.488101e-01
525 9.835020e-01 8.252264e-01
526 9.739198e-01 8.087490e-01
527 9.986508e-01 8.846520e-01
528 1.011122e+00 8.790032e-01
529 9.883636e-01 8.747627e-01
530 9.827429e-01 8.749910e-01
531 9.545778e-01 9.010576e-01
532 9.588758e-01 9.124566e-01
533 9.556961e-01 9.479299e-01
534 9.433877e-01 9.162775e-01
535 9.544912e-01 9.152660e-01
536 9.588892e-01 9.237675e-01
537 9.448914e-01 9.435521e-01
538 9.897927e-01 9.308411e-01
539 1.018258e+00 9.159001e-01
540 1.020305e+00 9.110543e-01
541 1.031850e+00 9.163836e-01
542 1.059542e+00 8.840720e-01
543 1.059504e+00 8.836084e-01
544 1.061003e+00 8.834050e-01
545 1.056725e+00 8.821163e-01
546 1.050215e+00 8.798083e-01
547 1.057464e+00 8.643540e-01
548 1.126404e+00 8.125715e-01
549 1.126489e+00 8.096133e-01
550 1.123910e+00 7.992198e-01
551 1.132153e+00 8.127031e-01
552 1.161272e+00 8.161967e-01
553 1.156186e+00 8.167090e-01
554 1.156368e+00 8.167745e-01
555 1.155386e+00 8.175897e-01
556 1.155644e+00 8.182333e-01
557 1.155781e+00 8.019436e-01
558 1.178796e+00 7.884338e-01
559 1.228434e+00 8.546203e-01
560 1.207190e+00 8.606646e-01
561 1.210768e+00 8.872355e-01
562 1.215519e+00 9.054825e-01
563 1.238981e+00 9.071119e-01
564 1.238750e+00 9.371748e-01
565 1.180564e+00 8.687612e-01
566 1.178588e+00 8.688068e-01
567 1.189976e+00 8.645701e-01
568 1.192278e+00 8.700777e-01
569 1.190059e+00 8.645942e-01
570 1.143566e+00 7.880372e-01
571 1.178808e+00 7.896046e-01
572 1.178903e+00 7.898911e-01
573 1.198475e+00 7.988990e-01
574 1.200305e+00 8.026355e-01
575 1.189705e+00 8.053786e-01
576 1.183063e+00 8.191131e-01
577 1.184925e+00 8.236807e-01
578 1.189067e+00 8.047506e-01
579 1.177424e+00 7.976740e-01
580 1.178846e+00 7.971679e-01
581 1.179567e+00 7.965152e-01
582 1.186637e+00 7.957004e-01
583 1.146246e+00 7.529798e-01
584 1.149196e+00 7.531262e-01
585 1.149633e+00 7.531919e-01
586 1.143206e+00 7.481372e-01
587 1.157772e+00 7.423370e-01
588 1.158500e+00 7.449707e-01
589 1.166367e+00 7.477810e-01
590 1.165453e+00 7.486597e-01
591 1.178782e+00 7.548097e-01
592 1.181802e+00 7.546493e-01
593 1.184224e+00 7.439909e-01
594 1.183921e+00 7.446225e-01
595 1.186012e+00 7.408009e-01
596 1.190896e+00 7.065177e-01
597 1.188333e+00 7.084926e-01
598 1.167452e+00 7.021594e-01
599 1.143615e+00 7.011606e-01
600 1.083470e+00 6.870755e-01
601 1.055825e+00 6.902384e-01
602 1.070395e+00 6.922182e-01
603 1.066422e+00 7.075228e-01
604 1.066594e+00 7.069119e-01
605 1.069795e+00 7.126989e-01
606 1.069030e+00 7.122848e-01
607 1.064206e+00 6.955897e-01
608 1.048438e+00 6.862660e-01
609 1.048372e+00 6.826371e-01
610 1.041877e+00 6.762806e-01
611 1.040762e+00 6.882694e-01
612 1.048395e+00 6.936453e-01
613 1.052320e+00 6.943960e-01
614 1.048653e+00 6.870928e-01
615 1.074127e+00 6.492703e-01
616 1.072486e+00 6.565659e-01
617 1.055173e+00 6.240270e-01
618 1.061279e+00 6.352337e-01
619 1.048622e+00 6.854948e-01
620 1.054698e+00 6.488222e-01
621 1.062065e+00 6.458546e-01
622 1.051168e+00 6.272002e-01
623 1.047857e+00 6.250238e-01
624 1.047287e+00 6.298629e-01
625 1.083749e+00 6.394461e-01
626 1.111208e+00 6.318738e-01
627 1.065487e+00 6.103104e-01
628 1.045319e+00 6.029222e-01
629 1.068380e+00 5.999543e-01
630 9.688245e-01 6.682146e-01
631 9.648414e-01 6.747227e-01
632 9.596420e-01 6.899286e-01
633 9.625210e-01 6.900727e-01
634 9.640624e-01 6.924558e-01
635 9.673211e-01 6.934796e-01
636 9.663180e-01 6.901304e-01
637 9.664388e-01 6.907815e-01
638 9.845292e-01 6.724455e-01
639 9.805155e-01 6.854807e-01
640 9.878507e-01 7.068725e-01
641 9.527979e-01 7.061286e-01
642 9.711733e-01 6.955032e-01
643 9.683024e-01 7.039096e-01
644 9.577709e-01 7.059203e-01
645 9.814461e-01 7.128780e-01
646 9.833312e-01 7.134928e-01
647 9.771273e-01 7.139052e-01
648 1.005600e+00 7.348679e-01
649 1.031023e+00 7.161270e-01
650 1.047482e+00 7.233352e-01
651 1.046777e+00 7.239636e-01
652 1.030826e+00 7.552508e-01
653 1.027853e+00 7.530510e-01
654 1.042309e+00 7.332381e-01
655 1.043248e+00 7.262798e-01
656 1.034158e+00 7.231494e-01
657 1.033486e+00 7.194773e-01
658 1.060249e+00 7.099436e-01
659 1.087914e+00 6.987403e-01
660 1.041874e+00 7.011508e-01
661 1.039968e+00 7.095874e-01
662 1.036628e+00 6.820055e-01
663 9.366658e-01 7.237167e-01
664 9.379300e-01 7.231464e-01
665 9.313318e-01 7.254189e-01
666 9.383452e-01 7.248878e-01
667 9.417751e-01 7.364111e-01
668 8.597047e-01 7.217357e-01
669 8.369353e-01 7.340457e-01
670 8.369765e-01 7.167425e-01
671 8.390498e-01 7.179217e-01
672 8.434952e-01 7.272612e-01
673 8.405220e-01 7.221035e-01
674 8.793398e-01 7.275693e-01
675 8.791289e-01 7.251746e-01
676 8.983269e-01 7.209501e-01
677 8.813910e-01 7.165494e-01
678 9.042779e-01 7.550990e-01
679 8.827731e-01 6.558926e-01
680 8.889021e-01 6.520134e-01
681 8.890271e-01 6.521800e-01
682 8.548392e-01 6.545984e-01
683 8.620830e-01 6.528441e-01
684 8.613352e-01 6.929877e-01
685 9.004741e-01 6.740592e-01
686 9.127674e-01 6.609044e-01
687 9.121395e-01 6.618945e-01
688 9.046227e-01 6.782886e-01
689 8.821025e-01 6.644446e-01
690 9.420130e-01 6.654817e-01
691 1.010110e+00 6.194482e-01
692 9.917850e-01 6.176787e-01
693 9.759421e-01 6.421035e-01
694 9.758623e-01 6.436127e-01
695 9.506807e-01 6.487041e-01
696 8.989354e-01 6.556359e-01
697 9.397588e-01 6.819192e-01
698 9.648690e-01 6.754613e-01
699 9.597068e-01 6.645378e-01
700 9.878612e-01 6.369362e-01
701 1.000053e+00 6.419556e-01
702 9.946532e-01 6.554141e-01
703 9.816366e-01 6.879477e-01
704 9.887309e-01 6.851442e-01
705 9.841892e-01 6.788780e-01
706 9.871024e-01 6.817837e-01
707 9.429626e-01 6.479353e-01
708 9.321034e-01 6.622665e-01
709 9.283886e-01 6.521454e-01
710 9.413115e-01 6.503875e-01
711 9.362546e-01 6.471437e-01
712 9.355360e-01 6.404792e-01
713 9.543767e-01 6.762453e-01
714 8.667907e-01 7.455863e-01
715 8.909805e-01 7.504794e-01
716 8.834686e-01 7.468697e-01
717 8.759092e-01 7.554761e-01
718 8.887858e-01 7.856338e-01
719 8.902676e-01 7.946733e-01
720 8.939723e-01 8.016181e-01
721 9.395455e-01 7.257243e-01
722 9.411994e-01 7.288269e-01
723 9.424938e-01 7.596947e-01
724 9.589559e-01 7.191920e-01
725 9.602217e-01 7.426293e-01
726 9.819950e-01 7.438591e-01
727 9.779884e-01 7.516307e-01
728 9.818770e-01 7.538393e-01
729 9.822327e-01 7.528325e-01
730 9.960746e-01 7.586035e-01
731 1.029182e+00 7.588415e-01
732 1.047198e+00 7.793186e-01
733 1.025065e+00 7.762964e-01
734 1.028552e+00 7.717142e-01
735 1.025065e+00 7.961110e-01
736 1.022147e+00 8.017163e-01
737 9.637562e-01 7.624503e-01
738 9.638267e-01 7.622249e-01
739 9.545170e-01 7.542892e-01
740 9.532261e-01 7.533896e-01
741 9.523840e-01 7.555751e-01
742 9.481562e-01 7.441212e-01
743 9.509572e-01 7.337659e-01
744 9.545817e-01 6.950349e-01
745 9.104013e-01 6.496048e-01
746 9.067877e-01 6.463995e-01
747 8.926232e-01 6.363112e-01
748 8.957275e-01 6.256857e-01
749 8.962021e-01 6.257818e-01
750 8.906665e-01 6.112801e-01
751 8.868631e-01 6.230935e-01
752 8.954668e-01 6.244384e-01
753 8.953752e-01 6.212152e-01
754 8.586024e-01 6.184640e-01
755 8.391577e-01 6.602061e-01
756 8.382199e-01 6.684941e-01
757 8.381056e-01 6.687259e-01
758 8.396314e-01 6.513157e-01
759 8.850027e-01 6.390762e-01
760 8.805099e-01 6.223414e-01
761 8.792313e-01 6.079368e-01
762 8.810824e-01 6.088657e-01
763 9.133897e-01 6.525192e-01
764 8.848388e-01 6.554892e-01
765 8.663173e-01 6.547611e-01
766 8.722601e-01 6.507697e-01
767 8.779752e-01 6.632350e-01
768 8.941193e-01 6.543085e-01
769 8.983227e-01 6.594973e-01
770 9.297148e-01 5.929798e-01
771 9.441193e-01 5.975259e-01
772 9.176209e-01 6.090977e-01
773 9.215605e-01 6.125901e-01
774 9.138799e-01 6.230446e-01
775 8.939094e-01 6.156847e-01
776 9.048460e-01 7.564596e-01
777 9.316595e-01 7.364745e-01
778 9.316729e-01 7.384146e-01
779 9.298024e-01 7.360594e-01
780 9.303314e-01 7.363742e-01
781 9.334286e-01 7.384882e-01
782 9.344555e-01 7.373905e-01
783 9.293925e-01 7.410448e-01
784 9.222074e-01 7.403588e-01
785 9.059034e-01 7.316193e-01
786 9.205729e-01 7.348409e-01
787 9.375333e-01 7.538143e-01
788 9.387991e-01 7.565073e-01
789 9.272739e-01 7.481596e-01
790 9.341335e-01 7.163426e-01
791 9.170189e-01 7.233062e-01
792 9.185239e-01 7.249559e-01
793 9.074923e-01 7.768328e-01
794 9.358047e-01 7.881524e-01
795 9.106186e-01 7.483837e-01
796 9.187326e-01 7.613790e-01
797 8.545796e-01 7.426174e-01
798 8.281159e-01 7.417009e-01
799 8.252516e-01 7.492761e-01
800 8.243810e-01 7.487689e-01
801 8.188374e-01 7.501279e-01
802 8.221036e-01 7.834849e-01
803 8.555595e-01 7.722220e-01
804 8.639357e-01 8.025774e-01
805 8.624646e-01 8.052218e-01
806 8.607761e-01 8.020051e-01
807 8.689571e-01 7.937063e-01
808 8.461691e-01 7.894723e-01
809 8.493342e-01 7.981629e-01
810 8.449586e-01 8.299780e-01
811 8.293358e-01 8.516996e-01
812 8.203127e-01 8.408626e-01
813 8.091096e-01 8.509119e-01
814 8.233374e-01 8.912864e-01
815 8.105686e-01 8.844137e-01
816 7.872803e-01 8.327857e-01
817 7.870894e-01 8.313169e-01
818 7.880103e-01 8.305930e-01
819 7.829911e-01 8.263956e-01
820 7.983758e-01 8.788919e-01
821 7.904767e-01 8.819118e-01
822 7.930971e-01 8.672627e-01
823 7.877660e-01 8.900559e-01
824 7.973304e-01 9.087926e-01
825 7.914116e-01 9.262619e-01
826 7.956842e-01 9.308363e-01
827 7.978870e-01 9.306141e-01
828 8.036996e-01 9.300384e-01
829 8.036759e-01 9.298133e-01
830 8.014107e-01 9.084676e-01
831 7.976654e-01 9.129378e-01
832 7.967070e-01 9.236474e-01
833 7.898435e-01 9.225693e-01
834 7.589196e-01 8.699675e-01
835 7.551346e-01 8.697542e-01
836 8.700742e-01 8.228389e-01
837 8.304449e-01 8.327327e-01
838 8.479370e-01 8.607544e-01
839 8.689549e-01 8.518530e-01
840 8.419862e-01 8.477355e-01
841 8.453828e-01 8.447017e-01
842 8.138455e-01 8.614683e-01
843 7.759147e-01 8.405261e-01
844 7.749991e-01 8.421028e-01
845 7.745589e-01 8.538782e-01
846 7.791826e-01 8.399451e-01
847 7.651044e-01 8.280425e-01
848 7.688307e-01 8.249328e-01
849 7.789894e-01 8.351712e-01
850 7.858783e-01 8.217693e-01
851 8.254879e-01 8.683094e-01
852 8.126379e-01 8.628494e-01
853 8.047137e-01 8.625438e-01
854 8.083295e-01 8.661712e-01
855 8.744711e-01 8.828133e-01
856 8.756899e-01 8.857355e-01
857 8.735107e-01 8.847380e-01
858 8.485578e-01 8.958059e-01
859 8.651985e-01 9.050995e-01
860 8.756643e-01 9.140015e-01
861 8.733097e-01 8.998784e-01
862 8.606144e-01 9.002975e-01
863 8.682114e-01 9.080727e-01
864 9.621405e-01 9.282159e-01
865 9.501013e-01 9.159519e-01
866 9.777412e-01 8.902944e-01
867 9.784004e-01 8.716001e-01
868 9.505651e-01 8.259873e-01
869 9.328825e-01 8.477265e-01
870 9.048669e-01 8.591735e-01
871 9.150164e-01 8.410849e-01
872 9.170110e-01 8.530896e-01
873 9.286982e-01 8.595112e-01
874 9.216136e-01 8.735018e-01
875 9.212884e-01 8.732406e-01
876 9.198183e-01 8.719506e-01
877 9.186086e-01 8.655080e-01
878 9.149782e-01 8.691666e-01
879 9.153414e-01 8.646263e-01
880 9.163273e-01 8.645889e-01
881 9.385614e-01 8.423582e-01
882 9.388087e-01 8.419300e-01
883 9.082729e-01 8.808244e-01
884 9.058989e-01 8.808234e-01
885 9.474847e-01 8.569193e-01
886 9.404625e-01 8.677338e-01
887 9.423225e-01 8.686407e-01
888 9.460415e-01 8.524715e-01
889 9.244542e-01 8.536185e-01
890 8.973730e-01 8.701913e-01
891 8.958534e-01 8.789049e-01
892 9.265286e-01 8.919320e-01
893 9.376716e-01 8.899179e-01
894 9.019051e-01 8.774164e-01
895 9.005376e-01 8.793463e-01
896 8.808868e-01 8.952423e-01
897 8.810556e-01 8.955167e-01
898 8.799145e-01 8.946201e-01
899 8.747064e-01 8.961075e-01
900 8.939198e-01 8.968157e-01
901 8.621101e-01 8.912069e-01
902 8.767769e-01 8.694501e-01
903 8.556676e-01 8.707146e-01
904 8.175233e-01 8.403036e-01
905 7.924344e-01 8.437775e-01
906 7.995382e-01 8.357397e-01
907 7.999905e-01 8.360187e-01
908 7.735231e-01 8.038171e-01
909 7.776109e-01 7.918846e-01
910 7.743383e-01 7.984658e-01
911 7.791640e-01 7.787661e-01
912 7.854735e-01 7.372955e-01
913 7.862926e-01 7.387104e-01
914 7.871982e-01 7.396639e-01
915 7.898098e-01 7.477456e-01
916 8.118885e-01 7.447897e-01
917 7.934602e-01 6.913964e-01
918 7.977609e-01 6.787395e-01
919 7.875474e-01 6.598150e-01
920 7.985439e-01 6.424294e-01
921 8.016866e-01 6.440456e-01
922 8.012920e-01 6.451632e-01
923 7.341237e-01 7.192863e-01
924 7.346975e-01 7.192319e-01
925 7.360918e-01 7.287896e-01
926 7.414530e-01 7.158200e-01
927 7.493537e-01 7.062391e-01
928 7.501703e-01 7.042604e-01
929 7.492565e-01 7.029741e-01
930 7.466038e-01 7.013768e-01
931 7.396309e-01 7.332857e-01
932 7.410768e-01 7.333987e-01
933 7.260152e-01 7.014846e-01
934 7.231554e-01 7.157792e-01
935 7.330844e-01 7.069321e-01
936 7.329306e-01 7.043280e-01
937 7.288983e-01 7.058240e-01
938 7.296557e-01 7.041707e-01
939 7.261691e-01 7.175499e-01
940 7.194180e-01 7.046788e-01
941 7.237256e-01 7.117399e-01
942 7.261427e-01 7.168631e-01
943 7.496781e-01 7.855843e-01
944 7.012963e-01 7.509588e-01
945 7.010779e-01 7.510806e-01
946 6.861552e-01 7.824655e-01
947 6.897509e-01 7.914536e-01
948 6.780366e-01 7.765624e-01
949 6.744317e-01 7.777795e-01
950 6.715706e-01 7.668456e-01
951 6.385699e-01 8.102837e-01
952 6.358928e-01 8.014213e-01
953 6.372716e-01 8.029069e-01
954 6.520276e-01 7.905544e-01
955 6.680813e-01 7.869001e-01
956 6.724059e-01 7.940861e-01
957 6.666747e-01 8.261065e-01
958 6.790959e-01 8.080993e-01
959 7.366159e-01 7.980247e-01
960 6.942463e-01 7.868706e-01
961 7.013558e-01 7.874606e-01
962 7.037793e-01 7.857327e-01
963 7.038122e-01 7.861920e-01
964 7.061836e-01 8.018078e-01
965 6.982330e-01 7.998047e-01
966 6.828418e-01 8.404355e-01
967 6.662501e-01 8.437328e-01
968 6.915987e-01 8.739131e-01
969 6.886570e-01 8.781042e-01
970 6.881706e-01 8.753163e-01
971 6.621016e-01 8.619905e-01
972 6.608568e-01 8.556298e-01
973 6.830331e-01 8.507439e-01
974 6.822700e-01 8.681793e-01
975 6.854388e-01 8.224978e-01
976 6.800887e-01 8.296240e-01
977 6.721704e-01 8.123913e-01
978 6.734473e-01 8.106430e-01
979 7.086867e-01 8.029841e-01
980 7.233223e-01 8.049330e-01
981 7.205079e-01 8.190088e-01
982 7.153177e-01 8.313747e-01
983 7.034550e-01 8.362102e-01
984 7.020691e-01 8.316072e-01
985 7.018844e-01 8.294259e-01
986 6.982287e-01 8.295464e-01
987 7.305986e-01 8.550459e-01
988 7.314399e-01 8.523629e-01
989 7.757278e-01 8.363719e-01
990 7.724629e-01 8.290176e-01
991 7.874101e-01 8.407991e-01
992 7.794351e-01 8.307355e-01
993 7.948682e-01 8.402616e-01
994 7.947272e-01 8.402358e-01
995 7.876547e-01 8.603459e-01
996 8.040218e-01 8.622093e-01
997 8.063655e-01 8.604906e-01
998 7.598106e-01 8.656273e-01
999 7.940739e-01 8.345244e-01
1000 7.894803e-01 8.391374e-01
1001 7.909010e-01 8.412139e-01
1002 8.083894e-01 8.418689e-01
1003 8.244051e-01 8.568088e-01
1004 7.964668e-01 8.716477e-01
1005 7.974376e-01 8.716253e-01
1006 7.835500e-01 8.664139e-01
1007 7.825797e-01 8.742737e-01
1008 7.531036e-01 8.509612e-01
1009 7.424799e-01 9.044667e-01
1010 7.422356e-01 9.039133e-01
1011 7.592805e-01 9.141475e-01
1012 7.742937e-01 9.114868e-01
1013 7.746840e-01 9.114825e-01
1014 7.588933e-01 9.260233e-01
1015 7.654696e-01 9.190046e-01
1016 7.668713e-01 9.175910e-01
1017 7.745272e-01 9.152006e-01
1018 7.760354e-01 9.611761e-01
1019 7.929251e-01 9.742945e-01
1020 8.079522e-01 9.755173e-01
1021 8.040749e-01 9.836246e-01
1022 8.073722e-01 9.784082e-01
1023 8.065799e-01 9.768605e-01
1024 8.060798e-01 9.783151e-01
1025 8.006564e-01 9.815237e-01
1026 8.130985e-01 1.000205e+00
1027 8.073143e-01 1.006564e+00
1028 8.177604e-01 1.024682e+00
1029 8.410266e-01 1.013254e+00
1030 8.440175e-01 1.012516e+00
1031 8.634401e-01 9.969661e-01
1032 8.688400e-01 9.948216e-01
1033 8.662734e-01 1.037958e+00
1034 8.632040e-01 1.041527e+00
1035 8.638492e-01 1.041035e+00
1036 8.640374e-01 1.041667e+00
1037 9.003759e-01 1.048828e+00
1038 9.074173e-01 1.045452e+00
1039 8.796576e-01 1.037820e+00
1040 8.875078e-01 1.039985e+00
1041 8.854060e-01 1.027051e+00
1042 8.856012e-01 1.042308e+00
1043 8.860953e-01 1.042503e+00
1044 8.762268e-01 1.049772e+00
1045 8.544569e-01 1.046863e+00
1046 8.611174e-01 1.043131e+00
1047 8.589491e-01 1.052427e+00
1048 8.614160e-01 1.051499e+00
1049 8.640780e-01 1.036791e+00
1050 8.607063e-01 1.035442e+00
1051 8.537237e-01 1.025635e+00
1052 8.735773e-01 1.045351e+00
1053 8.703855e-01 1.072944e+00
1054 8.484872e-01 1.057371e+00
1055 8.497547e-01 1.063652e+00
1056 8.359335e-01 1.078766e+00
1057 8.349522e-01 1.112007e+00
1058 8.356095e-01 1.153648e+00
1059 8.320088e-01 1.156831e+00
1060 8.161397e-01 1.119237e+00
1061 8.141064e-01 1.108251e+00
1062 8.039082e-01 1.124191e+00
1063 7.641646e-01 1.099101e+00
1064 7.557990e-01 1.109875e+00
1065 7.328627e-01 1.098372e+00
1066 7.214304e-01 1.109099e+00
1067 7.219234e-01 1.108750e+00
1068 6.794411e-01 1.045742e+00
1069 6.770364e-01 1.046474e+00
1070 6.671150e-01 1.048109e+00
1071 6.630490e-01 1.038232e+00
1072 6.665158e-01 1.041773e+00
1073 6.714970e-01 1.034425e+00
1074 6.597167e-01 1.023399e+00
1075 6.491687e-01 1.010373e+00
1076 6.563520e-01 1.031567e+00
1077 6.238075e-01 1.015240e+00
1078 6.336604e-01 1.026558e+00
1079 6.236263e-01 1.041604e+00
1080 6.221756e-01 1.040993e+00
1081 5.912315e-01 1.072923e+00
1082 6.264356e-01 1.051275e+00
1083 6.293442e-01 1.056291e+00
1084 6.313803e-01 1.059469e+00
1085 6.459381e-01 1.082204e+00
1086 6.454125e-01 1.082055e+00
1087 6.562736e-01 1.038007e+00
1088 6.650477e-01 1.050271e+00
1089 6.722343e-01 1.042028e+00
1090 6.558476e-01 1.063849e+00
1091 6.567418e-01 1.060674e+00
1092 6.580707e-01 1.059788e+00
1093 6.625097e-01 1.063605e+00
1094 6.626025e-01 1.052027e+00
1095 6.652000e-01 1.047699e+00
1096 6.550768e-01 1.045729e+00
1097 6.585760e-01 1.041696e+00
1098 6.405321e-01 1.052961e+00
1099 6.394000e-01 1.051718e+00
1100 6.401860e-01 1.053394e+00
1101 6.424322e-01 1.055560e+00
1102 6.435806e-01 1.059518e+00
1103 6.427596e-01 1.058848e+00
1104 6.534237e-01 1.060837e+00
1105 6.546385e-01 1.064888e+00
1106 6.547253e-01 1.064868e+00
1107 6.335976e-01 1.087595e+00
1108 6.060289e-01 1.093962e+00
1109 5.927354e-01 1.082528e+00
1110 5.918051e-01 1.080806e+00
1111 5.912697e-01 1.083252e+00
1112 5.978413e-01 1.064884e+00
1113 5.754815e-01 1.064046e+00
1114 5.840690e-01 1.045666e+00
1115 5.470618e-01 1.071322e+00
1116 5.449853e-01 1.069376e+00
1117 5.454788e-01 1.068854e+00
1118 5.337231e-01 1.086443e+00
1119 5.134165e-01 1.075072e+00
1120 4.645663e-01 1.082484e+00
1121 4.718667e-01 1.083446e+00
1122 4.703162e-01 1.080458e+00
1123 4.949283e-01 1.132539e+00
1124 5.106216e-01 1.084489e+00
1125 5.085045e-01 1.069078e+00
1126 5.105453e-01 1.076116e+00
1127 5.143207e-01 1.075173e+00
1128 4.986210e-01 1.090606e+00
1129 4.934445e-01 1.099323e+00
1130 4.870118e-01 1.077459e+00
1131 4.965709e-01 1.054413e+00
1132 5.066972e-01 1.045345e+00
1133 4.806172e-01 1.046602e+00
1134 5.109819e-01 1.037237e+00
1135 5.128209e-01 1.017671e+00
1136 5.139077e-01 1.014399e+00
1137 5.117765e-01 9.847679e-01
1138 5.138795e-01 9.980559e-01
1139 5.003550e-01 1.015600e+00
1140 5.392182e-01 1.001278e+00
1141 5.586716e-01 1.002185e+00
1142 5.672206e-01 1.005461e+00
1143 5.676901e-01 9.984511e-01
1144 5.732485e-01 9.934443e-01
1145 5.706479e-01 1.007532e+00
1146 5.890114e-01 1.021392e+00
1147 5.874679e-01 1.025905e+00
1148 5.722677e-01 1.025804e+00
1149 5.735172e-01 1.026007e+00
1150 5.753622e-01 1.016487e+00
1151 5.797694e-01 1.007288e+00
1152 6.440899e-01 9.971624e-01
1153 6.514061e-01 9.734456e-01
1154 6.751881e-01 9.507106e-01
1155 6.757471e-01 9.521567e-01
1156 6.583447e-01 9.446511e-01
1157 6.564733e-01 9.523338e-01
1158 6.639709e-01 9.707105e-01
1159 6.573035e-01 9.463817e-01
1160 6.470853e-01 9.297030e-01
1161 6.403550e-01 9.308598e-01
1162 6.407097e-01 9.288550e-01
1163 6.401364e-01 9.294480e-01
1164 6.285759e-01 8.748128e-01
1165 6.350654e-01 8.740013e-01
1166 6.266448e-01 8.728626e-01
1167 6.350744e-01 8.905683e-01
1168 6.390258e-01 8.765621e-01
1169 6.321152e-01 8.651318e-01
1170 6.592091e-01 8.756188e-01
1171 6.424579e-01 9.092134e-01
1172 6.398950e-01 8.608071e-01
1173 6.379711e-01 8.611772e-01
1174 6.064760e-01 8.720498e-01
1175 6.322700e-01 8.545449e-01
1176 6.363597e-01 8.601940e-01
1177 6.497462e-01 8.677669e-01
1178 6.394401e-01 8.769368e-01
1179 6.817410e-01 9.040417e-01
1180 6.788765e-01 9.029691e-01
1181 6.683447e-01 9.037473e-01
1182 7.428620e-01 9.199475e-01
1183 7.549826e-01 9.105227e-01
1184 7.378367e-01 8.902907e-01
1185 7.178566e-01 8.781859e-01
1186 7.185848e-01 8.793729e-01
1187 7.164332e-01 8.720523e-01
1188 7.055153e-01 8.756487e-01
1189 7.120550e-01 8.869316e-01
1190 6.985867e-01 8.863387e-01
1191 6.792213e-01 8.957981e-01
1192 6.853289e-01 9.022758e-01
1193 6.967468e-01 9.137806e-01
1194 7.234244e-01 9.215682e-01
1195 7.230512e-01 9.208378e-01
1196 7.319822e-01 9.108600e-01
1197 7.153120e-01 9.013066e-01
1198 7.170560e-01 9.025702e-01
1199 7.157067e-01 8.985798e-01
1200 7.029726e-01 9.203638e-01
1201 6.940386e-01 9.122277e-01
1202 7.560886e-01 9.231091e-01
1203 7.699066e-01 9.139120e-01
1204 7.686723e-01 9.229088e-01
1205 7.685696e-01 9.216538e-01
1206 7.621704e-01 9.184770e-01
1207 7.568911e-01 9.110370e-01
1208 7.418431e-01 9.401360e-01
1209 7.435390e-01 9.355761e-01
1210 7.463033e-01 9.311132e-01
1211 7.423992e-01 9.266035e-01
1212 7.517667e-01 9.059211e-01
1213 7.522153e-01 9.062739e-01
1214 7.572136e-01 9.281680e-01
1215 7.537888e-01 8.916797e-01
1216 7.219115e-01 8.655292e-01
1217 7.069447e-01 8.806383e-01
1218 6.919038e-01 8.743738e-01
1219 6.919993e-01 8.756743e-01
1220 6.921091e-01 8.754879e-01
1221 6.977836e-01 8.914989e-01
1222 6.920493e-01 8.968007e-01
1223 6.530114e-01 8.892695e-01
1224 6.627465e-01 8.757481e-01
1225 6.739217e-01 8.590724e-01
1226 6.667998e-01 8.403735e-01
1227 6.836543e-01 8.397309e-01
1228 6.282744e-01 8.818092e-01
1229 6.278867e-01 8.659045e-01
1230 6.350763e-01 8.616418e-01
1231 5.608041e-01 8.620134e-01
1232 5.586017e-01 8.591191e-01
1233 5.694412e-01 8.638176e-01
1234 5.836384e-01 8.670564e-01
1235 5.878472e-01 8.756364e-01
1236 5.167383e-01 8.922501e-01
1237 4.876106e-01 8.920694e-01
1238 4.916436e-01 8.915069e-01
1239 4.873490e-01 9.028283e-01
1240 4.973590e-01 9.019145e-01
1241 4.755475e-01 9.579121e-01
1242 4.885726e-01 9.927202e-01
1243 4.980658e-01 9.958717e-01
1244 4.858226e-01 1.011580e+00
1245 4.848319e-01 1.008327e+00
1246 4.921734e-01 1.017511e+00
1247 4.776293e-01 1.021779e+00
1248 4.776341e-01 1.021834e+00
1249 4.756402e-01 1.043178e+00
1250 4.622208e-01 1.041257e+00
1251 4.546696e-01 1.034203e+00
1252 4.482720e-01 1.031573e+00
1253 4.457876e-01 1.017284e+00
1254 4.478976e-01 1.009118e+00
1255 4.493520e-01 1.012028e+00
1256 4.509142e-01 1.009351e+00
1257 4.256880e-01 1.014639e+00
1258 4.289859e-01 1.004892e+00
1259 4.291396e-01 1.007816e+00
1260 4.315180e-01 1.010770e+00
1261 4.277239e-01 1.011177e+00
1262 4.748926e-01 1.068538e+00
1263 4.919538e-01 1.045318e+00
1264 4.976798e-01 1.046229e+00
1265 5.126594e-01 1.040787e+00
1266 5.702779e-01 1.047316e+00
1267 5.518203e-01 1.054022e+00
1268 5.523168e-01 1.056250e+00
1269 5.353396e-01 1.045613e+00
1270 5.334401e-01 1.045889e+00
1271 5.252782e-01 1.054142e+00
1272 5.123677e-01 1.099431e+00
1273 5.202964e-01 1.106958e+00
1274 5.206171e-01 1.106920e+00
1275 5.049535e-01 1.102743e+00
1276 4.937617e-01 1.136194e+00
1277 4.935661e-01 1.136591e+00
1278 4.334336e-01 1.189642e+00
1279 4.343321e-01 1.196532e+00
1280 4.029188e-01 1.231925e+00
1281 4.025278e-01 1.242780e+00
1282 3.940625e-01 1.214577e+00
1283 4.456647e-01 1.176097e+00
1284 4.372260e-01 1.175422e+00
1285 4.830526e-01 1.147486e+00
1286 5.072398e-01 1.158308e+00
1287 5.203341e-01 1.240400e+00
1288 5.334995e-01 1.230605e+00
1289 5.474489e-01 1.226986e+00
1290 5.449470e-01 1.205038e+00
1291 5.550430e-01 1.201452e+00
1292 5.736706e-01 1.175089e+00
1293 5.703029e-01 1.112862e+00
1294 6.174689e-01 1.129741e+00
1295 6.426168e-01 1.153526e+00
1296 6.405444e-01 1.195759e+00
1297 6.253017e-01 1.188805e+00
1298 6.294195e-01 1.184876e+00
1299 6.247157e-01 1.203033e+00
1300 6.625154e-01 1.229710e+00
1301 6.623033e-01 1.229875e+00
1302 6.721838e-01 1.220770e+00
1303 6.533398e-01 1.203564e+00
1304 6.578195e-01 1.203360e+00
1305 6.381813e-01 1.215624e+00
1306 6.684949e-01 1.223627e+00
1307 6.150703e-01 1.219211e+00
1308 6.374246e-01 1.238338e+00
1309 6.362920e-01 1.231927e+00
1310 6.245697e-01 1.229450e+00
1311 6.243663e-01 1.229541e+00
1312 6.334011e-01 1.222450e+00
1313 6.332239e-01 1.224908e+00
1314 6.650274e-01 1.235179e+00
1315 6.525141e-01 1.234288e+00
1316 6.179801e-01 1.248877e+00
1317 6.156091e-01 1.255100e+00
1318 6.148378e-01 1.238101e+00
1319 5.740999e-01 1.257115e+00
1320 5.807010e-01 1.198219e+00
1321 5.601086e-01 1.198440e+00
1322 5.600902e-01 1.198174e+00
1323 5.456770e-01 1.200268e+00
1324 5.423353e-01 1.198901e+00
1325 5.575002e-01 1.201076e+00
1326 5.531159e-01 1.202603e+00
1327 5.536205e-01 1.202712e+00
1328 5.449049e-01 1.230544e+00
1329 5.454427e-01 1.226527e+00
1330 5.440115e-01 1.223480e+00
1331 5.549137e-01 1.210552e+00
1332 5.538089e-01 1.213345e+00
1333 5.313843e-01 1.204642e+00
1334 6.210201e-01 1.185735e+00
1335 6.101979e-01 1.194436e+00
1336 5.961062e-01 1.178898e+00
1337 5.962722e-01 1.179396e+00
1338 5.874292e-01 1.260450e+00
1339 5.940289e-01 1.256931e+00
1340 6.141178e-01 1.269372e+00
1341 6.173635e-01 1.272202e+00
1342 6.114425e-01 1.194715e+00
1343 6.173403e-01 1.195476e+00
1344 6.135058e-01 1.193849e+00
1345 5.758728e-01 1.225761e+00
1346 5.784279e-01 1.227638e+00
1347 5.777954e-01 1.225688e+00
1348 5.862402e-01 1.227352e+00
1349 5.671486e-01 1.206991e+00
1350 5.579475e-01 1.195538e+00
1351 5.739731e-01 1.182076e+00
1352 5.104814e-01 1.206686e+00
1353 5.301297e-01 1.156472e+00
1354 5.481588e-01 1.133524e+00
1355 5.479472e-01 1.133487e+00
1356 5.446932e-01 1.153361e+00
1357 5.447133e-01 1.160372e+00
1358 5.385173e-01 1.201182e+00
1359 5.484745e-01 1.223521e+00
1360 5.534637e-01 1.235951e+00
1361 5.380980e-01 1.273623e+00
1362 5.396018e-01 1.274456e+00
1363 5.312111e-01 1.279861e+00
1364 5.643883e-01 1.249097e+00
1365 5.674225e-01 1.246870e+00
1366 5.637437e-01 1.237026e+00
1367 5.658801e-01 1.245156e+00
1368 5.738613e-01 1.248429e+00
1369 5.799863e-01 1.234008e+00
1370 5.740444e-01 1.228964e+00
1371 5.835244e-01 1.219790e+00
1372 5.901759e-01 1.227442e+00
1373 5.998147e-01 1.242791e+00
1374 5.525021e-01 1.245617e+00
1375 5.605185e-01 1.258450e+00
1376 6.083105e-01 1.261793e+00
1377 6.025594e-01 1.263361e+00
1378 5.762211e-01 1.253679e+00
1379 5.837340e-01 1.267993e+00
1380 5.828091e-01 1.274883e+00
1381 6.041317e-01 1.240517e+00
1382 6.049237e-01 1.246199e+00
1383 6.044920e-01 1.242226e+00
1384 6.076094e-01 1.232489e+00
1385 6.078892e-01 1.223804e+00
1386 6.233048e-01 1.225466e+00
1387 6.353777e-01 1.205706e+00
1388 6.502695e-01 1.172955e+00
1389 6.672738e-01 1.157846e+00
1390 6.523971e-01 1.150857e+00
1391 6.538539e-01 1.144639e+00
1392 6.544178e-01 1.150628e+00
1393 6.388449e-01 1.148725e+00
1394 6.758355e-01 1.154146e+00
1395 6.767718e-01 1.154644e+00
1396 7.115646e-01 1.189822e+00
1397 6.961803e-01 1.179775e+00
1398 6.883554e-01 1.164689e+00
1399 6.765154e-01 1.160052e+00
1400 6.778055e-01 1.162073e+00
1401 6.669504e-01 1.153061e+00
1402 6.623116e-01 1.160807e+00
1403 6.530917e-01 1.161089e+00
1404 6.615364e-01 1.127788e+00
1405 6.649351e-01 1.143780e+00
1406 6.482475e-01 1.119061e+00
1407 6.522273e-01 1.122976e+00
1408 6.727362e-01 1.131713e+00
1409 6.818548e-01 1.087979e+00
1410 6.846784e-01 1.089703e+00
1411 7.286653e-01 1.095816e+00
1412 7.574690e-01 1.093663e+00
1413 7.182750e-01 1.110923e+00
1414 7.250028e-01 1.129586e+00
1415 7.303937e-01 1.132514e+00
1416 7.162072e-01 1.135576e+00
1417 7.291821e-01 1.159529e+00
1418 7.168707e-01 1.164906e+00
1419 7.176089e-01 1.166297e+00
1420 7.356216e-01 1.165552e+00
1421 7.339218e-01 1.171100e+00
1422 6.972003e-01 1.144226e+00
1423 6.915171e-01 1.127996e+00
1424 6.795873e-01 1.134100e+00
1425 7.066077e-01 1.210002e+00
1426 7.053889e-01 1.207632e+00
1427 7.383971e-01 1.196379e+00
1428 7.221303e-01 1.219121e+00
1429 7.072977e-01 1.207965e+00
1430 7.405323e-01 1.182783e+00
1431 7.738886e-01 1.179595e+00
1432 7.757083e-01 1.175842e+00
1433 7.863213e-01 1.170580e+00
1434 7.835551e-01 1.170425e+00
1435 8.366331e-01 1.169842e+00
1436 8.278845e-01 1.171294e+00
1437 8.440758e-01 1.138024e+00
1438 8.441010e-01 1.136406e+00
1439 8.337942e-01 1.143028e+00
1440 8.258833e-01 1.173217e+00
1441 8.337985e-01 1.193433e+00
1442 8.293853e-01 1.196536e+00
1443 8.309677e-01 1.195169e+00
1444 8.309390e-01 1.195085e+00
1445 8.773199e-01 1.199802e+00
1446 8.687346e-01 1.219402e+00
1447 8.773192e-01 1.273513e+00
1448 8.805300e-01 1.271720e+00
1449 8.871184e-01 1.269688e+00
1450 8.885604e-01 1.278378e+00
1451 8.641682e-01 1.270087e+00
1452 8.846499e-01 1.267073e+00
1453 8.737274e-01 1.276771e+00
1454 8.710712e-01 1.295700e+00
1455 8.709152e-01 1.295460e+00
1456 8.718914e-01 1.296215e+00
1457 8.776857e-01 1.221584e+00
1458 8.605006e-01 1.206928e+00
1459 8.579791e-01 1.212074e+00
1460 8.642600e-01 1.191709e+00
1461 8.459983e-01 1.212266e+00
1462 8.397668e-01 1.195607e+00
1463 8.131693e-01 1.215193e+00
1464 8.221349e-01 1.241164e+00
1465 8.220852e-01 1.241319e+00
1466 8.231406e-01 1.226713e+00
1467 8.519302e-01 1.240614e+00
1468 9.075049e-01 1.248658e+00
1469 9.057514e-01 1.249277e+00
1470 8.778481e-01 1.251277e+00
1471 8.840560e-01 1.258297e+00
1472 8.878808e-01 1.245679e+00
1473 8.876742e-01 1.246345e+00
1474 8.501280e-01 1.231606e+00
1475 8.422995e-01 1.239936e+00
1476 8.327680e-01 1.219484e+00
1477 8.574417e-01 1.234645e+00
1478 8.544691e-01 1.233983e+00
1479 8.730112e-01 1.246289e+00
1480 8.852343e-01 1.229137e+00
1481 8.640019e-01 1.246346e+00
1482 8.629777e-01 1.251616e+00
1483 8.623211e-01 1.247084e+00
1484 8.636956e-01 1.246666e+00
1485 8.513656e-01 1.251916e+00
1486 8.539751e-01 1.241311e+00
1487 8.582476e-01 1.232156e+00
1488 8.661069e-01 1.226584e+00
1489 8.631892e-01 1.221864e+00
1490 8.624965e-01 1.228986e+00
1491 8.580378e-01 1.263356e+00
1492 8.610673e-01 1.260033e+00
1493 8.543548e-01 1.229193e+00
1494 9.022949e-01 1.215856e+00
1495 8.691156e-01 1.164493e+00
1496 8.702133e-01 1.166529e+00
1497 8.839522e-01 1.159382e+00
1498 8.812651e-01 1.171244e+00
1499 8.591857e-01 1.176436e+00
1500 8.233982e-01 1.189107e+00
1501 7.955088e-01 1.192753e+00
1502 7.846531e-01 1.189913e+00
1503 7.764208e-01 1.175351e+00
1504 7.754000e-01 1.182248e+00
1505 7.849844e-01 1.184383e+00
1506 7.803592e-01 1.183519e+00
1507 7.762947e-01 1.170042e+00
1508 7.611218e-01 1.208016e+00
1509 7.778490e-01 1.221997e+00
1510 7.767248e-01 1.224648e+00
1511 7.835045e-01 1.221454e+00
1512 7.844127e-01 1.214200e+00
1513 7.853323e-01 1.204353e+00
1514 7.835267e-01 1.205570e+00
1515 8.199388e-01 1.181198e+00
1516 8.337285e-01 1.182010e+00
1517 8.311536e-01 1.278220e+00
1518 8.133878e-01 1.271529e+00
1519 7.970208e-01 1.272689e+00
1520 8.001235e-01 1.270313e+00
1521 8.018035e-01 1.270378e+00
1522 7.888637e-01 1.260910e+00
1523 7.780587e-01 1.267343e+00
1524 7.564262e-01 1.259389e+00
1525 7.790693e-01 1.269923e+00
1526 7.546097e-01 1.248260e+00
1527 7.530132e-01 1.249659e+00
1528 7.735655e-01 1.265267e+00
1529 7.657993e-01 1.274004e+00
1530 7.924943e-01 1.289785e+00
1531 7.994945e-01 1.278331e+00
1532 8.062957e-01 1.275816e+00
1533 7.735148e-01 1.280358e+00
1534 7.642210e-01 1.274655e+00
1535 6.920289e-01 1.269857e+00
1536 6.903544e-01 1.275639e+00
1537 6.895018e-01 1.276109e+00
1538 7.241795e-01 1.278226e+00
1539 7.231350e-01 1.276558e+00
1540 6.961910e-01 1.246427e+00
1541 7.019853e-01 1.232458e+00
1542 7.023555e-01 1.234847e+00
1543 7.024004e-01 1.261660e+00
1544 7.329334e-01 1.233718e+00
1545 7.473129e-01 1.259467e+00
1546 7.464898e-01 1.257672e+00
1547 7.452552e-01 1.245312e+00
1548 7.450395e-01 1.246565e+00
1549 7.180346e-01 1.242751e+00
1550 7.109486e-01 1.252645e+00
1551 7.270014e-01 1.273023e+00
1552 7.274548e-01 1.273149e+00
1553 6.970552e-01 1.277795e+00
1554 7.012458e-01 1.279510e+00
1555 7.266478e-01 1.274954e+00
1556 7.295357e-01 1.279894e+00
1557 7.363451e-01 1.270902e+00
1558 7.283680e-01 1.282094e+00
1559 7.423678e-01 1.285350e+00
1560 7.595809e-01 1.242258e+00
1561 7.532985e-01 1.241277e+00
1562 6.967379e-01 1.249325e+00
1563 7.009289e-01 1.245211e+00
1564 7.141191e-01 1.271327e+00
1565 7.120893e-01 1.268273e+00
1566 7.014657e-01 1.261330e+00
1567 6.833974e-01 1.269663e+00
1568 7.066017e-01 1.243972e+00
1569 7.054172e-01 1.243285e+00
1570 6.915183e-01 1.244318e+00
1571 6.873171e-01 1.217286e+00
1572 6.939293e-01 1.237097e+00
1573 6.937253e-01 1.233598e+00
1574 7.089381e-01 1.185985e+00
1575 7.156906e-01 1.187391e+00
1576 7.235617e-01 1.203895e+00
1577 7.208138e-01 1.201665e+00
1578 7.330076e-01 1.210364e+00
1579 7.285601e-01 1.209809e+00
1580 7.278080e-01 1.211333e+00
1581 7.246957e-01 1.213003e+00
1582 7.226027e-01 1.206258e+00
1583 7.155887e-01 1.188230e+00
1584 7.275627e-01 1.171312e+00
1585 6.957204e-01 1.177275e+00
1586 6.964249e-01 1.164916e+00
1587 7.212337e-01 1.171952e+00
1588 7.194023e-01 1.201955e+00
1589 7.225200e-01 1.209414e+00
1590 6.878052e-01 1.196010e+00
1591 6.910459e-01 1.217167e+00
1592 6.932685e-01 1.210803e+00
1593 7.029609e-01 1.196500e+00
1594 7.073757e-01 1.189991e+00
1595 6.889537e-01 1.169227e+00
1596 6.890723e-01 1.168507e+00
1597 6.592403e-01 1.136470e+00
1598 6.563855e-01 1.141394e+00
1599 6.584710e-01 1.138551e+00
1600 6.607169e-01 1.152299e+00
1601 6.882252e-01 1.160098e+00
1602 6.517799e-01 1.146649e+00
1603 6.497607e-01 1.146614e+00
1604 6.519994e-01 1.149115e+00
1605 6.537518e-01 1.149930e+00
1606 6.454596e-01 1.142610e+00
1607 6.750441e-01 1.196601e+00
1608 6.757160e-01 1.194911e+00
1609 6.602669e-01 1.221923e+00
1610 6.394953e-01 1.231638e+00
1611 6.214422e-01 1.156479e+00
1612 6.251997e-01 1.142032e+00
1613 5.727335e-01 1.141888e+00
1614 5.626327e-01 1.136158e+00
1615 5.703442e-01 1.134864e+00
1616 5.555305e-01 1.197019e+00
1617 5.351482e-01 1.196080e+00
1618 5.799051e-01 1.166117e+00
1619 6.032630e-01 1.201690e+00
1620 6.130926e-01 1.190493e+00
1621 6.186878e-01 1.177152e+00
1622 6.111013e-01 1.172337e+00
1623 6.028901e-01 1.199640e+00
1624 6.031571e-01 1.197734e+00
1625 6.055259e-01 1.183870e+00
1626 5.970347e-01 1.174352e+00
1627 6.261916e-01 1.209055e+00
1628 6.269045e-01 1.209732e+00
1629 6.249798e-01 1.210944e+00
1630 6.316224e-01 1.227712e+00
1631 6.313161e-01 1.227761e+00
1632 6.366103e-01 1.222687e+00
1633 6.499272e-01 1.327643e+00
1634 6.285603e-01 1.331392e+00
1635 5.818316e-01 1.371469e+00
1636 5.747386e-01 1.372472e+00
1637 5.717401e-01 1.368109e+00
1638 5.197070e-01 1.297307e+00
1639 5.230202e-01 1.302650e+00
1640 5.056148e-01 1.258947e+00
1641 4.771660e-01 1.274113e+00
1642 4.721241e-01 1.280203e+00
1643 4.714818e-01 1.279513e+00
1644 4.702874e-01 1.283922e+00
1645 4.721865e-01 1.276881e+00
1646 4.654747e-01 1.304761e+00
1647 4.210058e-01 1.296013e+00
1648 4.603638e-01 1.291501e+00
1649 4.706414e-01 1.280657e+00
1650 4.626344e-01 1.280183e+00
1651 4.708547e-01 1.283047e+00
1652 4.834361e-01 1.276704e+00
1653 4.780069e-01 1.307540e+00
1654 4.782390e-01 1.308237e+00
1655 4.796105e-01 1.309913e+00
1656 4.789001e-01 1.311406e+00
1657 4.759735e-01 1.311578e+00
1658 4.297364e-01 1.274066e+00
1659 4.317795e-01 1.319959e+00
1660 4.247090e-01 1.330451e+00
1661 4.083712e-01 1.309573e+00
1662 4.153559e-01 1.322264e+00
1663 4.205509e-01 1.333068e+00
1664 4.618148e-01 1.308894e+00
1665 4.616251e-01 1.313734e+00
1666 5.174578e-01 1.305078e+00
1667 5.146929e-01 1.305494e+00
1668 5.159842e-01 1.278991e+00
1669 5.130993e-01 1.283601e+00
1670 5.260021e-01 1.269459e+00
1671 5.264072e-01 1.269621e+00
1672 4.913790e-01 1.313231e+00
1673 4.256296e-01 1.246954e+00
1674 4.834001e-01 1.173774e+00
1675 4.689534e-01 1.179607e+00
1676 4.450526e-01 1.171771e+00
1677 4.469742e-01 1.176020e+00
1678 4.456337e-01 1.174941e+00
1679 4.249976e-01 1.158494e+00
1680 4.032516e-01 1.137991e+00
1681 3.689147e-01 1.135414e+00
1682 3.486849e-01 1.190072e+00
1683 3.478586e-01 1.184390e+00
1684 3.675228e-01 1.185628e+00
1685 3.600429e-01 1.194588e+00
1686 3.538787e-01 1.237017e+00
1687 3.536619e-01 1.238562e+00
1688 3.601161e-01 1.236594e+00
1689 3.694014e-01 1.221153e+00
1690 3.693060e-01 1.221286e+00
1691 3.688873e-01 1.218103e+00
1692 3.687649e-01 1.218007e+00
1693 4.022953e-01 1.246119e+00
1694 4.200549e-01 1.295723e+00
1695 4.241799e-01 1.300703e+00
1696 4.087529e-01 1.296222e+00
1697 4.137711e-01 1.294517e+00
1698 3.948367e-01 1.320995e+00
1699 3.947992e-01 1.320566e+00
1700 3.983938e-01 1.312881e+00
1701 3.779656e-01 1.311521e+00
1702 4.210243e-01 1.332588e+00
1703 4.107705e-01 1.313943e+00
1704 4.223783e-01 1.321374e+00
1705 4.164241e-01 1.323402e+00
1706 4.486452e-01 1.223055e+00
1707 4.282465e-01 1.243363e+00
1708 4.290422e-01 1.240257e+00
1709 4.292263e-01 1.240292e+00
1710 4.300672e-01 1.247069e+00
1711 4.110446e-01 1.259206e+00
1712 3.735808e-01 1.218568e+00
1713 3.747931e-01 1.222159e+00
1714 4.121174e-01 1.211106e+00
1715 4.086812e-01 1.193803e+00
1716 4.074729e-01 1.210934e+00
1717 4.086142e-01 1.185467e+00
1718 4.104812e-01 1.179887e+00
1719 4.540867e-01 1.236995e+00
1720 4.490818e-01 1.250189e+00
1721 4.088966e-01 1.235396e+00
1722 4.911502e-01 1.237126e+00
1723 4.705956e-01 1.204216e+00
1724 4.598412e-01 1.195922e+00
1725 4.580247e-01 1.196342e+00
1726 4.557543e-01 1.193828e+00
1727 4.571339e-01 1.201901e+00
1728 4.777161e-01 1.186084e+00
1729 4.991988e-01 1.204859e+00
1730 4.991143e-01 1.204080e+00
1731 4.511443e-01 1.231945e+00
1732 4.636450e-01 1.223555e+00
1733 4.850616e-01 1.208950e+00
1734 5.118012e-01 1.208067e+00
1735 5.238400e-01 1.207384e+00
1736 5.235807e-01 1.211040e+00
1737 4.801612e-01 1.215146e+00
1738 4.833556e-01 1.211130e+00
1739 4.838902e-01 1.215255e+00
1740 4.731033e-01 1.225569e+00
1741 4.754416e-01 1.226013e+00
1742 4.718128e-01 1.228743e+00
1743 4.403660e-01 1.199832e+00
1744 4.494613e-01 1.207087e+00
1745 4.589497e-01 1.201258e+00
1746 4.145889e-01 1.210384e+00
1747 3.624520e-01 1.135021e+00
1748 3.526752e-01 1.127606e+00
1749 3.548391e-01 1.127708e+00
1750 3.930042e-01 1.153373e+00
1751 3.912296e-01 1.137652e+00
1752 3.822442e-01 1.126160e+00
1753 3.820528e-01 1.112779e+00
1754 3.790775e-01 1.124210e+00
1755 3.911740e-01 1.123153e+00
1756 3.772291e-01 1.142331e+00
1757 3.779874e-01 1.146754e+00
1758 3.813232e-01 1.148534e+00
1759 3.604276e-01 1.130569e+00
1760 3.764115e-01 1.137545e+00
1761 3.974838e-01 1.148118e+00
1762 3.930358e-01 1.137073e+00
1763 3.921227e-01 1.133039e+00
1764 3.964159e-01 1.132647e+00
1765 3.945445e-01 1.129620e+00
1766 3.802126e-01 1.112117e+00
1767 3.909068e-01 1.105943e+00
1768 4.010743e-01 1.102585e+00
1769 4.112887e-01 1.103423e+00
1770 3.944536e-01 1.089516e+00
1771 3.993927e-01 1.091826e+00
1772 3.993618e-01 1.091667e+00
1773 3.961490e-01 1.096850e+00
1774 3.978878e-01 1.092740e+00
1775 4.047624e-01 1.101500e+00
1776 4.054233e-01 1.101397e+00
1777 3.986197e-01 1.101309e+00
1778 4.061187e-01 1.096450e+00
1779 4.094489e-01 1.097116e+00
1780 4.107912e-01 1.100824e+00
1781 4.077880e-01 1.094595e+00
1782 4.073685e-01 1.123709e+00
1783 4.037010e-01 1.130007e+00
1784 4.025114e-01 1.129373e+00
1785 3.796266e-01 1.117820e+00
1786 3.796036e-01 1.115650e+00
1787 3.591824e-01 1.133022e+00
1788 3.798757e-01 1.173637e+00
1789 3.823993e-01 1.173945e+00
1790 3.687827e-01 1.186054e+00
1791 3.548352e-01 1.144108e+00
1792 3.531299e-01 1.145072e+00
1793 3.503091e-01 1.146424e+00
1794 4.071667e-01 1.151323e+00
1795 3.906318e-01 1.107434e+00
1796 3.832285e-01 1.120398e+00
1797 3.768403e-01 1.113366e+00
1798 3.800413e-01 1.110581e+00
1799 3.815462e-01 1.113760e+00
1800 3.996436e-01 1.059578e+00
1801 4.042335e-01 1.050372e+00
1802 4.235586e-01 1.041087e+00
1803 4.295545e-01 1.073048e+00
1804 4.012997e-01 1.095810e+00
1805 4.188855e-01 1.088215e+00
1806 4.246575e-01 1.071807e+00
1807 4.392339e-01 1.088930e+00
1808 4.207205e-01 1.098736e+00
1809 3.978786e-01 1.086271e+00
1810 3.921218e-01 1.097924e+00
1811 3.920046e-01 1.099052e+00
1812 4.036720e-01 1.111910e+00
1813 4.232684e-01 1.042343e+00
1814 4.359027e-01 1.031470e+00
1815 4.272029e-01 1.017409e+00
1816 4.434477e-01 1.024391e+00
1817 4.482267e-01 1.058646e+00
1818 4.492811e-01 1.070563e+00
1819 4.277479e-01 1.088664e+00
1820 4.328766e-01 1.088782e+00
1821 4.369609e-01 1.091273e+00
1822 4.481071e-01 1.087520e+00
1823 4.488956e-01 1.090429e+00
1824 5.030036e-01 1.149019e+00
1825 5.075376e-01 1.151836e+00
1826 5.104389e-01 1.143024e+00
1827 4.917681e-01 1.150341e+00
1828 4.832945e-01 1.161153e+00
1829 5.045465e-01 1.151739e+00
1830 4.975153e-01 1.166660e+00
1831 4.536644e-01 1.153037e+00
1832 4.735921e-01 1.177692e+00
1833 4.423216e-01 1.254578e+00
1834 3.936579e-01 1.219569e+00
1835 3.797007e-01 1.220396e+00
1836 3.789900e-01 1.220192e+00
1837 3.795534e-01 1.236250e+00
1838 3.749904e-01 1.213132e+00
1839 3.750683e-01 1.222946e+00
1840 3.524483e-01 1.212794e+00
1841 3.509812e-01 1.210106e+00
1842 3.686070e-01 1.201971e+00
1843 4.117634e-01 1.196064e+00
1844 4.051168e-01 1.200450e+00
1845 3.976815e-01 1.199786e+00
1846 3.989522e-01 1.200587e+00
1847 4.020452e-01 1.205041e+00
1848 3.865281e-01 1.187017e+00
1849 4.066930e-01 1.211470e+00
1850 4.051716e-01 1.207963e+00
1851 4.016470e-01 1.196409e+00
1852 4.186452e-01 1.177862e+00
1853 4.330200e-01 1.178553e+00
1854 4.341436e-01 1.197377e+00
1855 4.266146e-01 1.192675e+00
1856 4.360966e-01 1.192366e+00
1857 4.177759e-01 1.187068e+00
1858 4.178604e-01 1.184533e+00
1859 3.964935e-01 1.185613e+00
1860 3.953100e-01 1.183204e+00
1861 3.953824e-01 1.179448e+00
1862 3.861254e-01 1.193787e+00
1863 3.859687e-01 1.194939e+00
1864 3.836094e-01 1.199048e+00
1865 4.090322e-01 1.136265e+00
1866 4.129061e-01 1.147860e+00
1867 3.982989e-01 1.127780e+00
1868 3.600437e-01 1.119285e+00
1869 3.655319e-01 1.119372e+00
1870 3.392330e-01 1.101633e+00
1871 3.510077e-01 1.114809e+00
1872 3.483750e-01 1.117215e+00
1873 3.437731e-01 1.113208e+00
1874 3.379817e-01 1.110711e+00
1875 3.075953e-01 1.104673e+00
1876 3.201635e-01 1.114395e+00
1877 3.244432e-01 1.116382e+00
1878 3.220125e-01 1.112962e+00
1879 3.120337e-01 1.110066e+00
1880 3.200539e-01 1.103359e+00
1881 3.197986e-01 1.103450e+00
1882 3.256140e-01 1.107644e+00
1883 3.264235e-01 1.106334e+00
1884 3.250867e-01 1.103720e+00
1885 3.187152e-01 1.083351e+00
1886 3.164307e-01 1.081945e+00
1887 3.147367e-01 1.079721e+00
1888 3.093998e-01 1.081165e+00
1889 2.866518e-01 1.098513e+00
1890 2.872407e-01 1.086889e+00
1891 2.855902e-01 1.087001e+00
1892 2.725434e-01 1.090181e+00
1893 2.664905e-01 1.094216e+00
1894 2.072108e-01 1.093680e+00
1895 2.204405e-01 1.020338e+00
1896 2.165467e-01 1.023766e+00
1897 2.325245e-01 1.060241e+00
1898 2.381383e-01 1.091257e+00
1899 2.424009e-01 1.097739e+00
1900 2.798394e-01 1.020652e+00
1901 2.359231e-01 1.064047e+00
1902 2.577023e-01 1.072167e+00
1903 2.584606e-01 1.075714e+00
1904 2.627389e-01 1.071029e+00
1905 2.708267e-01 1.104018e+00
1906 2.547384e-01 1.124494e+00
1907 2.577768e-01 1.118464e+00
1908 2.608350e-01 1.114917e+00
1909 2.676859e-01 1.112043e+00
1910 2.405699e-01 1.106109e+00
1911 2.341970e-01 1.089143e+00
1912 2.347900e-01 1.091647e+00
1913 2.287755e-01 1.076092e+00
1914 2.295441e-01 1.074088e+00
1915 2.361504e-01 1.071888e+00
1916 2.391567e-01 1.088365e+00
1917 2.313243e-01 1.073329e+00
1918 2.321919e-01 1.076369e+00
1919 2.075042e-01 1.089057e+00
1920 2.209692e-01 1.082467e+00
1921 2.210081e-01 1.082505e+00
1922 2.139319e-01 1.068045e+00
1923 2.313363e-01 1.080414e+00
1924 2.445186e-01 1.080104e+00
1925 2.394097e-01 1.073764e+00
1926 2.513294e-01 1.082522e+00
1927 2.366257e-01 1.068543e+00
1928 2.369598e-01 1.067801e+00
1929 2.264514e-01 1.052178e+00
1930 2.112670e-01 1.056534e+00
1931 2.152774e-01 1.061295e+00
1932 2.252784e-01 1.069412e+00
1933 2.238243e-01 1.072072e+00
1934 2.223747e-01 1.072245e+00
1935 2.203702e-01 1.066728e+00
1936 2.169257e-01 1.067284e+00
1937 2.547989e-01 1.106232e+00
1938 2.469699e-01 1.090648e+00
1939 2.399439e-01 1.103119e+00
1940 2.345887e-01 1.100379e+00
1941 2.303851e-01 1.127379e+00
1942 2.289574e-01 1.126499e+00
1943 2.060173e-01 1.097100e+00
1944 2.077484e-01 1.088723e+00
1945 2.105074e-01 1.080575e+00
1946 2.367291e-01 1.074708e+00
1947 2.390900e-01 1.073747e+00
1948 2.144847e-01 1.079614e+00
1949 1.628320e-01 1.078507e+00
1950 1.388644e-01 1.081417e+00
1951 1.043674e-01 1.135721e+00
1952 1.035006e-01 1.137689e+00
1953 1.092545e-01 1.142362e+00
1954 9.767856e-02 1.147424e+00
1955 1.020038e-01 1.155791e+00
1956 9.398851e-02 1.154900e+00
1957 9.739052e-02 1.164723e+00
1958 1.013974e-01 1.165556e+00
1959 1.005970e-01 1.164048e+00
1960 1.008184e-01 1.162043e+00
1961 1.013066e-01 1.161695e+00
1962 9.563515e-02 1.157129e+00
1963 7.197166e-02 1.136812e+00
1964 7.055972e-02 1.124712e+00
1965 7.072258e-02 1.129946e+00
1966 5.278276e-02 1.143284e+00
1967 5.524723e-02 1.135714e+00
1968 5.560349e-02 1.133548e+00
1969 6.272786e-02 1.135165e+00
1970 4.041057e-02 1.180415e+00
1971 3.799536e-02 1.182350e+00
1972 2.999717e-02 1.194498e+00
1973 1.341262e-02 1.182389e+00
1974 6.296916e-03 1.181395e+00
1975 1.945281e-02 1.178045e+00
1976 2.049980e-02 1.173900e+00
1977 8.155301e-03 1.223006e+00
1978 1.385412e-03 1.244251e+00
1979 7.136362e-03 1.230250e+00
1980 7.189566e-03 1.230260e+00
1981 1.086175e-03 1.226332e+00
1982 -3.008841e-03 1.226271e+00
