0 4.249761e+00 2.982081e-01
1 4.248110e+00 3.082819e-01
2 4.246939e+00 3.083130e-01
3 4.255453e+00 3.053353e-01
4 4.260623e+00 3.127143e-01
5 4.260857e+00 3.111474e-01
6 4.268895e+00 3.160969e-01
7 4.268677e+00 3.134680e-01
8 4.275554e+00 3.134481e-01
9 4.260044e+00 3.241482e-01
10 4.248085e+00 3.401408e-01
11 4.228161e+00 3.341744e-01
12 4.225104e+00 3.259010e-01
13 4.227088e+00 3.168772e-01
14 4.266855e+00 2.964969e-01
15 4.266116e+00 3.070707e-01
16 4.266191e+00 3.069822e-01
17 4.261819e+00 3.073608e-01
18 4.267617e+00 3.061774e-01
19 4.267401e+00 2.493222e-01
20 4.262455e+00 2.447411e-01
21 4.265354e+00 2.378388e-01
22 4.246569e+00 2.271643e-01
23 4.248794e+00 2.221574e-01
24 4.271880e+00 2.067232e-01
25 4.248383e+00 2.230641e-01
26 4.248246e+00 2.258380e-01
27 4.245701e+00 2.270172e-01
28 4.257532e+00 2.357391e-01
29 4.258506e+00 2.384194e-01
30 4.257944e+00 2.390289e-01
31 4.289218e+00 1.916268e-01
32 4.262659e+00 2.092792e-01
33 4.257870e+00 2.061204e-01
34 4.230089e+00 1.654475e-01
35 4.239216e+00 1.588685e-01
36 4.228522e+00 1.597006e-01
37 4.235896e+00 1.594606e-01
38 4.253917e+00 1.433136e-01
39 4.277914e+00 1.564214e-01
40 4.267730e+00 1.510857e-01
41 4.276512e+00 1.685578e-01
42 4.262258e+00 1.801621e-01
43 4.253135e+00 1.811732e-01
44 4.255334e+00 1.750325e-01
45 4.239484e+00 1.819890e-01
46 4.242372e+00 1.820161e-01
47 4.233709e+00 1.948566e-01
48 4.238785e+00 1.843096e-01
49 4.247252e+00 1.577263e-01
50 4.257026e+00 1.514602e-01
51 4.245665e+00 1.618012e-01
52 4.259768e+00 1.471341e-01
53 4.267456e+00 1.499763e-01
54 4.248684e+00 1.544995e-01
55 4.243339e+00 1.456864e-01
56 4.222108e+00 1.700510e-01
57 4.222162e+00 1.699413e-01
58 4.212912e+00 1.745395e-01
59 4.206375e+00 1.730625e-01
60 4.197891e+00 1.646238e-01
61 4.193446e+00 1.677238e-01
62 4.194413e+00 1.804319e-01
63 4.183705e+00 1.755388e-01
64 4.210111e+00 1.715901e-01
65 4.205815e+00 1.402286e-01
66 4.214217e+00 1.375512e-01
67 4.209717e+00 1.422531e-01
68 4.190107e+00 1.431825e-01
69 4.197241e+00 1.631234e-01
70 4.199852e+00 1.644953e-01
71 4.196095e+00 1.603948e-01
72 4.201830e+00 1.301635e-01
73 4.202038e+00 1.299952e-01
74 4.194916e+00 1.773392e-01
75 4.189200e+00 1.611454e-01
76 4.189647e+00 1.609385e-01
77 4.188468e+00 1.680336e-01
78 4.198325e+00 1.602616e-01
79 4.149412e+00 1.437092e-01
80 4.143206e+00 1.529468e-01
81 4.145937e+00 1.542624e-01
82 4.143480e+00 1.347196e-01
83 4.159494e+00 1.499488e-01
84 4.128763e+00 1.589325e-01
85 4.130405e+00 1.553765e-01
86 4.134816e+00 1.524865e-01
87 4.120722e+00 1.710756e-01
88 4.105971e+00 1.658841e-01
89 4.104390e+00 1.781469e-01
90 4.104467e+00 1.767480e-01
91 4.103587e+00 1.576384e-01
92 4.106337e+00 1.327873e-01
93 4.087750e+00 1.263095e-01
94 4.079085e+00 1.018309e-01
95 4.071937e+00 1.006871e-01
96 4.095901e+00 9.555665e-02
97 4.106207e+00 7.751301e-02
98 4.072213e+00 6.673274e-02
99 4.077352e+00 6.686879e-02
100 4.097990e+00 3.505880e-02
101 4.101823e+00 3.546983e-02
102 4.101678e+00 3.540451e-02
103 4.124656e+00 7.105043e-02
104 4.123650e+00 6.992212e-02
105 4.142481e+00 5.784106e-02
106 4.136356e+00 7.397407e-02
107 4.187394e+00 5.244319e-02
108 4.219233e+00 6.030151e-02
109 4.230506e+00 6.659260e-02
110 4.232537e+00 6.548527e-02
111 4.181592e+00 1.021023e-01
112 4.174514e+00 9.604760e-02
113 4.158799e+00 6.640076e-02
114 4.181302e+00 5.658328e-02
115 4.187968e+00 8.865451e-02
116 4.182835e+00 8.365184e-02
117 4.182184e+00 9.576988e-02
118 4.174863e+00 9.612384e-02
119 4.180977e+00 7.300660e-02
120 4.176484e+00 6.830626e-02
121 4.179508e+00 6.626830e-02
122 4.181795e+00 6.888716e-02
123 4.180178e+00 3.737753e-02
124 4.177004e+00 7.024963e-02
125 4.161969e+00 6.567215e-02
126 4.158901e+00 6.077787e-02
127 4.150482e+00 8.632059e-02
128 4.148248e+00 8.395422e-02
129 4.194148e+00 2.008560e-02
130 4.192515e+00 3.503429e-02
131 4.188876e+00 3.045608e-02
132 4.175217e+00 4.303243e-02
133 4.181537e+00 2.691327e-02
134 4.185335e+00 4.214893e-02
135 4.239955e+00 1.036612e-01
136 4.260293e+00 1.532718e-01
137 4.237039e+00 1.641340e-01
138 4.226504e+00 1.684283e-01
139 4.233033e+00 1.666458e-01
140 4.225010e+00 1.719175e-01
141 4.250017e+00 1.634473e-01
142 4.250329e+00 1.652725e-01
143 4.243372e+00 1.589138e-01
144 4.266529e+00 1.564338e-01
145 4.265584e+00 1.774550e-01
146 4.244898e+00 1.438875e-01
147 4.237878e+00 1.510111e-01
148 4.233682e+00 1.563943e-01
149 4.221286e+00 1.689200e-01
150 4.227780e+00 1.686479e-01
151 4.226347e+00 1.561959e-01
152 4.227086e+00 1.548721e-01
153 4.235590e+00 1.550196e-01
154 4.276437e+00 1.803428e-01
155 4.277284e+00 1.631632e-01
156 4.277278e+00 1.646071e-01
157 4.273190e+00 1.638473e-01
158 4.295514e+00 1.950523e-01
159 4.300723e+00 1.995305e-01
160 4.325988e+00 1.979671e-01
161 4.337216e+00 2.026632e-01
162 4.334516e+00 2.005992e-01
163 4.306540e+00 2.221927e-01
164 4.300597e+00 2.421480e-01
165 4.276054e+00 2.485878e-01
166 4.275950e+00 2.486902e-01
167 4.240250e+00 2.270738e-01
168 4.238348e+00 2.198301e-01
169 4.224032e+00 2.075999e-01
170 4.215355e+00 2.222818e-01
171 4.228677e+00 2.390831e-01
172 4.233705e+00 2.330891e-01
173 4.233007e+00 2.310581e-01
174 4.232289e+00 2.317148e-01
175 4.222724e+00 2.288419e-01
176 4.224410e+00 2.723404e-01
177 4.218902e+00 2.745284e-01
178 4.231874e+00 2.532710e-01
179 4.233277e+00 2.526198e-01
180 4.225536e+00 2.427319e-01
181 4.247289e+00 2.370864e-01
182 4.269242e+00 2.476612e-01
183 4.269240e+00 2.180709e-01
184 4.275712e+00 2.030853e-01
185 4.291498e+00 2.435538e-01
186 4.309204e+00 2.444984e-01
187 4.307631e+00 2.490826e-01
188 4.301704e+00 2.444061e-01
189 4.276774e+00 2.612642e-01
190 4.322585e+00 2.693109e-01
191 4.318441e+00 2.754171e-01
192 4.322286e+00 3.030152e-01
193 4.356403e+00 2.776799e-01
194 4.369507e+00 2.784659e-01
195 4.382818e+00 2.736194e-01
196 4.375618e+00 2.726636e-01
197 4.337294e+00 2.803896e-01
198 4.337176e+00 2.634973e-01
199 4.342966e+00 2.787338e-01
200 4.357725e+00 2.944808e-01
201 4.418308e+00 2.649023e-01
202 4.415811e+00 2.472462e-01
203 4.414987e+00 2.479843e-01
204 4.415027e+00 2.488264e-01
205 4.402991e+00 2.479812e-01
206 4.395216e+00 2.807566e-01
207 4.400680e+00 2.652451e-01
208 4.409122e+00 2.736409e-01
209 4.384321e+00 1.575016e-01
210 4.379332e+00 1.552115e-01
211 4.372160e+00 1.748876e-01
212 4.404080e+00 1.821218e-01
213 4.405229e+00 1.790963e-01
214 4.409730e+00 1.934354e-01
215 4.405470e+00 1.945159e-01
216 4.408170e+00 2.070725e-01
217 4.423493e+00 2.007723e-01
218 4.421853e+00 1.993913e-01
219 4.430074e+00 2.157692e-01
220 4.425226e+00 2.135766e-01
221 4.417653e+00 2.075080e-01
222 4.423787e+00 2.070215e-01
223 4.421743e+00 2.110263e-01
224 4.416121e+00 2.247320e-01
225 4.435494e+00 2.205628e-01
226 4.419399e+00 2.303588e-01
227 4.424048e+00 2.343768e-01
228 4.410265e+00 2.431841e-01
229 4.405345e+00 2.656723e-01
230 4.361551e+00 3.028356e-01
231 4.359378e+00 3.007654e-01
232 4.358402e+00 2.643420e-01
233 4.359103e+00 2.597069e-01
234 4.374669e+00 2.591757e-01
235 4.397933e+00 3.328029e-01
236 4.407784e+00 3.450446e-01
237 4.418752e+00 3.237437e-01
238 4.418197e+00 3.489902e-01
239 4.421931e+00 3.582004e-01
240 4.432650e+00 3.620260e-01
241 4.412035e+00 3.377311e-01
242 4.415473e+00 3.267539e-01
243 4.402273e+00 2.983815e-01
244 4.402214e+00 2.984152e-01
245 4.403792e+00 3.010885e-01
246 4.404723e+00 2.998675e-01
247 4.457498e+00 2.956606e-01
248 4.384704e+00 3.072420e-01
249 4.384579e+00 3.077741e-01
250 4.379564e+00 3.011081e-01
251 4.378811e+00 2.975565e-01
252 4.365107e+00 2.905841e-01
253 4.375671e+00 2.994555e-01
254 4.414571e+00 1.945526e-01
255 4.407351e+00 2.031652e-01
256 4.411080e+00 1.998379e-01
257 4.389571e+00 2.248910e-01
258 4.390064e+00 2.248758e-01
259 4.382409e+00 2.089269e-01
260 4.357432e+00 1.758881e-01
261 4.358359e+00 1.749988e-01
262 4.385776e+00 1.805759e-01
263 4.386143e+00 1.809752e-01
264 4.403860e+00 2.083037e-01
265 4.380354e+00 2.481605e-01
266 4.402718e+00 2.479736e-01
267 4.420167e+00 2.657262e-01
268 4.467487e+00 2.190140e-01
269 4.441066e+00 2.236424e-01
270 4.424831e+00 2.368292e-01
271 4.438555e+00 2.144564e-01
272 4.456110e+00 2.472568e-01
273 4.458559e+00 2.696555e-01
274 4.466107e+00 2.939695e-01
275 4.479434e+00 2.889062e-01
276 4.500811e+00 2.981949e-01
277 4.482240e+00 3.062069e-01
278 4.510905e+00 2.911974e-01
279 4.507769e+00 2.840766e-01
280 4.526490e+00 2.713921e-01
281 4.534491e+00 2.587443e-01
282 4.538728e+00 2.538535e-01
283 4.533557e+00 2.686247e-01
284 4.507087e+00 2.946870e-01
285 4.504471e+00 2.863115e-01
286 4.519694e+00 2.600080e-01
287 4.525470e+00 2.607637e-01
288 4.507236e+00 2.752916e-01
289 4.508034e+00 2.790988e-01
290 4.510109e+00 2.879043e-01
291 4.503277e+00 2.909331e-01
292 4.477097e+00 3.061610e-01
293 4.462697e+00 2.988212e-01
294 4.450076e+00 2.805939e-01
295 4.417396e+00 3.000081e-01
296 4.416756e+00 3.001088e-01
297 4.402903e+00 2.647700e-01
298 4.423242e+00 3.044275e-01
299 4.419624e+00 3.116845e-01
300 4.411550e+00 2.781107e-01
301 4.414760e+00 2.796175e-01
302 4.421842e+00 3.218805e-01
303 4.394013e+00 2.911317e-01
304 4.370818e+00 2.780693e-01
305 4.370411e+00 2.772139e-01
306 4.369470e+00 2.787439e-01
307 4.375652e+00 2.720393e-01
308 4.383943e+00 2.676860e-01
309 4.389395e+00 2.737290e-01
310 4.361001e+00 2.912578e-01
311 4.364663e+00 2.940141e-01
312 4.376860e+00 2.953995e-01
313 4.386835e+00 2.950680e-01
314 4.393673e+00 3.270120e-01
315 4.442695e+00 3.655540e-01
316 4.436814e+00 3.710944e-01
317 4.436640e+00 3.711037e-01
318 4.436347e+00 3.684766e-01
319 4.433809e+00 3.641780e-01
320 4.386249e+00 3.708305e-01
321 4.353131e+00 3.732654e-01
322 4.411266e+00 4.031935e-01
323 4.406457e+00 4.031606e-01
324 4.408178e+00 3.989780e-01
325 4.423386e+00 4.154158e-01
326 4.422697e+00 4.221259e-01
327 4.421476e+00 4.191069e-01
328 4.421953e+00 3.956331e-01
329 4.451421e+00 4.560347e-01
330 4.507826e+00 3.925198e-01
331 4.494187e+00 3.953261e-01
332 4.493609e+00 3.961233e-01
333 4.481563e+00 3.756839e-01
334 4.462320e+00 3.689634e-01
335 4.469698e+00 3.600364e-01
336 4.470816e+00 3.587786e-01
337 4.474322e+00 3.863966e-01
338 4.474798e+00 3.865361e-01
339 4.464433e+00 3.817579e-01
340 4.466556e+00 3.847434e-01
341 4.472840e+00 3.887239e-01
342 4.471577e+00 3.902769e-01
343 4.483753e+00 4.439007e-01
344 4.483910e+00 4.440026e-01
345 4.478348e+00 4.466284e-01
346 4.474118e+00 4.540049e-01
347 4.482279e+00 4.588649e-01
348 4.482171e+00 4.615760e-01
349 4.480852e+00 4.585102e-01
350 4.474126e+00 4.595459e-01
351 4.475478e+00 4.704814e-01
352 4.470925e+00 4.670625e-01
353 4.485434e+00 4.683814e-01
354 4.484046e+00 4.659906e-01
355 4.490854e+00 4.609274e-01
356 4.475197e+00 4.601993e-01
357 4.517116e+00 4.783395e-01
358 4.544164e+00 4.747947e-01
359 4.575755e+00 4.839657e-01
360 4.570277e+00 4.681457e-01
361 4.609836e+00 4.681761e-01
362 4.625065e+00 4.585762e-01
363 4.678081e+00 4.017335e-01
364 4.661152e+00 3.799386e-01
365 4.654122e+00 3.728248e-01
366 4.645305e+00 3.677101e-01
367 4.709818e+00 4.237099e-01
368 4.714969e+00 4.156431e-01
369 4.685962e+00 4.419593e-01
370 4.689150e+00 4.441492e-01
371 4.689329e+00 4.444798e-01
372 4.693694e+00 4.418883e-01
373 4.701853e+00 4.363929e-01
374 4.717267e+00 4.382892e-01
375 4.720754e+00 4.349603e-01
376 4.723546e+00 4.348260e-01
377 4.724335e+00 4.335686e-01
378 4.725061e+00 4.377599e-01
379 4.725337e+00 4.490525e-01
380 4.728413e+00 4.376890e-01
381 4.708821e+00 4.237498e-01
382 4.630856e+00 3.756453e-01
383 4.630012e+00 3.888052e-01
384 4.640526e+00 3.845277e-01
385 4.640600e+00 3.843405e-01
386 4.644211e+00 3.823124e-01
387 4.642633e+00 3.845136e-01
388 4.635453e+00 3.720423e-01
389 4.636500e+00 3.832559e-01
390 4.635700e+00 3.855456e-01
391 4.640642e+00 3.868448e-01
392 4.619264e+00 3.705362e-01
393 4.623364e+00 3.730882e-01
394 4.570468e+00 3.795738e-01
395 4.599301e+00 3.407785e-01
396 4.577398e+00 3.271117e-01
397 4.580963e+00 3.091399e-01
398 4.565952e+00 3.786851e-01
399 4.556593e+00 3.812809e-01
400 4.556093e+00 3.810593e-01
401 4.554563e+00 3.853148e-01
402 4.577170e+00 3.999097e-01
403 4.577334e+00 3.975312e-01
404 4.523203e+00 4.274267e-01
405 4.519535e+00 4.220440e-01
406 4.512603e+00 4.438034e-01
407 4.494049e+00 4.360628e-01
408 4.494473e+00 4.667709e-01
409 4.519407e+00 4.527204e-01
410 4.520497e+00 4.708932e-01
411 4.521008e+00 4.714795e-01
412 4.534450e+00 4.707072e-01
413 4.536172e+00 4.697892e-01
414 4.513092e+00 4.423479e-01
415 4.515803e+00 4.489044e-01
416 4.508715e+00 4.489237e-01
417 4.482842e+00 4.268864e-01
418 4.479127e+00 4.223808e-01
419 4.476820e+00 4.256359e-01
420 4.495649e+00 4.418049e-01
421 4.483737e+00 4.201390e-01
422 4.479827e+00 4.059220e-01
423 4.473869e+00 4.041385e-01
424 4.473791e+00 4.041075e-01
425 4.483250e+00 4.428658e-01
426 4.486232e+00 4.480206e-01
427 4.459690e+00 4.744341e-01
428 4.433157e+00 4.683307e-01
429 4.441001e+00 4.497497e-01
430 4.448306e+00 4.501625e-01
431 4.474048e+00 4.006927e-01
432 4.465590e+00 3.940234e-01
433 4.443216e+00 3.932476e-01
434 4.428024e+00 3.800559e-01
435 4.410697e+00 3.718116e-01
436 4.431178e+00 4.470381e-01
437 4.437766e+00 4.365701e-01
438 4.433638e+00 4.384843e-01
439 4.394052e+00 5.341309e-01
440 4.363894e+00 5.678859e-01
441 4.339383e+00 5.502710e-01
442 4.333494e+00 5.695382e-01
443 4.305326e+00 5.496913e-01
444 4.303538e+00 5.505753e-01
445 4.304126e+00 5.605095e-01
446 4.318200e+00 5.592185e-01
447 4.328794e+00 5.475982e-01
448 4.322639e+00 5.466214e-01
449 4.297477e+00 4.906530e-01
450 4.304478e+00 4.616742e-01
451 4.252934e+00 4.700808e-01
452 4.249202e+00 4.075968e-01
453 4.235776e+00 3.899619e-01
454 4.235315e+00 3.902082e-01
455 4.263463e+00 3.440530e-01
456 4.264258e+00 3.433915e-01
457 4.252793e+00 3.623167e-01
458 4.251918e+00 3.643291e-01
459 4.264568e+00 3.568837e-01
460 4.257821e+00 3.422666e-01
461 4.262483e+00 3.389169e-01
462 4.261615e+00 3.398696e-01
463 4.259498e+00 3.344514e-01
464 4.227055e+00 3.273131e-01
465 4.227369e+00 3.211876e-01
466 4.219994e+00 3.137939e-01
467 4.213752e+00 3.174061e-01
468 4.201155e+00 2.833164e-01
469 4.171811e+00 2.637578e-01
470 4.175506e+00 2.613470e-01
471 4.184145e+00 2.597156e-01
472 4.145701e+00 2.847950e-01
473 4.138769e+00 2.832123e-01
474 4.125295e+00 3.107234e-01
475 4.126040e+00 3.048025e-01
476 4.127452e+00 3.027868e-01
477 4.128002e+00 3.010157e-01
478 4.130720e+00 2.758359e-01
479 4.099884e+00 3.133586e-01
480 4.113458e+00 3.251478e-01
481 4.118321e+00 3.185646e-01
482 4.151766e+00 3.165458e-01
483 4.199011e+00 3.024097e-01
484 4.202833e+00 3.108124e-01
485 4.230647e+00 3.141938e-01
486 4.224951e+00 3.142852e-01
487 4.254482e+00 3.027635e-01
488 4.259957e+00 2.947753e-01
489 4.260137e+00 2.971750e-01
490 4.256100e+00 2.935210e-01
491 4.248021e+00 2.886426e-01
492 4.252876e+00 2.680913e-01
493 4.226080e+00 2.466833e-01
494 4.198876e+00 2.896401e-01
495 4.235931e+00 2.795239e-01
496 4.216126e+00 2.240973e-01
497 4.210247e+00 2.626797e-01
498 4.243282e+00 2.922197e-01
499 4.231965e+00 3.018321e-01
500 4.243087e+00 2.987030e-01
501 4.243945e+00 2.997074e-01
502 4.242136e+00 2.967060e-01
503 4.219356e+00 2.666828e-01
504 4.219650e+00 2.659198e-01
505 4.222060e+00 2.620826e-01
506 4.228611e+00 2.610993e-01
507 4.219548e+00 2.758091e-01
508 4.236470e+00 2.784161e-01
509 4.213643e+00 2.763674e-01
510 4.240097e+00 3.114256e-01
511 4.242259e+00 3.108483e-01
512 4.248766e+00 3.160980e-01
513 4.272873e+00 2.610756e-01
514 4.272151e+00 2.624903e-01
515 4.222466e+00 2.707380e-01
516 4.221685e+00 2.662458e-01
517 4.228569e+00 2.451154e-01
518 4.250029e+00 2.624406e-01
519 4.250517e+00 2.663851e-01
520 4.250475e+00 2.663677e-01
521 4.236832e+00 2.829005e-01
522 4.246097e+00 2.793709e-01
523 4.209088e+00 2.747855e-01
524 4.226698e+00 3.029988e-01
525 4.233716e+00 3.041302e-01
526 4.220794e+00 2.873305e-01
527 4.232013e+00 2.993897e-01
528 4.234470e+00 3.095801e-01
529 4.255445e+00 3.305186e-01
530 4.274640e+00 3.312056e-01
531 4.279785e+00 3.088425e-01
532 4.280918e+00 3.025565e-01
533 4.250750e+00 3.060589e-01
534 4.223181e+00 3.056849e-01
535 4.218375e+00 3.076244e-01
536 4.207918e+00 3.112096e-01
537 4.238234e+00 3.240382e-01
538 4.234425e+00 3.208499e-01
539 4.245043e+00 3.231878e-01
540 4.255274e+00 3.105886e-01
541 4.255273e+00 3.106394e-01
542 4.261508e+00 2.938192e-01
543 4.243828e+00 2.962149e-01
544 4.244243e+00 2.990595e-01
545 4.233373e+00 2.717854e-01
546 4.220127e+00 2.924633e-01
547 4.220805e+00 3.221419e-01
548 4.210017e+00 3.245600e-01
549 4.258009e+00 3.205378e-01
550 4.260620e+00 3.226493e-01
551 4.260353e+00 3.247932e-01
552 4.261430e+00 3.591147e-01
553 4.294740e+00 3.421078e-01
554 4.271571e+00 3.534354e-01
555 4.262374e+00 3.541540e-01
556 4.268494e+00 3.487523e-01
557 4.292621e+00 3.911673e-01
558 4.257347e+00 4.322468e-01
559 4.253540e+00 4.139581e-01
560 4.254116e+00 4.397208e-01
561 4.255046e+00 4.391735e-01
562 4.236921e+00 5.082032e-01
563 4.232523e+00 5.189799e-01
564 4.240918e+00 5.154242e-01
565 4.233238e+00 5.225852e-01
566 4.234433e+00 5.161558e-01
567 4.231051e+00 5.185772e-01
568 4.264746e+00 5.124578e-01
569 4.256818e+00 5.155362e-01
570 4.247034e+00 5.165906e-01
571 4.243097e+00 5.197895e-01
572 4.238612e+00 4.828773e-01
573 4.235230e+00 4.886363e-01
574 4.224704e+00 4.634060e-01
575 4.225072e+00 4.617315e-01
576 4.206145e+00 4.677964e-01
577 4.209498e+00 4.574578e-01
578 4.192981e+00 4.866237e-01
579 4.165104e+00 5.447520e-01
580 4.165073e+00 5.438865e-01
581 4.076068e+00 4.338905e-01
582 4.076499e+00 4.331896e-01
583 4.125107e+00 4.015218e-01
584 4.098665e+00 3.753894e-01
585 4.097685e+00 3.787198e-01
586 4.098153e+00 3.776372e-01
587 4.098930e+00 3.737098e-01
588 4.098466e+00 3.755437e-01
589 4.083842e+00 3.637770e-01
590 4.097176e+00 3.186700e-01
591 4.107745e+00 3.093690e-01
592 4.102161e+00 3.091847e-01
593 4.098325e+00 2.954826e-01
594 4.096224e+00 2.962267e-01
595 4.072915e+00 2.955733e-01
596 4.068018e+00 2.144381e-01
597 4.033979e+00 2.062691e-01
598 3.990143e+00 2.825621e-01
599 3.991050e+00 2.720412e-01
600 3.988080e+00 2.754254e-01
601 3.985097e+00 2.787421e-01
602 3.994199e+00 3.194407e-01
603 3.993562e+00 3.094317e-01
604 3.999758e+00 3.142259e-01
605 3.968183e+00 3.954363e-01
606 3.983977e+00 3.939159e-01
607 3.955378e+00 3.796243e-01
608 3.938839e+00 3.556453e-01
609 3.937105e+00 3.376370e-01
610 3.955546e+00 3.166830e-01
611 3.991300e+00 3.655760e-01
612 3.992460e+00 3.614594e-01
613 3.994987e+00 3.757662e-01
614 4.002007e+00 3.902006e-01
615 3.970240e+00 3.585333e-01
616 3.968996e+00 3.569438e-01
617 3.952240e+00 3.471672e-01
618 3.987127e+00 3.552628e-01
619 3.969268e+00 3.855862e-01
620 3.966799e+00 3.799397e-01
621 3.962702e+00 3.841554e-01
622 3.951215e+00 3.766132e-01
623 3.935935e+00 3.929286e-01
624 3.962930e+00 3.932109e-01
625 3.968392e+00 4.065779e-01
626 3.984597e+00 4.143762e-01
627 3.979346e+00 4.168153e-01
628 3.980171e+00 4.152032e-01
629 4.006146e+00 4.251033e-01
630 4.005860e+00 4.246245e-01
631 3.998029e+00 4.300574e-01
632 3.998180e+00 4.288827e-01
633 4.025553e+00 4.596863e-01
634 4.014934e+00 4.591603e-01
635 4.010795e+00 4.601716e-01
636 4.008929e+00 4.619200e-01
637 4.018087e+00 4.599756e-01
638 4.015105e+00 4.623688e-01
639 4.005120e+00 4.687586e-01
640 3.977655e+00 4.704999e-01
641 3.974341e+00 4.664246e-01
642 3.970822e+00 4.652804e-01
643 3.965192e+00 4.695026e-01
644 3.928284e+00 4.120357e-01
645 3.948997e+00 4.439175e-01
646 3.968276e+00 4.197509e-01
647 3.970088e+00 4.215367e-01
648 3.964211e+00 4.250271e-01
649 3.960981e+00 4.247707e-01
650 3.996276e+00 4.365852e-01
651 4.005753e+00 4.437419e-01
652 3.983076e+00 4.822730e-01
653 3.998341e+00 4.911570e-01
654 4.008474e+00 4.999710e-01
655 3.986776e+00 4.762919e-01
656 4.014684e+00 4.878843e-01
657 4.027191e+00 4.972305e-01
658 4.037394e+00 4.616658e-01
659 4.030974e+00 4.554427e-01
660 4.036804e+00 4.700047e-01
661 4.060037e+00 5.038106e-01
662 4.056640e+00 5.075292e-01
663 4.006127e+00 4.863626e-01
664 3.995615e+00 4.820071e-01
665 4.018358e+00 4.699651e-01
666 4.028512e+00 4.775742e-01
667 4.018664e+00 4.781403e-01
668 4.032159e+00 4.776537e-01
669 4.004629e+00 4.555717e-01
670 4.000648e+00 4.529311e-01
671 4.078207e+00 4.537469e-01
672 4.048694e+00 4.492332e-01
673 4.050301e+00 4.386725e-01
674 4.077467e+00 4.510157e-01
675 4.089781e+00 4.517946e-01
676 4.018587e+00 5.334918e-01
677 4.008369e+00 5.107613e-01
678 4.059410e+00 5.127836e-01
679 4.070090e+00 5.351193e-01
680 4.065260e+00 5.384474e-01
681 4.043633e+00 5.351631e-01
682 4.065927e+00 5.255044e-01
683 4.053425e+00 4.960636e-01
684 4.052464e+00 4.937068e-01
685 4.024835e+00 5.322374e-01
686 4.032323e+00 5.347538e-01
687 4.026088e+00 6.024972e-01
688 3.996395e+00 5.841489e-01
689 4.006982e+00 5.778451e-01
690 4.001873e+00 5.807621e-01
691 3.998031e+00 6.203295e-01
692 3.996388e+00 6.204831e-01
693 4.017974e+00 6.359645e-01
694 4.024436e+00 6.202735e-01
695 4.032031e+00 6.044158e-01
696 4.018605e+00 5.813378e-01
697 4.030273e+00 5.834489e-01
698 4.032513e+00 5.833227e-01
699 4.053077e+00 5.919136e-01
700 4.055109e+00 5.792349e-01
701 4.004287e+00 5.600232e-01
702 4.043080e+00 5.610048e-01
703 4.042984e+00 5.593972e-01
704 4.031413e+00 5.487927e-01
705 4.031133e+00 5.498348e-01
706 3.990421e+00 5.651730e-01
707 3.979879e+00 5.636118e-01
708 3.966304e+00 5.902582e-01
709 3.974771e+00 5.848643e-01
710 3.976651e+00 5.844389e-01
711 3.975464e+00 5.757911e-01
712 3.977234e+00 5.742661e-01
713 4.013098e+00 6.186304e-01
714 4.013396e+00 6.198937e-01
715 4.013560e+00 6.204752e-01
716 4.016606e+00 6.165145e-01
717 4.004115e+00 6.251572e-01
718 3.997568e+00 6.473116e-01
719 3.988950e+00 6.354058e-01
720 3.986801e+00 6.345628e-01
721 3.985650e+00 6.176188e-01
722 3.984490e+00 6.201845e-01
723 3.981808e+00 6.170406e-01
724 3.904553e+00 5.868855e-01
725 3.895807e+00 5.909859e-01
726 3.908362e+00 5.969977e-01
727 3.902283e+00 6.120698e-01
728 3.906831e+00 6.168867e-01
729 3.902469e+00 6.225367e-01
730 3.914570e+00 6.112314e-01
731 3.908346e+00 5.807891e-01
732 3.902115e+00 5.789986e-01
733 3.908428e+00 5.762528e-01
734 3.912654e+00 5.393382e-01
735 3.902411e+00 5.407711e-01
736 3.890595e+00 5.358385e-01
737 3.888171e+00 5.423689e-01
738 3.865824e+00 5.323633e-01
739 3.818283e+00 4.820365e-01
740 3.846297e+00 4.848884e-01
741 3.862045e+00 5.111182e-01
742 3.861893e+00 5.113745e-01
743 3.867678e+00 5.403183e-01
744 3.864942e+00 5.369971e-01
745 3.860693e+00 5.346310e-01
746 3.843726e+00 5.400931e-01
747 3.839295e+00 5.420596e-01
748 3.834809e+00 5.502780e-01
749 3.934321e+00 5.520798e-01
750 3.963624e+00 5.623268e-01
751 3.979420e+00 5.451244e-01
752 3.981052e+00 5.399769e-01
753 3.970502e+00 5.392906e-01
754 3.977203e+00 5.439357e-01
755 3.977533e+00 5.428763e-01
756 3.978349e+00 5.597643e-01
757 3.956351e+00 5.748384e-01
758 3.988482e+00 5.993482e-01
759 3.995186e+00 6.168682e-01
760 4.012159e+00 6.107894e-01
761 4.013236e+00 6.121483e-01
762 4.028756e+00 6.012595e-01
763 4.017257e+00 5.975369e-01
764 4.028070e+00 5.954040e-01
765 4.027058e+00 5.936584e-01
766 4.030296e+00 5.936318e-01
767 4.013456e+00 5.870091e-01
768 4.036656e+00 5.816183e-01
769 4.046590e+00 6.028836e-01
770 4.055367e+00 6.015670e-01
771 4.096687e+00 5.987501e-01
772 4.099340e+00 5.964029e-01
773 4.096995e+00 5.954759e-01
774 4.094605e+00 6.044926e-01
775 4.108616e+00 6.482551e-01
776 4.128829e+00 6.315692e-01
777 4.116899e+00 6.220049e-01
778 4.136646e+00 6.340619e-01
779 4.146967e+00 6.506656e-01
780 4.150700e+00 6.501125e-01
781 4.077581e+00 6.197110e-01
782 4.080175e+00 6.321848e-01
783 4.116818e+00 5.828543e-01
784 4.132780e+00 5.805709e-01
785 4.127413e+00 5.842047e-01
786 4.103679e+00 5.872915e-01
787 4.046119e+00 5.780854e-01
788 4.038828e+00 5.841667e-01
789 4.030878e+00 5.591007e-01
790 4.040613e+00 5.818124e-01
791 4.028682e+00 5.949661e-01
792 4.037518e+00 6.033869e-01
793 4.077048e+00 5.939117e-01
794 4.058343e+00 5.840062e-01
795 4.026814e+00 4.658444e-01
796 4.016121e+00 4.480298e-01
797 4.016529e+00 4.357112e-01
798 4.015030e+00 4.466049e-01
799 4.015162e+00 4.467111e-01
800 3.992877e+00 4.697051e-01
801 3.995097e+00 4.708206e-01
802 4.010754e+00 4.547909e-01
803 4.004892e+00 4.747940e-01
804 3.987316e+00 4.730295e-01
805 3.994147e+00 4.607698e-01
806 4.032164e+00 5.015755e-01
807 4.048096e+00 5.322203e-01
808 4.042030e+00 5.319564e-01
809 4.018466e+00 4.994817e-01
810 3.956054e+00 4.892172e-01
811 3.969884e+00 4.653738e-01
812 3.969450e+00 5.106798e-01
813 3.968552e+00 5.103763e-01
814 4.080815e+00 4.982265e-01
815 4.081854e+00 4.946583e-01
816 4.086015e+00 4.904643e-01
817 4.070809e+00 4.887966e-01
818 4.066889e+00 4.896765e-01
819 4.059319e+00 4.894306e-01
820 4.060659e+00 4.918471e-01
821 4.057355e+00 4.950626e-01
822 4.033668e+00 4.802535e-01
823 4.007890e+00 4.876461e-01
824 4.032847e+00 4.879717e-01
825 4.045154e+00 4.831821e-01
826 4.061238e+00 4.856699e-01
827 4.078499e+00 5.094674e-01
828 4.064071e+00 5.052317e-01
829 4.067892e+00 4.925176e-01
830 4.065166e+00 4.954360e-01
831 4.060630e+00 4.938273e-01
832 4.057271e+00 4.874400e-01
833 4.056870e+00 4.759938e-01
834 4.035966e+00 4.908523e-01
835 4.032829e+00 4.889432e-01
836 4.039932e+00 4.911434e-01
837 4.036800e+00 4.931838e-01
838 4.047293e+00 4.991802e-01
839 4.042135e+00 4.882210e-01
840 4.009426e+00 4.983185e-01
841 4.041730e+00 5.485391e-01
842 4.030286e+00 5.508511e-01
843 4.028817e+00 5.516679e-01
844 4.022434e+00 5.378625e-01
845 4.023088e+00 5.385880e-01
846 4.019111e+00 5.196577e-01
847 4.023400e+00 5.090815e-01
848 4.027803e+00 5.052445e-01
849 4.031626e+00 4.844935e-01
850 4.026550e+00 4.539731e-01
851 4.028592e+00 4.380578e-01
852 4.019575e+00 4.309749e-01
853 4.033380e+00 4.375169e-01
854 4.011778e+00 4.356496e-01
855 4.039754e+00 4.372934e-01
856 4.057897e+00 4.090200e-01
857 4.057338e+00 4.354142e-01
858 4.051828e+00 4.382566e-01
859 4.047436e+00 4.330560e-01
860 4.005307e+00 4.519754e-01
861 4.005237e+00 4.501804e-01
862 4.001175e+00 4.773804e-01
863 3.996317e+00 4.800655e-01
864 3.985385e+00 4.334118e-01
865 3.943549e+00 4.059825e-01
866 3.944530e+00 4.078213e-01
867 3.944633e+00 4.075704e-01
868 3.949756e+00 3.990929e-01
869 3.949737e+00 3.859005e-01
870 3.945879e+00 3.903879e-01
871 3.902997e+00 3.315126e-01
872 3.865604e+00 3.372693e-01
873 3.875150e+00 3.832861e-01
874 3.858045e+00 3.830558e-01
875 3.838196e+00 3.780730e-01
876 3.825077e+00 3.697059e-01
877 3.833150e+00 3.726587e-01
878 3.874927e+00 3.945020e-01
879 3.888095e+00 3.734319e-01
880 3.894481e+00 3.437245e-01
881 3.958752e+00 4.158474e-01
882 3.958778e+00 4.205753e-01
883 3.940707e+00 4.359375e-01
884 3.936718e+00 4.403717e-01
885 3.936459e+00 4.404486e-01
886 3.936358e+00 4.413300e-01
887 3.954147e+00 4.396749e-01
888 3.952304e+00 4.379536e-01
889 3.958341e+00 4.303019e-01
890 3.957979e+00 4.272711e-01
891 3.961037e+00 4.271833e-01
892 4.026149e+00 3.806975e-01
893 4.040982e+00 3.732924e-01
894 3.993213e+00 4.045486e-01
895 3.983119e+00 4.186235e-01
896 3.987835e+00 4.307565e-01
897 3.997937e+00 4.282149e-01
898 4.058669e+00 4.417348e-01
899 4.048602e+00 4.292860e-01
900 4.039361e+00 4.389691e-01
901 4.060722e+00 4.272545e-01
902 4.039367e+00 4.299659e-01
903 4.039459e+00 4.299636e-01
904 4.079972e+00 4.459940e-01
905 4.065800e+00 4.560979e-01
906 4.111010e+00 4.377186e-01
907 4.114145e+00 4.329122e-01
908 4.122304e+00 4.374213e-01
909 4.130619e+00 4.092334e-01
910 4.108332e+00 4.311858e-01
911 4.109648e+00 4.270683e-01
912 4.104942e+00 3.986830e-01
913 4.113513e+00 3.965690e-01
914 4.113317e+00 4.024835e-01
915 4.076831e+00 4.296042e-01
916 4.077547e+00 4.275475e-01
917 4.218671e+00 3.728215e-01
918 4.217273e+00 3.686192e-01
919 4.216802e+00 3.687290e-01
920 4.258884e+00 4.088879e-01
921 4.213380e+00 4.166699e-01
922 4.212631e+00 4.158266e-01
923 4.196269e+00 4.034921e-01
924 4.191485e+00 4.077326e-01
925 4.170427e+00 4.560924e-01
926 4.180513e+00 4.670644e-01
927 4.142899e+00 4.972710e-01
928 4.149486e+00 4.682723e-01
929 4.147297e+00 4.634393e-01
930 4.171675e+00 4.824896e-01
931 4.142597e+00 4.763905e-01
932 4.131514e+00 4.808289e-01
933 4.119260e+00 4.876816e-01
934 4.119658e+00 4.861054e-01
935 4.104260e+00 4.901542e-01
936 4.044848e+00 4.355788e-01
937 4.061776e+00 4.216336e-01
938 4.076767e+00 4.105220e-01
939 4.065598e+00 3.986305e-01
940 4.064670e+00 4.256365e-01
941 4.070904e+00 4.235302e-01
942 4.073719e+00 4.334637e-01
943 4.085075e+00 4.337398e-01
944 4.034184e+00 4.319253e-01
945 4.034069e+00 4.254172e-01
946 3.986962e+00 5.146915e-01
947 4.007399e+00 5.151621e-01
948 4.011688e+00 6.062604e-01
949 3.991274e+00 5.823934e-01
950 4.005016e+00 5.682717e-01
951 3.959674e+00 5.265976e-01
952 3.959631e+00 5.358528e-01
953 3.982192e+00 4.942587e-01
954 3.982920e+00 4.888292e-01
955 3.985784e+00 4.929016e-01
956 3.981270e+00 4.921240e-01
957 4.052004e+00 5.106275e-01
958 4.042399e+00 5.116181e-01
959 4.023776e+00 5.072165e-01
960 3.967665e+00 4.916381e-01
961 3.999260e+00 4.609309e-01
962 4.064639e+00 4.772102e-01
963 4.107427e+00 4.888844e-01
964 4.087710e+00 4.836561e-01
965 4.087406e+00 4.886659e-01
966 4.072320e+00 5.341333e-01
967 4.065620e+00 5.129947e-01
968 4.104277e+00 4.976774e-01
969 4.111462e+00 4.840450e-01
970 4.100029e+00 4.683376e-01
971 4.096801e+00 4.340534e-01
972 4.090646e+00 4.146655e-01
973 4.098846e+00 4.058502e-01
974 4.092702e+00 4.244581e-01
975 4.094400e+00 4.202961e-01
976 4.112468e+00 4.302944e-01
977 4.113669e+00 4.303517e-01
978 4.123112e+00 4.104554e-01
979 4.146954e+00 4.114150e-01
980 4.143791e+00 4.109153e-01
981 4.137746e+00 4.090854e-01
982 4.144235e+00 4.093536e-01
983 4.155761e+00 4.044830e-01
984 4.132149e+00 3.859177e-01
985 4.139465e+00 3.944936e-01
986 4.156193e+00 4.345993e-01
987 4.145538e+00 4.203680e-01
988 4.148961e+00 4.059529e-01
989 4.150119e+00 4.077140e-01
990 4.155973e+00 4.190104e-01
991 4.155639e+00 4.190314e-01
992 4.126418e+00 4.172219e-01
993 4.138016e+00 4.173249e-01
994 4.137570e+00 4.171708e-01
995 4.120571e+00 4.311943e-01
996 4.120199e+00 4.310594e-01
997 4.107409e+00 4.705078e-01
998 4.107066e+00 4.671349e-01
999 4.077012e+00 4.249515e-01
1000 4.114976e+00 3.923789e-01
1001 4.151575e+00 3.748942e-01
1002 4.160025e+00 3.981025e-01
1003 4.153167e+00 3.892937e-01
1004 4.153703e+00 3.914388e-01
1005 4.134226e+00 3.826939e-01
1006 4.128470e+00 3.739801e-01
1007 4.126082e+00 3.734308e-01
1008 4.119485e+00 3.900250e-01
1009 4.103260e+00 3.939406e-01
1010 4.094452e+00 3.933894e-01
1011 4.057194e+00 3.939756e-01
1012 4.060899e+00 3.814648e-01
1013 4.067419e+00 3.824908e-01
1014 4.057745e+00 3.695610e-01
1015 4.050117e+00 3.510441e-01
1016 4.049064e+00 3.543013e-01
1017 4.070741e+00 3.174278e-01
1018 4.083510e+00 3.214881e-01
1019 4.072197e+00 3.050098e-01
1020 4.069409e+00 3.163046e-01
1021 4.046765e+00 2.794991e-01
1022 4.053340e+00 2.671475e-01
1023 4.051083e+00 2.582301e-01
1024 4.036223e+00 2.449806e-01
1025 4.050724e+00 2.633983e-01
1026 4.057291e+00 2.857298e-01
1027 4.055223e+00 2.999084e-01
1028 4.010226e+00 2.345550e-01
1029 4.031390e+00 1.890816e-01
1030 4.045893e+00 1.591906e-01
1031 4.058657e+00 1.685615e-01
1032 4.043533e+00 1.921354e-01
1033 3.996544e+00 2.591445e-01
1034 3.998744e+00 2.608437e-01
1035 4.001480e+00 2.582106e-01
1036 4.004114e+00 2.308760e-01
1037 4.004222e+00 2.307156e-01
1038 4.033895e+00 2.098097e-01
1039 4.033787e+00 2.097288e-01
1040 4.035006e+00 2.095484e-01
1041 4.006364e+00 2.174917e-01
1042 3.996714e+00 2.181268e-01
1043 3.998970e+00 2.103784e-01
1044 3.971564e+00 2.024424e-01
1045 3.942363e+00 2.055948e-01
1046 3.943454e+00 2.064474e-01
1047 3.942424e+00 2.051144e-01
1048 3.945835e+00 2.057740e-01
1049 3.918310e+00 1.939863e-01
1050 3.874188e+00 1.589870e-01
1051 3.874593e+00 1.577699e-01
1052 3.887884e+00 1.508928e-01
1053 3.888573e+00 1.403793e-01
1054 3.878618e+00 1.416927e-01
1055 3.871908e+00 1.241803e-01
1056 3.874171e+00 1.183640e-01
1057 3.872212e+00 1.173679e-01
1058 3.853563e+00 1.288481e-01
1059 3.860308e+00 1.255521e-01
1060 3.809589e+00 1.362693e-01
1061 3.792778e+00 1.596017e-01
1062 3.843954e+00 1.048576e-01
1063 3.834850e+00 1.021446e-01
1064 3.813527e+00 1.182442e-01
1065 3.824854e+00 5.476651e-02
1066 3.822835e+00 5.308048e-02
1067 3.817671e+00 4.871544e-02
1068 3.817676e+00 4.859244e-02
1069 3.817071e+00 4.713759e-02
1070 3.869597e+00 1.483904e-02
1071 3.870400e+00 1.460151e-02
1072 3.872426e+00 1.511628e-02
1073 3.871711e+00 1.429501e-02
1074 3.866144e+00 2.579770e-02
1075 3.864891e+00 2.441201e-02
1076 3.879403e+00 1.334386e-02
1077 3.867247e+00 3.192954e-02
1078 3.869223e+00 3.406988e-02
1079 3.875695e+00 3.634390e-02
1080 3.839464e+00 6.149839e-02
1081 3.835249e+00 6.399057e-02
1082 3.827263e+00 6.941806e-02
1083 3.793503e+00 6.264649e-02
1084 3.791220e+00 5.434065e-02
1085 3.785278e+00 5.976708e-02
1086 3.780693e+00 7.077857e-02
1087 3.743043e+00 7.238399e-02
1088 3.737578e+00 7.460187e-02
1089 3.725343e+00 7.114734e-02
1090 3.724903e+00 6.728976e-02
1091 3.724251e+00 6.752711e-02
1092 3.706223e+00 6.782340e-02
1093 3.706230e+00 6.731174e-02
1094 3.680154e+00 5.737497e-02
1095 3.676613e+00 7.304429e-02
1096 3.677545e+00 7.083987e-02
1097 3.683415e+00 5.887039e-02
1098 3.686011e+00 5.779150e-02
1099 3.681568e+00 5.616482e-02
1100 3.677699e+00 5.686098e-02
1101 3.684035e+00 5.292663e-02
1102 3.680821e+00 4.615096e-02
1103 3.676713e+00 2.890358e-02
1104 3.682290e+00 3.621240e-02
1105 3.685498e+00 3.259423e-02
1106 3.665640e+00 4.091885e-02
1107 3.646394e+00 2.710218e-02
1108 3.648204e+00 2.955834e-02
1109 3.649374e+00 4.506012e-02
1110 3.649875e+00 4.436409e-02
1111 3.662474e+00 2.713369e-02
1112 3.650095e+00 2.691967e-02
1113 3.647869e+00 2.846532e-02
1114 3.646906e+00 -3.852623e-03
